25.3030803067203 0.731509295621249 1.11366705449567 14.0795392139122 24.4238655326006 20.1643552667944 386.850729085034 507.466586708051
27.032313581758 0.551050850868639 0.33602773441774 14.8181854801516 25.5817290736468 20.3745407346702 424.361709024607 452.169451594081
27.6060727141279 1.0767528634752 11.2112062138075 7.77904547999214 25.3041431010173 9.84356109535995 370.540251585799 453.002686978474
25.5967396199549 0.711172484257525 1.51704916800164 10.7085331614376 15.9187356511229 18.3291424456837 439.240934392911 474.746451871631
25.6355829051257 0.580630213878461 1.6175129344862 8.69479282337994 21.9631093767233 20.2671750058121 413.63381766347 443.08339212676
25.2345238699434 0.744208705391579 7.73352937548785 6.0910272839737 25.4499651292767 11.0396607943875 393.704707454148 464.702964239716
24.7897538289721 1.29667971759299 0.218711331259827 11.1601456803898 16.1019366566014 10.8621963511681 434.77147300024 483.271849341798
26.2932533601835 0.535118021988837 0.0229791661492391 17.2414269494769 22.5465250086483 20.31128613412 384.852920011618 509.917339237856
26.1095074157306 0.404769562822746 2.40386863854047 9.63590884088483 15.9472956002404 19.6748237978505 399.715970911475 486.529947262899
25.8821076150904 0.835541912876473 4.24589395410154 10.7042518937563 15.6188797980059 14.8987319316168 396.794011133824 496.428024500481
25.0250918375468 0.689458655754569 12.5909448839058 10.9888485835464 27.539156248369 27.2177203976648 415.463897789424 500.611354032147
28.2060469897318 0.838293571517119 0.818731405808568 15.0046985490104 17.1920187714133 17.0088747147794 415.261756347084 461.821960456228
25.501387636862 0.865888378975113 18.1477871788359 8.8963485355336 24.9214359016822 21.0653101533641 414.045628087887 490.176582333901
24.6372085070688 1.43122895921897 13.2991605335583 8.04975883369339 18.3061316605802 26.8080348110949 443.449156172643 287.323629506231
27.3971004707376 0.50726486510709 1.26822509544051 9.98895524364404 19.1260612946852 19.0296329526045 400.523870296303 504.110409010488
27.8606509036989 0.423647887403299 1.13588161511617 12.6199127152261 21.8470105588047 24.1126326916011 430.698529127676 446.193125016382
28.5240507815779 1.02666933563034 2.07443783921116 8.89362048032605 22.2339686119112 20.3997390642249 452.05546870249 437.783941298299
25.5321808389848 0.906254465743981 5.93593072937289 5.72803795072252 24.9727739507097 9.81411479581134 371.005070741232 507.487611121582
26.7109397222167 0.467550852064842 0.199942464715694 14.7001129007839 20.7674841716121 28.966795131458 386.277814037394 493.874539332755
28.554638329261 1.34902818180223 4.59584031796363 7.51517326223143 23.8859280545212 19.262577185299 450.26863569689 274.092328238818
26.2659422634941 0.614592546501847 5.06108887752171 13.5326491968021 11.331947276269 28.4423579721587 410.510492539955 490.453484185062
26.5965845238312 0.602005255230918 1.1727667730744 15.6686444094831 21.0137662472047 13.4543627202355 378.93431487776 514.044536729304
26.2391633227268 0.50675557170718 5.10328611501549 14.6759007784012 20.5480404196226 8.42173527801518 392.375089162361 510.631518231515
27.3137302041093 0.5252901389442 1.33093313607193 14.8870048245334 11.9988875902844 22.6448749329619 422.063801982568 506.19187457035
26.9028504173155 0.699132734810111 1.04264753144315 10.9540467628916 19.3104046369842 15.4518479937486 417.243459809853 484.914993071289
27.1725309884356 0.388009631804489 1.35550301828274 12.0709660007467 21.0482675805442 25.996998965011 364.341293420285 499.535036949113
25.4781704041954 0.775473898583559 2.02512664214524 12.5836231314533 18.1775385751229 9.37410668208449 351.597763029003 521.632065200514
26.0977112866004 0.968022815303946 10.082630731296 8.82172218240448 28.8305502347256 7.53265954698557 400.673653874774 497.749565410678
24.7103916741177 1.54547532068615 3.62994663984031 11.5762380275699 7.55142525384601 26.3571821918737 460.065918453235 385.672299737436
26.4109624581538 0.477612024739483 13.40311649496 11.9379090108845 23.6199145046228 22.5167816294108 386.865554981036 508.612771428573
24.7827632442729 1.10270365020691 6.72877033419579 7.25990261082603 20.2726839996851 14.4632624292575 402.539766951494 495.351250581515
25.3109677271498 0.687888170272081 5.02910477624088 10.505925952769 23.1982286084414 18.7068357941212 373.618101020789 506.97131054851
26.8942288740434 1.45854637827504 2.61588359373287 14.5748561568645 24.791698168338 26.3051164212177 388.759785591454 503.351994306251
25.7046720910562 0.603384532601516 4.94483723411943 12.2826898369052 19.5841235192162 10.1942223749033 392.01540583024 488.23945661415
26.6438072823243 1.2263218320591 10.1432571751224 6.40743345680887 16.1931106334655 8.18042992187507 391.550365503693 499.101976194315
25.4998566121345 0.609693879310555 2.80780292047669 9.89056138010588 21.5194195201498 15.2339376665433 407.648492753373 499.538527658352
24.3017815968437 1.16316246292379 16.5398472580563 9.54305504898036 17.8960994774302 20.6836139676469 427.756311746755 456.179384512713
26.747553345259 1.03145229046724 6.41252630721715 6.21318604365878 26.1198542681687 10.7195752001924 401.416358662727 471.177099184167
26.6067262304578 1.04894955310888 5.35069415879566 10.2444584322717 17.7570688746217 8.456344735298 373.151726474957 516.911668475261
25.1879268436375 0.357944483090109 8.4881276393414 9.85191350101421 25.7689471573711 26.4309428762483 375.07847497763 481.581464319481
24.1906921505831 0.911899991929331 17.6329770603494 4.03160095780481 23.4870877541883 27.8518784785893 436.216745564101 463.533186753328
27.1792616552073 0.562466992770186 10.1437998219078 11.9827017667325 23.3368514569477 21.9095172819221 394.111348430933 500.337640732467
25.548036558127 0.758173809477151 3.75818046928793 9.88312301810678 26.8635063405705 10.7846816962686 384.861725463234 502.654423760401
25.5900042749456 0.78292183119437 6.72524293463153 11.982682217826 28.0926721042415 10.4093694542569 384.128927889899 495.458764721431
27.1317156545236 1.39497711952632 10.0114381002698 5.95099739436299 24.5552170061964 26.9502869220774 445.204315499484 459.98556259847
25.6181941448923 0.642725782953413 5.62711488834228 6.17715657893048 22.3274278349301 15.240142124151 357.953624497065 491.163713938118
26.5034533852414 0.821474344736049 7.64935289949948 13.8500218661212 18.1740539313036 13.4191200966708 416.418564884706 477.304028300609
25.2759824884102 0.504904010709407 7.82948767953247 9.03433346283966 22.1729065821661 22.6841860443946 387.578236823751 507.679630650084
26.1258760853381 0.675300257578824 5.85514140185282 11.8544889928901 21.5473531937122 17.9505280074803 415.07607883563 500.230396629528
25.9133143155924 1.61810966478197 5.39235943929039 6.6966434443526 14.0561077443819 24.162241991145 394.533991384938 483.605357431763
26.6792143568304 0.338711104513056 13.4581635778765 8.36974707175024 22.273279560059 25.0294493689199 390.221458146679 501.265075961184
26.0871277823433 0.710206333948449 16.1628628781692 7.31175309376496 21.9946559611532 4.77427996606227 409.314830211061 497.664516385434
27.41331677211 0.538211602045135 5.92647735108277 10.5022754195153 21.2063003500123 27.1982282976437 355.414624623754 503.574234761912
23.5704619156443 1.33570567554388 21.9612268962759 13.5564204796402 17.1008599640933 12.2539182860612 471.468161510964 413.818165666386
28.5712199364831 0.669319417861356 0.818127123778831 28.0413683114218 12.0567590792138 13.8227481311575 425.454813806812 475.933831230033
25.2882701890305 0.707284421889652 1.18653586619922 15.3490782563346 19.4314035625886 17.8870139991526 401.210416803709 499.471479376597
27.3020789840479 0.351222291900497 3.00418752061767 7.74214445460895 28.4145489233241 7.77843149287544 370.469968900424 522.511458071627
25.0742293459851 0.917146349899762 11.8831032068335 6.08494480231408 21.1371238749637 7.32605955047208 385.180114028546 505.400666561642
28.1939390510586 0.951577620175894 11.3213534149342 8.56520954425365 24.9403389284801 14.2206829582958 377.466560184318 500.987294127095
25.1081985974799 0.858426159305169 16.9481847877075 8.16079514732126 25.8583857714078 6.87002597558729 387.53324419156 488.743818688974
25.3520788849095 0.419566185747226 9.42219931417966 5.79679425028232 29.0414125326623 25.3840105738853 365.411048173798 514.56047012054
25.2567988983598 0.913874124648954 13.9880191940855 7.54183062527255 20.0473083173314 8.79431396838953 436.372685035519 480.927261942773
25.8739746055452 0.99695436498214 6.68195169754743 9.63489863876799 27.7750387143367 27.2054979158354 405.577722070637 478.37630967486
24.9752425018983 1.30784006726849 12.2234659125962 10.0881429666432 28.2366396141262 4.70360597195724 388.150535643197 502.711818247896
25.6964368753473 0.454714809664542 1.85490284590294 6.65806577602528 20.1941252398881 17.77502536245 370.521600645317 504.225219219974
25.5062462549718 0.501594241973859 7.58173205178655 6.21352438401316 21.9299568647933 23.8368444671702 442.467761830943 455.513720288749
27.9511554313281 1.48096892566735 1.5076671979345 6.91776038723908 20.7816943143842 10.8016986227708 400.924220399352 417.834340398571
26.0563967203069 0.568045019659336 8.58860964853707 10.168752669037 25.4266053710744 5.97648185454573 349.818308901649 530.031737595058
27.5241632133467 0.573866652470456 8.56995474920364 7.95688414779839 28.2917094624388 18.3106689537002 386.365105399497 463.33315033143
25.3985579101293 0.903987489580426 10.224263476258 8.74684133030933 28.0564040526903 11.2531359762042 349.88566863026 518.635649805142
27.2603980140935 2.37346741769717 7.05846330163018 6.42470240187975 14.6651813435391 18.1178630859108 372.090199526382 500.237530785983
26.8311026981538 0.816026775749383 1.52404896058938 12.4957873474782 20.3862127911569 9.18204492536563 436.116017499785 507.272184337673
24.2995599547857 0.55801832757768 1.73188481884476 8.20720249420228 20.5156748215877 24.7693420517372 427.011945856016 449.897475339828
26.6468575717173 0.38990373902885 1.32696464652577 12.2752193224436 24.3775414893855 22.3195357938527 419.31918150127 474.7748785848
25.259197695239 0.660782121631853 10.9985682277404 11.2152388046423 28.1858984202946 10.6918995876236 329.591442240491 526.220986903656
28.6295437526392 0.97168326717084 6.27615817824281 7.66178395339714 28.0944900144876 4.61359429258046 425.428392740806 485.034265327324
24.6453906718382 1.28134384056411 6.1003640864627 11.2314657894943 16.1192008720409 29.0632473528924 436.933780244019 452.69459555259
26.4535405827396 1.01805244890303 0.146769827067231 16.187082903593 24.3052237830426 26.4710506754147 396.076117072894 490.577090037876
27.4193230135973 0.289990411940399 14.521579199303 7.41624333944504 29.8566799295307 27.3001338089671 348.798744978083 524.634093566329
27.9453810839557 1.06980527258026 9.44015216451027 7.10595392397377 6.79346937782067 16.9604872071282 395.706107596852 509.790782006743
25.55613062399 0.554639864208486 2.40989132341628 10.2537233968424 21.7851868506105 23.5690691833656 392.109887065859 504.072498587466
25.5745400822923 0.897846847037637 5.04355359132947 9.23606593803283 24.6407278320849 7.43882464404653 438.492219344376 484.195760558999
26.3155011181352 1.04547594883846 2.82573785700497 12.8790100374319 24.4625462824131 11.128156207438 415.714859620223 481.023921573868
26.0846259101972 0.648286435971062 1.77485860796752 12.453999366536 19.9976868360711 12.0188836486148 383.172398548244 509.150618441359
27.1731941430254 1.00901609567629 4.99971230302407 8.37806830284132 21.253179839648 26.3975641193694 433.45668759143 413.714195839955
26.2530647253316 0.502203455283941 3.53124383552032 10.5677249041158 19.004549030987 29.7033647228102 444.551213219222 429.500035051477
26.7973402389689 0.600188697196202 22.95549279033 8.95473687861608 29.5374918552266 6.93640687537083 409.257622935191 507.410732438134
27.2093412061605 0.802895502934391 9.26317967610391 13.5076609301414 23.9792708552554 15.8732879940377 423.325987869604 494.993417472937
26.7232059420904 0.520664460048203 1.34233300074258 12.9571677034361 23.6224708005596 19.6703974699626 433.289858770769 482.107642703123
27.1169052362491 0.559781310990942 3.34379944232094 12.5195468255639 16.86948001875 10.7433483322061 423.273397351582 473.354419980772
27.516164361225 0.720896773879451 1.1002896490701 17.7604612781503 16.8511529954765 16.3956170389927 430.225485260707 467.229692381553
25.9512537497003 0.86008145261316 2.11192791839141 13.3205836849547 19.2071382624068 9.15036639039174 405.494975782501 472.608087835244
25.8339636114496 0.415128855868539 3.53850925659851 6.67080850397185 16.4092559913249 20.2046405432335 389.468732327925 513.644711337138
26.5408291783983 0.701323255983171 8.56356286732633 9.82129422657425 28.4797870343555 8.78115032894807 390.369170568728 493.358519707375
26.2738865523679 0.801080962271136 6.58712765390867 9.42236263043926 23.988980770619 23.0289442804388 411.734888118458 496.683670398775
27.5287245961212 0.34630355854888 0.920812851128465 10.2025429749508 28.5417341667952 17.9663943342377 398.84644886949 459.906193584293
29.0336909690952 0.750510732829351 3.1278679250723 12.6345818485308 16.8209443549518 15.224186324285 429.706495386194 443.934991424583
27.4993393521209 0.766782771817554 9.47826601168482 12.1117481031923 16.2350759080996 8.78154661561602 424.139696777081 478.847238454273
27.0959656438016 0.885850951291284 12.1910594063404 8.54981558734071 23.096244708108 13.300865139709 417.271408588979 482.308038040677
26.5228427255877 0.773314184495563 6.26993127421045 9.43374086746255 22.1748433991806 6.76425095668102 385.575289092383 502.243057725355
26.9811526097102 1.23854580600796 2.18812760117729 12.4584605549759 27.3153099337395 14.9943426077023 374.000490074311 523.062285275407
27.570339036467 1.21760422840804 10.4349135857037 7.01700202410076 16.4026919021546 7.90882076754487 394.437689229591 510.615572437284
24.275742502954 1.18572343492972 5.25223618600267 7.79912035028365 23.5861972253153 8.78782760649697 408.162445497957 483.141800773374
26.0004437724118 0.886815938952621 20.8820695781849 9.57133324401434 28.7535100766931 4.81556889833567 391.919354014026 520.445951378343
25.0630119149392 0.5672942007278 0.0185786594749993 14.2022500884127 19.0900411237091 9.1371584342255 417.169442114593 487.810265605777
27.3291102585343 0.691992263037412 3.63361003285142 8.59019301339556 28.3199042646132 9.71151816957927 411.916710455936 465.569149110771
26.075514618158 0.806353248207756 20.1176012298341 19.6823849087525 22.9181995561031 10.7740045352048 444.680246078538 484.684601634567
27.0614171552115 1.21611082190782 5.26892683771654 9.99552691523997 27.0653631281055 29.8666620951106 451.101673455826 354.821002986882
26.0944393693419 0.992849698217112 8.94078636653398 7.06648381540548 29.0732680510976 11.9003374617939 391.555813971216 503.121711987712
28.4227818299094 0.917814004671176 10.0316953882766 9.13392540418427 19.1984080082654 14.3675157128073 429.37268432141 417.453987820165
25.8593404167882 1.12697998583317 4.72259325170281 6.84772723416788 20.0949371227954 8.68310506446142 414.718601193202 450.726114689052
24.4602799826787 0.976999332418914 9.31324194205549 12.3283987800848 15.8406076856742 29.7427241758117 458.002211444149 386.991393697183
25.0758019500488 0.702912991880631 15.8876395313076 7.75607954886245 24.2567367459203 12.832082169297 373.603616918303 512.216593454708
26.154606560309 0.522771403823142 7.45445879358753 5.76257448670716 22.3751043457208 11.9234731965011 383.687069670992 508.402209075349
25.3876372976643 0.627472323579421 2.35480739607198 19.5992485278436 28.2343894001151 8.72127963065035 430.841993081626 479.931521683229
25.2944197786914 0.488194822394108 6.05941088180081 15.6960654159414 29.5936692307436 19.9994838749872 368.064727810669 507.630542466392
24.5756279442872 1.05898103893933 1.39435882407973 17.7658658033539 29.0076919750267 12.3969789354156 409.994776601934 527.521447790617
26.7583151828274 0.708414145433768 9.73728912323415 12.2946958318748 20.4113783020568 13.2096345927134 375.488491821553 503.707137792602
26.126394092538 0.664630929204563 6.54397705229312 12.7896230733939 25.5070090194079 11.3954823535846 398.678121064044 513.375133880626
27.3855943729473 1.2146066310524 3.44029119981139 14.0109672976213 26.3843603977709 23.4063745285031 406.381331818126 453.843787357585
27.0006063011792 1.12125355896785 9.27906515014171 11.978861887932 22.0294444207817 7.89619739711129 373.130385953741 496.940870031968
27.0651338022693 0.456314528370382 0.659234879756225 11.8108701878521 23.7183353994947 26.2758201723064 377.574825110495 514.39516669861
26.9776183274349 0.572404955778262 4.59362901850298 27.2783100993028 24.7402126715599 13.2353384514555 388.672622251377 515.997146954935
25.444487984351 0.48270666405902 23.1752602602643 25.4551208336906 6.49780603824053 16.2645685179333 409.00055126201 515.4460994946
25.0508263438543 0.648722101266615 5.55919234150153 14.2111882466588 24.5960317398745 9.62767031147783 319.69938989889 509.475970883144
24.5363887567465 1.02866432023248 2.6228028435042 9.71998233529373 21.2740878158843 14.4173623869899 423.229300524261 448.581567310911
26.0838417743706 0.847834267040694 4.75201271019916 19.8454807784037 25.8990878219108 9.6242919640034 375.339445109641 518.453593081589
25.6706159305279 1.30332027711309 6.23302460139522 8.42667053293385 19.0597488901542 14.8637646920423 379.338084306516 501.840256062105
23.8920447802933 0.87594854820442 7.43999950471941 8.35720488275918 23.170535115166 13.9793325184059 423.451412669187 461.043741842606
26.8988876787787 0.56760373713123 1.53408109686183 11.9192786584568 25.7861402608849 23.5606239455911 393.998113415367 508.870825056972
27.6448976157282 0.655723911072498 7.45502973355767 5.45856971694492 8.42251158301834 15.0603093472668 413.348688634632 481.023656273897
25.7591567199564 0.540629663846467 3.75398131428163 6.58261960616955 18.3828089357839 11.2269413802924 408.390657856422 503.176102898461
25.5505808641574 0.568915835437089 8.96145077154683 14.9831982888658 26.3517266189465 17.2032793376875 383.973344014134 497.591360942201
25.5313071350858 1.36491550682136 3.58060114441967 8.5164315411103 20.1852122699359 24.9796319829919 373.358405532053 444.846714096075
27.3223228773246 0.394913482322702 4.85254868591889 11.0853071628627 29.1707272557102 24.2694842406598 414.42327610021 509.907516120834
26.9037806822919 0.872570287988686 1.68064648633662 8.06884833968287 22.8296800220505 22.2703147554319 398.256465384797 445.259842544735
25.6357389461245 0.996183293812879 1.75399355194179 9.79563102893229 22.4837513351481 23.2136217629539 456.700099312285 427.506663384718
26.76506028241 0.417429416875722 2.75385245090688 12.5972699742865 24.2119631087293 17.8953125756801 415.136842806327 475.710395381922
26.5856280954853 2.30739840476255 1.62695068734881 13.428150397507 24.7876031481776 14.9508311285716 398.351553679319 497.949458985044
24.6274320597996 0.828638813801979 0.19442658174057 13.3463015048715 27.0716022810524 11.9716442644961 375.247385238666 529.602085413748
25.2054338558576 0.562262868207207 6.647346794033 8.10890783389539 23.581737715936 14.2644647471926 371.87141113175 513.589689723298
26.3293742823248 1.06325457284738 9.92892718904933 8.90359275079501 29.5329884820088 10.4111496744845 405.50918009101 507.971522373561
27.137723461406 0.652732417941366 3.03856882750856 11.9104698483815 22.4399964154615 8.70420580280014 382.725617283594 493.234769557483
28.2128846635958 0.418241774895294 2.11679717956975 14.4835045646558 24.929031849617 8.67187392558966 423.225272339844 481.815691037942
26.0573041214367 1.37178687705238 2.77340490374073 8.01266816306385 27.3420445450007 4.90252455209008 425.782476695354 487.356841235374
26.5826776107268 0.88605783414135 10.669493173769 8.38188295161206 22.3946589620217 7.60420709819096 375.635094538658 497.487796202925
25.0822492870874 0.978200017627714 3.65040534821046 6.60534324677882 20.397542796999 20.4591156788436 451.535646122864 391.844225296599
26.1705305737461 0.640258423549344 2.56588610140513 21.4490139823541 13.5201509131188 8.19162024290357 430.920917301999 469.513844264396
25.3003513606075 0.864254245137004 6.17871975642216 7.90372249615827 25.5108174629435 6.60740033953684 379.590480823865 488.159407359528
24.0618639755375 0.310174476480133 6.63496902765036 15.6954429237891 27.12901308602 20.4234292840234 386.232624731044 491.981565121698
26.6893905246296 1.22159773611319 5.33818812067862 9.01731322398216 25.6421666754433 13.6391793930391 308.128152829742 511.585619713617
25.9903842287035 0.549501289584853 6.5414417990669 7.71464530117856 25.6786511358083 24.2758098013536 381.536422943916 445.611983261662
26.6407569057303 0.832509572894004 24.5709067097487 12.2951861099327 28.9407192868643 10.548025412827 344.106442171176 514.549747862729
27.5337268597131 0.262379331916295 5.83642065407211 8.01466261020103 29.331038328832 13.0262567164072 399.114104041411 471.869668124956
25.426819837487 0.298115498470334 1.17370633170543 7.08975125714413 28.3523412489163 26.3275966121087 347.043279770902 457.977639576522
23.9882529276066 1.40156726578023 5.45859785968919 8.62535538851109 18.6459855655399 21.5685675412316 435.898462834557 437.778288912664
27.2475522037333 1.02519179762977 8.49265866411606 12.3272237781167 21.1496314379691 10.2087245052151 413.54246843586 479.282869622724
25.0554511905359 0.388320950494781 2.87941755042796 13.9599598376404 20.8136181837573 26.0032596744667 361.625841233605 510.110947949167
25.3801791866166 0.967408118379918 6.20187491801744 9.05161267029806 14.3952647916488 10.5342266798603 375.234492563408 518.446375703035
27.4149693058515 0.348638471866777 0.390712387157141 16.895931402182 13.0625865531901 27.4626115976832 469.83222286894 242.092520741509
25.4471163692051 0.6258318513232 6.12881476178995 6.74305295011091 27.9199050268608 17.1718362170986 408.511516233301 471.561545883319
25.826187264213 0.356331887626935 2.39369288896164 12.1977493915184 18.7733048789276 14.5013758630025 408.855790043826 493.35745133988
26.4295120343824 1.17402597736649 3.28484064365286 16.7256193603591 28.2124837605961 5.93404772327989 414.609949706939 504.493314821481
26.9960455453727 0.414245994915321 8.79323112751618 20.7004077555935 26.2392469793007 19.6355697827869 394.140854779658 510.930119786185
26.8750499520588 1.3488969541825 5.04137194627292 8.77071075205732 14.4859531028245 26.0579587129025 430.966790395603 383.698983680671
25.0825995026323 1.15663279901465 11.0329652618932 11.7204971581406 25.9203335513832 7.72767880679802 378.042417094575 509.163026308742
27.4060588623813 0.436387799331958 1.57260120369075 9.10195347340226 26.9901394599114 9.33458987422852 367.513893584001 520.442063708929
25.3235812816331 0.620130525817884 10.2439473531941 7.82014040977953 28.0905001185464 15.8988210145229 397.899592447934 493.637059427613
24.3287354439354 0.921302051190228 1.37023964756215 8.99475777318208 21.8665459959412 7.17649957457292 362.513601601533 494.629103207908
27.0240617833487 0.425359504642033 2.10766225628105 15.950096781481 26.3024402816093 18.8802256627001 388.186933880218 496.138830753836
23.3629650109235 1.24141791448953 2.46046499566254 9.85356822378077 29.4478658211794 15.3610902846708 424.442218291788 449.151344642472
26.5080464412246 0.372204258950884 7.94800836669751 9.98659783543202 18.963697724433 14.2314040306897 400.229658347909 491.275924071457
27.0073264326836 0.858418669254147 15.0471757899907 7.99996729399024 29.8277173591826 18.5322709274562 419.641033426526 477.850535193053
25.6106746090283 0.824299714163994 1.94375742709815 15.9295308817439 26.6844045531929 25.6774411424464 392.54347081955 509.682943027743
24.7891199866772 0.90620022687955 27.2771674419687 12.3570419211355 25.2471745128341 15.2290668109373 416.029346179543 473.658974596057
26.1086606197134 0.334986604844067 9.72153564968423 8.2227640028635 18.7630069729618 22.2725650358251 427.824764370332 507.406594870288
27.6289343460393 0.450126130283894 6.38087008219578 8.9656759230675 19.546636415155 18.8203829187839 427.166087803465 506.481681196163
26.0183158251455 0.843140680362255 7.01133033124798 7.38517917923465 26.0944256317495 12.4233820941379 392.007904545849 502.129686313809
27.6859979831622 0.471714455583378 11.443869074658 8.09454722771999 28.1641545016523 8.78007139364098 373.167141174779 503.410608097359
24.8516604772982 0.852057415537483 0.985773251507208 14.9503551573134 21.3057708863953 28.365891686318 448.610618411995 432.258495331389
26.0665046073451 0.463061272001582 6.87803177990084 9.38769264435625 25.6275442891862 19.8116230734908 394.221742158478 525.631759265533
25.8160985215205 0.429624490454119 6.68554198801063 10.5995249156033 25.7487753140686 13.3675923469048 392.895115734158 467.277564912572
26.421864233448 0.599433058118693 8.48196706733412 14.1874588854444 28.378114213529 22.236005622122 390.748044824208 513.318844475749
26.3003244222448 0.646846527201808 1.05478232607115 12.9044949398108 23.3647890030006 19.3301254291609 416.090205691392 504.608442443483
28.016680779627 0.504581447299055 9.26631297662158 8.43644865870477 26.6689081731223 23.1543246201754 436.010886929833 454.867465991635
25.5050165711604 0.642878488107523 2.51989905129485 7.52418995793085 28.5078197005546 19.4169577396834 389.678883273263 503.37227036448
26.4441866423647 0.50392494897486 2.56352649622182 17.1519296608652 22.3592802038955 15.0617490898635 449.164250130437 440.793493296363
25.180065163059 1.26464583442709 24.9928188808855 8.78580519145046 18.0526959061412 13.3870175056252 426.504793579652 394.339301074787
27.332570783018 0.964201403416129 3.65041569186292 8.35049187620036 25.2004366875454 10.4007786794594 390.515968698316 467.763926774131
25.5671485608939 0.29614648279453 0.0507644986444279 11.0142017386538 21.1013390680052 18.1874704073757 418.784973708991 494.405644803432
27.456580594812 0.595714633074768 6.83728032177959 7.04616114164534 28.1037100749643 4.88779499597467 382.069732809004 488.921996132015
24.3283553756941 0.926151789356767 9.5117814719546 13.7778736608535 21.960447815073 8.05881541208267 410.18420002776 498.904225521031
26.9617013775589 0.849483614359575 7.75062560630618 8.72503038578314 18.2899829716003 14.4602507633097 415.345121829712 475.963238807203
26.2788790761568 0.458033976803526 7.67230447585449 10.2237227398498 21.6819413815641 17.0657966450016 437.419170824619 477.648292011784
28.3287633007492 1.27983930652929 22.9871279268523 7.44230356935164 23.4365185767371 6.56306877130373 407.638001611702 478.524598442542
26.5400243364339 2.26772572134081 3.39007824788878 7.75636734050736 28.6699825762115 12.0347782512958 380.738050368909 522.189554346793
25.2562510096091 1.01145509459231 9.1802646367177 9.35966257296569 23.0021252666599 4.952337683636 386.569442133993 510.678212594381
24.8032681570322 1.0511641150585 11.855894009347 11.5697185318802 13.1282712315996 9.61952581422344 373.909721036475 525.670264179739
24.8857820615841 1.16988581984008 8.12672374159468 8.00080495136688 22.0020819286741 6.24135560706522 379.880763695951 498.55889446066
25.3900237497927 0.768862377459828 18.1818308231015 9.84799466505591 29.380620673941 1.7681614976675 377.37440843389 518.358420599821
24.7131602955465 1.15286185470324 1.73934219403772 16.5763290179259 25.0875505336732 8.07850994725436 434.297550140974 490.305841395788
25.4722390533838 0.847154608597032 7.5478851373486 9.94684287856557 18.0772270016825 4.84882751755877 400.267492475693 508.252849905231
27.0393807960757 0.432238412872348 2.067761628688 6.37674019069941 19.3120892857189 8.80609540333266 395.263334562917 510.870757475303
26.1065573848569 0.618399462989114 5.30221170996405 7.55141800406205 27.7094891853874 25.3985120461322 391.882425922563 500.291900779616
25.5207187422571 1.43046837999387 1.34710637031782 12.8317257740842 28.4195673629779 4.44363379635095 405.539871133831 473.568690041406
26.4401777093403 0.635631969865524 2.49494680094193 8.33920217217999 23.5642999950715 21.4846784873672 411.407693854633 484.557825435248
26.530984124268 0.837119958935629 11.4996311858591 6.88503104485836 16.1881830592927 9.64808320350352 370.573895583586 498.900160541211
26.8632357614762 0.928801573037088 3.74170515609496 12.2478798906833 21.6880964740985 12.9427353432938 421.597727700501 498.633544063889
25.6061486082977 0.764690258012858 1.68336400992827 14.0743682591756 19.9580454458104 8.66847205967177 400.131911302448 465.024738554055
25.4432843141035 1.14441224363779 3.52047047383231 8.93044646531874 16.3823366624008 21.2322988485473 464.716385772014 360.402284856135
25.2374763002473 0.967491871955265 1.01120046793365 7.56863422422321 22.4069529831921 7.38657334899086 415.983221177244 465.54109774427
28.2851810623887 0.436892407225005 7.71304802293455 7.67008057797697 21.1840930611904 18.3766483968191 401.326258831415 438.519611060843
26.8628130998463 0.536102529760638 5.66542295614725 10.5325495139199 23.4274051311331 24.8346918957105 438.177680471821 414.65696157109
28.8177364696321 1.10280686520173 2.34329678640956 5.86445129275005 26.7523897556008 6.82063255540655 396.554034190139 471.846947217996
28.4149959043983 0.785904916656979 1.60568605776477 11.7934385807974 26.7055841366411 8.85537547639213 370.261309839717 502.592962981541
27.817082001698 0.478092418359477 7.61879428524161 9.26005514501442 28.2419570406376 12.3868562571733 293.007648046613 518.650944077495
25.3919315324126 1.44149143105253 10.6185503073577 10.3082221787416 22.51831877423 5.20100400943124 401.12647740749 459.97495972662
24.8483842970042 1.14112894920411 8.48589305919115 9.03996938835384 25.4277233472324 19.1716144964272 418.183255985984 444.650030052508
27.6146645246299 0.861970282192402 1.93448306996668 12.8955520269752 27.67764469926 15.3566051828941 435.288323058244 461.937170772599
24.839420100671 0.979099146712423 2.60022579817169 9.5982988487515 21.9539812966734 14.3183885089106 388.405037047718 509.067736940644
25.6861649990087 0.537925907342096 1.29296636031921 14.6252770309753 27.3726199926476 28.3853816266574 383.769969695238 506.306798137679
25.8366335320693 0.515544251957187 8.30997490039984 8.44940556071836 28.4248371298324 28.2049474005214 342.594857405055 489.782221993882
25.196442929703 1.16546005815535 11.4428237718699 12.4962567107984 29.9994666568297 7.7396020718561 389.155210309108 484.585455561924
25.5643136249201 0.809873948193305 2.52643077220356 11.2732607246529 25.3326809507747 18.7059815130088 380.236296792896 478.951671083053
26.2494744618708 0.784993183876254 1.43515347900793 11.8600564299246 25.5205003128305 19.7812151271788 409.097707195013 516.479238742516
27.3017486914978 0.581690113615744 9.2863107179339 8.72583475306535 29.8689469497836 7.51341809617001 325.133396184828 526.779786124916
26.0518032712828 0.800746590406068 4.22706582491754 11.1296824712263 12.0703042326824 9.20791291378341 420.119909786829 499.863985017233
26.1738419713119 0.391829449814557 10.3921964783493 6.07540484500374 19.3061730718778 17.0499876646144 382.959998858793 495.203473218874
25.6436816701077 0.752539932414054 1.15591950014412 16.188557472429 19.2846863255182 17.877312093679 430.236455351833 446.826517879216
24.5008499895395 0.934389632726605 1.67777216836318 10.0289293646109 19.2338351623615 23.9497948541992 427.959923697272 433.174234808072
25.8072346653441 0.72887848190193 5.50551873526275 7.06516649010586 25.9440585348905 12.681360079923 412.350792038985 506.159453594483
26.6739636652878 0.517935654719344 4.80282815986863 8.13612070841335 29.8425450954954 10.0556159769999 380.405527833608 503.23549696578
25.8941628144817 0.452069603826454 6.21542180351738 8.51209528388974 16.8128441715283 17.5472080369331 390.006806831198 501.748682324905
23.7126254830724 0.430973070929792 0.297376520519417 12.6495486472693 23.7839322866367 10.3067948944046 429.942890219986 434.801361083222
27.3736195821869 0.549225053442809 1.65210905147938 8.26598622721068 20.9291028865609 9.39184941951679 369.432776702181 514.613213855501
27.240528126609 0.332667370456736 8.09330756470864 8.23584096082573 7.43459318323705 19.7129122446866 443.009013711184 386.473294447756
25.5900273676752 0.88150290820559 4.39201720414408 12.6145478202003 19.9485262701833 4.66231605470748 372.79391917466 522.339117746597
26.4611671088972 1.06727104148338 0.358800162514308 11.570083701574 17.3019970597118 24.8899600275297 462.921990629701 407.037844258117
27.2782073612576 1.00403536420778 2.79980735462101 5.15081257860164 19.3355625716224 10.5335856745056 423.652096533917 428.143177698966
26.7546755959363 0.301448945617772 7.95239147728692 5.87736450603262 27.9605213078298 22.242078843642 378.349486467061 525.98647762169
24.9133456856188 0.702562087660002 6.73662897765918 6.66672170480725 22.2251938367628 19.1624756543087 406.374655899202 485.333652217739
25.3837826384437 0.508713832154542 3.36150850557097 7.83207264486847 22.2940692369169 12.0428058290619 366.474781566713 515.935029219236
27.1796664944167 0.557853954444929 0.794398041916406 12.5778258827529 19.9143370693956 22.5428760152897 429.976546628807 492.702557191693
27.0611191547841 0.613274838982075 7.02543670643118 9.04475315336814 19.7752320951323 28.8906566111633 410.015915188369 483.463955667654
27.173896862123 0.815135435683404 7.84700909941469 11.573860741952 13.3517526171704 21.7470026815931 388.968660852704 497.381664109644
25.5232616364295 0.895080525726092 1.13002545842824 15.9579941323003 29.1931485630488 15.3167193550145 388.673732725778 486.028552838659
26.7027599809983 1.01006913513741 0.899675961342664 13.7378430432551 29.77650828887 10.9055523285927 401.797576608897 444.379159055792
25.6077804928929 0.736046098339722 1.45488037442785 16.2679549238945 27.4352213360646 11.1871298124107 396.653839177071 505.220637335929
26.4966536157317 1.31954172657619 9.59788471008051 12.527797638015 17.2442843566262 10.7684236831007 420.100622666257 504.391648145722
25.5615703010125 0.395255969997362 5.82295364685101 8.84791133072999 26.8379484123466 23.1706199543673 375.483740667222 512.042818552336
25.5637944918338 0.8850896382951 0.645758369165247 11.5596545422295 28.7641911418864 12.9030312349287 421.623317767046 474.648587088302
27.7648358653568 0.505482460816063 9.20227543784891 16.3928778438683 20.6569966489966 5.60973000406319 439.252873196882 487.404311532833
25.9750079073086 0.805589074544214 1.26409329423856 10.1299427568218 18.5254486735441 13.4880033176704 413.28200058733 485.153442281683
25.997778720557 0.71555411452766 6.67541813621697 6.37179923948679 26.7264116441527 14.3384813913182 384.854662232885 435.683913580514
25.2292111446267 0.841353118794872 7.14186090751453 4.42796435630693 23.7969359765742 22.6831835104548 422.103817554811 412.100530535135
25.9690686252808 0.84787299321915 1.77491363852215 12.9681540313106 24.4370056906762 13.8962008664754 383.378646993676 508.387530784354
25.8666540871515 1.25325456476481 4.99595667655603 6.25154479926579 23.9218513681304 6.60426215410548 395.642105035442 452.243029839396
25.8971784325196 1.23703279748325 0.263313794654302 17.7895837284673 22.8092580607801 4.93081432518513 365.174021302974 520.006833996566
25.249880094897 1.62995677472765 2.43477930597209 12.7209273345782 21.1941678850881 3.23929395304511 410.971369775056 487.573831887889
27.7098462467741 0.386432952968876 3.15642004898065 16.4253198070513 19.8207255999635 25.5456449262879 387.45276082627 495.184414311326
27.3724417195449 1.13411262222426 5.65069458854079 9.93961256624702 24.7581789611886 10.6831470070574 409.14388666335 484.887691633517
23.6204187450545 1.02935197696417 1.4116204274695 12.343476171485 26.4192699923712 3.05712127648949 348.812559659665 522.331037548946
26.6203498551826 0.725584926637893 2.31125625059644 15.7760042423813 14.4135736123176 10.8041020434309 385.339700204672 510.443199076043
25.7905435730047 0.482922907954064 7.38841716507914 8.94828744303768 23.1668211328199 13.5617651420459 406.066219076831 480.322545886582
27.0705499902855 0.516713634337766 5.34083255279334 6.58514013314101 23.3263438848018 5.86948845393496 374.252827746698 509.57320160622
28.2662766056533 0.350269637531146 1.00479271278377 13.0477071599474 18.6486271331188 24.4250552813149 386.740848574234 512.755682388598
26.3668726215459 1.01247593982238 7.93223136163153 6.47804583330956 18.0030542997892 19.3215028680221 453.815020005019 487.267360741408
26.2408874529442 0.638021031518199 5.06506398633837 8.19109864464964 26.3680937707512 8.02357869236608 364.153614707886 496.510172720264
26.4468838086409 0.447890467287789 0.936040847433873 8.08637566905773 23.8568140597134 23.9240408282359 419.551455885129 457.639850461538
25.5254073005142 0.551643993031457 8.58871874980353 8.83997825647659 14.3811352001862 20.7565179996097 391.335729372072 508.100765429766
25.9993707860375 1.14583491134966 3.37821815014399 8.19624781584161 17.5633829393235 13.7378140686579 409.008872434251 454.944316614488
26.8124036491249 0.736943945141972 3.93247670008076 4.870848000234 26.7436435990875 10.5864186928373 384.43908145645 496.73133600584
23.9064593921225 1.37155770744398 13.9567791299282 13.6629501934844 20.4219344625118 21.7934944091195 427.134041323205 475.983911978273
26.8955569718168 0.950574392215544 8.26253663278506 7.11480240464091 27.8798772847579 15.8815869149289 394.131542107806 474.767714359749
24.1436944920706 0.954215547447109 5.58698397567802 8.82533469943802 26.2995378975495 10.5762907805513 380.377629604774 507.104360664756
27.7806502474028 0.799668494266188 1.42938113368006 6.73009682898757 27.4095373900157 7.32429551718159 390.276573970041 506.585236491346
26.1461881081138 0.697292728084316 5.92441791531957 8.30469463644608 28.0210180832493 16.4887202663324 381.272272815212 511.77849679567
25.754282471656 1.36342394673636 8.09070822988028 11.7461384902585 18.6559311084065 7.18582484574475 437.347440610432 520.455533282787
26.6683195718174 0.982727007821937 1.86579077194685 9.47158317705435 24.3932771940699 21.3903296192029 408.006704801147 433.652092796831
25.9922045619382 1.03592983532261 12.3905899446323 12.5673600075886 18.3495946950068 3.0062582088136 405.383297597011 494.297094197467
25.1558815354972 0.814732076013911 0.124532657707371 12.6948474386937 28.2882666991986 9.29360684140257 389.02691079856 463.516196100167
24.6204725382395 0.952095067308972 0.184792155564819 12.0001488796608 20.4739107968063 15.5430940376786 401.959807449549 487.808203100689
26.4412393488429 0.575438792533299 6.74457081442917 12.3178278755195 21.065331841993 12.7689318414556 402.838981969017 471.784164878008
25.8141436172311 1.27773689431667 7.97257259862922 8.35997554131563 22.8147792284088 11.3062680528378 370.617665084646 513.140255568314
26.4582820872699 0.496272844117364 1.57099697531145 20.3393687516059 23.5268093187609 14.0604920877436 362.059073648736 517.392393329209
26.4625206732095 0.514953825959414 2.88032243898073 9.66244331474538 21.3213855166026 15.2313161950977 434.664928479144 481.722304556496
25.4061151975441 0.628307072762449 6.45637128351837 8.62966268730339 28.5936717338485 20.5798099847571 398.459022691315 518.671881797838
25.0759131430604 0.553645218324837 27.994957351335 8.53700697503478 20.8700190238768 14.303024511916 448.223495707521 505.559820356044
25.4903969723665 0.693605501894423 13.0462993655103 8.21139095280778 26.772822054789 15.5621972121106 368.48421464994 509.543809743266
23.8092279159 0.803343018137927 4.9870632669201 7.86895957606631 9.92157188624792 17.5369995568649 447.377469191554 442.930528518158
24.5405891849299 1.25583313640508 23.2398355105903 8.20605491483212 21.3777569400689 4.97853115652452 406.379221651712 494.803246540498
25.811427887797 0.663025034822134 0.570702403767233 11.36500133011 28.7300564801337 21.2656297159612 427.107240408351 501.30579917214
24.9155924988746 0.475437992019568 7.59607697566183 14.3357677208901 26.7208995600269 12.7781195183302 415.315906583415 526.186941823001
27.6035215121369 0.593016776344247 5.10127196934768 9.44385205664805 26.5022966620919 7.44001935653354 349.205345687236 510.834905359063
26.4042714692969 0.412048801904422 4.85502512547038 10.982422563814 21.3144983062427 20.3172570227173 440.052755548231 477.977496592051
26.8452147549948 1.09840133577699 0.926457264112607 17.9113478066542 27.3563014024436 23.6454225767712 426.218937647504 435.412588475626
25.1152131668763 0.55001830181362 2.32146127623492 6.19797282022833 21.781234270572 12.3464035767974 390.241971671726 500.218670333553
22.6343107023041 1.40193080628122 2.75936128510219 8.95988701266733 25.2480982942822 14.3527445687882 431.482298172027 440.761510838572
24.8018029310252 0.763306834492967 3.31971105865312 6.72560195958916 24.2951322280038 14.4754703924605 376.37442443052 502.463616081757
25.991719549832 0.720591885468645 8.5222796675319 6.36831985194373 29.3111558888341 18.4134028257158 364.876634359785 512.794208225763
24.4380967894705 0.829445024949131 1.60553600457963 8.21159845899219 21.3026337373983 29.4234824722146 454.653552359059 435.246003787607
26.4502550952832 0.520991023583231 2.25815485274049 10.0859137120939 19.1177313051818 7.20187708172112 390.432863873925 489.470696371362
24.3470809263661 0.547463681503186 0.291489270708858 10.0923097287406 17.5845434871533 24.7992711795917 414.108036877068 470.67340102615
26.3028755088351 1.0152972937054 3.44600411867853 15.8123587463977 24.459732172404 5.34505939783491 400.266241526721 510.654792461306
25.8002929444648 0.80858602019455 16.39717551269 9.45955008414847 23.7013764501995 23.7274182863749 439.832597556806 472.183467067845
25.8293165950003 1.11078888067539 2.22513604433268 9.07232928574975 27.487496757053 4.90569428738898 375.254733614073 499.999298911704
26.3582108373795 1.1352957979798 6.09705456388692 10.2668812879964 29.4607711170934 8.03282561875874 365.53034244245 503.060489483132
26.3348989105442 0.90508062086473 6.03089099036753 9.56823143882955 27.749067862048 4.89486450975775 355.099745447168 510.167271932267
27.3532448822885 0.73670569430016 1.6558233982524 9.88633575456584 27.5793479554036 14.6335535922165 395.547615811097 512.103106614003
25.307433586271 0.493702662654204 8.0081551602672 8.02082201120758 18.3225013150146 20.8122204804447 389.227919507319 507.235571396021
25.70248143308 0.854310892362078 5.74948547138405 10.8683261597779 25.0191209835296 12.078925573702 383.664199693213 472.659913108107
24.5585311107009 0.79156045712279 26.9062599809539 4.73777172579985 9.09990413742091 25.5222087435659 382.212195178576 493.226787430169
25.5843499548697 0.867230590548337 7.61863923536777 17.9347252589234 22.2203712812338 7.18426969721463 393.636833087197 525.053743642645
26.9075342175813 0.458630461333284 1.72844274171927 10.2044332425916 16.8795051893848 22.0471051424144 406.45177603956 500.797192726173
25.9639240056216 0.531463210524624 6.06657336800945 7.98395055628729 18.5378441821282 15.138642179497 355.526981685989 526.426021502542
24.5243526791393 1.30144486411323 21.930013591518 7.48707032238758 24.1591481161373 23.1632136512613 415.936437269526 447.587066686027
28.8927850322056 0.731420164338712 8.93507313234903 7.21142870168852 18.8431640918226 13.0605420095689 416.68407213153 511.878335092278
24.1602430126201 1.02223003240205 15.9128680058123 9.94174933450387 20.9521670868579 9.6107092597359 429.352404216309 441.238402869087
27.1153424920833 1.2891381323804 3.41499611008276 15.0663088780139 24.8083823219615 3.3848361957757 387.326936532647 525.551746216352
28.8175119219605 0.529914397911759 2.83412967986996 10.2765050727255 26.089978389234 27.6917248081022 413.668175003352 490.559265441966
24.8737456342288 0.467473492494061 8.43445785370593 5.52024223515523 21.7869188541481 21.3178313174568 424.136495247679 460.988330786655
25.9339310747018 0.968798639478983 4.70379123018749 5.2215360104662 19.7535895043562 8.56752012756393 396.294313812989 503.546272585684
25.6914369067535 1.36934872138078 11.2050959318324 7.89918263314768 27.8444844334906 9.60560629457908 397.364878635631 513.002617256635
25.5579794355233 0.975392839907083 9.12974188560991 8.43693794747742 27.3914885167763 10.3211177866926 415.319343148723 481.314488653008
25.6313849657284 0.40797082676016 8.60167336582473 9.02065624799402 22.4644330855265 20.8402684128862 331.949544017999 501.533526997923
26.57386440146 0.544226012591099 1.00838499921814 11.6897621015277 13.5464199614351 20.1777039873149 419.89874870262 472.285063225611
26.0625734819535 0.956159616239832 4.4873054305929 6.1620295172116 23.7304614220003 12.994125928142 420.69399387326 405.571521159298
27.9048347617396 0.406867623949261 9.41779164478423 10.3289278477817 13.4372459863134 14.0569507544105 418.123769725454 460.536681698826
25.3702325399671 0.700940450967709 1.49611735796837 9.86074657400879 17.457827767827 8.51279811641536 382.806174080079 510.185611336018
26.0284712616135 0.620507164944105 2.29357726438363 13.0349152142887 23.0007472348865 17.2774363385818 414.563209187702 474.288036215739
24.8104854846023 1.74165272806749 7.38023290767292 7.42922770462959 29.8877555703878 9.32855920302485 432.315287554079 520.161675744847
24.9494820080451 1.01224678743026 2.9104086528336 7.10218007957626 28.0595466553949 9.62265392469673 377.67896594273 467.406721714789
24.8756807835146 1.20631142718177 10.9010597558496 8.70848296401113 28.2883001771738 8.35088028153999 400.01973171346 486.40181713205
26.6500731959838 0.637925598497135 3.7167013671474 9.24791748882281 22.3160110960622 24.1510757619616 392.645195164058 502.746306708736
25.1307154892222 1.32704542888365 4.67096633461096 14.0197216809914 19.2318337919961 6.57820435047611 409.33780686902 515.566425734605
24.4119189731121 1.19217046154418 23.0618562304735 8.89960391301051 26.543256232156 14.9282436740751 410.292884358267 503.527308375371
26.3144668264717 0.775636431776084 2.08475941605541 11.4673420556855 28.2449354373223 28.4485683053723 410.166478895621 497.29212606179
26.7605064258182 0.773018115898821 1.69097897275177 12.6897037013842 20.5087864959502 11.7372995738533 417.401365973245 489.634264651355
27.0630944125953 0.980827850391177 4.13041970386615 13.4700376470893 13.5559199899583 27.1921523409194 428.408085968266 411.873001385063
25.0020528464429 0.921622212218415 4.58990676666147 13.7541709499309 13.2720243154814 24.1129434659507 439.583365459308 457.341169788337
25.1443340826402 0.905195747810919 5.49669504950568 7.84377777768852 16.7414184800259 9.70696976246749 417.782784466067 469.390605850159
25.7513725511507 0.547176912886293 1.50508953040007 9.94252119165795 21.4905373768874 11.1710194544289 383.290663132477 504.981379021941
28.0230063852311 0.697399597991033 23.1912500881254 8.59236669636298 20.3381315532703 11.0704088846669 421.177805067368 488.433160394817
26.2604814089314 0.962874439311959 4.81985533987868 14.8450277393316 20.4066687302046 17.6118343443055 439.166065049587 440.723637924593
26.3463768806539 0.497147999978993 1.76545101906374 16.2847064827231 16.0420337321616 11.421236294222 438.471635514816 506.223126006733
25.0035186283521 0.648244045963694 8.61546325057776 8.46606128336571 13.8243852034595 9.54761619153779 375.13696892073 511.001934120542
24.0473309322848 0.969078701772127 3.23130649040924 5.29020086304752 16.9501347047699 21.6062301987769 420.702407008304 466.650947119412
24.7854436096502 0.44842555280383 0.770584869044117 9.48588589532037 23.9226348899571 9.75111489976745 348.747945574979 523.543894721774
24.6293445281734 1.49772126714495 9.77769688254759 5.93455577601012 26.7386897753295 20.9177561012417 412.747636053839 467.693018043684
25.89715887308 0.612569932585812 6.26379426095882 10.4975458903482 24.2047254874149 8.36273002297894 359.931584503496 516.648213016795
26.3213657233988 0.823056078491055 0.16315483581344 12.3220586555405 17.5641457497947 28.6281547186954 449.348197431699 442.761092763243
25.8694530980326 0.562419204383864 0.681547039927051 8.05995682072944 20.7272772874223 23.6300823811386 398.510765987642 490.422472198108
26.7160359744899 0.592940781313523 6.45068805188256 7.32555746645581 22.7233445977777 23.545810607608 425.042390811248 477.830714600527
26.2795714411656 0.487205684481133 1.09078185608457 11.7697972790608 24.0116503843477 16.8188058208512 378.997590426847 501.666806556507
26.1242332533026 1.60289941837223 6.54601062418173 10.0137033121947 20.8041995031992 13.0064514906125 405.403396731467 484.892509201676
26.7208134087733 0.547797208932214 1.81306826213134 16.8315192222405 14.299072515721 16.7317088891119 406.137820733281 499.631596930367
25.3288296615842 1.03436991128743 1.6973844662829 13.0663656258864 23.0915945710672 22.3205638680146 404.46206295518 499.277317669011
27.4632166101489 0.657781062755846 19.1494323592631 9.25032745270895 26.1672106367597 22.5508221694787 386.587192721789 511.615384872084
24.675231842098 0.98669097335764 1.99331740427277 13.0108397956814 9.54362866363786 18.0201895116687 437.636558473529 439.867864276984
25.1880383814551 0.808275903378888 0.408730471432054 11.9222993826839 17.9554232999015 4.56311901937164 357.466205890517 516.420557364833
25.7083098137689 1.06100425743907 2.84223025057736 5.95988290772652 28.6243130086792 7.96545095519003 426.032350907069 440.175536352785
27.3777124537984 1.3152533919477 4.87466117606279 13.6081120269881 28.7474308596377 5.40707836046025 414.756838928215 511.269060831289
26.3330574251428 0.52134614768819 1.83813937197532 10.8102372432477 21.2354884761139 18.3522135964039 423.048767858293 445.81180623406
27.2831561697909 1.19335943249449 2.7090645542881 12.2412552142814 24.6040758111809 4.31159710607005 411.841208749882 503.63707303969
24.8318527293119 0.782535705597537 9.46928270350006 11.8227973234193 29.6093195008182 17.4506270316811 390.541698041022 502.956980945398
27.9471748820499 1.41164080432354 3.24271029760367 9.74175188014489 9.27719101170746 15.1383923045124 457.290667561975 328.194077635093
24.835193171774 0.782119726514708 13.4883113673024 9.55399949095249 17.1029970880684 8.31587745488078 402.278027664238 515.440200620129
27.2492645605722 0.631675768217413 8.01554431901022 8.63810304698734 21.9684101208398 19.9730529968092 423.647220330109 469.517562213522
23.9806485286917 1.00674667572721 5.98282432160493 10.9668407224188 29.718802174244 7.96251806926397 397.683639087356 504.175811465546
24.7759491182047 0.655523478035673 0.533703641207056 6.94592338336798 21.3980895329379 20.770792492112 414.992795543574 475.939863513369
26.3285550534661 0.510783138193539 3.79805955770795 5.14376127740688 28.0301714726544 22.104203404223 362.451425851346 521.092564685209
27.1158219111813 0.684617265212558 3.12944244274665 11.8634926487389 19.9119180980131 6.15627811928388 430.666862046141 476.52380794799
28.3225566284279 1.40274496518893 7.6626994103509 8.62149409087527 20.5247427356956 4.84623916615384 389.656202350398 466.700024798986
25.6174911436082 0.537333125454979 6.41210122810721 10.6396460116616 18.144722919795 26.0686888147253 428.170088239989 448.008661579181
25.5844575346784 0.591716192242923 8.70253098587785 8.646895655818 18.0905602284239 25.9734345668262 399.56630894702 475.584289627719
24.396712190102 1.09515428365325 1.79485977243306 10.1525515366571 29.501035248527 28.1176150179908 421.77414881686 446.551318515182
27.0925699357567 0.432947469224837 8.09866079153878 17.3389633998169 27.066094618475 22.8978957529042 389.503912616632 506.484656974859
26.4427373871537 0.816580814349229 1.14604463251034 13.8937498194327 19.3771855723866 10.6512306735759 369.263428890016 507.833444124283
25.016734197947 1.79350334468745 3.90521418187312 12.6792099048822 17.9115597964633 17.5409772511855 411.04750801666 495.236481120124
26.1828663302316 0.658586858472996 4.35057930615277 10.241361607092 19.5584607915726 27.612771585415 418.731616138109 485.504373694513
27.1153706130147 0.709285026247239 5.20673725916564 11.6857902644281 12.3041713910642 8.69646642160068 432.074545759683 502.49427544298
27.0715813311387 0.791110608497352 8.76766611255031 9.51393605031034 20.3467027218882 16.9875521928578 429.868216847993 481.087471314402
24.9816366256945 0.715179921576225 0.62952221171673 8.78544441424028 11.4142952727278 24.018787089416 428.525225639977 450.567529422777
24.152611417448 0.80705050862779 4.81422608089005 11.2150258866317 11.0060825892695 19.8870581092365 429.392465838537 472.101406879864
24.3185351866867 0.353269043660256 1.676921769778 12.0369427580161 22.1991258765202 14.4881392214761 448.671270617644 437.175607252252
27.2168792510743 1.27276680991972 1.98092532075649 27.5420391598221 20.9406219656996 8.64226585221882 447.276171612245 435.374819927858
25.4137289157587 0.352202999828711 8.00579922880434 12.132402591797 22.4351615023636 7.74130719092667 437.11423523297 438.942214540939
25.5838953514974 0.49382398410572 6.91692667690164 9.5969145977903 19.7647119389186 19.7318349114892 425.579258800441 442.959742884988
26.9492490517045 1.19794580540025 6.3098682069911 8.58017349094298 28.9581573113562 6.14082580790852 380.48927894218 489.233034586818
24.8391881958685 0.848130601794724 6.44519545100376 6.73848735025866 8.01749639852935 12.0257284642101 446.528416428552 510.080601208094
26.3214057638848 0.58391950243812 3.87039309807643 7.64191823610267 27.8764484692457 17.3923545707875 386.740210612511 510.939967820373
22.822782645321 0.355239398598042 6.2309577467669 11.735681092109 21.998086178644 19.0888674524924 347.857939673225 511.207803299144
26.6166922723871 0.5696168745619 2.27396006252729 7.76491288715569 10.664553179713 11.5257411446335 430.661810185977 425.9200368449
25.430301986918 0.63017827527659 17.5361189263509 11.3002347972587 19.2547944705984 21.536651620367 385.689528029677 474.550561799672
24.3886038261986 0.606946702781233 7.10920272092187 7.83082027603062 27.782908757059 9.86792868239124 374.051537332163 496.491288682963
24.4343156287241 0.481967182202454 1.72747492127329 9.09614599341389 28.1567671941976 26.6410421444856 431.696551307294 429.98377511731
29.5832854757134 1.94304576440692 4.06526455044118 8.6473491458434 27.3773912766299 3.28979568119579 438.701224622945 512.141269218071
23.5238059415821 0.461355395888792 8.98793697770656 8.93413939157902 28.980813540069 25.084332590492 348.098111138379 514.9843192954
27.0686482187545 0.619805400663396 1.06042231574005 13.031255677261 20.4915461504602 17.0284160525316 418.360100837264 489.729886765487
28.2124617012345 0.707193024669236 2.88139828631702 14.5275029891273 12.3112314576685 15.7808706549322 430.446144052236 447.35804344141
27.4246355438102 0.970340056964474 11.2177760511827 7.42633812229737 15.0432166405711 6.35382370245787 389.034346178806 447.844758274659
27.0988173205497 0.478715290531503 6.38887152763619 8.18386657720549 25.1846239811433 6.91782462436517 382.103701209719 501.626538994582
24.6720211503139 1.14428637309587 17.6639419952591 8.43632815139629 16.8172302843917 5.40189873052414 414.594842616451 474.507534379191
25.0902912612733 1.00424028559082 15.6026088467963 6.76418487781341 15.6834134456187 11.6399778845096 386.109420029663 487.573913563491
25.089851824375 0.489855841733828 1.92105683289291 17.5562627429892 26.4554968057512 27.2812501407319 380.890199932465 503.921994491861
26.3802990093649 0.822273209565505 4.83548041094032 8.43821426811267 20.89076819015 24.3135405826995 450.910236776412 389.632732325389
27.5723234694505 0.591034544064596 1.90956178934926 12.0195991397521 25.274407256486 6.70598210646967 362.16121595713 514.924413984655
26.0815234114431 0.620535197904743 2.10430477137547 13.4047850244634 18.1941058976131 16.6220317861582 427.537116167889 460.970857893573
25.9295938552678 0.379997669056905 2.18977752023941 9.24623013163934 23.2259676928047 26.2099936534386 386.581309306074 504.396085948583
25.9363696861913 0.468749142974387 1.86491240423492 18.6064407994481 14.858805965843 22.2160661193112 391.906188377414 492.064593671464
25.069805807755 1.16069886885801 11.7671205102169 6.7772434337097 26.117698704246 12.9592053306261 303.771943495566 516.04933420931
25.4269010584171 0.855814633179008 3.83111248258906 8.65014349893945 25.9924329096892 9.85722982231482 373.00046665878 489.020466311869
25.6559518782768 0.733549925410969 0.448217341344144 9.8615073165989 29.0082430080994 14.2992191693763 407.016092315309 466.68035306516
27.3112247758074 1.06349865256634 9.76363085884507 9.21874212281639 22.3605944881225 19.0841996888817 423.614802083493 446.274996797209
25.5248301514211 1.15698058200797 14.719700881707 12.3386325551877 23.9662670991025 3.7851920693022 392.073835939698 513.689830589961
26.7307034240781 0.401345785166945 1.1812180337579 13.8454028164719 15.73214024283 21.0643051099111 429.207144440915 456.501320002633
28.6364281574037 0.325189708256094 4.18838657449611 14.0522423646927 29.9277390871313 20.7372172826691 441.417163040662 500.57914356793
26.616520938709 0.527065977570852 1.01006459005793 12.0745783804331 19.2209522184625 23.5329266019983 395.66767550759 518.299578802876
26.9455146231899 0.771530242509982 2.52648541092286 5.96760302268789 21.495490653985 6.7969360862499 407.675034462277 424.560366681525
27.0940231769642 0.532054135358378 0.30629364562733 10.5045643999785 27.7990041044664 14.1608244442069 373.727302523135 511.613157015688
24.4136191514559 1.12504549473476 4.61185742168978 11.8627340386752 29.3922272963159 18.4454723717487 364.628351064115 515.422843135954
25.7876175871292 1.05746619049368 8.08892417037148 7.72327614618742 21.8036303159707 9.68652249286217 381.242538317683 483.210609115705
25.5082882573721 0.685327095426518 4.49871174797615 9.96687170128485 27.4748037677997 16.8705181175528 370.838977498448 516.865082934978
23.0670387154893 1.77923319284951 3.18874570293426 9.10814582428712 24.2344853292101 25.3246393111401 401.094174506991 493.502351604193
24.6680758135072 0.524620895455888 1.27458931565413 14.9217999941833 29.7650817247275 21.6224737960357 381.539998331121 442.367930813411
26.30272990366 3.62088497019877 22.541286978423 6.82810733664521 27.3593775817225 29.8913315534412 327.389245839189 527.244212977787
24.9137549410139 0.915964154306077 7.04883473288959 6.97236986082863 21.6365161847941 11.6536512993362 390.755615426725 494.600176786434
27.6417244894509 0.655138907836485 4.25193897464719 16.760625976211 22.7411202884907 13.6216530119458 406.773490101729 505.73500706265
24.8788055806399 0.611441609779339 19.9270571007077 10.7494830267211 28.3539418903608 24.400059183925 374.113813496308 515.370249237525
26.512989234968 0.344915845502464 8.68573962097453 8.01397446437503 28.2461327666213 8.85114755554994 332.630876810699 532.975820713779
27.9594055697385 1.07725928307175 7.11940387384226 8.092452765703 25.6828263925882 7.86773099477752 413.998800414986 472.497737875402
25.7363098788006 0.990089170671116 1.51419169714027 9.35532927542531 29.2032454603082 12.2834537383608 358.947931449095 487.92209000633
27.0140934095929 0.66523961889194 15.6665055090516 5.79800578583369 15.1692025032248 8.01219860521585 386.728629703953 503.691680580408
27.1237605970204 0.484496789947976 0.573762611967132 13.6794370085111 26.0241594437759 4.10757854563219 347.075989263145 515.63941079141
24.5762787779844 2.69793740343523 16.6779360813467 20.1641169375336 26.7768943033678 8.08622518230086 344.343564403171 528.594804576988
26.9438719039063 0.59316417932031 5.2101800923381 8.04327101421335 20.9818611992086 27.7081126492321 418.822103092988 473.317389425528
26.7319503757485 0.711841105826427 2.17876747727069 12.9038660287038 24.5349561376627 20.7429715338211 400.598830584029 475.927075235253
26.7911432387844 0.676718934951358 6.35579773728168 8.9855931292375 16.4085615679264 14.1488151901454 407.122963776821 492.142894876381
25.9268184813542 0.565900610665338 1.39216839197951 10.1298435867778 26.985024171802 28.6682504767751 367.08126054232 485.918571521835
25.0110129219228 2.86205765433638 8.25673328454605 9.06231632393453 24.9864069515534 17.4417773220045 388.349409406089 502.674975817418
25.1529520240971 0.998559298361957 1.78604527854261 12.4266555778236 26.2701675569875 11.6733104452486 411.709724385665 444.477944384642
25.7107420237119 0.823211891269548 5.29152062740034 7.23016435134838 21.6788064689496 13.2393518564571 414.146595011548 467.426889855902
25.3532922568082 0.98461828622975 0.94459281763604 14.1706768362744 21.9264684555422 10.0723045539925 410.711225009363 461.14595729411
27.2843029592999 0.889235589915031 11.3860353074592 9.31510024533228 14.0634927685588 12.3189521745884 398.981417436049 507.051495313071
26.0226588348707 1.46242998248849 4.52005834479191 13.0978412599925 26.0977626907224 7.70879879962981 397.259454781163 495.553054357196
24.7954204849422 0.806266191196289 2.68327812081385 15.6136389409314 28.5941533465501 12.9592825403505 421.738531195927 524.211333476587
27.1198319475854 0.891711845999803 8.56587437877139 9.64716323014336 18.0464969633317 8.38023504104368 436.016915387917 454.470982955887
26.1209063133368 0.928064430990207 9.70706013207322 4.70946399440459 21.335483781842 14.8481324425148 386.126703699021 489.406650484976
26.5382215150778 0.746308068224051 7.03204257318937 6.80353524586652 18.1274372209076 23.5056952425629 422.326381556828 362.133518238887
25.8829021516352 0.838757883551416 5.30371408274447 7.9330505568699 26.0564314471958 11.4190978755693 380.62982215916 509.074228634307
24.3285233130062 0.936022912923615 2.14892880397288 15.8858913560274 29.0855076732277 12.858454546775 399.952976872183 520.656083441188
26.2914850704952 0.978120583871312 5.60165708565412 7.58550692625491 11.6809417877392 3.7550840443463 393.064775705325 491.670263229585
24.6597117034402 0.365190066541303 1.05665993507201 6.28466046642982 29.522227510642 16.1817175766117 374.770880436947 515.483929293164
25.324090023397 0.86264430695864 3.70250693754058 11.0780859677945 11.4444822876913 7.60789498768311 407.881832523216 453.607191779519
25.6270247679938 0.572533636972744 1.1413935081612 13.4659335493902 22.4747708170217 9.11201517562365 327.973718641726 516.688688050846
26.5197144141368 0.508988669698416 6.47851746040036 7.10378059889571 15.5881759761279 23.1460905378393 417.699886611249 483.772077192835
27.3801477556078 0.429076534822559 4.00083845465705 8.82251197802582 9.13005978731963 17.9564633627472 408.152113063949 497.258695169236
28.1878252736856 0.872852452999809 24.6672257658086 10.6834721432631 17.4625545213051 9.30866266829118 416.305050791127 505.088651630583
24.7165323627473 0.469322153120905 4.44980486007968 12.6444194149894 26.0366955398638 10.3436024561871 425.156145411652 476.657652655083
24.3668242519591 0.653401850185148 3.77051884695194 12.7024013551702 16.5227992591633 29.0784084482273 420.338378670671 490.508756622851
26.4071015212099 0.696000570791249 9.94349636323258 10.8963505878079 27.0792367561155 7.62829533227759 413.537407535332 523.738181369651
24.547491377905 0.828115518438067 0.398893689998885 5.01658802409433 21.4246518847983 14.1610076927436 411.531130090511 497.912394959916
27.2782920425581 0.573383074856569 0.579097574948537 16.010641923676 27.5578178549101 6.03800764830077 354.45951390413 524.777919060992
23.2914190854966 1.14546851114377 13.8191566869912 7.88593861832285 20.8941747565954 16.2622033731026 429.716881872266 466.806035945247
26.287850699001 0.567818883292353 0.0121243719632778 15.7551599623016 22.3395710435257 26.3890953050766 416.978243288476 475.514959630999
24.2148925411316 0.846983413619503 25.2752281061151 9.13491595539681 24.1690041552844 9.50800293136975 375.460235727552 491.361118044606
25.254107502456 0.396801347573178 6.97808662422446 12.186015469584 11.137489994177 22.2444179715168 421.039681595505 500.371196499827
25.0994784087689 0.515739044771908 0.258379837161306 13.3154626803337 25.3484636597223 21.7454724286626 379.461877058337 494.338325006091
26.1066701370835 0.430547600838522 1.86036139227931 13.2071126000314 26.9883856843843 26.3426976984678 391.111516865092 509.165110614624
26.6075942807055 0.346371402309554 2.30472103712765 9.70641272736049 22.2104913325359 22.9769511119586 426.716679354397 504.002492736482
25.3664589310377 0.801992447874112 0.102997630590834 16.182701999368 17.9147038267514 10.437405907109 400.365001412422 493.638419286108
25.1933270410033 0.772291303032078 2.14893010578454 6.47347315082901 27.6779030765785 13.5785204035714 383.275978191108 489.381046416305
27.9400621486629 1.06360041914775 7.46627703466296 8.56153981733237 26.1798036822138 5.93683871788841 422.889443910868 496.210157627746
26.7796626339312 0.325156872396157 17.9368675382245 9.12334961519299 19.2531621000228 20.6196967706484 398.450531753777 510.131151450567
25.6635883190046 0.644410930269707 2.44443492312155 13.0758783724779 28.1167204248966 25.8103174453757 392.543179032151 477.147204535961
24.8121605706491 5.83806675042349 3.34667922438545 11.7779230653507 25.9359164559093 22.2505364340692 460.016373688754 495.88246743373
24.9280731472174 0.624731364290237 2.77944638058262 16.0587469478843 27.1345710637064 6.17611535967171 380.201951009833 515.318623498804
25.6221055040729 0.862076434549646 2.53761354617315 13.9307913333921 24.504274410782 10.2756603701205 384.110672314852 486.820075706853
27.2343339736258 0.963404926197532 1.35044963480109 12.6851612474546 22.9139733563853 21.9085354914919 462.683957265916 401.518288577976
25.9268219331986 1.18230987049795 14.1731987605767 8.48257451372098 14.7429769854769 4.08713200923884 374.878759641622 500.915002191091
27.7990586186627 0.882099958508347 1.88586682322534 5.75985307689305 23.4477785504939 22.1466836495886 423.563909485598 476.972934829131
24.0366510176348 0.880830966527232 5.79624208296638 10.5395652836531 16.6308725177199 5.17875755379242 400.696765482445 512.048484826534
26.238365120265 0.934261696842644 9.19736964654341 11.5664600980161 21.3744840170817 5.86974508024871 371.097815310027 503.709016158053
26.9342498230003 0.425215912889761 2.52263869486919 11.8226860746364 25.6880596515286 18.0627197679894 383.970509964647 498.109051266405
24.5220512075616 1.27572671709051 4.98483997765868 9.06520281690392 28.7649815106147 25.5260850807974 438.00891282095 432.425830299545
26.6716269809993 0.568639724022445 4.82212920343297 9.57373512808321 26.1819405341466 7.81188305439998 436.106641579223 500.157813710094
24.9071094640959 0.555793364215235 5.38865023551483 12.3788809197463 20.1159584151673 26.216629235065 391.134999964164 507.887394552781
25.2808190113372 0.375521158632211 4.12652080766421 7.71513580125303 20.7417149886179 20.7304016850521 378.298940941744 509.473226778519
22.6760311648998 0.851139866192788 0.305543602194828 9.23786015539032 23.5336636568784 12.4841501882061 435.753195297508 456.822064637374
25.955791186654 0.619874604021039 10.824915813847 12.6312427355723 24.0934234842714 15.1937958110876 367.951657637072 512.653775999631
25.8604607837564 1.43872125495641 1.81038020974192 25.258869747749 18.6111286937002 10.8817117974025 406.644935765415 505.900724782994
26.1320760844408 0.895724447717573 4.6779624679793 10.962832815932 20.0573138409265 10.4459684408878 421.796042367793 472.48679713052
24.7966160628919 1.10804115168686 9.39401895724187 8.19140455954629 21.6124012541644 23.1514887820756 425.900328377765 423.282536154415
26.805114509367 0.321327028901429 0.950472070026607 13.3446887183815 29.4049031155358 12.7926410349566 383.94259063564 505.381338265521
26.9490916116351 1.48617730694356 2.39907582356723 11.0114997750215 20.3687612270636 4.42205140751621 413.603135711005 472.513921365999
26.7229273386909 0.552422058437166 6.57369174690298 9.01020244516077 19.0703258507673 18.0985451999726 419.186920557748 472.138785360794
26.1751151128903 0.507988354664333 2.54156943506589 6.50967926413854 19.4397340387863 26.7158871482817 422.548439886426 455.735374333236
25.7881808229663 0.79298160285252 0.362112558908191 15.3433731223926 26.3771374552993 10.6450438830179 411.010766646494 497.639746967879
27.3629660797391 0.406099925622941 6.79905864278778 10.5953766523426 17.0574751213065 23.8675003921407 424.314544213082 462.96971704449
24.7404442009814 1.15605319002437 26.776976481597 9.5984129616036 20.5921837818819 11.2839242446309 459.861723000654 442.49729581959
