18.0014471682629 13.3799249896668 12.4887861019136 3.73286550051033 28.8910824215891 19.3041419019749 517.379268837861 390.25506712386
19.1076703646968 26.2367144535114 13.6287129770556 1.15917100459448 28.7788690665893 17.377318725429 310.568995374752 346.137197414743
13.0655472277245 24.9414356112451 14.3464857707481 2.31223976298216 15.5572352569436 10.0551684055545 501.00637186545 448.514982441882
24.8035189218069 26.408779784157 13.7521313517987 1.19843597639891 18.6764897016015 23.5937852198138 420.080710475771 455.182756743808
22.1054627320052 24.8250289793131 14.0300362935986 1.39494075441371 25.3874001173528 14.0169688859828 458.371233397254 366.870908721188
16.0236022252366 28.2464479913001 14.6136977468881 1.09047617110529 21.2428419439065 24.753424860957 454.952325934896 328.302200825243
18.0168084769233 24.2821083071098 14.9054988916766 2.01331692751906 13.8420321098773 23.1623314953065 441.289149106229 455.425571692084
19.0921019059413 20.5374455309827 14.0271766326439 1.45124991124232 4.41019375787622 26.1244343083398 484.448123505068 490.666408842582
14.5935003116427 23.9929381271997 14.8814198156505 1.92993170916402 12.4112760769772 23.7406808484925 513.562869597292 396.549867495745
21.733171125606 21.7605334202369 14.5870902893741 1.43252199872569 15.12504918663 26.9293841545704 494.188292055911 273.7188914277
26.9006756676781 16.7631270684016 14.5220182740976 1.79535956397639 19.2619379231786 25.1531937949571 514.251002092634 354.103579597277
19.1898797567934 18.7293899463958 15.2497280595625 1.53243506749715 16.9653575335595 15.0685890020939 378.673369289347 462.801179463765
17.9644187324592 20.0716205410762 13.0877086813599 1.39687460418984 10.3950657492042 25.7922409242819 480.419987589845 456.186207427845
20.6674956868319 24.8670624238534 13.263096039045 1.78183125147307 14.6314947419572 19.8129935834665 481.197972866568 134.82303181738
12.3366239773292 20.629995519401 14.3770411628482 1.21361605908353 29.4782770434746 16.5136269522155 424.822867580977 419.014380530144
29.0252555247189 22.7810157805017 13.7742772596543 1.8250648787286 16.2299392081738 1.80422782568476 472.892701765115 517.981820808186
18.1502571018546 28.6251466536257 13.7695670180805 1.13759268309552 8.0553296868582 7.66371455785108 496.692345882078 387.353504253712
23.8959321827752 29.3499661122074 13.0898344247406 2.36534489771594 3.87663686466489 24.5344070182172 421.587652670328 397.570375350726
22.0054265409686 18.5747930716884 14.5098960701824 1.15999497795272 16.1688769740576 22.6018441379857 432.81785421579 333.91726472387
19.598824323773 20.3524064960516 13.7062197315251 2.00283675670827 26.4889027004135 25.2470635587839 426.040631016812 442.150489233695
24.9313181299187 25.9883365305829 15.4957448371052 0.746235498272146 6.2343577923446 24.0895255678826 439.92817570524 69.0731418242219
19.9403555460857 26.9092221219241 14.1304486127895 1.45009900685036 27.0357900159499 13.1314297419577 439.25593404133 484.922124197285
21.6695802163789 23.2609500218968 13.2372894575697 1.78472438725493 12.9355482505812 3.46911284120122 413.596137216306 396.306496174678
10.0916379577563 24.1616486119392 14.1305754760611 1.73466304947836 20.0494540534684 25.1891932271551 530.80274984183 335.477827242172
24.2661627532933 19.38574643015 14.6337148901765 1.82292554786819 18.6361069710223 13.8135130084489 440.58170118564 345.002485461712
19.4996353908343 14.5049362256713 14.6619085731615 1.47940486534111 20.9535286569076 27.1252887600275 526.582885432636 501.270072613245
29.2833755350216 17.7470862957561 13.1278818197673 2.30557194589038 24.739094314318 27.9510950269209 469.33272497161 362.538206885333
28.8383160481393 21.0665624428826 12.0778424608013 1.66493137331502 22.707479411732 21.9731209622429 319.056191194067 145.459474280484
23.0385806374979 29.8973030307049 14.833890523416 1.04785303189554 23.6800840646085 25.6290928747718 111.58947435707 401.112057318962
22.7427937782997 19.8209443486786 14.9778191860107 0.873339695996941 20.977919950192 15.5368761064572 111.125159420003 456.976831432517
24.8992665911992 23.3057887712067 14.4774469473299 1.06358370401085 8.93980348465969 16.0096234680061 474.497597999827 302.994313000596
19.3043377857364 15.0810074746455 7.56029248190479 3.95810607118325 4.78737524908433 29.8652797199863 521.232576973587 421.896864420248
17.116776982925 19.572973927454 14.170831679389 3.86651759929335 10.6228633865781 25.6380884999521 518.970412650934 472.886450975524
29.5660454188591 7.55394691124957 13.6557374379352 2.31632823291817 13.8702630433791 14.5521237499055 481.130262717539 526.092647503558
16.7344487676576 7.71243943063813 13.4336211783244 3.1249724953984 14.4513928667656 19.1198420936554 516.893460883253 368.325169704181
20.1244622689378 21.5087051446196 14.454154294385 1.27965238892202 14.1849306079129 8.90198205638153 474.065921202905 449.638431849591
25.448540626182 20.0049062481071 14.494060786999 1.27962228969577 20.5105597422891 22.0568100496861 538.025406648404 370.619635929832
20.8754234255263 19.6058526251148 14.707231192545 1.55272899970042 29.7839312976219 13.4130541416551 459.100015160551 386.146399862754
23.7270407573932 7.8055626800024 14.7546062292189 1.34329832265331 16.473009185202 27.4573497244117 530.152719470958 483.575473251136
17.2159033645763 21.6418435461715 14.8113314779445 1.58811991112123 27.2007026194491 21.9553628701707 443.1202997553 433.575603077383
27.1763069863721 17.3862254778965 12.9948163271938 3.2848829290716 25.302349953902 7.69208512183882 495.33168068243 439.453758498373
19.0254343078202 20.7093061112901 14.5542082902479 1.59180614942471 27.6926618514378 20.051787605745 489.954615701264 228.516002989985
25.710096492109 29.6816128119785 14.0462305082221 1.21688272265496 14.3008313972656 26.0325722293832 438.965126619402 292.824736407995
26.7764186347705 19.4320592059289 14.3285588429005 1.35230479919979 26.2013119270421 18.6591806114952 362.358055145991 356.675651702462
19.6844513575524 11.4965657797421 13.0601537673632 2.88415793443801 17.2514216706376 28.8387990335187 492.593311515701 411.880464025234
17.8822221049274 14.6097782797739 14.4295539848966 2.52196204923058 29.7897928315246 20.7781741307703 486.209979620583 495.867294380675
21.6924312456263 20.6982976600792 13.9774353528475 2.34406988737796 26.4756308827484 29.3318361210437 533.90989979307 307.787003998286
26.3611807407924 16.077091830776 14.3830841901064 1.50138967830774 26.3179108365675 27.5068204571661 445.065419235463 277.742109334721
16.1058365296766 20.342896627295 13.8681430396354 2.23416258997469 22.7386853176573 27.8543778349648 517.539825346264 471.020867093554
11.8335038884369 24.5466772003276 15.065075843777 1.35067778884257 13.4511111395057 16.7514059980964 503.019638299481 393.93077807687
26.960378393495 24.6306335032694 13.7074127064286 1.65409463478542 27.1465696166612 3.59788027133714 459.156544422377 250.310549753196
15.5651543964639 26.662488050729 14.178119579229 1.86976372111176 27.0948134630096 24.1660182329051 491.893471734148 375.702755824124
27.5016564408844 17.4275600820017 14.0836368935361 1.28288100446335 16.6348556778592 6.69793877729378 433.16412401872 379.300386176158
24.1784480247185 19.4071336708412 13.2067052763608 2.56019287156484 27.6103536392686 10.4543026477449 383.564891078164 505.264477239838
27.6905587844921 20.7671759700148 14.470718868659 1.25669399378115 16.2209078966887 14.4686565740233 373.172765775782 352.184121332282
15.6936681956935 20.9129262040859 13.6325806503333 1.92248228308313 26.4809856206584 12.3214049524246 509.83076552115 397.658402315711
26.2141101159163 13.3798475823352 14.7385850227951 1.64105790645727 23.7003779516866 25.6283937949268 488.531490461723 361.253626074335
18.2453859911576 22.0370837244823 14.9655908078866 1.88109104927761 28.3775589455116 5.95972253781202 344.849319237635 520.323494321095
18.7201090040093 16.1630457734508 14.2285275361538 1.81091632282975 9.07128040776446 28.6114368679322 533.806732256662 479.206634137965
20.9670868825073 13.9887492437782 13.3953546464232 2.37931232649276 12.7317075928213 20.9833370821075 525.976215388796 464.197400466409
26.0541882915281 19.0637379684624 13.9755662460627 2.19621196353271 25.4661847659358 10.2442238687181 428.022383853901 521.327065434143
15.1102156385407 18.1435319179217 14.6731413950007 1.52315308987984 5.98759181112904 20.9499894124068 482.998411715316 421.487298404422
21.1112679002607 24.8313801117482 13.5441123147018 1.53097030987452 15.6229255123652 26.20973502438 535.057059745468 335.846509445041
26.3717488448605 16.8459969927352 14.6849045005156 2.10797573522996 28.9991684765228 11.5073367935 410.011280450993 508.156258444433
26.4760824180913 25.0303483396898 13.5724817941352 1.7753781732511 12.224657357182 17.3296735446024 305.446932827431 466.898792069107
23.1472494462081 24.4429579286827 14.7949983490445 0.874952223458283 26.3077905830148 28.3772716934149 511.938420918195 135.600498145177
16.6860728050072 22.303141726506 14.3526702457125 1.18229485816465 23.3262166491632 0.14249829981191 524.440715728343 528.721225130674
20.3450847279594 21.0423736717927 13.0858364701589 1.66889180041305 29.2404883755487 26.8972128339624 438.697253451485 444.780379408264
23.1633097921477 22.9323534937172 13.4821041630078 1.39464352704098 6.28177295492655 29.8031379519495 530.219027757963 373.870137305383
25.9266824976158 14.5985429878912 14.5369179280539 1.35600001049484 15.177591131983 11.1475941617231 479.201366768456 306.982170289366
13.0425607540551 21.466007265573 14.5061624836934 1.36047522129559 26.4800646513165 25.7216647514409 466.478497854708 200.374634633431
12.6886417558878 26.1633803318313 14.8416821777968 1.94061290508926 25.2484313822645 26.1604653192546 474.129056398527 452.24199877561
19.9448440689261 19.7949647654625 13.7312726403354 2.12077778938788 14.9211266255399 13.7811359382349 503.931224470857 406.730010744684
20.2516125631646 12.8870086329742 14.0585851844732 1.79190100750529 5.7491580576743 17.1834307721958 256.373379288272 516.040584757853
23.471307511628 23.5325017229769 13.8714629272544 1.91345630798696 7.46464759089809 29.4848009077084 454.422914378637 334.321000789246
26.8030866270137 25.8166402865521 14.4596313278658 1.01634343834166 29.2000631669027 14.2435590304142 487.509116528063 357.942987987321
24.1307421948917 18.5485029133588 14.5488365145054 1.41083768590611 10.2838667538711 15.8392510198877 386.151000705309 334.37589534251
28.8309698792181 17.2121987556883 14.4497205831157 1.19653900136836 21.3272887871886 12.7899863653974 381.322477891112 504.541084401216
29.8617389555015 18.3895446610676 14.5883197320671 0.963589712782248 24.4126539870527 27.6743843036544 485.904420043694 498.54369370857
13.5073108985471 26.1646715591508 14.4319723912782 1.3320403503588 13.8500703562421 22.2747433241964 509.087888472324 339.319709132378
20.0068378436723 27.5053918885015 14.2991479446229 1.24947674409827 28.2953109737489 26.94572916316 439.997909021417 354.389356135218
20.0334959397237 25.0150958142569 14.5824566491455 1.54440590170135 25.2749679506001 25.1861127257367 339.721980983409 450.365377698405
24.3573607095927 29.502667562914 13.9359146091923 1.47382263997579 13.8491090248484 9.33857509817208 291.515696805736 431.42833626952
22.7453580261401 14.1021368460344 12.2692310455156 1.00099610513596 28.321198420742 27.5120063110517 397.765657305568 360.304353243218
12.2607184419772 24.4936606298842 13.5850092898567 2.1949992090191 27.0065665144781 13.8131978317706 515.927833180968 473.321330538497
13.762941617099 18.9524948326651 14.2111048579318 1.68999682503623 15.4589267349217 24.8080362326195 505.217703413087 35.1870040093169
19.8701891886198 23.1873046974322 14.0942486004035 1.4589731569235 26.0332735222848 21.2049897596996 446.793622657259 452.175399575255
23.0267164202161 24.7093342371425 14.1068655535833 1.12847273694526 22.9998291748062 18.3117300139179 476.859300447454 341.580863317154
12.9777218057514 27.2134239801947 14.7703778312354 1.50397339411885 13.4402842592779 29.7233028646199 514.455855835074 168.916662283654
13.0960322767114 22.3161068291833 14.9025436586301 2.35136188138452 19.079287406809 24.6710937211147 480.335983092567 479.942463204529
9.27695932996453 24.4671946292709 15.2903261069561 1.41500124204226 28.0650101410766 26.4516851914136 524.792330519784 358.419027535194
26.8125066516023 25.7751652533748 13.2474965952668 1.62233348828185 25.6803772562492 19.2394527493676 432.582898171517 498.57005707498
21.6109505937997 20.5137692770164 14.7306920779366 1.18087672685765 23.2478198763354 9.77075037157683 473.095031401523 395.195778975524
26.4283408925651 17.8621526796962 14.5976579442218 0.907937728230666 9.72280383714699 17.7193717589076 383.608218308222 293.874309953677
18.5884518870003 21.5613242376604 14.3516170204138 2.41401994164324 9.8786761112822 18.3695188915694 503.403859116267 484.573047145558
28.2329922782427 20.9300942373124 13.4103949013823 1.55925546346732 21.7785332790432 21.3021513666935 495.245534794714 304.101152560814
21.6697051151657 29.0783144420581 14.5360244342462 1.26748844485915 24.418983027183 26.3855349646985 397.194593147095 385.374118519267
24.7767038058313 28.1780214957773 13.4436595133613 1.86795172588474 26.024018672493 24.9361101578917 518.178206049541 19.317527854719
29.9247123219664 23.5229142945943 13.2099604860251 2.53205070226406 8.96210979205125 23.1003156179185 525.129174678786 108.972043491662
26.546085634904 21.4744390758796 13.9863206147261 2.04576893456183 23.6708973623644 5.28441126215868 461.457992363544 492.955850894205
23.1576379259346 9.83937433031361 14.6536771237945 1.69416012938702 24.3853169609424 28.2663792524639 184.567168055923 519.781459465498
15.8983516247406 22.9492489023643 14.7210781969712 1.07455903136668 25.0620742118753 21.5168024710035 481.821735785296 260.715871962738
26.6108931907066 10.0690634620102 13.9567687901535 1.77146254073556 8.67184370788133 23.2868570038894 424.262053326703 474.530054160499
27.7597763106915 23.4686647880234 14.7852663942625 0.96507611277948 11.3517902102722 13.9910027282266 348.96716342576 268.408967286834
27.2267019257217 23.3032670783576 13.5122115718842 0.513852526265383 7.46170352420907 21.2548439238593 463.828848112722 223.077427503931
16.5243782286337 21.3497034304506 14.0530369468512 1.49779385930292 8.76933589095922 19.6572017294482 525.685885534743 328.782044235921
24.9599465460265 19.272287577597 10.9641432632721 2.26581863772615 15.3640925831566 12.1622189140229 515.785744529785 467.302629003754
26.4539979676194 21.1988232599584 13.7381562570425 1.73557119333595 26.5987914157665 28.1650299270106 502.197344266744 83.1214191266224
20.598957919409 26.9688056534653 15.0001044898335 1.11625207766854 27.7025207394139 17.5625437528097 431.950439043482 288.906544861783
23.7954984460135 17.8407705746892 14.7648157308739 1.42555199782683 13.5322321048305 26.4777114056589 495.559882255765 135.335525903036
14.887635449876 23.2568232113094 12.9054135297064 3.32480776215932 28.0654937658196 0.8331709764807 517.356914527801 327.692672712144
21.5577222042154 22.2355007114371 14.2036491379315 1.26671508837788 17.0616040648853 16.5686602144778 464.543428372981 395.273366379151
20.8591484510141 18.1047888765998 14.5728164156876 1.02164694431251 21.7393259421304 20.3173376449162 414.98944508433 405.529910149003
17.4907933145816 22.1333251563111 14.8948519772724 1.46977187385715 28.7927981542417 14.681566392307 493.615831922787 454.210119008524
24.6949062494527 21.2210759338631 13.5796875155674 1.83701579935612 20.6009187056796 16.5615938942731 338.483874090288 466.694836482548
29.8293597343672 14.9652834517464 14.5506146510537 1.01977221992958 8.41764548477072 19.8779396940514 516.542576590701 413.756608231716
27.8234491471028 23.8349209778372 13.9682627732858 0.804336779437694 4.9300491873029 18.2247633494523 467.813901555564 401.366631199354
27.3006219473976 20.1712497996533 14.6204740827231 1.66054971301513 19.5843339933725 13.4164445563933 491.460124031348 275.608247622912
13.3659381128381 21.0782706583489 12.6362272369327 2.09611924553394 28.7725820725139 21.2075999424055 519.280977857539 395.887064644925
21.2251487381085 16.2660821092905 14.1745456693595 1.66672528006809 27.6370255913014 13.3032717270647 459.012543497926 478.032001381099
21.6558534112734 25.9594875500631 12.7894791236469 2.61367110167985 27.5492940998822 21.7133724737117 510.670380857936 205.690859958833
16.9923487673318 18.0503399737415 14.0604094004066 2.00658142530154 9.18607365668707 24.0281112876687 492.291607609943 348.484739712717
24.1048452041345 29.6583571453251 12.6686807990686 0.872518248206008 23.2406534986136 18.3824645556336 425.683640212408 459.451038989018
21.0835736461941 26.0530608389719 13.5660579985882 3.08855046012308 24.5850096387725 12.6166389771627 278.058828329534 510.97845677001
18.6203509947786 17.4005987550574 14.2299292955611 1.62798759359028 7.98079796572754 16.0648062907989 484.671448111318 443.841637794549
20.8220690597728 27.3117222606745 13.2843230228986 2.28696847976487 24.8624912846072 26.3688553338372 439.257246662097 447.641204891391
28.8231237899668 19.3968911668021 14.671777210529 1.15462434437852 9.81039285690735 19.6448454706939 449.54724462932 323.887537815749
24.6835599228947 29.3314653594825 14.6614602217038 1.06710178921173 24.1733096311061 29.0202924462341 484.9878039917 267.079258969414
22.1535820041623 22.2355297141861 13.3243207489054 2.0907522283003 22.8297089136216 14.9098106243271 477.496992018713 334.919732540081
21.5682622706554 22.5960091131198 13.8122837569376 1.35770887345136 15.8476011873797 23.6509463018718 487.241030069062 355.397434006926
20.8338485848497 15.002173862964 14.6705368137631 1.69550838402084 10.4588012074688 27.7784510916401 411.152214364392 432.157642653907
18.5731521481567 27.0603908322231 12.1433432156539 5.65792550593687 4.83677420151383 15.0014943625116 439.278759356106 522.257577739531
16.4467481020045 11.5774314165664 14.0966981863808 1.35770220355834 19.7076454679212 26.7497153989283 417.455990436605 432.119602236622
20.0553474064394 27.6763647068412 14.6550853517949 0.894217242391741 26.5451601606611 29.8693699045556 495.126494710937 518.758959005947
21.9566845067119 11.1858573696517 13.6879325361784 2.92935098255658 24.7518310585359 19.0193308169371 480.358798448778 509.737328956288
19.8738985397142 15.0652138835261 14.7082965950558 1.43114874983147 28.1255777320061 29.4175076338713 416.179853139627 503.789690418151
25.6173918306136 24.4385890063265 15.0390463210661 1.07849965000317 0.109716271893166 27.3086228378661 486.073496545924 361.739809218496
23.602404557025 14.6068542101828 13.5331316711928 3.76432479460174 28.9210582157749 20.2245511402755 508.157140209446 342.480770557435
6.69442302460956 28.4735080772609 12.756403312362 3.25447733991556 21.491486375891 0.329205112849386 535.386286385368 338.295415021627
15.1638316894713 26.1579537045961 13.026412616837 2.14836317773181 27.233558577127 24.6687712865999 510.544244748075 444.870056225517
21.1720046782571 16.1646285892824 14.8387101310144 1.44643744853588 9.44471086613624 13.4678413121102 335.40350506693 495.957723075572
21.8101634944034 19.0698732731464 12.9611693117069 2.21043395995234 14.0074491803091 25.4062276520592 400.33048394196 492.253484658882
26.3332784328281 17.4260416350567 14.0180682654816 1.36280977628418 19.4235766575648 19.0195700930968 346.493357521139 440.007861479411
22.2437327743102 17.5811995923013 14.4857373781205 2.01144885606308 28.7559142781191 24.7498739832379 429.039630032864 431.519012551497
27.0654419117296 16.7694585344194 13.5494245228574 1.06359062635904 17.7198975672565 12.6522842149522 436.953366505099 468.154279302758
10.8502707548169 27.0471649710543 13.6976587380244 1.98469940714462 24.8290960539732 21.0120837921843 503.840499632004 463.713098371354
26.1694295775606 23.4111773439881 14.6313076146048 1.28119846716815 10.5619549543676 26.1299219757865 516.200779120897 338.263260237282
21.356275488356 17.2476042451851 14.6165763991506 1.7986949974664 27.8247133264909 28.0551361254117 474.965961887603 309.344031855937
21.9043158843577 17.6374022122097 14.2509665078323 1.17365859200908 11.1550075770964 14.1387091459278 421.736894665125 347.412440398361
15.4943663488605 29.203612646502 13.3838517459154 2.26064854282403 19.7431461750182 6.97659038734548 423.400993479911 496.758441670086
25.4698424825909 20.279143566846 13.5393152196547 2.14666767310332 10.1276735115623 19.97660424606 258.698945480276 493.1081233632
24.7420543353101 24.9821759964314 13.5909755800626 2.05448392835047 21.886606885681 26.5285981972003 413.009886593713 387.238354612626
13.9511730959092 23.5574438582179 14.6052704385173 1.87727062747983 26.0498843541689 28.407156476969 408.909106916348 474.265501994737
19.5559389645688 22.0207441931151 14.4641403001776 1.05590420161853 27.4291499090222 15.5005287859204 449.423815291437 407.741779359047
24.2322623006999 15.3211947226526 14.8114602581141 1.42546423171601 24.2750794913179 21.3903784280357 439.442328817111 396.745114410472
27.2110568870374 11.4355723050069 13.1944671487924 2.529479131515 24.6216118376658 25.0180572157061 417.798233308258 496.066969236103
14.1678880640842 22.6007293761095 14.4731605741423 1.56128026382658 11.9081083338765 12.8044705779364 477.06543086533 403.298004795785
25.1057201970683 13.9995357342107 13.7898189230588 1.41676335512007 18.7913789961826 24.692514509591 508.195272296674 440.991970906683
19.7015390068611 14.3408055502909 14.0054487700297 2.99070204814754 24.3114141659543 28.6993278229395 322.020655763219 512.877177781834
24.6432989212879 17.7367695506653 13.1290947415223 2.01677207729096 27.9938355168356 23.3409434509072 324.356601316295 459.907771953422
27.1723430680521 18.1447393013945 14.6131722885722 2.10388421395733 9.31446767208109 3.55288315878715 486.649587384032 392.738448064074
15.5680299476739 17.8786107055314 13.7727099095373 2.25711457360595 29.0271107157611 27.3401993064112 532.08509353355 373.724868258927
20.0066041693669 23.4436472160488 14.1568203957953 1.43169601048266 20.3692953412812 23.8235849120614 425.10370275615 377.867358926891
24.9061647677419 17.058098773764 14.3255869303804 1.41481185452229 14.0169546989071 19.027803757832 425.65631511408 476.112352416615
12.6541763286719 15.5132305690287 13.8234663106373 2.50652557710106 21.3831341392321 26.9078747525521 497.967167277537 515.149718883697
25.9603861676006 24.7323092463641 14.6053999750653 1.08615256181858 24.4174077034886 20.7576084959996 426.968038661745 363.022653696537
20.474398097023 25.9207469418459 14.6583854302873 1.15484841405024 10.0892716850455 29.4582611661084 368.81557913243 298.354532914293
24.5397687379214 25.2991547675507 14.6899991928821 1.2038001922104 24.2884749213775 13.9729636051727 484.659695361889 264.072731993177
19.8666000826244 26.8635868331607 14.9898853186544 1.12847352116204 16.4107596293699 12.9010737653055 457.855095635215 304.747354662809
18.9479969579171 23.6419188739778 13.7289185526593 1.67230579285385 16.4092629749575 26.349976794148 495.289271452514 326.072784697536
13.8342614264273 19.0821442356489 14.6465420985184 1.6941655323831 12.1367553826009 15.0555845537196 507.557903467527 365.585603798823
23.0359769605975 29.1802147716906 14.7897360361341 1.12218985957906 28.1744960276396 13.4861443543886 294.103268906443 394.450117532439
23.3433935145378 17.2497019668486 12.6363069526728 2.27728623389725 9.74040982043447 28.8609003603412 285.680315511464 537.191556558833
11.0994130969564 20.3196675745319 14.0796142202017 2.52116574880938 24.8571845309822 22.6690097948222 486.496071013756 394.963223535126
15.5260227546944 23.2446880272657 13.6362655284419 2.83069093584548 8.34290811821848 27.6180772406596 481.901542938405 387.391989202872
22.16209704809 23.0739523273601 13.7196397971367 1.41549988472732 15.2337060628717 28.7827237033021 506.821717537227 475.713019857799
20.7942693876295 20.1033125758018 14.4587750379491 1.47524031173331 24.2462426920672 17.3387735303096 508.370196758779 388.035258023126
17.9422979891722 15.9196304133532 14.4398228026783 2.22792187060039 20.0828560451575 19.9145767395888 484.084845857281 438.401050622922
22.3191794132678 17.4785984757158 14.4003184959378 1.54106746078051 6.10595166579739 23.2835578463421 523.216908658881 366.338796148849
18.6154469653816 29.8987079992109 15.2479201257642 0.667131527412743 13.6946337001446 0.0405302834291621 392.381829099055 185.108037913407
21.8007412243205 27.4465278811039 14.3784648561924 1.45207743421923 10.6840957207281 23.6007578595468 464.951828140615 279.417433694953
21.2536719613162 29.3947351509162 9.62664831159211 2.83446532535968 12.0319615055708 29.8524496354737 380.720889737567 536.86712263077
24.731108459796 20.283116286017 14.7006425988079 1.01266980980062 18.233257227657 20.3780793983394 520.395466805687 366.843388026565
22.6457920624675 14.1439882498278 14.363794667363 2.47157621655005 25.2489299720048 21.9134705400796 469.772854978866 521.006557192904
18.4900415435046 22.8377470603483 14.4089821139328 1.75815706481851 27.6750278953602 3.38634819944865 488.382182467596 107.432711456
25.5919972751762 24.7832847394842 13.7677980563002 1.81973876107467 20.0333008067975 4.22142428423637 534.909891608753 475.084340973175
29.2928479661504 16.3408171440011 14.2366612069439 1.33757450355066 26.5512904714411 17.8457292914241 424.634535336656 350.554187648511
18.7888442745595 22.6310946348969 13.2692742874858 2.15733648906187 22.9624029740827 15.8146020968986 459.126446984864 482.639205589382
17.3231205556221 9.99222199389484 14.1516962414347 1.0175923916061 7.7773648439027 22.6286692083353 472.709507127508 155.012607730262
28.1755623412958 29.1649695963922 14.4420655503997 0.868311779722695 8.77937623014505 8.02899771477675 484.437509084596 428.164227389366
19.2395989372265 24.3717495546349 12.9386862993028 2.20654921068257 14.6734674023243 29.1622101962777 479.952544630461 394.305504281698
17.3066470956052 24.4702927172054 14.6135645571771 1.69349990127047 6.14800759141632 15.9173096637461 432.599283737171 476.674655239726
27.3849862764843 24.7807648155061 15.008787542422 0.841086122881483 12.8835354421505 16.8609569458795 358.255910783251 370.257024046605
28.9974707920313 16.5524452093811 13.548635957296 1.5404331024734 24.7601156685755 17.3288897429671 414.17977390192 457.437154717791
24.7980694295863 19.1953509852219 12.6383621973956 3.59652569083211 17.480748175515 10.2657454288686 525.404800580534 267.980770604504
20.65057869522 29.0574197062535 14.109692594029 1.94097929774939 6.78963496237591 25.8710845419274 438.998859112719 392.472323875569
18.0082365304425 28.8648963287486 14.704390882939 1.10008378483911 22.7761800781007 18.5665552197425 361.452604493473 319.821761662982
22.638992583621 21.6579599530188 14.1696275610131 1.40293166397637 24.8118291888907 9.30800906706332 441.136195213548 470.846608294707
23.4863652998992 26.1065111665073 13.5912688163058 1.57690810096251 12.2458264962626 6.1948699791869 446.900262404403 434.136059346408
25.9932805624978 18.628617347717 13.8788191308013 0.946679759338914 27.3681210795115 16.202617337749 373.331035932677 275.744184839297
17.6764798895999 26.4312884166374 13.3857170559652 2.68877979451484 29.7458351433434 23.2131727855668 419.4229181672 465.319191631837
15.8488589791257 26.089417370266 14.5991634904912 1.14769472167503 22.6000401884701 15.1895060627762 468.912624678465 382.724343262754
26.8599792998949 26.8459093643477 13.9699042386026 0.892943400604592 10.4690330404926 22.767620288047 525.988508953296 465.869636795189
26.9852095585882 10.3508552953116 14.5755069808449 1.5696574641171 26.7773376792584 29.1937262376915 289.058498888836 495.187203056459
25.3407739879455 16.4161368099212 14.0407140312977 1.86265048784579 21.7810671204229 26.549014888641 492.675044500762 299.639033932978
21.2508777706334 10.0463618809233 15.0530600824905 2.20936403307258 12.0251045984852 29.8543159509055 453.151061857166 500.722813461113
24.07788509039 18.5124885390862 13.6096843109483 1.49304896947053 24.726422162143 27.4635698852512 467.646733102004 249.234545971614
16.2439569220845 29.120323267803 13.2780152316297 1.79494325320974 4.21166189550927 16.8620240709388 493.408306029329 470.040451731571
25.6886368616258 15.4513369520136 14.5542918458618 2.44595797589814 27.2793475478187 16.9163326635223 480.175578579751 532.025910361908
29.9841339216568 13.8026554342254 14.9394321979952 1.57727713961586 27.8261365877097 23.957907029907 431.653262274418 490.854101292596
23.8046006992926 19.5444850833498 13.6407540740532 2.59649992492455 8.06093184532425 28.1953904760491 506.210528990861 246.9707849943
20.3068172508269 21.4951255167837 14.7146129869402 1.665434605391 12.4728498040235 8.35072608917954 489.560571671129 470.59468821423
20.82316008433 9.59887703224907 12.6877975596788 0.818581903058355 6.27480875198103 20.5849686508579 447.679578898499 505.739317839553
25.066918700333 10.0162076121654 14.5246174787292 1.76120982442015 18.4177821022256 24.3705222132888 476.170001365675 481.165282396389
21.0778366680371 22.1588801009203 14.7117785893405 1.14662271700027 7.22568299494454 14.3098450331929 482.685725633021 466.400868001626
23.6611785726147 18.0792777553197 15.0971823311025 1.1448638574684 25.1857275509003 20.905971589698 391.764151915072 295.848807686183
26.7762570001937 21.0889878562388 14.8501212150869 1.05407852261421 28.0090957678097 24.5043080564593 364.047926849067 341.426224678558
20.7745845941973 22.9046133234644 14.2061977131964 1.87389800027266 24.3419178212557 28.3467187941532 488.991704975463 207.264228178433
27.6173329369663 18.8896319799331 13.1554632464207 1.5045793850381 25.7468315462673 22.5760783498554 443.361314083471 479.141702095667
24.8462049649723 19.1191539014643 13.5198869370274 2.44472603081945 25.1059307132239 20.8997569802991 207.368610493 393.367296518853
20.6594192735708 19.1077568038795 14.5440837235793 1.83683010087187 26.2602283813179 26.9485286847119 431.020829667031 533.30981966835
27.7489024654208 28.9729372945972 14.364257857146 1.21373373925768 25.8278921904041 24.0959138868826 440.161362391341 229.146810030551
6.55877385341104 17.6661108199535 13.5784219365846 2.54907122104986 16.9750261923689 25.6364405996644 453.596643303678 412.327183601838
15.7902941384451 21.4694130129196 14.7533453942711 2.21854205338533 14.8440373844247 19.7488045575311 481.448740059005 384.238337221037
14.0937955065722 22.0626976856835 13.6455361231636 3.2027665665985 6.96364491918194 29.3724561795139 533.028531264543 423.500917651945
23.8001325579321 15.7020975575423 13.6074429050396 2.15119179333901 20.1718211794859 19.4461267863506 493.855244028145 478.569372417627
28.6095478362235 21.4096824245192 14.6452066412306 1.9004879060003 12.0469843152333 1.474461248568 479.363181700002 444.74367447032
24.5725344176296 20.0499225617035 14.6333231599759 1.47887257492746 24.5491894721555 18.8716885071293 514.192037215463 499.62963402228
17.9725387675865 21.2702376538765 13.5924809518364 2.02727900084551 27.0278134050545 28.4423832920714 433.936200134131 513.998265248219
26.7469053820713 17.2737702142453 13.1261116704217 1.23502494745829 20.7179440492292 27.4988539056383 380.751112550537 130.110134601034
24.2921946505146 16.4498500539223 14.8115022521223 1.50801098530442 22.2143364987874 17.6237501876898 526.118095742537 486.558931910743
10.5602021277864 28.1931443071747 14.5154734296349 1.70803861764425 21.7116438348025 25.7808029353339 522.246896436955 423.041941125806
20.8648967721535 11.9343995164484 11.0609747330252 2.84118924724078 28.8951374014914 29.4302934213629 346.600106317292 516.425446142485
27.9594659413209 12.6266440285914 14.8401344683251 2.11294095644722 25.0886383369104 16.0411840645246 493.211334297657 503.449838896559
21.4697391455075 26.2424425311292 14.4689207969711 2.04459947379652 9.58253810969608 12.7962602771086 255.360429183514 507.834402371476
25.7917616671819 19.5952583314806 14.6659218268162 1.11340357595414 15.6712631530788 28.1196973666773 479.069135190067 315.547653508158
20.6563669646111 19.8378265623339 14.1893438488824 2.15750961396483 21.0513382144032 7.69365102066853 509.226321271737 484.53994284196
22.5213684268444 19.6012166108339 14.8164854228161 1.43056602570925 6.48455861685419 17.1776525304547 508.949233512471 283.254194967884
23.5911571191701 18.286924215425 14.2640133247159 1.43519243446915 15.5947524857612 17.0471438167781 487.454196041806 328.361087720625
20.9379842608332 15.8461248802517 13.152410196883 2.41837537802614 17.4002434002066 22.4057045649796 266.947201271645 468.919894720196
28.8906451773372 18.597593881539 14.3769526668245 1.09188475991819 23.4006033897348 19.197645030861 419.113079961112 239.355350781232
25.6333779767345 20.7157711349494 14.7178411196665 1.09970799656754 25.1161964282814 22.2846086330197 445.506506118957 205.567137225571
29.913405356644 26.8911166813278 14.5878036126147 1.07860209217757 25.6959408126134 21.0553984022182 530.022228015757 399.731680496592
13.1103713533795 20.9938918846565 13.8913957446738 1.79145287625918 12.3930667178161 12.4579596524787 528.481651765445 422.215826781325
17.121997849768 19.9132503755342 14.4308493786709 2.14064891675305 15.3761399592733 19.1254370624784 494.132440216998 378.393226131951
25.1050030665679 24.0595507073392 13.4226532596883 1.7275239552917 27.46291638721 14.7395451431835 496.960187618939 496.673878287086
26.9589940086593 26.8421136770788 13.2711467154288 1.38569985065199 27.2562882461469 23.2876630606884 391.047352929597 383.990293282152
20.0018040497971 16.8551175948024 14.6643441662116 1.19335358148378 26.1065732668259 27.3867432660118 407.845022645308 417.114647940698
17.8936684250209 16.6893872420496 14.3279406180775 1.73761899347326 28.9006185585292 21.9742002737744 471.382021858124 391.907847423443
20.202137022008 22.0284871422364 14.6104187697945 1.24696503421652 19.9290123047085 26.5341153259594 423.748838972749 427.876586832478
20.3331213629812 21.2729966637531 14.9103667837337 1.28961170082558 19.3415954051723 9.11923817028237 481.493313931057 384.225257078087
18.8524176390251 23.8468718016353 14.566038824071 1.10420491971705 1.75062542744062 9.09893809046988 414.678441485788 287.150624184685
21.2657259548079 21.0539534880246 14.0651749673202 1.61042043510914 26.1314641197368 14.4685374245503 402.202076425511 349.3786977973
11.4774205691752 29.0416858204971 14.0874956388933 1.86021995839353 13.275523415976 15.0271051897807 418.450578655675 448.878952331009
16.8377828109932 24.1992789800031 14.0809217524199 1.05082377631747 19.5462778327433 26.0647092510687 497.027552553117 363.704165257978
23.7823067832956 18.0905849515602 14.4087506908867 1.45422992231987 14.170466512207 14.2742025019818 502.737747514515 348.814636271107
16.9326917416426 19.5131644470238 13.5069368176583 2.43337503731885 13.9577283837816 7.29709264711949 461.537105983601 306.534567713732
20.4632274858457 14.9639830487033 13.3938685576948 2.71636971637299 18.1052057514325 23.7882829413529 459.599987455928 415.603625361824
27.5206836945089 16.7913779694229 14.4181458224166 2.1344818443604 26.0985268927585 14.336207588197 526.930639467539 306.426540909431
20.9826708057689 27.136365535584 13.6759312802066 1.35072627815826 28.1804791729974 29.7394115329593 348.639351855376 306.903463943745
21.5717158458379 19.6588495410959 14.9138819764192 1.49616133406055 11.766131165775 22.8105784057904 496.065651223729 292.584553319745
25.2509583577541 21.7166824721778 14.954186231486 2.14255150394987 19.9876128763365 2.03446996913586 488.472886540267 493.812679938763
15.1004190388481 25.6981795840871 13.7300315257109 2.20398052461129 28.0380798887772 28.327678849291 512.09815885776 378.807105781303
26.7585694267763 19.3430410858372 14.9179038136261 0.938216281751261 27.092127874921 29.5542022432336 295.323563382553 262.662670594127
26.9520694163929 20.8177903064702 14.3375846534657 1.81585489704779 18.1952543595773 12.3304701420458 399.099741015102 364.605293967582
24.1876463470471 16.1340148080268 13.5817301402716 1.90928239111404 23.3546166748072 24.2663764710611 415.693744085827 436.486057968124
24.2801733355973 17.112764419381 14.6317616300872 1.14685101534073 21.5754148618367 14.4122597664894 488.978739737825 452.023454097051
15.0830152259654 12.5006087035339 14.5959478877545 1.60437438629733 25.0770966934934 26.0351026858465 488.21010735718 502.425611761184
11.8536157095104 19.0329730757613 14.8470031385037 2.08198662086973 29.0824549965119 8.13273357219711 517.808350126853 491.225056084508
27.7646509140422 15.8701453393871 13.7203500783025 1.62438697196119 21.1177079793528 26.974136726149 517.132952992186 384.696888341821
8.96027771902946 20.1936308643533 14.0708258919882 2.05967833823335 18.3317709483299 0.608189876330183 518.483077127043 401.304910258641
15.9099101968907 14.3550906599817 10.9350326928522 4.13182070088739 27.9701057228088 28.1759331703862 527.595151948488 507.480136952135
19.0797857331943 29.0827758952222 12.4602872316584 4.40195472227558 1.30315467710647 12.459870488251 482.460742836114 503.696948958191
25.2403507746571 17.9559625233602 14.5796087732957 1.13833898265497 12.4341839250099 10.8455479772555 435.118580884145 356.7298695325
26.235204705662 14.8041295067973 13.2224706830775 2.24886260349908 26.7568522537042 11.2230180802506 226.269796772023 436.580408530373
22.2137108414103 10.9260764689476 14.4309609894542 1.83605579035422 6.51051197440201 9.65558635612219 458.568711673326 465.848782893117
24.196075024893 25.5208188378981 14.6317879842 1.09962791792874 25.8111486587039 15.1760258332558 448.788957553165 482.818765768276
26.7607503251817 13.3281840780646 13.3193143087796 0.968048903064249 21.4289794517991 27.2209802735288 462.489868797851 486.715789513617
25.3059678456038 27.2384742255959 14.4720687342491 1.35050831614556 17.0564073549881 27.9249440044482 437.52979828274 492.535671465462
29.0347684679403 28.5708958620501 12.9146244990055 1.68629035046034 26.7434589191074 9.66434953802154 221.811112830048 456.096327423388
19.5105172277796 13.1365563514294 13.4173108292214 1.80263848676803 12.8670954433675 17.6023199651825 476.066579739355 490.73385392292
27.5696187473344 7.89260925336058 15.054007625996 1.25785201470991 29.143292845911 15.012327056132 384.0218038667 500.049240482384
14.2619209947092 24.0202463630943 14.4161437728866 2.06931587713911 12.3979964013901 24.141063822097 518.231389160166 413.147070662937
20.5411574054694 22.6639200721495 13.5554212035025 1.6027683559223 24.7086519790831 20.3776966706593 427.704771649207 500.543235646342
20.8917058673518 23.6782867279401 14.7278050205254 1.26872320756282 18.95453935722 29.6567135993417 374.537344141262 296.030533553156
13.2173753675868 21.2083400880354 14.5799800679662 1.68063246595849 29.2145558354417 24.0963947239265 525.427413783735 253.107573592096
25.4850458218851 21.0276904549235 15.2079418715358 0.868595910856697 25.5702828888668 18.1132307124701 330.547625541848 353.990660230213
21.4170904069618 15.6692188584975 13.5887762452378 0.796220054299248 18.7032402360707 29.215050229534 284.166642654304 315.732319134085
24.9042285600949 20.5961456254165 12.919957629845 2.69246795832294 18.4284342668124 10.3323470196893 337.910045011661 494.655541248582
20.2184318298028 28.5953262575982 14.3097342497603 1.43008668518897 12.7576175763207 12.9775179139569 494.55533354181 461.744131005345
17.2027145367599 19.7920735626787 14.2713826265029 0.810428941936528 21.1531991491276 25.2950034518281 310.343485181473 374.825026644647
18.626811588196 11.4620931033446 13.9004353687725 2.98135421821818 14.1883593386019 20.1489884553334 529.827388046925 488.196906364179
17.6339353706484 26.0236060748631 13.2083681810854 2.49806338538465 9.37190613637485 24.0785606950577 415.003926244575 461.173591494883
21.5206129799464 18.8133281380571 14.5418787861897 1.53113332801246 26.7921067703269 22.6059641543508 436.195561126871 321.103736388393
18.6383400559986 26.8501115673975 13.41683461622 2.51641807750492 18.9838004309633 17.1871979586285 482.563451328557 407.986841614416
17.3619605205787 23.4812721292298 12.5756279658593 2.43096432176764 23.9908920283229 28.9194797930291 527.688658842545 449.009442667111
17.5007834807202 16.6471826797466 12.8041929429388 5.56808920651289 19.5373760209096 28.0902395698702 433.380145250118 470.188830233381
12.6275838782292 28.397792860897 13.5399599886641 1.97811637470122 15.806205071559 23.5167084837224 528.391765643423 473.56632671988
22.3382666818517 23.2617957969106 13.7625851510237 1.45089134229592 20.8100713841662 26.0211415342175 432.916996488062 418.740348138471
14.097819741875 25.5978245969957 13.5363803249678 1.14226684449923 0.766887061107603 26.2019246539898 426.854031104508 270.892344490147
21.7179061289904 11.0086208908157 14.8978981110447 1.56466204002401 17.6865979381129 12.1483717961473 396.181333728207 500.174614881054
11.7280245665508 29.2992259738734 13.9474696068948 1.3997586532096 26.8635041633962 27.1981563868202 428.850780114083 435.029609981827
15.8768289157099 29.8688237250907 14.7513243716702 1.17930407871339 26.4339088268918 18.1346600712897 398.986250636074 334.179004313121
16.1923564372995 29.3631911373201 14.8362826619821 1.1316530817589 21.1323343314519 7.993662261256 486.702885548512 459.661319600443
24.2279740146747 29.6653462270074 14.6497052667929 1.26253837602578 28.5437183016239 24.9061105793935 348.645669398295 370.04587791955
11.0386954412328 25.316294988974 14.4985944882578 1.49539109874816 26.9101636454682 28.1262178807435 491.271916806709 305.499472925321
19.2578549579079 21.0335881796255 14.6937205441754 1.64003566646399 28.1521326526618 17.2291757462993 434.43973147748 451.422527316512
16.9121823746481 26.3012793540349 12.4818745358098 2.2696045363668 21.0839121667541 29.1498375043749 504.755168863312 381.964963159998
18.7320130150725 17.7742202068853 13.9625917831556 2.07881777918005 18.9640857581542 26.2684738997891 451.383225747893 395.021774521582
18.1523829180854 16.1274978601783 13.685546050344 2.07056964369452 14.7389521574214 27.7302747679508 482.475711919318 375.353315444891
24.7806896548423 26.3527544111719 13.6390682425619 1.24468149797564 25.5153772562708 22.0861733380914 473.331964852386 310.077308356387
20.2073180010726 24.2780687476206 13.548108818241 2.30946335051847 4.97181468901941 12.9781019742919 435.746716996522 520.169409987825
19.4449754488094 18.8295510180561 14.977518906544 1.13114186278129 10.9313280079789 25.5341016313229 514.53955349099 457.051978396308
27.5612797739316 11.2842744527296 13.5201712047272 2.05262781855708 28.692739744258 26.1017096623122 420.684886148742 500.194438951442
20.1518870896429 12.2339029786925 14.1725793837306 2.1632935127896 6.13318805386924 17.4690329889706 528.504080720467 417.668787161875
20.7341909179484 18.3939959880213 14.7712565482816 2.07755734272644 14.6276566797971 23.2763984224249 447.22366335671 434.673939675266
18.293874068828 14.3417313178539 14.0784693756252 1.57181086000793 22.0524040228695 28.6761264799478 505.472980332724 448.965920064789
26.8033064418442 23.6322831346743 14.8091192490851 0.912885191855635 10.4234711088397 19.4173736488565 482.487080867312 523.641428981015
18.0616161350569 14.1046206396749 14.4136526296794 1.03888347475504 25.7950923090317 23.5746864572929 177.402335630229 159.430243041629
28.9495554228526 13.4104141073949 14.3562193111387 1.75968819418432 8.97940878683408 20.492335655669 492.866134555758 341.048492396929
25.9659281476821 15.8772384449474 15.0086318538607 1.45895703249721 23.72912262953 16.7591581350131 482.986893698495 463.058865769498
23.1306320438855 24.4071498882577 13.9361392401981 1.26189063408094 17.7266402281695 27.1637539564403 400.131467103575 449.644439462461
20.1914974065463 21.4317788600045 13.4107837496459 1.94847831527537 10.0959660926187 26.473593314792 506.133291251716 384.071946765629
23.7025942752185 20.754115587781 14.2608268580261 1.96328982254874 17.9742175646284 25.1034487676646 478.739471995045 260.827526317545
19.7325393192345 25.2836605402517 14.6061012837767 1.54106345441205 25.4300194090446 19.4735961675106 145.353933578604 513.087379521473
22.8883304794381 13.784254905682 13.991182930164 2.23663162756521 1.59947992356364 17.621191676513 415.354839808793 467.491436972602
16.0821536713568 20.0887013320199 14.3978518315386 1.43622829372684 22.4405309895618 29.1059831413165 413.041926298126 445.349335973865
14.9997435806422 24.1749429539876 9.7973230003458 7.80086969356002 0.80775160525833 13.8375790918615 525.419706339976 469.507178344191
17.5163980351267 26.2555666574354 12.4191491705696 2.21790382093914 11.2737880209983 12.6827432125296 352.100013058973 488.529925075732
16.12945764757 22.8219802230897 14.821482718853 1.31044715063431 14.5756359495198 24.9849090725616 492.444370067015 357.780318096199
24.593755889319 27.004957125775 15.0205307751199 0.997072148862869 17.7983092774374 22.358288729112 454.140379564079 505.59209727804
22.3981058747088 25.796422080519 13.804958895373 1.33940830724493 11.9876380084037 21.9399912659125 356.454176968488 80.4640958804791
24.8302372245891 9.63112503688746 13.2525642878805 2.37530540529557 29.2570432069783 24.5384782091124 123.010690875842 519.411140944966
25.7245864401732 13.8417435665682 13.3391472703552 1.58582207144688 15.6061426254045 8.17293668655675 410.267937227785 464.455680428414
15.4521989829772 14.7226549470897 14.2554651756177 1.51869190364309 20.2445511081367 25.0312723057851 447.932050067572 436.369034447646
17.0771167769674 20.5360422814751 13.7601800944882 2.33840405677622 23.6793629641258 10.9882326565697 415.872251711275 432.370425577945
25.1258202970391 16.9412684772324 14.5823537787868 1.849987485235 26.4746643998919 16.2805561225607 425.454419982611 432.45309888139
21.7860928633713 29.5550413565155 13.2319725784099 2.39132108715834 28.6864009592258 27.3485368278632 429.330251489005 483.927167231804
18.8102944292556 19.285168831712 14.6445160442508 1.69554990001546 12.2766614997466 16.2094810191297 474.494532257677 483.485411898582
13.2039455394196 24.4015956930273 14.6833376132841 1.55882247630877 25.8080845472076 14.1767518724245 472.764012425608 503.207189784962
15.8581219668178 22.0070105701231 13.1596909675074 1.58767522375894 29.7871960372063 15.4841246118172 509.17331392704 314.069140686777
18.5781444695896 25.1823415314903 10.1341701807805 1.83666516871924 15.9960266047239 24.2248350681056 467.401667212058 501.086732970598
26.2987596646172 21.506369337995 12.945407716078 2.06522926951217 25.5557926828915 9.23545352975119 382.167744916961 475.554026755754
16.7145210403944 25.3728231245195 14.2640794697172 2.20480023164553 22.6003764735284 25.0388086169422 459.575771611341 477.895747159302
22.5308822242446 23.2387171687644 14.7325634260518 0.987291127332518 21.610360722101 7.89029143301822 286.132802536063 485.768964045034
20.5711839679822 22.5411511377884 14.5832551232735 2.15698776387105 14.7003647777643 25.323030345834 379.809235987112 496.489006117355
24.1597851646437 12.937153752338 14.7413401527973 1.53640264155964 19.5630734837741 24.8584079008152 459.735788076524 460.51414343619
24.1085976376308 22.9132536300973 15.4578827781588 1.03397030474327 26.8369475322501 10.0592514764381 490.595239709909 435.021563465317
29.4912161595064 27.8362197970827 13.5983296463139 2.00813497593005 2.8465085946051 25.1844629741583 432.514927751155 492.831011050248
16.4559438912473 14.9843829332321 14.4394029719167 2.97113087632219 15.4845965015455 28.7595411127454 518.927046449125 471.267980431966
28.3345750440252 18.1837438869686 14.5410007492212 1.36051447757076 26.0844697050545 18.2925197253602 419.886055273146 418.129080894027
19.7159087821097 19.7019816271846 14.5106757319496 1.33784795912085 23.7659781990034 26.9378937939545 461.097890617419 325.964572370995
22.0493405539671 25.792845675307 13.5349983686478 1.37991658916772 10.6765179280888 20.3176175453631 490.896643238058 243.060157824203
21.7206051125248 18.5327182985819 14.5791379770357 1.45457787322367 21.7082701218332 20.8449178413994 488.046149761735 502.714112376861
27.5592096993757 27.7101170990707 13.2952132174791 1.73625827138567 4.93939136584718 26.2366688989516 503.314708114846 317.984705260393
29.0956128907393 26.7896586529219 14.5497620609135 1.07536025597885 29.2203761826501 7.76847947090279 357.613068669195 262.28904934732
27.2213741332972 11.9328597434107 14.3832295612217 1.40021807252298 12.8754301589415 27.4484606815813 511.378713167317 493.334593081541
11.8064458057304 22.1548062371514 12.5030505846909 4.62805121750845 13.9449087926905 20.4746072478044 538.57111019555 376.66719140324
13.857227611567 22.4347090602423 15.0882691822511 1.28794357354529 9.61479093742771 13.6962337654237 516.860087020028 363.535081021391
22.5966922976924 27.2765676682165 13.5483152802176 2.56271866690507 13.7405986401512 28.097574436126 427.387386137583 489.105368429082
17.5694651674227 27.6521219353253 14.8720209719766 1.57953287805813 20.0091282630519 26.4039822751394 390.773562519412 440.891331134425
28.1240778306976 29.2656348836247 13.4445513050855 1.83821482267623 29.0545149202628 6.23935989809824 484.639867243745 394.238772296881
11.433899173383 26.1701581788088 14.4303410005074 1.44640893586466 20.7744540505103 25.6446360885292 456.149613260689 343.066659307719
29.7672507265937 5.93572048539683 13.6245857990457 1.61462571526009 24.0371974244929 26.5203828481526 510.352041580227 503.567753478523
21.0747028502916 27.0292680482799 13.693779679201 1.68373521438491 2.71759139855936 27.4864079788705 196.492036616974 440.04618617045
22.9245500808661 24.8427138654819 13.8996697703828 1.78286476148019 25.1738905306872 1.10804733403725 490.271891278419 360.997661587919
25.955031145504 25.4751221157277 14.0050536237059 1.14000907650437 21.8174327394685 18.1920375830076 236.697946099304 359.870517136552
14.4242954414069 20.1223441068091 13.4193552542551 2.24547741134829 24.7148039097579 15.2430011684763 452.901718566002 436.102541784509
25.9848536021367 14.4340424607411 14.7674008764852 1.45302931691331 25.2477721574021 21.658180745758 411.580197747017 463.72310048965
16.7567012602364 19.6062614723386 14.7412066401824 1.77550558616086 14.2908682149335 22.4596723659088 370.236471036412 528.730568488303
20.2677456663777 21.3061667200936 13.5829174547859 2.53706081578617 10.1161151772896 24.7375146086572 311.017442469796 528.259252198609
29.7968715042598 26.2037468737174 13.0385560624377 1.77596989128811 9.42816272409035 27.045293155605 474.621278700173 361.585737917385
19.2749634788097 26.4913689569712 13.9414085865775 1.49186232729154 18.364147050798 17.112541528015 480.464085257194 346.864907063581
28.6118949130477 24.1180955630949 14.2300052253273 1.27387585712019 25.6147537088199 22.0457794646323 455.050338224559 286.398710917333
17.771254225629 23.8922814056138 14.8152698194995 1.30564255748538 10.2893728538034 28.3453142357232 516.169129919065 364.358570683503
24.5926220488463 22.4584969343159 14.861717586048 1.23168238395724 23.8677204847019 23.8561930304784 350.823764270784 472.845710011875
28.9956480225667 20.2132920740977 13.6859314007825 1.40794290009623 14.8806230120781 10.9028537854829 444.538216525976 475.217563391727
22.7119595455137 1.99658287277151 13.5864093056967 3.81928223214918 13.0178870389653 22.3298726062968 524.784020315225 532.838112667599
12.483746477929 25.019182786977 13.9790848999626 1.76161574427502 21.1444710229938 16.4994029661991 481.921773102925 256.635527981718
15.6656915662256 21.5288678367182 14.5741130028322 1.71162719090982 28.5847762620032 26.0221079015993 485.337702558471 442.302569980956
25.347304242121 8.22425221068906 13.492997281688 1.97365361232577 22.329902113887 26.8638333568212 521.782966161894 493.512060191594
12.9657916707528 20.3686294921995 14.3467486744668 1.94056698994644 15.8887257577415 21.2676084786076 490.462987710063 446.870405950678
19.1249779025236 26.1674928603881 14.9604115635601 1.55090298538242 26.0034215190209 19.3089231481081 375.091288967288 488.670937689649
18.1624400618812 13.6485660208234 14.9200668302602 1.8077603742682 14.2011026556859 16.5254551818767 516.805150071892 461.490808780236
23.9005119258835 27.3044918452397 14.8803947102266 0.96595601139328 20.5200679084999 23.1785580048415 226.890855340418 447.19902686758
18.2385522866409 19.3940999098328 14.223874920787 2.03035190849124 5.94076921353793 29.8060932604946 495.004502094174 227.593235766391
25.396555721466 15.5309693262515 14.7207079451456 1.51847013936897 0.260700466575512 26.0941398163811 389.761522253651 517.655220195754
21.7093142522523 17.4751730850543 14.4748018137763 1.51781735430263 19.1718286776051 22.3619939462759 330.589060594539 451.42964299727
27.3727820825352 22.8126553673348 14.5924654145975 1.07201257689446 9.94888447864056 13.8986764451216 425.699453789301 411.251413545096
19.0093807384865 27.3299270180166 14.4979558914126 0.890186094484107 3.45889189242965 9.33467826206119 426.317932294475 460.246811479981
22.7128140178072 13.0782004754182 14.6073644883579 1.72289260739851 19.0174396634825 19.1721002276566 412.556382809054 370.725583343316
18.2154687917878 28.4358126124125 13.9921258162512 1.16468214633849 28.1822128042134 20.5253454898505 398.671890484615 305.393608924856
26.1564268490534 21.4949595688388 14.8548396220757 1.13143581033727 25.5080980106537 22.1576652914631 330.52905319274 363.224187635155
27.3496044998064 13.0932837551201 13.2773891563136 4.80251119010354 29.2181321769895 20.4685747002805 531.739230709005 242.819040871107
23.690862425521 28.277651966349 14.1605353307335 1.43115901544093 25.233399681696 26.5464727330135 312.731158357652 452.147578809158
19.9505131863916 23.5439876085439 14.1406261058288 1.86064748037687 3.89342195915721 18.0341816662304 489.3836100292 479.299989041661
29.4594142163049 22.0528008451941 13.7134574318405 1.818878399448 23.5839449789839 29.1661708671673 510.98470819263 73.2322209241279
25.0422030805006 17.5097709581808 13.5914272990811 1.41048215710782 7.83037051900573 5.90215442166964 22.9410630943196 486.917811359236
15.4566864997057 22.5837198796958 14.7733679706907 2.0538558758528 14.9923079457787 28.0956839211523 513.918628336681 299.40574588543
16.0361985803132 18.4590917010564 14.3558167320427 3.22550171746823 29.6583032893501 9.42598930481766 488.813382300944 486.275196548425
15.9671638544027 17.2534211871263 14.3223196656587 2.45204503641399 27.2246039270765 25.5886158331666 426.531837250552 465.853078673908
22.7499014365039 18.3160625529309 13.8480944895912 1.63768255118586 25.3673574661823 20.6142463016881 493.147964535952 463.158381454559
21.7890922210527 20.2532971543929 14.7845787465373 1.42644967036494 5.90180883767615 14.5871824721558 520.770240545241 509.767733090037
22.4724834445623 13.5885402636493 14.5771338794241 1.71273553302322 25.9996260451118 18.6614030037036 435.060091559789 432.40397206308
20.9047369361941 28.9237065762209 14.1638733795937 1.14873318972714 27.0611921301413 19.4861812249439 505.044672015539 444.22606900095
20.6474568773393 24.271963930971 13.1157074372043 2.02162253784179 4.31429649473824 22.5489555749312 522.36072583181 337.185718668426
25.4149381792337 14.7637163254222 13.8320365393142 1.87191091025486 4.44729789990813 19.8623588117384 331.5014570625 437.573166925078
18.2212349886805 26.2259983268249 14.478630204903 1.30875625682216 6.43282635672395 18.7236417133705 501.734490129772 336.965432347197
29.7379198514837 24.0250283532177 14.5687106069152 1.14277897589332 4.06051667377968 22.85762680497 241.422370834973 327.707217547147
20.8841282777337 24.3505965132067 14.004964231338 1.41188596897165 22.7644800515534 13.3262688095844 513.873427597617 466.87386149282
28.5988839599548 23.0541490075443 13.2572777395631 2.57527078695366 29.2471159109363 3.94667005843167 524.46336437905 234.10185837203
23.8545767313302 29.7149750236748 13.7700010829997 1.20172002523322 23.3203507727596 14.5376077343701 497.177639837313 436.455251969244
17.3027126324945 28.640975640198 13.8860403509089 1.05045186931352 18.2499040756497 15.0623275169899 403.470912530809 303.779805482905
23.1617875828822 13.055779257575 13.3962276097403 2.78597644474029 7.31319925342687 16.8056910167534 446.265495310007 483.837866251945
19.7466400591011 27.1498024080933 12.6749690475384 2.41732535883733 24.8139269931629 3.83569482433657 519.962966020171 252.745014063263
17.8742224672365 26.9693528862974 13.63167518678 1.20256125642361 27.944785649796 0.227702739778055 505.968036100094 508.193695868065
23.7795983244373 16.5307789156202 13.4438861519192 2.57236799044737 29.8154847141086 28.4045585887691 490.373437647708 292.2381564216
13.9356732214254 17.3445876569204 13.8003481755412 1.79189470253655 22.9637869817276 24.901865110758 532.448398615749 406.77059029583
17.9597859612534 21.7422608792799 13.6650526010487 2.18302285553852 28.3230558449611 7.97396217276571 466.667680179691 527.380226657959
22.368946025915 25.0336233809585 14.6510232588447 1.11022837841839 19.5346842497288 11.1739359094841 471.502425709475 235.855456235129
23.5970723692669 25.8523112021357 13.1224726814076 2.10094441744989 12.7736862950482 11.9889966330989 486.888623588341 504.78657010027
29.2176574423259 21.6971387982299 14.8084370290906 0.988095191130963 7.64823098634138 29.7060777906344 507.35352505006 452.238695733333
28.113424559595 18.4116809764855 14.5407052215357 1.50603898586657 23.7862357939872 18.2055084343599 506.42336976373 355.11890559728
13.4515341801754 26.5611083975288 14.0072375574205 2.25609690025585 13.2087340394182 18.186247054965 467.693236647764 477.540467402586
26.8793651402543 25.1482834571544 15.1570473650529 0.904828920144748 12.0311512921498 26.7158386753959 441.627242593186 364.211636897184
23.1092955315522 22.1353194027281 14.4811585162216 1.22035501269482 25.5460785329833 21.30377666737 480.28902466224 284.650469234378
22.7093055211964 19.4131896094488 14.571799661136 1.41162275847628 19.93516170461 21.620252705014 390.846107380476 449.625909881034
17.0450040675542 25.7712768585084 14.0027533979186 1.80743983675545 20.6824647720141 24.0186150632345 401.00102344173 492.70596529138
22.0699367277582 17.5212049328984 15.3074151028741 5.74007894299394 24.5442746735397 3.43615054340361 525.721871368278 498.448833961063
25.0049285667078 21.6045179349834 13.9014991428072 1.20327196302485 17.4333321230616 24.3520857017515 489.291349308266 431.723078820801
25.4468902450981 23.1933360970191 14.5222764950485 1.27796967013273 17.7139457620306 16.3752203715128 429.986850614073 377.668419769048
25.5532589753665 17.1563164372872 7.87380771542311 4.54008905549937 9.84091898362071 7.96968144652002 533.571199029093 481.069294224947
16.4567032346994 14.9821544917579 13.9430242951684 1.79174012661328 15.0678492144042 29.6184867074326 522.207439380635 364.548482874213
20.5584692893532 18.7240584558469 13.9731889728564 1.17564222284566 26.4795628772304 8.770603245496 425.3502657004 434.237005739979
16.9485678349277 25.5435747988368 14.558302478452 1.8264784189249 16.4074504253379 27.3582849205464 470.227790747705 464.520399165843
23.7850855652461 27.6671555801423 14.4201348764988 1.14801819294944 21.2062372324826 18.5794054783382 284.780721850272 495.72657896514
27.8927292301947 17.200311449468 14.4263001663353 1.32806304547189 17.4868081271314 27.1844568068919 482.329225556255 295.840226100437
21.6373321769405 13.0527782457961 15.2949195634575 1.23703195670939 28.4861535950826 27.4742540376809 471.853581491947 536.578028297501
17.4682052975741 25.1342924076564 14.1840465069712 1.79083545174406 10.4503855029065 26.5738512786403 470.712822905438 519.462986624603
21.0026422137053 14.6381003219763 14.8211885084896 1.1861218495783 15.5460685438609 24.5361751239061 360.501527505926 350.299326978658
20.9219416044242 16.343894749388 14.4143943747668 2.08279637645656 24.7795066392308 16.476876087117 479.690853402027 479.174760159912
19.1196654413586 13.7592075863099 13.8103201869685 3.75054576354422 20.9953440891164 19.1509166086572 464.639748186042 519.604873432244
26.2183375634435 20.7881041062149 14.5431655834134 1.71940740391757 21.3250365635412 3.75193893299617 462.310543235248 338.8568668951
24.0989765780755 23.6222449808243 13.5319939250812 1.02462765177368 16.0948381736085 27.9130973641631 476.285618076359 480.754845090767
24.1917857737177 27.5652266990202 14.4590301642544 1.32789657441493 15.205984676081 26.7229819465472 522.054181634478 198.038632770954
21.6507591335143 14.0154344206032 14.882625263115 1.14788817357908 21.8117610188004 6.63508321695705 253.615816797958 401.897015184711
20.9128959856354 14.6554379826696 14.3282530593573 1.18756253822811 8.98951592741154 17.1319818871549 490.788955066576 205.886087926755
18.1965415342854 19.7991416137122 14.6254070496615 1.42352420253995 14.4529235251896 28.008188948551 519.067292047007 284.552203091558
21.6992677001062 18.662145219827 14.5239883855502 1.3988731292087 4.74631424625312 19.6102242919509 290.000551228141 473.520473570915
22.7900601701928 28.3390247641128 14.2896357066789 1.44260880104448 28.391894448198 23.5233355580107 463.319852358071 164.851494493186
17.29832566473 19.8863956461084 13.4903174872542 1.48469650742905 24.0213739716207 18.0668194024816 439.423671190328 490.717781302707
19.0773050144834 26.2258368282537 13.7182370345304 1.33599249299433 23.8167287976405 25.1703710066159 499.421871492581 442.916321460277
22.5062540136794 13.4184667377317 14.7947490112418 1.30235074630296 29.3883813469739 22.3213444411469 283.031904448115 491.567318142589
24.479019905694 25.5263442291193 14.8613060794676 0.912531718807467 3.91110020771404 16.3112051099566 58.9252322532445 457.267171134424
17.5149860074667 22.476591144101 15.4187466721634 1.44955763773221 15.6217276720448 27.4314631181423 453.595041729639 297.302280618895
24.4428894883629 17.9181454803611 15.5000198370523 1.88665315074456 25.2141967837003 16.6441134281268 451.610428054895 331.659699094198
17.7486732239637 23.43513056183 14.9731637824016 1.53734316666606 16.1489121426451 3.86718250918942 520.584363776631 166.639828040194
17.8965505960158 23.7507984628977 13.8328411530779 3.15851625742436 8.96416734075545 26.2359069658816 523.631008656813 399.359428088879
17.5395135338679 26.3914628757565 14.4511015884625 1.76973208197839 5.76333702657408 24.3732128816663 363.98244146882 447.424515950339
11.3819015274663 27.8379986304181 13.4507465110111 2.0308240818081 29.2498088256827 11.2941901169193 500.853115259437 538.060738590171
28.2631911565126 11.3031809153241 13.86290690573 2.88718209096375 25.1415411271002 10.0931856952527 330.610539863318 499.038038153309
25.6213919949892 18.7051940920677 14.8441235586863 1.39595430861625 4.6032084313289 14.9924218692909 463.194415930354 377.117719818941
21.8054071757583 19.2406938622901 14.4101971392491 1.24079602502114 28.5289479158596 8.08111459590621 419.217576757065 445.684859140979
29.4486096167775 20.8435073253928 14.1107389652777 2.06086826175907 22.516542398691 21.7112157379645 516.957913005881 307.243601269348
20.8799350539501 22.4762547759098 14.5017524886047 1.27402809582911 25.3048609188756 29.1463536460022 436.235156443289 287.691747105814
24.8775695250623 19.4463696246842 14.0604956300355 2.20757588457786 28.7179691540509 14.0706939210662 29.8647396393296 469.458283203431
20.1327273653242 20.6637026372809 14.4299405768365 1.53741194400082 25.5202543617816 27.9124514706128 262.558891297548 369.579988295744
23.6048315127051 23.7566519836663 14.8464006102671 1.14001093007358 24.7531335192958 28.2820872256185 191.772668371769 441.437914572927
19.9591458537341 25.9516187994682 13.6097172196249 0.936017923905134 24.2867792274193 26.5689883243809 476.746686150721 345.940398207315
24.6942155371261 19.343355595689 13.5426656429125 2.42492012745669 26.3420019969465 25.8771808861785 515.724694397393 292.710288387063
23.4332692605651 13.8591750651518 13.2310086642468 2.28311146455681 22.5645499189658 13.5787885562558 510.504661510056 442.690569871268
21.1494213295819 26.7019174626411 13.4573608936956 1.84773721785534 15.8586830902868 29.933449604625 360.68272252572 407.703197555975
23.4900946381643 17.5905281836195 13.8080814852988 2.14446720491765 21.4704307105323 25.7257723954504 433.433320406212 133.719271209263
19.8681816079307 11.1381173396339 14.5232063836996 1.83485032407217 13.6640214782135 24.5259159372948 510.811031152987 432.549982605619
14.0597036465287 25.3945992150343 14.8691536341291 1.42966878578688 21.4699084603951 26.0045970690794 480.347893768282 371.714644681211
25.6600981041294 23.0717937403985 14.7108409137164 1.80880064887062 28.9377586756671 18.4794024454497 522.626803175384 41.8306028464139
16.6447291334016 28.4246754987858 12.9507638205353 2.24972272352513 23.5883998804649 14.7017098086801 479.852782658897 441.946297791618
28.7054454748053 17.7390125443578 13.0548427464054 1.96826810588562 15.6609137242397 17.4936498262056 446.164988446329 444.028906075273
18.0160579127311 20.7116262187579 14.5000408158767 1.80917501115577 28.8747293804546 23.4740180166303 411.099347456137 427.097776359968
24.5104291318258 29.8490529868524 14.4483683456641 1.09480249841549 24.2335541091507 9.50250233786592 497.300066500314 392.04969864984
28.9967558866677 19.2024621471745 14.1970856825651 1.9245483710661 24.3246839116809 2.25840018886334 525.237238321925 399.469625376246
28.6688111541891 18.0923327434698 14.8353720625222 1.08305166463655 14.3904516497959 10.3727325460891 510.170265442712 387.201320665794
29.402316020835 10.0586296341855 15.0138328931294 1.10556205769749 29.7356181506832 18.923551056887 373.117049175396 283.295983983031
18.3732313428908 21.1689977150614 14.3500328087657 1.01484220451703 22.7136487136529 16.6777318956406 352.703252183505 243.521855059406
12.0675881522822 22.8446830477501 14.6476275192324 1.48283606249604 19.417886566407 17.7197457176811 493.816324510228 501.596871266937
16.9000308947378 10.599809652841 14.5606083336223 1.02998770104183 18.0011172694808 29.9624879140117 302.154883706294 351.874576730188
25.6132802184968 23.7562749101888 14.4322579203905 1.26528328402087 18.3939502347844 26.8785966549633 339.80900033192 417.646248371683
16.0000497109667 20.3004441454575 12.8482333051049 2.87897362020558 28.1160561395513 14.5231985859583 332.539386668816 458.38308474531
18.302923819743 13.5944715051888 13.14746577971 2.68305297522311 16.0711043113903 9.20077399054739 518.674288336701 513.528790273735
20.505876983074 22.6325297199391 13.4652029467631 1.58597535586212 29.7888236947122 17.8466971847011 456.725048805807 526.690950152232
21.8094272882962 17.2725279046237 13.618212490798 1.87581808184868 28.9780357651293 21.6360741527637 424.879958463622 442.825794833913
23.9493525347136 19.5664885808705 13.5614607663923 1.51407621121003 14.2986161786091 1.26568500253648 499.561984136702 372.501173938801
13.5437653927188 27.8872090364229 14.4138681176033 0.978542241491886 27.4965099875519 19.9022405617012 458.541220159633 414.202335874166
24.781222930225 18.4641552582243 14.3087170767919 0.911839924954324 16.695431374333 27.618426370266 476.566770608294 264.057074748851
19.1066649410281 27.544967550778 10.3773533534364 3.52319262462216 5.02547676407183 9.98957648926762 464.709973557476 478.191322010413
17.4923965826101 27.6553012812146 15.0907204813148 1.07963718962628 28.5774438149679 13.8627918513962 488.806000459719 317.93074159809
24.3149965942662 21.8636771080454 13.6239781890488 1.68006828845653 11.1551683708713 23.4148641803125 493.669864448136 416.859238686777
22.8774850342538 24.5953957132883 14.780306701657 0.916041089021237 18.7199086510199 26.8665037480912 459.211563567999 370.794716260646
25.5236309625703 20.8081646345427 13.8251509859773 1.43080923246113 23.6659846567302 22.3344888078528 410.285838137183 363.984863513351
14.4545708935008 25.8916613612582 13.8430802103916 0.733328968127809 24.8614436995249 15.4564169650259 436.795331506191 456.484682520169
