25.8755199731244 27.072697490973 29.1855271390012 13.8646616642581 27.0246062083942 13.6213962346407 152.279193407368 242.518301766699
27.4765104706308 24.918803213616 27.5479145104515 13.1135360771567 20.7700767523351 2.69883853585185 244.352503348744 217.001973190435
26.1569695063544 27.8515267588899 29.363883650702 16.323178103224 9.19585089493489 10.0758106789943 321.426393614492 164.95750861517
26.642906324732 29.1378649673723 26.7252281237469 17.3277800400176 5.12670542207271 10.6831820276492 200.968759442525 244.544986803155
27.0590504426816 28.6941049026457 26.0470506323817 16.6358005236381 15.7412935649597 6.79782653358923 306.119694330962 121.473443569991
26.5257746473444 27.9877692339834 26.167308641028 17.6171453373844 10.1332072826238 22.2021115559457 283.925642354386 124.715462022963
26.824914148735 28.4580684273708 25.3641942541369 19.4065278542109 10.7695259517094 19.0371123275335 155.5675884951 262.252155743003
23.9301848060927 28.3054929150949 26.4591221778502 17.0720531356197 15.5747354820445 11.7088636039943 330.832309557276 71.4715114173757
26.3563912517392 26.6102491455417 29.47822826774 15.6375423548938 9.46479996507562 21.4622418436478 283.259749326589 166.056133313652
25.83550802126 27.4246542438038 25.6895749195702 19.6303175588892 10.3210982344194 26.5624829609697 281.92369180893 183.008801838343
27.4887838531711 27.3035760880789 25.8979500815136 17.2275280070446 3.76315507642987 21.8666784121514 247.648452854971 189.069877339163
27.0774715014203 24.9778763774307 29.106006934428 16.5793994660171 21.114583208783 2.5272240021002 17.8607844401474 293.265110968007
27.7021817528665 29.0918550458919 27.5871667918209 15.2859893209271 4.103573109994 22.2112498753568 155.126185278634 211.371874386373
29.0804582855274 27.8883926391909 27.6436153789624 14.5268670960614 5.31777803455173 24.82090863307 232.333987778738 206.408720037686
28.4969828449645 26.2328802689849 27.4933056082372 14.5815783566448 22.1827421570497 21.8333179666003 202.138761380724 210.138388064567
28.1909111381168 27.4512427422579 26.8523006919597 16.902697474179 20.040796474327 22.5237815354158 90.8976467117944 269.00044000593
25.797987550341 28.2416008162967 25.4345805354284 17.3340059606304 9.10915105550473 19.9923974089573 261.669990578838 177.174497696149
26.8567507241896 24.7307773961289 27.8247777073875 13.5403915266471 10.9471134626936 9.38942886558379 125.741774848405 263.223671342772
28.0596792699533 26.956543631453 25.5099972443772 14.4535317320532 25.9454611755751 11.501161084202 233.602228129851 232.305637166185
26.3491261449061 26.7343403801113 28.8978155595388 14.7108161798709 15.929809202562 17.5065196561117 243.901939866166 225.953249600052
25.9582591579511 25.2426770883266 28.0169258637172 15.6939200964841 16.4511289238305 4.82170448529626 157.38737506246 309.941394372455
25.3373858463767 27.3706973506108 27.7684806331451 10.7303963346875 25.6473529605845 22.6684845101408 228.843527866195 155.348482006565
27.6777173477076 26.8117428788164 28.3524343805965 14.8254523662469 19.0127335975499 7.49656850323071 17.7502375544765 232.383433005421
26.8670927424445 28.5136806535721 27.700967096675 15.5158651301761 11.9986060506735 10.34864978276 264.026848990015 117.648310546139
27.102587447519 28.2469421174071 27.4899366052312 17.0888438225064 10.2152096827414 8.85265466185071 325.845413130384 86.6996983903208
25.4516135848602 27.1698959723532 27.6908649588295 14.8345123351422 3.49136789999349 13.8229024983956 273.720614555324 89.4446923224819
26.7318309622131 27.5887604889673 26.6242769184736 15.7363703622334 17.2361558135329 21.4246559844742 163.693879982158 248.142355066786
25.0380865919623 27.718726771538 26.2711817083572 14.7352516750798 24.0180162373607 28.0019513474209 265.786071334294 134.484355462413
26.2228339568046 26.6082615331549 26.8021368458031 14.3000067167741 19.9439698991027 5.89497508106295 192.88024752175 225.994992839978
26.4591206254462 28.0778416451805 27.5823017168983 15.6113190098449 9.6127743191646 13.0311746124663 317.809707502135 94.9154743346795
28.4628216435383 27.2038857326736 28.187912491679 15.996826203036 4.90465695430288 13.9362444092931 337.60276864002 68.2163893620963
25.1126189788656 28.2300684788812 26.1409053445484 16.5949120551674 24.3105527041677 19.6794981819011 246.497285708802 219.061940779725
25.8219959666095 28.6335092837787 27.9322148055804 15.810631845731 1.96018231035788 3.40555037493858 126.333149155487 300.464844250109
27.0813860252521 28.2153325190688 26.585318400748 17.3865544445633 20.6732003302883 14.9362710034129 138.903576768171 201.446668323524
26.6343449723755 26.2881956276543 25.024242506343 16.9690596795326 8.76309605714122 5.76724409161675 283.94783906435 200.985726731237
27.5418152175049 27.9352488013575 27.4814441003604 16.405620375805 12.2744530443691 20.1282827772975 309.060152699426 141.651028136613
25.6666514799907 26.9624380532435 26.7220687472725 15.3879319820939 7.48018984725553 4.65456102253915 252.385878468641 151.461535450005
26.3892813117287 25.4954527466857 27.3590448077395 14.4241961508716 10.2118298589913 23.9415591432711 199.091033089576 236.194982956174
26.7402303350538 26.9800747627395 25.5247640861312 18.0964073964686 16.1768877127138 20.0702056799581 182.914138451447 250.279801665247
25.6706580437698 28.606563402664 28.0466409765663 14.8298926185109 19.470052019955 6.41059293105739 184.885971049432 250.437451600008
26.471415202206 27.3989206124137 26.0999445827975 14.492953457629 20.0001472497486 28.5836940495392 223.42757418853 247.447998864238
26.2778793246006 27.3091916421205 25.9762955858539 14.2780720122365 13.1463144103756 8.86406598134762 264.954719538397 174.701364003307
25.1763070596698 26.3568798588252 27.0777496625631 15.2199636938231 21.0153782361482 21.5486319251146 260.706857412661 153.151258027576
26.2447673446538 28.1362762128944 27.0030433940309 17.4721880225661 13.5891035902475 4.54990319783262 294.272179559652 94.3741847181102
24.678091366219 26.1294388061577 28.2368639649875 16.4522903835495 18.4760282773134 5.62342856499434 278.564729687296 123.358385981199
27.0935248786147 26.5100921410448 27.148372820276 17.4458820283161 13.1879526258926 15.4593047229162 356.592554684259 154.415124024113
27.5355699183702 26.9046080804074 26.9899354901665 14.3123101132933 16.7738724581491 18.2221914021629 196.036514695856 180.804323213712
27.3712939314537 28.8091549087791 26.175213373846 14.6712403055425 26.0109608180949 16.3391947728599 162.250790692703 233.935542440764
26.2287436107975 27.7386768443928 28.1689395884032 15.6015839190006 16.8270201226413 20.3515388736011 267.673289147825 189.054884411783
26.0162473771385 28.0576569607775 26.0542003710954 15.5332261115878 4.23307757708214 16.3482473446164 315.651582431569 115.043518505118
27.7391984817862 27.6997888825477 28.6163329342545 16.6425977397767 2.02554239298783 16.8520634706103 323.193795548688 152.461470482619
26.7136735045027 27.3945603385323 28.0073957680403 14.9395247028052 24.4167849107667 5.97638529450906 226.695723000092 245.327623957027
27.7585655750832 27.772914044745 25.2957616568411 14.1595872393314 25.6975899775504 4.67336391417761 172.136374224329 318.507587787918
26.493919863706 26.7957249992199 26.4069914626538 18.3396971435465 23.1612809103166 12.7800388726635 233.899603143404 231.262363775056
26.8609421893067 28.9399162294453 26.9152965291578 13.3654427541405 27.8700590328955 24.0597343625209 298.428924694891 126.935672903066
25.8713789815852 27.8613593066696 25.394030894247 17.128575496807 28.9839743092757 9.27456365107326 235.077519214367 211.365882874712
25.9685297589855 26.8402033011753 29.2775954608491 17.4103053807706 12.6783427084422 15.3967000117604 142.668689696535 256.415322773562
28.458994537614 26.1741271491433 26.3481671353097 15.1997840557497 13.5841947315245 24.768439051758 190.150929097209 236.599677962665
26.9185212181797 27.5903987138224 27.9220774607776 16.4192015780461 9.65102816568433 6.43304394193674 261.974037134633 145.185416481095
23.7118984783525 26.8358158977262 27.1422707899277 14.0992100948716 16.7386759766722 8.90951974023707 325.065827967648 162.077805404855
27.6789086726658 27.1937407859597 25.065981265779 16.6191758825379 18.025723026827 3.31304236725237 283.946012281787 201.899104196741
23.8836536687534 28.0141901206754 24.614710036241 14.6715500611671 9.27107819398493 25.7619721809447 327.645004569413 183.071407800271
23.8219267211211 28.1666774667185 28.1711140476501 15.0233365749794 5.40393653410702 7.97946081166591 315.200609828522 107.979273232507
25.7643979497489 27.8798198884361 27.4122951889223 14.8729716829057 27.3483990390764 15.4631958505088 231.305302364135 219.70286568304
25.5821953215482 28.559434777213 28.4676477439859 15.5385888606357 4.79289743137148 5.07777140233719 301.676697368418 114.132904767221
27.3985105269764 27.3610481439485 28.2614708084559 15.19827670703 13.9896538710748 3.54309573031212 283.134861122472 160.712638920027
24.3281193400121 27.5707820415523 27.8532524637924 13.8420183668735 19.8000094617917 17.8212905581452 185.802095943505 237.840264751834
26.44675035333 26.1755661835359 26.5293223719447 15.4612928769603 11.2860071827352 27.0573549929208 81.8466598722663 230.72388048628
26.2972368435452 26.3918863112584 27.7478616765549 15.9358739804515 9.97502323762624 22.5010055817948 207.514821983462 225.313734472247
25.8830442388366 27.8161397878527 26.8588542859028 23.114458236543 9.94750819746669 23.5370020316484 307.860994312856 138.147451443904
26.0343076988507 25.7382210100709 27.6637297622728 16.1394328072569 13.0301214217366 21.2789759963831 257.614324143931 218.481062920077
26.7600986795383 28.635076797441 25.4015622150237 14.9878244088863 19.4203870801865 17.9406633110962 131.460963824226 245.43343648799
26.9198866425534 26.7791220300683 28.490083657913 14.6528768158005 5.68683620948965 23.2367360178892 294.677481341074 142.805120658298
27.1972053797619 27.4654049627431 28.2130133957599 15.4596823978789 23.7600651100697 22.1754691527608 106.471869584436 303.49521048458
27.1653975831274 28.3315337378072 26.3576472596627 16.3018340305841 22.5033117739266 23.877485683135 171.344377869501 224.180193066608
25.5189625614839 27.0259195071032 26.4354351643557 15.3048523304108 5.21752197452092 17.8980708140762 187.663781156772 226.971789051863
28.0252647903049 25.5386208471186 27.6578714706586 13.4908422028545 13.7311612860528 21.010565314294 223.114871062323 220.005993513511
27.2989058844656 28.1878672142921 27.3475707621452 13.9699305194951 7.58422877058083 19.0244430926025 259.443413466414 180.7155437822
26.5638987064485 26.2251651988356 26.3829872472596 16.0237655750143 8.10421998438841 28.0373224855223 237.318149344983 207.759988445555
28.2605924397003 27.1650868461626 27.7038304850517 17.768369937818 22.6946753185126 12.3669037069029 248.936073349055 154.976096409152
26.4277845724409 26.3815169110641 27.6851971089567 16.3617139625716 16.6528278765568 10.4828589400795 165.230261826254 255.469270091103
27.2204319434925 27.556334301774 27.6872613405332 14.8426461405019 7.73421503173152 9.35279247805399 323.730317496329 130.389093521281
26.1689864820053 27.568233123481 28.1938864166315 13.1119787118803 9.45018184964215 21.1950622891483 288.576499934791 140.831497729109
26.8979200214294 26.7183111699863 27.8147869893045 13.5237133556108 6.78369073318025 4.77869387280661 281.454335927037 148.082501964502
25.5924437803587 25.7737708371146 28.1507707931152 14.3479611397595 18.314838956194 20.863793079303 157.336662171062 253.707180375767
26.0872755310984 26.5090105968357 27.5645249145262 15.6653002192979 7.12289341514764 19.0986481477214 278.791851183084 154.138346624524
26.5417690629994 27.2053749398685 26.8841448259663 14.628359517284 3.79268329586045 11.8194273909167 199.216577604875 236.18167379969
25.05605227718 26.3477435376548 26.4445369131364 17.2365501071044 14.1864319714028 9.04969866420693 253.101246385502 218.279205544109
27.6685367945402 28.2213051567889 27.4143483405051 20.0992371078956 22.1979800593859 17.2995251661567 69.0901176098421 269.140844037818
24.9564433139689 27.7026439434024 27.874738010776 18.2337237203172 5.82692853061316 9.77783640516879 346.998607216935 77.4349393261257
25.6612895955918 26.0804289474494 28.0179280557988 15.7465642076185 21.6066893445033 8.69026423483317 242.69355761877 211.218043512988
25.5381558517194 26.8663600324767 27.3709944596624 16.1125226313727 10.7361723968379 25.2387179835852 291.666035820443 151.801398604061
26.7228067794843 27.8641276725921 27.9709829625508 17.6429125977174 19.4407637525729 2.88217972808802 218.71214784024 277.155079057802
25.994103012356 27.6567889414662 26.6521416504409 16.2796000136383 14.6317133155998 14.088916203596 284.428408745404 41.0048858771383
26.4323749090007 27.3964124580966 25.096017435211 15.6579725784516 14.2534226449778 10.8430387158705 310.824024598089 122.353495370664
27.4120836037848 28.4292790379091 26.9022475386077 18.7752622353315 2.18901831022231 6.99649214884642 101.058970536361 246.82123296157
28.5149013811632 26.6244841883695 25.9066665756313 14.3385510861844 11.6263558325628 14.846458374002 80.458983246512 127.049817910052
28.9974207321914 27.581628249845 27.0858887225334 16.16011744489 22.8145961605741 3.91199633474718 193.321967888126 222.714614424563
25.9150200190821 27.0535190015696 28.1288062607925 17.058243000175 9.90977761948218 17.8322561852397 170.880490354309 261.12341404197
24.2499819492675 27.8554507437986 26.8427369085778 13.5079240083724 8.29694589348397 8.81700046393091 274.52090515318 130.468275364698
26.3592530056106 28.36261006752 26.8441506109622 17.1565587668463 6.23551336179922 19.1258844849419 253.780286168154 199.43641679007
29.4297830569784 27.794117218695 26.7821757237636 16.8786751977706 28.6161849768324 7.07779830199702 251.501658510229 187.242081487897
27.0962497396604 28.1931940543709 28.0380869684753 14.0297340097132 21.5747253285368 1.92340308738361 309.427708330177 141.504591063643
27.4479231770803 28.7891475858379 25.8854470144596 18.4810383622453 14.6233665704615 1.64209000025349 281.873704783717 179.488337739236
24.4391565848242 26.3988883495784 28.1098071704704 14.1292024018344 10.2684484136249 12.5282479363435 187.556144483508 271.290509716636
28.6165139761336 24.3015730895808 25.6648802302985 17.043541809947 8.5850534881504 27.8871145081935 173.623218035364 273.749950453977
26.5873628888841 25.0472126747257 27.1067974734653 15.3905516723845 11.2643876031437 6.97077040959172 327.650698735105 199.790459122812
27.5404652584869 29.0676063885272 27.3535355030876 17.5999483427743 15.4170456563002 18.9240557561254 46.2748135210989 266.589112843491
27.3383283868744 28.1587597886493 26.6335373846978 15.1581275398352 12.9498484801837 11.3105937113436 175.806680894553 256.089675611852
26.5084533710607 26.9115445947121 26.0691851323082 16.3387900380248 18.7447075220451 20.2153653705493 278.997254065072 152.857391503589
26.0730997952859 27.7617278998421 26.74482015744 14.5042840679707 25.0798129089442 16.49000391985 181.478594032584 223.653817486041
26.7280618366587 27.9940297725001 26.4853131377809 17.7056599583847 14.3183945978329 27.4444289046617 319.659973167812 92.0974154577039
29.5275188365025 26.613580905777 27.8360508209336 13.7678475472281 16.0991492886257 3.3624821026284 183.97274783267 276.258478759102
26.0966231574237 27.3272477055567 28.2124914724209 14.5379641059538 4.24978951930995 14.5196059611988 263.88804157116 168.197178938216
26.695934195294 27.0890646741126 27.192939745371 14.8189647558717 25.4339464945643 11.6817242856173 151.629367963287 247.477925327807
24.6987726673971 26.8898744672027 24.6661185222761 19.6245489874636 21.8915024728649 17.0970018185988 250.582485374185 191.916077186886
27.420980339024 26.7638998781045 26.3374430220536 17.0681696101904 16.6306145558191 12.8236599030398 119.042946486782 229.027959060485
27.141845416324 26.203543230671 28.5508739657987 14.7701127274862 9.3275913944922 7.58786018497925 213.361060322894 228.997065081458
28.1517680768303 27.1919450554841 28.1280964255626 19.1660782885996 25.0698690666264 4.55683836427681 45.3497406413989 288.869743665606
26.5331913985955 26.3137167249158 27.6940184441409 14.1885547708863 4.25170344938176 6.04807221751775 201.126384547589 220.683802369393
24.3135598169292 25.9025191369995 26.9184441718313 14.4861451411882 7.89258436675731 11.4923030828889 316.492849225406 163.743388831585
26.0283051107901 25.7433909389951 27.1291575039408 15.3843680162256 17.7457871015578 4.84757352473537 59.6131635137362 271.0429052488
28.2136290942151 26.0446576628152 27.3947269531231 15.7502417487858 13.0123739486338 12.7148112917041 288.178840911656 213.997477812164
26.9328342932584 27.8720413547956 27.9378800212519 15.8733272666273 24.5285252125526 26.8301203725902 239.040983011585 89.6360601066876
27.4635237880102 27.1795575723994 26.0505620111427 17.1788923536992 3.78303821213658 17.0791908094 136.967194306421 238.687897463187
28.067125105496 26.7553178498387 26.3189801657639 14.4374054841696 14.3333516303442 24.1588461564884 128.100862760004 228.117094572111
28.5722501124248 27.0999526693518 27.2743665118726 15.3661619420074 10.7740789246981 27.1699660080447 307.666993955387 118.046913193605
27.2900875724836 25.0024697768814 28.0385698805656 17.0996012763585 18.8796166169807 22.8182247720979 226.591118604368 247.058524242668
27.3656806178277 29.7818775618504 26.2084781573671 15.9673228252639 9.03418951150325 27.3422797828225 145.461419128403 269.142032037897
27.3532502496173 27.5438385232908 28.0267160200714 15.2536047534014 15.3035862496368 29.9921834211304 79.8127273264167 263.110784858223
28.3959958804452 28.136089487779 27.6506786103779 14.0639123496074 26.8493068079272 5.96377700950458 161.936175389047 241.97544043518
25.0015018282297 26.6039359972949 28.3886514947255 15.1753079769774 9.06660853535502 24.6124808311955 170.768361202464 232.413230327905
26.709157634792 28.0907355616281 27.8648918993438 13.5572976408205 4.45008796201188 15.6946622741185 239.541386216643 196.288439339141
28.1155897277232 29.8584869540841 27.7231746329579 13.9492735204007 8.61908677677507 23.3052272450646 149.191975088013 240.414037214058
28.5456602064251 28.3981029831412 25.8489572491142 19.0557780583686 21.7876161241304 27.5257108209533 268.72743599167 129.480061388583
27.5292961730621 26.335919942629 26.2476006936518 14.4176534883442 19.0162994614381 8.44792586081876 150.591197357232 236.894437873987
26.3357387393572 26.1064510872682 27.4043764879802 15.4463943085559 15.946964413821 9.93967605879661 281.811996444004 200.886647504469
27.7598073791899 25.8789781191108 26.8974341336204 15.4532679286577 17.4308480378619 17.0729648493976 258.131371053818 173.62383552626
27.9411380442642 27.1551429399173 26.8026894919746 17.8601884029867 19.9975296462654 15.8953545047734 318.487739627148 125.284373488523
28.4495806444686 26.9105037660883 26.8079361800331 16.744470030487 6.20551252913759 10.1415761157151 243.922643376057 165.643424787716
26.5998305020721 26.1452364398699 24.6124157481111 15.5926798649885 9.43678767406945 11.3939736432792 240.144361255844 224.26097964808
25.8847496208324 25.8631910621423 27.8170735651729 13.3324311380941 10.1466743637049 12.6970813729263 211.849546568531 362.9719088971
27.3780248575536 23.6479476135285 27.6112772270422 13.9056176655699 20.6550682286675 13.2792628305662 202.868795243728 261.337045978294
26.1726226161501 28.4453074756657 27.731563081632 18.0608974678439 23.4422103976373 22.6781644139756 158.26351253054 237.980357179898
26.1053398826267 28.0405935345407 26.0917168505978 14.1053207523209 14.9696382248251 7.53395300013084 270.058555782454 173.332878877422
27.788230126686 28.2740939255261 26.6265127978048 17.4182685135811 10.5825494325074 20.9648454213318 153.415620456195 223.425050931287
27.1366550414644 24.4222123802189 27.1587514835283 17.5093263346658 23.1884892398196 6.48165791290643 247.432329105547 192.781424608876
26.5445330164755 29.5850534461555 25.9105774265374 15.9787468108692 14.6566520824083 13.1986218720497 125.777816903213 279.48731771951
25.5064458505969 27.2988750027711 27.8673386923938 14.0087444706669 6.31613461652134 6.6489482484077 294.625306981198 152.935982397678
27.0355884813239 26.5858807553788 28.7189862238086 14.367724991354 5.40861800164116 22.9080945828501 275.373137118299 195.786344944419
26.7506751700833 27.130023255335 27.2062317293689 16.8578006503804 9.20747481980553 25.1115068915874 162.579035319173 248.434163903618
28.1398492811856 26.7207641602453 27.689960633381 16.5355296891316 6.54856949000905 15.0559126409005 245.505462473796 76.8413681309599
26.6455917363799 26.7751661294938 27.8993586801746 14.0858992152858 15.7945190246985 15.3035440285581 113.765585916452 298.7941283327
27.0450987814545 27.1535474179263 26.3699677209176 15.2417508460579 5.36589432035322 3.64059809451554 173.45058232352 232.621029106628
25.9172187406453 25.4548474270198 28.7690993101263 16.3134689208495 5.5859218424041 2.9500224318082 175.029661353811 278.401208262968
26.5240081703891 28.4461396021636 27.8739987997243 14.831465950585 8.61950699834119 11.6962385804904 294.603583798359 202.162204066005
26.7690655150253 28.2298640920367 26.5304610067475 15.7550852904655 7.0260519898385 2.56103305273559 308.264989159163 120.176410240063
26.8066422837861 27.0726376582964 26.5491618595926 15.8556520719219 13.2417273019585 26.8176494615846 249.134676989021 279.318558097226
25.3689631528331 27.6198048029794 26.5136595769948 17.5407168982526 9.8143236347875 1.10485023305408 312.712958677797 157.731989089463
28.3163778107183 26.2257874536845 28.6201008943112 16.208338401201 11.7141622586367 25.2221537319546 303.446134599903 152.567223234528
23.3572659150475 27.753055097892 24.1584669817416 18.5603082603725 24.0223726140433 25.4442406108356 289.61595051716 182.985149041529
27.375070639555 28.3904829070078 25.7402154000993 18.9460845050897 10.1059877455008 16.8208230380315 90.5007265927041 270.530351502305
26.5388155453011 26.548851984544 26.9658644959202 14.2037104311518 13.1088134345069 27.6260395353714 250.606120505815 222.802186298381
26.3199356568766 28.4530298428493 28.7171475101193 13.5835426812761 9.01539785869143 19.7527106711504 291.916106138264 145.323286270481
25.0845063402728 26.8570851914094 26.766201016324 14.7425484658757 2.14888990312839 26.1552774850659 251.61925580241 212.226355606364
26.2466197511101 27.0911880247486 28.076027916067 15.4698123433361 9.16820471515758 27.7854307362083 184.493092655968 279.114038498317
27.779029970239 26.7530643704605 28.9251106860414 18.3503100986877 20.2883186288729 7.29854059421361 143.2896975322 259.975124555731
27.0960010320519 25.5888961865593 26.4364359181726 17.0386387197048 19.8962847714357 22.2066721047624 146.691637971702 308.500549465368
25.6938808368378 26.334514558586 27.6545153847205 18.9104533059563 3.95780589555352 22.4570680204283 251.061981293734 225.125391252459
28.5855569756823 26.6645883565848 26.5007484449892 18.2369425796514 25.6101966740778 15.9762857290171 53.1325301599065 319.89968243399
25.4654471491511 21.5506016781062 28.5581215100942 18.6130254335592 4.71247329194054 8.51654693896008 269.02560272167 301.952549953932
26.5840191239064 28.6448124934073 26.2096743385089 22.2804041303552 15.840219175579 0.911645493485216 314.814502968203 142.671143005229
26.5046066835838 26.6019724597122 28.0171175902764 16.9182962651537 1.8405747207874 25.7630545987611 161.5213747897 229.281410467677
28.1644563840127 26.842535146701 28.9092486110954 17.6871628643519 18.9419351063197 10.585090072785 285.117341140282 137.047381972546
24.9933152691536 26.434617006152 29.0419931904576 15.2194153371944 21.7806538970079 18.5917914310136 211.853009323974 223.95367197989
29.0823026466185 27.3908050778664 27.4722579588632 16.4801966699765 10.3784594438754 15.9966649997761 123.743774203708 291.778577589011
27.1443357227562 27.6274642307778 28.3905389149627 17.1570197965825 14.0987327415017 4.66365317129459 161.81986943038 251.293825654879
27.1285508230367 27.4798522784479 28.1734952794244 18.4257486653335 5.77317958795463 19.2629805329896 123.777194527776 325.928436839698
27.1829569995053 27.8816360257792 26.5248810685029 16.6775579884087 7.28843391991543 9.55850748816494 111.033490695142 234.72427622366
29.3509891039538 27.9962217630673 26.9632981108459 15.58486973791 10.1228675347854 10.8966872320926 312.651326420953 97.5867983087821
26.3415528161284 27.349856464986 28.9709305905262 17.0842565980279 25.805041704787 26.4206373182134 233.075164448592 240.212288484573
28.0573933682983 26.7737886018768 25.7893040898228 18.5162815881175 25.2171059380193 5.14677135918365 204.529624182168 250.651285892664
28.2443487248416 26.6829596792996 25.4654887192976 16.8860511031361 5.60334203508285 21.3070090655708 199.739963016058 247.593137813318
25.8786677075316 28.4925971403791 25.8499079255499 18.5997686627256 12.5761665507981 1.67998411281881 305.134065008122 130.266220622873
27.0031517621556 27.7029744978968 26.9265429368409 19.1422299377471 8.00922354852807 27.4085485912053 330.53318781844 132.60798864231
28.353070319638 26.8257852507925 27.7841531123569 15.7839306076065 8.24502075255539 21.0785402704509 328.42820662586 159.857764462285
27.7210546267256 28.3842673673663 25.6517669300753 16.4365191000034 6.04644099921546 26.7048997470236 305.214388779087 179.756353773661
27.2812869683959 27.129937773432 27.6468980694942 17.450087114658 9.7284405011821 7.06609987962467 130.578415468002 216.566172688139
25.2757417746666 25.8778260448369 25.5457644454043 15.4521020549839 9.80360987434955 11.7099986665473 209.084305674155 228.656179089809
28.2378859225799 27.1211131681131 27.6843534763098 17.5721169191859 11.2661278812966 12.2215510633607 125.685715049634 252.33628212777
26.8540886237219 27.0939560592689 27.6707386796341 14.0674072479415 21.0878031058749 7.15206041563845 264.179774852174 149.85782491841
28.8117011829281 26.0580942088704 26.5422231203712 14.0508235200362 3.41926012576923 13.9451214295867 207.436120250501 228.869897428239
28.0234865624471 27.1649121116933 28.1413959188105 13.35504525845 24.6779872614142 19.546902890775 137.334365592144 253.91598844767
26.1138557744103 26.148186664056 27.0637272922676 16.6287475051375 11.5234843922421 8.33952748552734 174.487142167074 281.858830660843
26.6241536158739 26.4294797147092 25.3022089137635 16.6761134330107 17.1193370948751 18.7124646813786 179.230524818825 264.189773950196
28.7974470885017 26.7675064270814 26.2930585943719 14.8303749599933 11.0048024132978 14.5061521462695 310.797534867995 152.431278263885
26.0316919919965 27.9749265722798 28.7429747281977 16.970402526234 23.1687325240031 0.722780237468747 306.028096530163 130.109468066046
28.3604122296718 27.6903369741781 26.9403504243434 17.9486674860082 5.92746537992577 26.7814768203419 303.40674452672 157.196899395157
26.4969600843298 26.3657651088698 28.8985722111171 15.0664602151754 17.9841660083269 20.7990099487967 222.11399728734 216.67124274055
29.3859247513293 26.4980464598399 29.757804796771 16.869694636948 9.69576505942796 2.29481385629184 248.760654844932 264.109961201295
26.1781406005642 26.0837711591769 27.7755624207809 16.6662738797454 3.07260548525105 5.53593788965481 262.668741386932 196.222170408618
27.9539148242124 26.039503823512 28.7385665823858 16.9589147504257 18.2426359988918 13.2666945837184 282.296672045379 156.011469237242
27.5221908860384 27.7492513266712 26.9427262453475 17.1491906590228 19.0224503740959 11.4677864514219 20.4236155630622 241.552983975213
25.8699965764007 27.0200339062266 27.2291804299665 16.7410411113466 7.97841915831075 5.59212742128028 133.280307618313 301.571719296967
27.2278187384534 26.5627174278906 26.9049324335063 14.3537496542383 9.3261068677667 3.84019096201511 321.58837003025 168.880074499741
24.8740597390787 27.9112285034337 28.2958310184655 13.6129818797466 5.71149929691043 4.10641113600982 352.965283487593 34.518854674996
25.6355208069249 27.3259875959581 28.0425891779543 13.2016673118998 13.4249264366993 17.280162077746 90.4784426838862 281.020159758782
26.8430167229825 27.1203405937396 28.8216237650333 15.6066662518022 23.6780424667073 6.36812193036783 166.639635946658 285.881011761238
27.7156957410065 27.3023228740495 25.7163023440088 17.740984821792 11.9475449381588 11.1694119132386 293.274017282837 126.590567114017
27.292085159891 27.1813344332825 27.5884014393114 16.0657392781307 7.67154547882771 16.2542716097459 247.465061688156 222.328596947071
27.9100146267085 27.7255775367368 27.6523808292103 18.0617333796929 21.7565879363899 12.2242176545044 272.873283558597 161.947147051364
27.4106914441683 28.2739615100925 27.7363765229959 15.3457818709287 10.3234587799053 19.9376410138965 157.952141702506 236.982420645164
26.912331745853 26.5547723676369 28.0188601342814 14.8555477847205 17.7998689505178 17.7376476638316 145.158418848983 287.008164928701
28.5217576854286 27.2679199796124 26.6223964792637 16.1011767232938 13.1250417933423 12.6649581296817 167.31667069334 212.478592326636
25.5652493005856 29.1028770676853 27.5273680220333 16.4680087305954 9.40613857733502 11.5196295262059 322.215327738161 99.2001209093089
27.701650178446 26.1916928069023 27.0451947676294 14.7137981369938 11.5930053613796 18.8794909379673 300.692899599622 51.1918275573494
28.7052265758216 27.4664237600625 27.70989406591 16.5098075390872 18.2409785460172 9.63953887749125 318.911527665224 99.9229692412617
26.9538534059638 27.6603335517492 25.5251780827231 15.9399138373912 8.62968975868445 5.26549400368036 252.538792722964 171.802104788342
24.8824850705246 26.416418883517 24.6635057596684 14.3523027979764 27.2485616111954 28.4062635686282 256.468912760335 179.993004570154
27.1770161915518 28.4258823021306 20.6746306000328 22.0810377469701 25.8471224575276 16.3791635490054 202.899183996514 243.889663056963
26.8931199109672 28.573288703665 27.9331777193104 15.2257074575558 24.2133805169828 20.8208114139856 275.53548721661 192.085703749153
27.0411664900488 26.5262893930804 27.9009631271487 14.2200886399039 19.6809230582552 19.4569448180548 211.229967546063 205.519820358075
27.9378462759624 26.8443938555154 28.5403731389103 17.0460825084058 21.1078756776627 8.62357343593164 125.977103043437 252.188823776166
26.7385432529373 27.4858250721631 25.6911410766686 17.4271121859571 8.43813430567911 23.855280016519 215.09003335544 240.577112426877
27.6868998859657 26.1321051882393 27.7826682116951 14.544591723689 4.60758756514064 15.0040873646427 264.683316893109 133.381224561424
26.51451490733 27.5182887135892 27.2846294354882 15.3158682809739 12.6506453934293 13.2619240045073 122.831005822837 272.171371198793
26.8434076481878 27.998952737539 27.1301933273585 13.5853179575346 17.247064440855 12.6395890822339 150.341266468548 208.188813102302
25.5199127975912 27.0015924454388 27.3210035049896 15.7653813934184 2.28417190940022 21.4093922556544 224.797876748121 209.851415341254
27.402576017096 26.3921690660304 28.1728394126332 15.2921564857263 4.26895737269707 18.2200630266272 131.760818672365 247.218886192866
28.0182905110861 26.6982026304298 27.5263345307462 13.8037789542323 4.20225418444587 19.482861193546 275.750953191236 158.381376978685
26.5053763234271 25.9641199960324 27.5702321018591 14.3166943310489 11.2257732689394 16.0763753073277 308.650653306658 153.937203337926
26.6604574356888 26.0692807172357 28.4992244547439 15.3018486887467 22.3885109765884 4.32935389156486 161.416347846647 227.81723638155
24.4056710587134 27.8937891006872 27.6203902149319 14.5244750620161 14.8250923415636 17.5146375764029 260.477858171156 210.390702392571
29.0054168814618 26.6452280909042 24.9485791646038 16.5006443405296 19.7397076798353 20.3926781092022 198.206081261154 293.046874202156
27.4034598063323 27.8672568335186 27.8911714682913 15.5069460235965 16.0624387426534 19.0376687823107 152.805643242697 249.272263705521
26.9187479720074 27.0718641836119 27.8809507686708 16.4497944599023 11.873023597553 4.23182809103745 275.477362362711 165.338239856426
26.9962897833866 28.7275930955374 26.9811295396112 15.1286769694371 19.7082120853629 16.7614440907302 262.344340490834 174.520142146804
26.0386665356168 27.7904468446863 27.7447947086477 16.7333633925254 21.5634119720112 15.2961496167141 186.418960735968 252.327817237218
26.6315696669877 29.2792326494155 27.1444457322795 13.7490252305994 15.7667164297752 12.3966872099019 265.876031449819 174.598425360468
25.1654828592133 27.5289838251417 26.6914292789559 15.6467019176485 6.26205905837046 0.954868410168283 321.778554034467 154.638446370947
27.6479822694091 26.9883364986966 29.0111151631566 16.0797760502537 22.1012544485388 7.24166927620354 281.292482133074 187.514674226789
28.1130645951875 26.1504443097672 25.6286986344099 16.5775759492953 4.70860834911189 25.2730240177915 95.2358779266623 306.331499502526
25.0713643956778 27.8620945513188 29.980126835566 13.8976973158453 20.477403796074 9.756511862573 170.432219799196 252.798237219454
25.8958127059204 27.3806491124693 26.8335095102026 18.9965343357929 5.5394085319274 14.7840993422222 306.513988381286 177.62679920481
26.157911318143 25.8001052455742 26.8854184251218 12.451421995353 23.8039588684225 11.5012836992024 180.315260734992 243.594835658004
27.4042218193537 26.3554226751825 28.580773307191 14.6403540090954 10.7463431979917 3.87989652840878 328.694938322131 90.6400679440831
26.8713102681767 25.1975443655995 26.0256296331793 14.9875784600738 15.3757319332846 10.8151191777036 233.465775519972 238.261232918705
25.5717326126121 28.6361774403407 28.1261453233236 14.0763428860413 5.68046650331205 8.41929905454831 241.442361103397 197.425903404872
27.6774664168135 27.0093062210094 27.483019864437 15.4586045482881 4.62077401049768 6.25403080377186 191.263654731009 234.050190970856
26.8862223638736 26.6477090831485 28.0365637090051 14.7427952794501 9.67053910281566 10.2456631664505 176.153386840329 244.752358040233
27.2246897729442 26.2675950629622 28.3340290191033 13.7569414772991 29.2972936546935 15.0792125925142 114.414772714855 245.550304151515
23.5531416146239 26.4365154271 28.2502117144521 14.0052992699027 19.3850723366521 18.7624149639765 181.06373176176 238.570176317094
24.7357200978268 26.8283194605929 27.8951074417565 14.7148196882409 17.9079896937779 5.70621432099215 234.898932606129 218.766474520801
29.117530644661 27.802408042647 26.5209196732916 17.0690153811912 26.7224573637301 1.27944479545953 286.363337463685 167.719819322641
25.0502598733001 27.3556655204545 27.6239229248063 16.4575645866147 7.97935196468379 24.5994845338387 328.393176453623 96.6570984706455
28.2461386884183 25.10644659411 27.0667974422311 17.7226839613278 16.2554290314746 9.16105588625338 280.529384107326 145.580403849285
26.6493871914111 26.9529952964306 27.8269344379824 14.5302909556856 2.40293593246612 3.22748207151349 175.874376773858 246.521798711814
27.8452696846241 27.6634903721668 25.2811552952893 15.4760844128592 10.1038838825115 17.2857230186441 103.948987893961 274.18957887144
26.8345668794851 27.7410600876526 25.6568998172404 18.4742123402913 18.3639971324011 5.21380452439165 274.749580387032 185.666689802212
27.7471801623542 28.4732630351858 27.8388500918659 18.755298842305 11.0990689554832 20.9049733776111 255.937060161496 78.866995490574
27.0987566663669 26.6921620035822 26.2696760858757 16.3731145798113 7.0054184426056 17.3038015150948 300.220041654622 181.893224582018
27.4738324116405 28.8874900469922 27.7611072109251 14.3364827997454 10.7094862027539 21.6066690192965 193.21065274324 214.423161045579
25.4128856093449 28.1975182754807 27.199334373548 15.0392297255559 16.4672496610366 4.11575163982876 293.39065896114 128.829115770305
26.170486416773 27.698238637348 26.8431664453069 14.719366688643 12.1427110356852 18.1103644307495 201.660912634856 218.828810944375
24.3275708366568 26.353104915393 28.0836556369839 13.614824980958 15.9397167217116 11.0104414339749 247.12277402593 215.128150243664
28.485627868356 25.704278063642 26.3287714785463 16.4112444976351 9.55450638160883 23.180010751027 23.0426770315543 230.924792035166
28.1761693455499 26.0485924091554 27.2754578495894 13.4893139765174 9.15286590952397 16.6099475385066 158.284520801705 204.107697560945
26.8675246005033 26.7652256318835 29.1938583423533 15.6616890770059 10.3671073666783 2.96826953554233 168.879476273067 240.560373538837
26.5804169243853 27.6448513853372 26.5807848450915 15.4136016451214 9.57151328477222 28.5484863959817 375.890755450314 112.638358580859
26.8465307290756 28.0483410147632 26.1576126477003 14.2512380849099 17.2531402322377 25.9184344712813 247.242218851667 247.363340456634
24.589927539001 26.7835838673642 28.2023170934963 12.5990240503958 17.6143109989344 15.4454187849815 234.293528013271 216.248300492913
26.7027067918286 28.2386529673463 28.2505122451155 15.3194689212821 12.0551081450857 1.8399184629406 283.961623327762 111.799350475177
29.8435091759771 25.48886212925 25.4051486355037 15.2125633311518 23.0609194985124 26.6315596998587 251.807217555101 201.523885139719
26.0075033982413 27.9030627024747 27.9196706814504 14.4201562752709 15.9372329878432 17.6426744191233 241.089191844699 162.847422861499
26.9794322306549 27.6042057342448 28.0516482811976 15.7769280299946 13.1218771312601 11.3290268408217 260.494226927277 137.35174610573
26.5501283537311 27.3939935309859 27.4859411332494 15.8942171690124 12.3279735989862 13.3761196175077 294.488087996037 175.63546955309
27.4374750536666 26.4572579431341 27.5685833339686 16.9039750261746 15.9251068683341 17.4357457955164 119.133698484039 292.666245202215
25.760131839812 26.1123876617166 27.3952515729929 14.5652439349698 9.58003407846534 8.08369784389735 250.902901439597 201.58756796878
26.2589609666322 27.0876246761777 26.3089452736981 14.9533161990916 19.3473105992783 20.7285749033378 111.262505859573 240.652060651946
26.4344746255973 28.7305231342372 26.6348996046192 14.5956485816257 18.5799092386832 17.7472388153165 261.641172781071 206.573907995279
28.5126847845024 26.2518234302332 26.2502715220468 16.0136431066554 7.307776465089 3.66109167589588 151.244080935661 238.920416092414
26.7675236925102 27.2507579327546 27.6150131673899 16.7994804119463 7.1881555801992 11.6291856610584 198.940988484811 262.452243579375
26.5442312389516 25.5666934744387 28.4126093077288 15.0833007199693 10.8828994260883 19.7150722578723 202.710847352741 237.162319646557
28.2775478000197 25.8145083052482 29.2410086230576 14.802639359971 25.9430195786451 6.39055362401236 318.950205020921 210.02725056724
26.842842163377 26.8751572928329 26.9344739893993 17.8855180714438 3.42831785587639 26.1998948437493 193.323400304209 253.235256942466
25.4316680107621 26.055019121203 26.8691357332162 13.7239467737339 13.0676072369573 6.20935075318044 231.691691282975 244.358115111561
27.3074267806842 25.7855534807128 26.0839333994331 17.496300495673 17.0887399498725 18.48183659452 131.102281048893 296.303827582046
28.8787728362276 26.6626752163564 27.2458656444446 15.015249581937 12.3720062591787 3.17922073989313 314.048811024215 129.609006902675
25.0898031503081 27.1133922336284 27.5178495406911 13.4335786876229 22.6980755676454 21.5328128953946 270.807822997374 147.658980319996
26.0643559586591 28.2414004638268 28.7542273826059 16.8538495776989 8.15125793642629 19.0957641537636 244.795199354784 225.732439362076
26.2158564454902 26.8391760995057 27.4359534466181 13.9016470494051 16.0910023525458 10.8189586139116 168.775408768776 250.186046157396
26.4627723695757 24.2060769196568 26.921006807359 16.9010733989567 8.71471103680634 23.0330962701825 244.656554168289 214.705593539859
26.704093309967 26.9994670816825 28.1194612128202 15.4501665822813 10.713148449841 23.6344027076312 142.398262026404 253.167386019034
26.3801952119308 26.3676049991343 27.8612357786199 15.2739356647675 5.55655743492738 4.97705549846286 206.549785826119 212.016020847423
27.6615114640309 26.0910527253486 27.6058108746533 16.8617244647068 17.1883536567781 3.01250473154921 117.298207754829 304.660771543414
27.2607001454868 28.1394225471627 25.9032083751898 14.8648370382623 11.6127671727233 17.8470892191451 293.2529825855 133.735122191646
23.4816970562689 27.7470580908477 26.0023146672003 18.6560347891204 12.7143675237493 16.7931880346062 281.149301229924 127.509765876445
26.5876755192112 26.9556641468482 27.3660820089498 15.0129907057608 15.7477620911917 15.166818765493 296.171894237612 168.884096364395
28.6711326437297 27.3138063000617 27.8098022630011 15.4646740161078 9.06431495068517 16.3454228930646 302.523756414994 140.518213858766
28.0805329014421 26.5767872903002 26.9367939109634 17.4297111003688 20.8432118203517 28.273755135238 168.633789597847 244.967858637489
28.7807733503631 28.2260176790524 25.2588602449336 19.2215234201648 15.7788015799832 27.2179735808489 314.825111781889 112.339360904272
27.7589412020185 27.3169865691984 26.1355481453565 21.9604904986769 12.6413426295075 11.4082157861589 262.198412171827 156.26286507137
26.9863297802567 27.6637775502932 26.6048174552978 15.3707450759946 19.6657449546851 8.57917767421159 268.989620551809 136.488018508621
23.8426706105208 26.4194033999936 28.1143908817602 16.4096141235283 20.1056140701846 6.78680219998473 231.860124386866 224.101688215498
25.0322890469458 27.3669117747892 26.1813671442605 16.2214126211306 29.794911018002 18.6528962177332 172.288174595799 228.014126313929
25.2433323191725 27.4337824396041 27.7731691625962 16.2836532860363 13.9888135466244 13.1497103632545 245.260890391606 251.388524231634
25.8828086070822 27.8780295887155 26.0107905418246 12.997409534365 15.253144458373 13.7908266386589 180.110204220118 232.09581953631
26.45297700212 27.6406343110975 28.4394457073046 17.1124699695054 9.10684412827011 19.5689491458023 290.791447730112 152.959154276656
26.4170532634485 28.3665834196122 26.1126464910571 18.6045446145764 2.20980826463596 17.013618490754 293.838864025466 177.235068991388
26.4692354201874 28.1428656632051 25.9249243518168 15.4868940458701 4.65628146627854 12.5825415353882 285.744687606756 223.127183485538
25.3985921705679 27.2333170502001 26.057015448598 13.6092406606596 15.9626010217221 21.9557718298889 168.37797967643 227.756071777792
27.979616298089 27.1592204692944 25.817895377168 17.3789579777178 11.3862496779436 19.2474987959773 314.215507808372 152.417707038788
27.8011671422947 26.8318650890154 28.5901211297293 17.5760235736293 14.8241903048124 13.2463317910504 110.836116233083 291.210404516028
25.3645944860541 28.1211801137646 26.5770270255513 17.5536345846245 6.6270272943632 10.3795548823409 235.572422039678 224.239877259254
26.8284666725245 26.788188586108 25.6626140124532 14.6358140965146 23.5361699273405 4.21446779085296 289.877895866447 168.587595533592
28.2070331968877 27.5645958037114 27.7308762179471 15.5957239391042 21.9957715786079 9.37946222700507 308.416119352669 116.737890799349
24.5550331547017 24.5741941488588 28.1169217314851 13.8704557999719 24.9140445656388 14.5680188802024 189.483100252528 224.224341235396
27.6005558289112 28.3602879246444 26.9940947853015 16.6021155652809 26.1126608123124 5.59250271707185 259.877569222493 161.642668879325
25.2056356731425 25.9579661911968 25.3191275097311 18.7260356269233 22.7977671128519 22.6534721203235 198.663829188056 282.811024906
27.079819810071 27.6764788334668 27.6718699008564 13.502913077983 8.56673681945609 6.75251795230746 227.668112482535 238.615232901545
25.0230827391063 28.1811105931035 28.1701694982571 13.977816995285 15.5114332846806 3.42289903517369 364.679810672942 71.059625782649
29.0815612586145 25.6494742642573 27.8280910945254 14.6225505282887 10.6998761717147 21.5374371362706 184.453233226462 230.393307132289
26.2675815522357 28.9165109162745 26.3867436315412 16.9688201470916 10.6382432373285 8.15843276442201 202.602117597688 283.041279543715
28.5149393938832 27.9877429016806 26.9040251083078 15.8912241718115 17.6718708180024 25.4447527398018 88.2440992501807 250.183840390205
24.6251401032754 27.128724731241 28.994698652312 15.1558126905342 10.327945110795 14.8663692364446 239.704557306194 215.29907072584
26.732313587942 26.599504718139 26.4732765426634 16.3852995607905 8.36008672929121 25.3350657767738 257.852893960592 199.016436886589
27.7007728966263 27.287259498287 26.8499280691136 16.6356477276177 8.59775121775157 24.7185235608186 274.520554189945 125.646758126287
25.6231940663606 27.2013174248644 26.8976320408661 14.4259754530781 10.5520772287035 13.8504264437406 294.168016165039 101.653296060521
28.351206655754 27.0556338283192 25.5024449011979 15.1478439176067 11.7062993470383 25.7243371914921 231.169928267653 57.9195202115441
26.5116764308481 28.2840538047475 26.025010243219 17.1992887041702 27.868052615764 11.5460172391311 324.331005889551 161.496994634326
28.1362761576412 26.7247470082106 28.343456922783 14.6511618209199 13.5621698795448 20.2830546310421 324.355101826935 82.0808712877906
22.3772852393865 28.0847129325598 26.8139802811918 18.7846990316342 24.0241681907909 18.9945622710804 249.231330121033 166.438534038465
26.8879158353975 28.349518769894 27.9840326681297 17.3616691598372 25.2562512717579 17.4744639034044 266.688062318624 139.873321464183
26.7541168094405 26.645233570939 28.0151307699569 14.8426970641636 18.7838877226129 3.48736717594009 206.466729939765 249.775642814518
24.2617414515304 28.6612500236488 27.5599939049643 16.3521152929821 11.0690983240892 2.42849787001826 282.311851959198 84.7874437519616
28.3805060358122 26.1547775791486 25.2491725464092 17.8802367702226 5.76496461194466 6.54038206779026 108.528464446495 280.231879419538
27.8710626138874 27.4504431751585 26.761180318029 16.6217269161901 6.31713956847467 25.0961814330165 207.179348197173 225.928204012975
27.8781011376575 27.339628280851 29.3821583971142 16.8531476738497 20.9510912446263 1.52826660531647 230.773675844045 143.59442346812
26.7644668068437 28.1285385477019 25.3427972291066 14.0543392356809 10.1526764036708 4.33412787820985 179.549084163388 194.409239279767
28.2052122210513 27.0498800345061 28.1241489396528 16.0081129462292 27.9787790626409 1.58127661321097 213.9104339179 264.958804903653
28.2086172920932 26.2286705658337 25.9525883244424 15.3721423265847 20.9019083125197 14.3368976342662 297.012282517241 182.567981272543
28.2306998767479 28.9928095840946 26.5319317219605 15.3262874542352 10.4772674745129 10.3710171042073 131.91906894151 263.880515552819
28.0324926135024 27.2416337887439 27.4959102068448 18.7667766925855 4.46732792175159 24.7166576858744 250.824318033152 183.261938360915
26.17495193709 27.5481140919222 27.2297679887627 14.231884499508 25.7556363249317 11.505523582823 218.896292451253 243.613590560438
28.923583301168 26.3827654703553 25.3258077419503 15.3962005745599 15.0669097881246 15.3257541037189 113.876346183065 294.971412900333
25.5017532556981 26.6979516588655 28.0689366935451 14.0041195519886 29.6122317744116 16.2953526795362 177.680273027681 245.397311308591
26.7739209088701 27.0459907305422 26.4947238791842 16.7849915498039 20.5914034025886 4.0067259551567 236.632704620539 217.219084693647
25.895138929782 27.5338654754158 29.2089614655446 15.5879276199284 8.08099123239797 4.90983305465422 212.425746567057 274.577830061777
26.0492752296351 27.9774293291443 26.7748217966429 14.0714968505315 11.5958508111293 19.4140799134517 280.858455993322 178.360013281805
26.5652179298871 27.2499647358989 25.7804501174295 17.2988311899512 10.8837492272741 4.22882580683724 306.331865206209 166.267087914293
26.8845947668317 26.8242696111046 27.9531939961547 13.30615157348 11.4594194384135 12.3288134469297 161.873357121058 238.951249384175
28.686340622698 27.4226107679746 28.9622895992043 17.8201882374041 18.7886328881972 25.2334924099676 307.612553872314 126.129483410259
25.947251217731 26.8094727201173 26.6847429868807 17.1447276462039 11.682608407736 28.052164812526 179.174177657772 258.065957269787
26.4538127265769 25.6700622910804 26.8615785033451 17.6510009374977 16.563863574217 27.7659121132249 225.265655510327 231.267525249963
25.752316919471 27.0381141213514 27.958487621049 16.2431254798119 9.38284551792543 13.9870571801721 280.12743067079 142.12028688058
26.4135107082091 27.884953396122 27.4436492462316 14.7349699778588 7.57094148778107 21.3445046404423 289.964278985642 176.006190268462
27.0557363021212 26.7196868107817 27.5879890685041 14.2321318557029 19.2769472471331 23.3411563284542 297.205924660817 126.771459204524
27.7978203543579 26.6031064938891 25.6599526443241 17.398336206004 13.6833748272497 4.15674777434152 56.5026368158265 243.37296616127
29.2975326400181 26.0446450835725 25.535381628754 13.5672474880542 23.1890054043373 9.56536386880186 243.385677380156 223.787595483306
28.594206502103 28.1102022913434 27.4596961298848 14.3410906162271 29.0822082622996 29.3212069716833 158.932103192189 279.650764100384
26.4972565822183 27.95640272992 29.490487509532 15.5066946479066 5.99496978643712 10.5173419338008 115.033318585182 260.861942434599
25.9595409979033 27.3809853469376 26.6611275111157 15.5792929458141 15.4286198666173 26.4427539520369 278.661412295147 161.711252402732
27.3315289365232 27.6668123824357 27.1427672804338 15.5802595016559 11.2033728936262 15.2365739970967 315.270786585146 118.980771978269
28.0013369092423 26.5747714536945 28.3751523755839 16.9487710113877 9.56813864130925 8.20528886952336 293.009693147485 152.689059921798
26.6410919402991 26.9765578100229 27.8899030495514 14.8706951268364 10.7213293402951 13.2373055004368 176.423809239385 245.801851646882
25.682632155778 26.5116828748365 27.2901602799782 14.5130363135981 12.4166779073174 16.4870295356184 162.532587685092 264.011702527136
25.6892254774806 26.4754434945454 27.0913631956863 15.0194138224698 7.93489287194906 8.24070567698891 226.708143881073 229.762822211376
27.3367644337136 26.5891802254683 27.7947882159767 17.4911305465191 12.4943232245466 9.23575643372652 351.681962703493 138.380208997221
28.260663394726 28.1064911906543 28.8728800407367 18.5096747566708 4.07423843543523 18.7621417758822 227.347116634219 247.024344496734
29.0889926720007 28.3406064823254 26.1901220157939 20.655604702519 19.5901186522142 7.84185285673346 285.359079524092 147.322874500693
28.3295728602538 27.5924465217521 27.2888413508488 17.5623386669956 18.9665122542485 4.73125646049144 144.089008752178 266.000781636794
26.5585660476782 26.9077330695826 25.5528575997203 14.2171960321674 15.8898271196444 16.6400989205662 163.224812878473 272.194736523676
26.4925495382764 28.1153024074259 24.8181267478061 17.4292129691425 15.9997462613029 4.26739342456254 225.881108533504 221.290962109899
26.2148670625703 27.2263519622808 27.5166083504055 16.1948111934473 22.4227755110883 23.987169145394 186.948250389163 251.54989048269
27.0538889315811 29.5570987950223 26.4239924068101 17.1844411761951 22.3023328951731 12.7309753241462 167.550745822421 218.261786859518
26.1629055165659 27.1810808040642 27.4365725037766 13.6684258718299 8.31801843281148 21.8984488991452 277.76831535511 155.071354422625
25.350223157412 26.1745503508069 27.8355494378643 13.1625510479322 10.1820937025547 16.2774215003871 279.013199266247 127.196980952109
27.4783572418586 28.7846040048493 26.4290110375845 15.8414814120428 0.799827853004599 10.2990768572068 125.666128507652 299.600475077918
27.5821792154484 24.9978771175212 27.7193295249433 18.4215389450043 16.2395240170683 16.9392344009147 78.2938981726269 258.180298604896
29.554237284388 28.4602611881925 25.9924609985217 18.6066797282069 17.3957563770979 8.03112298027158 310.600265327679 151.730339967138
27.5364863595813 26.734356043569 28.4800146480534 15.2025771990768 10.9806219411717 8.34510603368991 169.27584216255 246.651925117315
29.076172283532 26.3627773536401 26.5619733662082 15.2911451769554 14.9733357427065 13.4218317901421 247.764573420212 206.949146424731
26.2073631258012 26.9858524818013 24.2976583121325 15.2342793768303 9.93551375617686 16.1961124149729 222.992908398102 247.123217487631
26.5258223056905 26.0316148783442 27.0289441876076 16.5293834530153 5.57031847900909 10.9330598794079 286.022992902185 192.898190935508
26.340793961067 26.4261866687292 27.0196174428392 14.4189347201746 12.4109376987834 16.0222609610035 258.031795893061 170.454309220165
23.9902119539901 28.2468748341368 27.1166141740263 18.4518300149048 23.1972658182614 8.16723800830767 324.381069047642 125.366773165081
27.950003649097 28.148474447545 27.0178529889624 14.6499641790707 6.193782804997 24.9323793106866 304.786487916486 102.024253595176
25.4154711650306 26.9922596566857 26.5262994620044 15.9621254840743 22.8656699363793 10.0638339717661 161.545741081394 284.123829449486
25.0322153321893 28.328377111839 28.1679262819624 14.3066700309136 10.7541192067672 24.862341827288 296.628585397322 184.060021797643
25.736824635401 27.3899140820684 26.9892910742519 13.5611087775285 14.1273931650307 9.62401615173794 236.00315735595 215.709035102644
27.3682594605415 27.7061944208913 27.0515735412747 19.1679961612341 10.3230391604186 9.03867380369124 306.741175293608 101.251692769074
27.5854299566753 25.5405314465803 27.6985953828745 12.3812864959593 23.5519649926522 19.0262152223021 215.326112502614 201.533449114211
25.2839675822178 27.1577002408201 27.6165060073038 16.0605732506383 15.7868107823461 28.8106517798485 292.258816245656 195.440944539946
27.2218379434071 27.7142194229455 26.7670032847175 13.6068016922832 25.9931758044673 15.8552672476345 293.473400277615 161.235382784503
25.297610038357 25.6105456202244 26.9702222059693 14.9261743135568 19.1242075552718 19.9946866842516 145.164982771371 295.286401410901
28.4561554027113 28.1105943255359 24.9594230696011 21.7722111742917 14.6973690917255 19.1672353506232 294.009917351059 42.233961574817
26.3628703762326 25.3532181536098 27.167930035545 12.9607373021312 14.7725637570018 6.19360187029917 249.718704286428 69.2274176765568
28.9731875513238 26.7938615291251 26.4711966783532 13.9669418233172 22.0615911777797 14.5196439126829 270.951999531333 199.928336941376
27.9129987740948 29.6328080200187 27.1114829590297 17.1418624427762 11.762800326372 11.1025201503235 70.4893284830694 287.811117898699
27.4504406543157 26.6346349853669 25.9997300339534 16.1029916954999 16.9144278844925 3.91811303509826 144.071498087843 227.439949678505
28.3379010333845 25.5234457446698 27.5259302168892 14.9492033360077 9.54995860314836 21.3674926011147 230.871907344728 197.33237722834
28.9700105457096 27.2373561247789 29.4382572705878 21.2583022951669 19.085778870212 0.684442201272318 305.391015519277 190.585899273194
26.1337336838601 26.9666433289634 28.8094382455396 14.4552859754077 10.6639349329111 7.11591140115131 335.357790491894 115.643454537028
28.8939210118449 27.6724121793975 26.5272685177947 17.3563248024089 13.722584174949 3.26494915484831 322.544568160949 168.407782477272
26.142406429426 26.8997830690721 28.6482423756688 16.4189973810692 11.2238456472826 22.7052058849308 262.126335175711 223.610343897018
26.6078798420103 27.743918023859 26.359081044035 14.6019916395488 16.6432841149027 26.3151828015923 202.758018064082 145.277850858096
26.6333774524832 24.2515201345407 26.8148100014119 15.5865956926098 8.1923273634115 4.90830053735564 179.65511444863 252.933014906326
27.4050337816842 26.1577369983554 27.513793444749 16.7564731253904 21.7650144233192 11.9480736250607 263.911746023105 152.097089866677
24.4747216502227 28.0861117246148 27.1158734304863 17.5185567216899 18.2466521163493 20.1169363835238 322.82875981742 125.109863615721
27.8581627824035 28.8800714295388 28.2500210945055 13.2426771913758 3.75426532188441 14.3654290980541 217.208809494785 135.190428509266
25.6770732121533 28.2045390457066 28.1988604347327 16.4135262740798 8.09601755318089 11.3810136379319 268.16474908533 136.58840295727
27.794296987403 26.9002264198801 27.2265556139808 13.7618856627128 13.4308939848609 13.9528260564071 138.174481706129 276.714681713455
26.777388178581 27.4578229791121 17.1438392957451 19.1160923248833 5.34461911737755 4.03514394770818 233.137024817243 213.815205330497
24.7572090670967 27.0494235704674 26.4207077656852 18.4155461862657 18.7875147858929 7.24877243775405 208.385376973793 244.847055038598
27.2842434685317 25.9502116458076 26.8825991825947 17.145263573085 10.1132202294661 7.51515328454896 102.904074011432 250.272845042642
26.7652002701025 27.3154852802851 27.6328620736898 14.5331971758228 3.8588217455847 15.9417897419303 219.409302100693 266.133926515264
27.453209726662 27.2104490224016 26.0675992440199 14.6695771270279 23.6514081265241 8.34857411222602 241.033681855918 245.779575888333
26.5519769019775 28.0224683528882 26.5325548548146 14.6985362668211 6.33243538553196 20.3911707685164 171.627707303645 237.425423298875
25.9638018950913 28.1291212052767 28.5227608459389 16.1095037676207 1.35054713772108 10.7914394001002 247.776638747374 181.150392975055
27.7403009793406 25.7254362943247 28.4755716643929 13.2219610534881 16.513300395487 16.0352256244345 184.778114809517 283.137298317817
27.3180509929554 26.9387414995744 25.3874452363374 22.240460157737 9.97447915175104 24.1689091622682 265.625262542612 161.18800748167
28.7762775788108 25.0103494068004 28.0402540216548 16.2450707409412 3.20096582061389 21.4552870897728 199.178918096452 236.97188914919
26.7390353556862 26.9809798539456 26.5930247228707 15.5612847345353 8.38129599715659 20.4359076714098 282.549355843755 135.195402312841
27.9686269428956 27.6472854267465 25.7509792412814 17.1425344976002 8.70861363964428 3.34772733159392 278.864021408406 167.115453467104
26.1894344063903 29.0424258524156 27.346054152324 19.0556769791091 11.8679835008485 8.23930626017662 312.759458473637 149.799659316393
26.9416375923899 28.3475767694058 26.1070308175634 16.7001527619057 15.8219906030586 15.5663565325306 287.63163646458 151.454381807123
28.1947760347079 27.116318519452 24.3063994945863 16.1964202385599 20.4377628489117 7.73785131980022 258.463260773617 157.091243017581
26.655799454956 27.0370644661906 28.6029562347824 16.2532676104794 5.7274700180951 27.2839184742582 366.496487806993 190.928049085005
26.5753175265536 27.8675539876794 25.8533534022394 18.0635979770799 8.43680167965979 26.1335684049052 290.320644891306 149.770596492458
27.0816915667986 28.7435828878577 26.3148467754385 14.5186062318272 29.0683948676236 24.7081191331945 272.235660850326 145.659202334965
28.0433815901962 26.3987080591082 26.6954846824742 17.5484416838056 11.9523877380054 5.12645740281111 294.695729309513 195.281491168283
28.9406677047742 26.5893000679778 27.6619544831547 16.6331621297434 15.1740832424124 6.87653386087246 294.277418699772 138.438921883362
26.0135739189032 27.1522557197208 26.2816368174452 17.8492262240897 9.91839492656245 4.51348214528611 206.188894602949 269.455596410799
28.862787248926 27.4285906554225 26.5827357042492 17.310260807516 23.1443381811459 14.8177495888916 83.8412837938777 279.403141894068
26.9121036660714 26.8433402866691 27.5309692712399 14.5329028388612 17.4755953866464 9.89430242344143 210.446505229142 224.726188747746
26.1674061413226 28.6536982921154 26.1206951175642 15.4319086529713 20.8904159493566 28.2018773413352 264.0069655224 144.179434693414
25.6383770544968 28.0543092784081 26.883017756421 15.0933091504332 6.24354228042742 21.0340691365096 230.39283959932 241.008773254344
27.1702697415973 26.1119589961304 27.4288635472146 13.8789092995593 17.8877527307217 23.3191522028263 94.5161051417066 244.746984074248
25.7439263536875 29.4914841911287 26.6242661935564 16.9812574900311 16.4498117268742 19.4778415647493 162.998535962915 250.553561227355
28.8273232289743 28.7748458140619 27.6482608581213 16.1482033673909 22.0193628140002 2.3040108627705 162.614169265489 224.4117816397
24.2538597609075 26.8589573946831 27.4805941963305 13.9693509955659 14.4091127289944 29.80144470183 284.871606508512 120.322976590825
27.7752068455214 26.2581537149005 27.3255032730703 18.8113797555658 2.56870941830202 23.9819666423792 94.3097947488168 269.278722908712
25.0309077869302 28.4598581852311 27.6551154536631 18.16394919068 11.0545388231666 8.01196244596275 295.357103826039 67.2709311396752
28.9640090629878 24.1265169227037 28.0192894105321 21.2728712281587 27.3286230424989 4.15718034826006 176.60042301805 258.832494587488
26.420373142199 27.4537447713419 25.3340031988448 17.0110297360313 21.0539009733533 22.5886110987994 267.796514338139 238.000951894383
27.2694370453842 26.391523331409 27.758877858051 13.0125210613236 12.6308071620336 4.09253207921525 134.777444227401 196.259264043004
29.2554214245292 26.2817948252677 27.7062375125599 14.8615557268953 20.6574174570229 23.366784583956 233.229839335842 207.487805076886
25.7073959507465 27.9381643908848 28.3130287058386 15.1001359860395 17.9234737365308 23.371941783158 288.265515775666 136.075819812432
27.600657306987 28.560156669684 27.5447354676544 16.1670290455797 9.90113434759448 4.03055375663644 97.3796819402467 268.855971123437
26.0271251347378 27.4264684678312 24.2260229300692 19.5402824765501 19.7874485330361 5.7209745622119 212.715860627797 256.338822691629
26.5767032789439 25.5748272214551 27.9558785611161 15.0320934843305 2.40420444284188 24.6816970537898 268.814727567483 187.41092577424
27.1206361622229 27.1736136490676 28.4757791818513 13.9813030001286 9.92591267155282 11.3973827648853 274.522435149459 106.768565283545
29.0646054055641 26.0430147114773 28.183063436146 13.4189713335555 8.92989862381056 20.1765963356306 258.712880349707 208.00593647388
27.2850703597854 27.6863276018773 26.7892951346599 16.6455472895281 20.7035521651359 15.6613014083746 173.370333562074 259.757395271067
28.3828455923335 27.1402742277508 28.3311665046388 14.0690493827435 12.6912212364147 11.2418527176706 94.6867885741172 258.039764284679
26.9969151514872 28.354103070965 26.8410713266872 16.560910400679 15.9415647571149 9.23185859260726 287.985612701337 87.5325864867972
27.7842157470079 28.1675968713429 23.8104843475981 16.2217637263164 18.6922621662387 15.2571151299849 251.818146370028 219.999868088724
24.2981470387636 26.9308438017789 28.2452057624962 12.4657320543576 9.03235828692637 1.89731448338316 274.635557996408 131.559003867575
26.2115110160974 26.5893207726125 28.6295535066791 17.3312844180701 13.0726594874384 15.8058897432587 136.294141354428 241.661547328818
26.6382793676033 26.8765498074743 28.1302977118063 15.8493928848891 6.93141181073625 27.3896224015603 229.657824231686 202.867528829222
26.2206367534136 27.0940957240244 28.8521543581038 14.3672595185479 7.26553509434411 10.6897763171458 287.072754775403 118.146049723099
29.0066667092854 26.6073615975289 27.3360099475081 16.0205914792451 10.7089248792541 29.4092551910404 295.703814817797 177.621668180303
26.5853624668012 27.513445057555 28.0311654543041 15.2664197458461 18.016473223703 13.5526248016393 129.930086567493 251.054326344759
24.3074751129747 26.7710677483516 26.8985061803531 15.5623013733441 4.60646879949827 6.29708679781216 240.579886411116 235.011416237273
26.9355588842616 26.9906994156016 29.5158290152717 15.683784951999 14.5494506827737 7.59576606545971 303.298394343584 183.487508704985
27.819384561407 28.4892252704118 27.5340494936875 17.888054189446 19.9061612821814 6.70235085517075 127.799081898973 285.163021899744
27.057879450116 28.7697793472202 28.8883064772579 13.167217360065 10.3059080392248 18.9028039404113 136.250323480009 219.851169142605
26.8210084726145 24.5853213344738 28.2347617318942 13.4821648335189 7.21215407630677 16.6681739519014 164.914235988739 252.084201695865
26.4339952074469 27.693609892814 27.5006240671961 17.752555760181 9.57832974033594 20.6278040817866 164.526170260533 234.123305093785
26.3307703233013 27.2869435467679 26.4609435808443 18.5017497519621 15.7352288659642 1.15092654631081 280.823174637207 112.905200779017
26.5105178144892 24.7754627125483 27.5315798649046 15.5302834259155 17.0960168615511 19.1152540462524 195.075046267789 252.205728005434
28.6990420485299 25.0881427030366 26.1469247523695 15.317543863101 14.6396402574166 21.7512754192897 128.314791070962 264.217431572252
29.9038165143815 27.6011917464749 28.2033981816316 17.5081527956026 22.0483750973257 16.1279260029248 265.511737151006 196.550584192259
25.9813906175388 27.8792562807146 26.7211421981484 14.2813611945779 17.8074315593625 8.81712364710298 178.177853062516 289.268523899036
26.8090736751697 26.7993281133087 25.5778006850109 17.0158804466037 19.8107977815983 9.8658293952737 199.351907840003 247.296779556983
27.570080909343 26.7053004094526 26.0459219900962 14.525840803246 20.595728959075 29.307646947295 170.921346672054 223.06805797937
26.7515891345624 27.5328903478657 25.5244811911923 18.9128630386588 16.4601858694245 28.9280532665088 59.7452616455758 255.776726815118
26.0882076993401 27.5550371558511 28.7278875849529 16.9926512470929 20.4134799290177 9.26827093848293 139.425352192437 277.983078997154
25.9368172663132 27.8989372224358 26.4702196134112 14.8634421995101 6.27315860739293 6.53008558388647 281.223972072018 144.321737036486
25.4876487588145 25.4010288443782 25.8680529045574 15.4937054036005 14.0770611410472 22.2588838118837 226.091065524566 335.949869408939
26.7027818420281 27.172006625588 26.2161625017475 14.9369389882812 18.7480458080537 2.99635623119252 290.469755993952 194.267004171993
27.4926149792746 28.1979476263186 27.8434979315674 16.1447684855209 10.6107027799458 9.83497714784654 84.9472061157622 296.642583575199
26.7706048009738 27.5616001425925 25.7312236380421 14.0955072657759 6.47863423924221 2.77879751235466 223.316307232455 231.745879274795
29.4839115855657 26.6642857966892 27.7223995673091 18.8325887657667 10.8296834765543 17.1722860188652 316.930148521232 87.2675150915193
27.416174245797 26.6885120431297 27.3999623031706 17.0514261260232 9.66895052921138 12.5968964967638 265.681437603495 239.865382021939
28.4074288605072 25.1852054828839 26.2845653965571 15.5756360039772 19.6017349946009 6.91212049938634 104.928277580213 255.223616521128
25.9625927024287 29.5965263380088 29.266130800205 14.9907746236068 12.7544980383211 9.81280334630908 132.504326048184 216.890183116171
28.3595777356426 28.3025479615588 26.1445289691252 14.5706454365767 4.71196988610702 17.8467357769337 211.376467936924 237.507325444561
25.7425022255179 28.1608561623739 27.3844658813495 17.0552280541964 12.4835439683786 6.14763599556115 195.43748791699 260.58706238642
25.9893541504069 27.813289370935 27.6046637036539 12.4584954303891 7.29746193090366 21.9354708751098 194.626054232011 221.252065969534
27.7734281378618 26.5703706785344 27.2665225953966 15.2913485065061 11.6737650353879 5.35969194823237 267.144543101812 178.968799585205
26.0694251809703 26.213781654883 29.4489422127517 15.6169319603638 19.8642954266338 17.3846459822997 252.039863020306 221.914387965066
25.2312068817991 29.2724651461411 28.0518763384323 17.663447368849 20.692330999586 29.2650784254062 155.019506254805 269.667819418191
29.5949872496387 27.5428557071296 27.499646710446 23.0142104719253 23.8292522897457 1.24138766672062 314.789488808895 123.879985815649
29.5951366758518 28.3204491814115 26.0984132596562 17.9857171652586 21.4528040734345 27.0323379045132 298.93968819095 99.1477443346521
27.4657790789431 26.8088544620117 27.7313780377963 14.911341168219 18.3421970613841 5.12004910959593 194.955907807849 274.701687087363
26.2221820309531 26.8819867891078 29.3279985905036 17.4988719392299 7.19720777003445 8.21383834611317 300.367393212675 209.741425222236
27.4083022032056 28.1292766640172 25.8461363871066 17.7953163348407 14.1252449644325 12.4376415690987 271.887493954393 149.923602288242
27.9590707604168 28.3853244879412 27.2088834172337 16.643255258149 4.49779909946133 12.3363764341525 201.074565878288 216.534200920422
26.1314978223647 27.6819099539817 26.7286775666114 15.7631021906242 16.8908592717501 6.27328258071431 221.308284194929 292.772570480897
