25.6446912921389 7.01005155549464 21.3721421407408 23.4167504634183 8.85193829288697 3.80548066703387 526.043668323407 59.6914135850706
27.0207851157911 7.16213630393236 17.88230780922 21.3716596689573 16.0548170570124 2.68415387102687 523.859273880216 26.801693105578
27.7674199868044 7.38939479520581 17.027288757084 22.925434238166 28.5005779855832 3.20624750746767 525.43601675543 20.6158350160801
25.0664592438336 7.33040675679417 13.3902538127443 25.1173931017644 11.312184276869 3.15681986854069 526.294564013126 47.8133268388443
25.1004592566372 7.07096451240255 19.3581613119899 22.6386777821945 8.19047433068312 4.44656757661203 524.460979885899 14.6641542440541
28.9871152916543 7.32226969128969 14.5087895530421 23.6175585692422 28.2031691717028 2.23009849605584 526.285299439865 16.0104420078604
27.3075236662019 6.95992801675751 15.0796919020785 27.2104619973212 16.50520880135 3.99383287533114 523.052395394141 102.875403856791
26.2108157998635 7.26034459279056 17.2549995532512 24.196477472056 20.6406538382985 10.832010892169 527.801965683577 6.26377360064213
25.6933329861481 7.26518568422317 18.1027983035515 24.0875702852045 28.5794682673459 4.94154144720357 523.552500477642 89.4141004077813
21.9539211977283 7.34200178596059 5.59457607782057 27.4847415766451 19.2095879485524 2.06740013107443 526.848017446099 5.75715554073665
27.8102948575561 7.36632518303618 15.7631131880454 22.720165628699 26.236965291967 7.55533835361264 526.274839352996 5.38609133973246
28.5906419837587 7.10671013846489 3.02208192855344 24.8373096617889 24.688285130146 5.90587692675601 523.974893649037 26.5595057827061
27.3667238666547 6.61058648007811 3.65294596734601 27.2382193748307 10.7426875990541 4.93932309904855 525.630304045 57.055733066263
28.7749840045471 7.56037850976983 16.5518412472603 21.3005542978445 15.6955786504911 5.19952403889557 525.90894125225 6.76551744619508
27.3223433083736 6.87643175255669 9.22369822818563 27.1657454974446 21.3068575951827 5.95928463499525 526.335837406052 33.3635749807278
27.9253726721004 6.83099245938614 14.3936523176428 23.1001151850328 14.3237257527084 4.65846138539187 525.838015451693 33.9462802074436
25.5492688669413 6.94905878296285 23.3423864298388 22.9016784630301 27.777979265212 3.31171163945437 518.606407532924 147.006866651237
27.0325274713967 7.43197176295711 19.1253783656763 18.1133873562603 24.7151864034063 4.25904144049896 523.793633039431 17.2994225073831
28.360728734676 6.94768438070524 18.8665566536986 25.5644679407565 24.4736307656283 6.29007278486422 518.193654600059 20.8627445195887
29.5695356114573 7.04355292548676 19.106722778124 21.7014969716542 13.2119945640575 8.65598050056469 518.216503034804 98.229762817824
26.781346504928 7.03403114679666 5.78041199808064 26.909704051272 27.0697661684636 6.24717133947464 525.575949411185 49.677634118642
28.8448798610986 6.72791254565155 10.4989732965231 23.0059782612418 25.6577859821831 5.54430260190859 518.067306083171 41.8133167423991
24.8304386037038 6.80213306067877 20.1289570479428 20.5253629141927 13.3243607323988 2.41474411375373 521.303632058528 62.0038010804744
20.0043906917244 8.48143071804526 15.498112637232 26.4919461957129 15.407431314965 7.54659206336158 516.598535743683 139.051729851339
26.9427155612668 6.48337377484269 13.05872315162 26.2419366378971 14.4502234191144 5.47887438001666 527.870212156766 42.3631954798961
29.1340442282401 7.11135251885719 17.9872979754403 23.8715054292539 21.3277012840283 6.27029590631207 526.776760870095 35.2765955586271
29.0389670767144 7.28447888147762 11.5285583768673 27.2131605766182 18.2387451526017 3.28353478672675 527.198851427753 5.25787543946664
28.9067617494101 6.68273114774887 8.21507200355628 27.1575791358874 15.9205424278078 5.75207918384889 525.13149253765 28.4275406267881
22.980832697136 7.37335342934362 14.9306361492388 21.6699226965176 18.3588201557802 4.63608015892038 525.589850406966 70.3166125352304
27.391350040969 6.88891405941353 12.5405420648524 20.5135404209574 13.8535478905906 7.16924378417516 521.648727356293 11.7030000634823
27.1365799283344 6.92313459458586 10.3039417220491 26.0659410694273 11.4724513891593 6.41776456457797 526.831918719554 32.6333454004874
29.2270350695422 6.99697616138028 22.3896474882866 24.4813300063583 18.596766568887 4.14841480333408 528.186511566899 74.2620306898568
25.2121792732764 6.69353647760529 16.8856100808156 21.9696104937637 15.7473598634541 6.49528645058616 525.331588763107 9.06595939027595
16.9206654549104 7.33979815649533 13.6503778451789 28.2286820794159 17.3597125679995 5.74502083598516 525.859006632636 9.73446805604868
26.5391556594173 7.23280419268774 19.0158327362184 20.9118348511068 23.9588823707695 2.77727659606909 525.239864853907 24.458947086934
23.5543973596702 7.37384403702854 20.3816025507702 21.7583401267599 6.36078847375439 3.61417769702865 524.978963609654 59.3616830614099
25.6307048174442 7.44198231699954 11.9950984909303 24.314784935366 13.1316677646978 6.08370792805966 525.447910105732 42.2115965532246
27.1796093848006 6.63028997018997 15.4756922468166 23.761417285856 19.1792804152426 5.7605218907297 523.369736981473 37.8730814385713
29.0191927474738 6.99853278046391 5.68719401839972 25.6222519050546 9.94855125019358 5.99371127610203 520.799020684189 9.63580958539123
27.1174867939033 6.95540603809434 10.5297733867919 25.3172125497907 16.4413701141055 4.26011543810139 521.817816243371 66.2648652435798
29.5734689015428 6.64216002341897 13.167624698697 25.4821020696498 16.0854328338893 4.94919032582384 520.06547780754 22.6570408807054
28.4811678310029 7.29514679067309 17.7501628698181 25.0647740746629 14.705936589214 5.34244430611807 523.503123599242 15.275971105069
28.1604965060928 7.01433140425883 10.735035496747 22.5265092705693 12.0587215291052 7.1645528993701 523.503951101851 2.67399291756614
20.9332753107639 7.24661691400747 19.1302988691739 17.0800098213269 22.184493917246 2.4888574201876 525.70487247975 65.6119647354181
29.2167153998543 7.46145247701942 13.3175883978005 25.0067985532309 14.3339666584941 9.22394973788495 526.42097894689 2.25409295395127
27.9491762033676 7.02075319712615 6.37229822050534 28.9013880585996 24.8634526223201 4.84316867501449 523.853036657917 56.0937483487329
29.313869278996 7.03919630539751 10.8680146709758 26.8905093513987 3.16115956016341 7.76393753025614 526.310775350563 35.2138066043676
28.1489786593693 7.50336714981412 18.2099645792832 23.0800165562797 6.72464838478662 3.59645356160778 527.355056714422 33.6455376289949
26.5027299181363 7.30469550109719 22.8492879112523 18.2682844508038 20.8189010756543 5.81147512899408 523.251303651225 28.9027177360275
25.9170898554068 6.92809554852326 13.2220608128634 19.0320846186353 20.3363886731747 4.32582072658079 522.803631175654 106.87040445153
29.8355406355017 7.30362445267584 11.9951921181629 24.4031210289876 10.8606626337406 12.5784181352034 525.234004724668 1.32126445017552
28.5317986576657 7.32157804338919 6.63578382514725 28.023346783966 4.96027720290491 6.28121450826728 526.172054503363 13.5131591306243
29.9467129971923 7.32829551364854 15.4101015963234 25.9074855136728 6.43345404963914 6.07402520306529 525.616972002368 27.031146864952
25.9253959463555 8.0689932521634 26.9716157697735 27.2040685944161 10.3676561369667 7.48994557867662 520.060908800738 91.1891442825515
27.7159740128775 7.22943741996376 15.7853801609238 23.9776528098452 18.8761864497281 6.84398531049468 526.723651186658 2.36494883987686
18.0296212924166 7.27812870551989 9.16652922051494 28.0755873268329 28.7325466921173 4.28757788810868 523.883625910628 34.0243018946125
26.8811389482655 7.08771295605325 14.9524540476904 25.312385923662 22.1277573101188 4.10761947579121 524.177801288689 28.2398494534467
27.0484801486644 6.83369109138979 16.4149448932521 24.4312997347064 25.7652830756565 3.50951221189812 524.407167592335 10.883829917239
29.2544289231219 6.59700114511936 6.27899137431987 26.9921788881031 13.1209409619174 5.50329628305755 523.022380377783 69.6258748941662
21.0739452676447 7.23401165201402 19.380582841303 22.449155889763 16.3213913717225 3.90799916656432 524.550902367224 24.9739797273876
25.68237626378 6.95371421815511 18.3928523236111 27.1384970451836 16.3241959766288 5.25892491018526 520.716632718985 33.6096661661782
24.9307078192897 7.2981515040724 18.1242668447185 21.3571760182727 13.2623500975653 2.8243948313201 525.02040793582 15.3295708649726
26.5442357480119 7.7282616179792 22.6103536802608 26.3451041970897 7.60998258532388 7.41842324035807 525.531590366346 20.3283512062964
29.384511393743 7.19047725096156 10.2212757980643 27.5463898897654 27.2726435171737 2.13310622490193 527.893705881262 1.569839983871
28.6686415796252 6.86431135379303 13.3704576136149 28.0181807620728 29.7694417804199 5.71761294838089 523.470223254237 15.7459784370003
28.8975156874835 7.33405285151264 19.3995946759989 24.4116882854565 10.0479376905482 4.16315390904687 524.809791741791 16.7365421710643
24.0368343534889 6.75526053184013 19.757278529797 22.6496500568089 20.4295732033545 4.90179603935301 521.205058411234 52.9138821404374
27.7855997795541 7.26363569703671 17.210756225341 22.8942283768701 18.5022261614991 3.39627522036584 523.532208808907 35.4411254447342
26.6430108943661 7.218784428173 21.0926012717536 25.4306765320877 27.4417438517175 8.06152120817294 523.179142455667 2.69976671932806
28.2598867718967 7.15091950236227 10.0820513937514 29.3378508124922 18.8784012885786 6.35446690470576 520.042018320455 115.628362808251
27.7785564652049 6.72994028054105 7.00094334794755 27.853995170342 9.08134464763606 5.6711929911691 525.753428467016 21.1259351369674
27.003194310587 6.7520291090117 11.935472732156 26.3318653414185 24.8267133767592 3.8250543616055 523.8474624067 16.8571963135769
29.4555188091987 7.1128961322402 12.9889261891285 26.1518518659155 26.6744557354261 3.29878288598667 524.071780505867 20.0939027001985
25.3311333529205 7.40745416662157 10.0078145126292 26.5898538540064 18.4896943578223 4.94199750016488 525.178708276041 8.46630120240337
27.1223572985194 7.16785225741356 10.2423414962547 27.0026634762644 11.3297285229723 4.93492068638551 518.138842429333 20.3990556114384
26.2117329691304 6.83071129507633 10.5580173134712 25.3359553111086 22.3299109781848 5.90162679181919 521.106145636744 81.6161200202533
27.2323130587943 7.44546683781849 10.5221743736762 23.6804078763562 10.4837487724894 13.6579779673677 529.305111564134 0.779642842418389
13.4475977234687 7.36151901478672 5.60198986093581 27.2086518410536 29.561183602777 5.26726797724624 526.584531794464 1.33414520338621
28.5457448948684 7.30159662736019 9.61875912713652 23.130622048046 24.369369400747 5.10116875082833 522.354786660502 83.6370503630423
26.4573584794132 7.24853130086968 3.70881410843855 29.2801661651334 27.0551216826202 3.031461417685 521.394803215306 243.789307494861
28.9549114884259 6.79979394681273 19.9532660673564 23.3094067685784 10.8290725101916 2.83517331325575 520.831324202537 7.51360131604356
26.0769821707991 7.59440350645743 12.1751828965343 24.9684581113906 25.8152393301606 5.85542576188529 514.819874149478 108.157581529839
23.321945547282 7.3438826590852 10.0123529225877 28.0872471173535 16.4286080284212 5.51818899173399 527.492026520615 8.94911888078108
28.6577431168011 7.58860197036989 6.67360664512195 29.2127149853285 16.9664317294934 4.8493921132666 526.227312043029 8.04054333810742
29.332456118789 7.40829343366497 14.3796275910239 28.4589179447311 14.6109173994278 4.98968008358123 518.601618011596 44.508028585483
25.213514984853 6.74315527260585 6.89340074309571 28.7523751092681 23.7020866928467 4.29649732753144 525.445451829076 67.7296183613248
29.0244407391459 6.2523883585516 9.32413378040135 26.614911945606 13.4480062362099 8.49311421832802 520.321423259098 78.3214737361637
29.4938907640048 6.88181426622721 17.1873195778441 22.9338762525259 17.0294591306113 4.95454328855892 523.494302716347 27.2354776967002
17.0074398161117 7.75080092732852 6.54729229511693 26.6447893212267 5.60470024334577 7.36810642851872 527.251469079441 38.0878943333371
21.6346706535911 7.2585745241954 13.1631554473239 26.8288731950946 21.1997202137306 6.27914063915956 523.753304065028 2.02176250783164
24.0201814058614 7.37813354824995 17.0969451537146 22.7425915490281 15.0820385204508 7.46332436941019 526.578300497212 5.07668523013381
22.8404984336274 6.4452713331146 17.4000702965318 25.2022523476747 20.7310782014598 4.22100012696831 527.363409430248 56.3382270288821
26.442690063902 7.55282787365874 19.8229781437801 23.0831273100768 17.8561844408035 3.8292625319951 523.739839114159 61.7000664080802
26.766636699202 7.05237040430281 14.6904790865602 14.9678330130052 20.71059455129 5.44496661692745 521.40607719344 56.1662829869301
26.0172828449304 7.19735337413348 10.5381082963339 24.8085954348483 15.712662215413 4.92743007531854 523.533510737732 81.5302215068162
28.0190553454846 7.79109335626889 18.8159227212441 26.6015901816626 29.9870321262609 3.06226475172954 517.226015635816 154.068280431517
29.1285470292612 7.40481453987726 10.1663035951453 23.9170334799064 12.2353351113938 5.87988475374156 525.632065840604 14.9025889647897
25.1827331944775 6.75540228050741 17.6371351939544 23.7525261622553 18.3258966222901 8.03257079184176 523.724918323799 5.2946300949675
29.9122939070629 7.82251480929161 17.1118954821533 23.5140239990979 11.9906328256991 2.56942387587312 523.238345968494 127.035300633494
28.8800409095087 7.49737404727209 17.294384499427 29.1258607218474 25.211659864175 4.05662241703599 527.095696276831 1.94635519299484
27.8335483862391 7.09577249654047 18.189314856028 23.9656807222136 17.9134134535251 4.39986281201727 522.904681085984 31.0723299426598
28.5595127790856 7.18222819837003 18.4164390815485 26.2354441483206 13.0152940153625 6.29117731928898 519.273612112257 16.9720846674589
23.6001162868395 6.20449981635829 4.35277645920685 27.2070375895316 13.9879815695846 6.10088991581062 523.608061147581 46.1798051609832
28.517759249024 7.43871484752344 19.6699134930392 24.1699891165971 19.9464974927397 4.29846249479664 523.065445870398 39.1345716039997
17.0100842460736 6.87883762392802 18.1502326069612 17.9580895571437 7.47103586915842 8.1692855461887 523.52198608172 0.125559429355294
28.3676435560067 7.20157564504172 12.6867037472906 22.7953105849657 26.3415995303657 4.19038476724889 520.846404088424 83.2655620914649
28.4250004153329 6.52331211275555 10.0544743184381 26.3166346791633 11.883204476717 5.89432953464393 523.29501878758 41.7297971681015
28.7167911223966 6.74006919437771 14.440425324187 24.081246089667 27.1215178822887 8.65736693275086 524.383445012446 27.9258724134545
28.1480528185088 7.52143011958415 12.8652157996747 26.0991590071773 22.9395404050167 6.24104288803888 527.982321759758 10.7650320416308
29.4131083562908 7.47962473435482 13.1064102145667 27.3545359084538 19.6669898830945 6.25308822789531 527.341247683947 13.5337181829731
27.9536376426014 7.42585035432916 8.87085576675012 27.3306618526128 8.64463646657416 5.69856208890645 526.330355320981 28.2792408147558
24.5983191320571 7.20923996109311 8.33046008944918 28.0358566935359 24.5235357298807 5.63553903645071 526.507667332208 5.99480818822501
29.5948984743753 7.21342142478528 16.5375967998809 23.5420407302435 10.3076124791414 4.8261018847445 526.378135013828 37.6077474376755
26.4872103116657 6.53123155428258 10.4992987345163 26.8676938022213 28.5470716006174 8.7528762510628 524.363216913703 27.6594029792765
17.2618807133705 7.26900393305968 15.4551206944848 23.9356798794431 17.7138455555745 3.80355067287733 526.563211466398 6.79999108917942
28.1463185761826 7.27247671085007 13.178726484185 26.9549678377397 9.30339633326557 3.87293283070916 524.907016500068 17.3785073852054
20.7332997724574 7.07074419576179 13.0176263371024 24.765734727827 19.3608391107723 7.02602807658842 521.897047530808 2.69109530767968
27.9977031778296 7.29571667272112 23.0671836367381 21.9726716544379 29.5790111820042 7.31833928628255 528.715744970941 11.6987859657757
28.7899133942602 6.87953319870569 11.5053690422575 28.1078506310823 23.0001548481063 4.20813387507555 522.654547911098 43.5076957385799
27.1520923540723 7.16777912718821 9.77285634762951 26.3589991273927 16.2652741679642 5.94765700116756 529.053287861325 14.1048363685186
27.2164396646861 7.30496999569703 13.7376185548323 27.577890253765 12.4168813763496 5.45983700661526 523.005066279483 18.4719507964057
29.5721884441979 6.89363973155406 16.4401609527737 23.5884436124624 22.2107974016804 4.08954149567685 523.165158993781 11.9685380151931
29.4391528461778 7.04819026250018 7.51642964901296 25.6857983378096 12.0018182404476 4.46246534589358 526.880026339132 19.7851586161198
27.7608004652489 6.51963239845341 16.870364859258 21.4633928533018 8.55030215005772 5.15511955614824 521.923148330629 18.6159640384262
28.3962741258357 7.04173128284528 16.4712712547175 22.3782839711303 24.1608201453757 4.22599585538361 525.11279587431 39.0168250859841
20.2278477238867 7.00080456261202 19.0978940485677 21.0721419221966 13.7794797398475 3.63490555125874 521.96632306364 3.94920387975661
26.1805133389802 6.81110832429152 12.8376617844877 25.0059644600635 16.1074792774779 7.88543255001906 529.082838180384 13.7112284184715
29.5436336099135 6.52137666113838 3.75078456765299 28.6859333432131 16.1257351545983 6.7743068429459 525.37407226406 35.8275514642596
28.026383057552 7.30121781922387 21.4349976575865 21.8446953399098 28.6870789312257 3.15004234210849 524.794402693171 21.9128850794558
25.7859821492227 6.9709994706865 15.0294529164729 20.9113362898868 22.4776241256963 3.89481626010367 519.142313102815 60.2089865863878
28.4062121553724 7.09369561192094 14.3990144013946 18.7142175903082 17.809882204513 3.09989831920976 516.746181197013 84.923197170326
29.6820366571512 6.93269025000703 19.7440431415754 23.570410250465 28.6822190357267 4.66038123055527 524.820281089153 67.7168707780916
26.1550649941044 7.06539941774544 8.10442703704637 27.2140907697541 21.277014491517 4.33481738531171 521.496935154918 55.7620788960112
26.2535760592754 7.47561936972031 12.7439476260522 23.6032887438401 22.4350651522795 4.79851920240383 517.373852767727 112.532629510414
29.254355321839 6.68394957035564 16.2226954234677 23.2317554078048 21.7333328482851 4.52154384551245 522.22306843826 34.8184246509267
28.1257439287785 6.85721971092179 14.4131924960271 24.3698601109186 7.2962324611814 4.68923914428723 525.774589769644 17.9327539211706
23.4859142943182 6.78222271725927 16.4243338554069 24.9754085335564 21.5335720269156 3.08058613266411 521.972220117429 136.40442329951
29.0723582540561 6.81056825905679 7.8449060697048 27.5352282683185 21.0469785186621 3.31298669037317 514.095202235893 70.1264142358502
29.235768532802 7.26668003381148 10.5623485839466 24.5825232268137 17.6586156184977 6.08042945061385 526.136286521433 12.9200200424031
19.4655368847356 7.36038062202069 19.4412737804254 22.9265579532725 9.46686789445343 2.90409514261111 525.650749619875 28.0378901021306
27.1447432931197 7.33675473544051 10.0765535082696 25.5492034958976 13.9547441613177 10.4303179939483 523.189002710536 47.8200312287299
29.7680865460289 6.82189614937027 12.9815377195226 14.0987243615813 18.325238614285 5.01698744297789 518.70015435873 75.7930511481248
29.9184192004933 7.0121892303946 17.4449279114 23.1728367249666 21.4178139943593 6.12892367989635 523.539255706387 3.47479327105668
29.1201916302908 7.31807841884955 11.2647088937595 25.0165858696598 18.2066746461314 6.45465703174733 526.659502286848 8.86098624235541
28.6175249012552 6.94788881354724 20.6996510794411 22.0425658784919 24.6031080888465 5.97932128216159 523.813599573845 31.4417646116312
29.003212479464 6.76494644133071 9.47504294985641 25.8898815312384 14.3909923905304 4.23584646429956 522.914856362702 41.3010636706667
29.0475141287184 7.43554853997644 13.6612873349588 23.162094621211 14.6855697525294 5.98170819426045 525.738817277397 1.87333246267255
27.9866579910644 7.339937088068 14.3881670244259 22.0965143683983 10.481155395436 6.08712572376445 526.953885122578 19.2284072450764
26.1146985711264 7.38489207693057 16.4518357769508 24.5094272316768 18.2410257267569 5.44436737600553 524.428445384345 27.8302899106193
27.247278450734 6.54589386229528 15.0169376267562 21.3664947581599 8.38219726204793 4.189885289377 526.933995447517 15.4425834403542
28.86843856192 6.94512796404723 13.1098916481994 23.9290085446118 25.1308766516726 4.7710790051301 517.30978067336 94.9638574656785
29.4506059782486 6.99832275887497 16.6469003995786 21.6655213064219 22.6509284443567 5.07075232029624 513.320286179245 66.9222980928576
28.9899809349618 7.1808884507377 18.4715153017639 22.0475415804994 26.8197859541402 3.60109013379488 524.23830287554 26.2792222662345
21.7290948067921 7.5444880047661 23.0164707683619 22.450329369632 25.4682293680735 6.66662749173196 527.310325708263 30.2113929888001
27.5757844823634 7.44214644209126 3.38825468927047 24.1841272991293 9.64961375523165 10.1783885233695 525.941822707604 2.83847798044137
27.0939781030148 7.15818859650289 10.4044408043677 24.0260720829393 6.4622075031452 5.46432817011105 523.670347311238 9.52041661398591
27.6294999036105 7.50296515584704 19.3838163234002 23.2422148457408 17.0623044566007 5.9501137473383 527.388764767659 6.03477277482087
24.1536268077057 7.64080405993099 18.77608168257 20.9454826090834 13.7593370234421 5.95031270810536 523.458553012568 2.16880277696867
23.7151611094175 6.60199379690837 10.8564131512876 22.9084713033249 16.7096415596433 4.57455455804816 522.655641357862 10.2686726234806
26.9090960520074 6.84508895981681 20.7774354655394 22.312854156292 21.7717201210391 3.72159811505638 521.846674095627 31.8120003757833
27.8392326472727 6.84435676459628 9.93211645342889 26.9104950076746 7.67489968706338 5.48939111168224 522.816448444431 38.7834338935016
28.1964686832797 7.37178918052413 14.1842880614531 24.3262951834082 12.8838331965014 4.54944437165888 522.244999039759 27.3778109851243
29.196624664674 7.16631201316513 8.94451982283208 28.4544041927059 27.2866211060642 5.19322990040068 514.115440856764 38.368765146016
27.6410766224945 7.31884857120918 19.0570817911771 21.6773220790414 17.96848731507 10.220815904159 530.672258477976 1.89744330367166
26.3978265687915 7.25776852157305 15.9933828816401 23.0677390576755 20.8232454751611 7.06802262929466 526.531717133059 1.93542395367471
29.1687897104444 7.50653544665174 17.8637744372916 24.5015225363679 24.0985124864887 4.83605956527323 519.56891343252 10.5285453172441
27.8803762634924 6.83522970991333 18.1454113644252 21.4265898746263 18.2321947978751 4.40000750765872 516.745007509002 67.4091560056724
28.0585193643414 6.69259008058418 4.84886666482838 29.2089579639714 12.3018267086305 5.3288921821026 522.904072544467 32.0399548689984
26.3320846290403 7.11076447179206 22.7711575624397 20.275538689331 24.4687192167832 5.88914807023983 519.380814511193 38.1735848984697
24.898648120775 7.06656698877469 5.05222357818157 27.3449060224945 18.7669308974926 10.1956270490185 528.279359798689 20.4185368191686
20.3309069860718 6.93658221794689 25.6377335389702 18.6806778019689 8.67912615352681 3.3171613206597 517.449520957964 67.159623148928
26.1856221702896 7.30760879472453 19.3530281725166 22.3998856036864 10.5998968514575 4.04069813590492 528.01231257789 0.986414648540662
27.6466918183615 7.21512172269161 28.7232416736391 25.5440515980279 14.9919817129165 7.61064887361397 526.736340765119 15.1687603193777
27.761876593701 6.68534420219872 9.14780628916387 24.4775379509424 24.4620354035364 7.01362216249138 524.227631206084 73.9708860845668
28.4070519308022 7.0369549220964 14.890428976173 28.5810031883101 13.1945635532499 3.84823960323087 520.821908007753 50.8191227373243
28.5822354385293 7.63925799387699 18.9201444361514 28.1114274447038 12.9887090639524 4.04790208015885 523.182558213488 8.4842572438067
25.5516259534722 6.90401978106576 9.96134216472958 27.5881005204189 8.09286674696078 5.26758002914044 527.675837124233 8.98121411303167
29.5080761723971 7.24743304967185 6.63522197164166 22.7743390947086 14.162703424441 8.48015862711761 526.462156359058 22.8429490384715
25.8351883527381 7.0533332533396 16.4190864405655 23.6585343197116 6.66903234863144 4.05834992498817 524.951789395823 55.8756371630411
28.0858786487774 6.86715783095536 22.4070946664575 20.4575396426106 20.6646023953749 3.95404494254459 518.347616817995 158.948077968393
29.1864975248799 7.58327516679776 11.3055249503763 23.7470408347946 18.7334961368957 4.55652562979214 526.065646177288 11.5247517702835
29.4594998074793 7.24519373030571 17.009968211195 25.9866147196974 24.2952407220065 5.91912981389882 527.643960700949 10.1847961328785
28.7103050210255 6.97531147510229 21.6014297907569 25.1921383212481 26.4164435648259 7.12785561196296 526.900515049329 22.4963062174238
22.0126733551071 7.34993501772511 17.2955914022912 25.8323698367685 22.4306581731049 6.35268747858938 522.885787830345 4.61498938670444
23.9116779704491 7.36412540346301 19.270620512505 21.2148581870225 9.73214218134739 3.70794840358064 525.355524881547 18.6737949458511
14.1215301957161 7.3638657596133 9.92262793007499 24.4600911120658 21.1505736950635 5.68943406108982 526.720229621039 6.70593826493972
27.2491370597984 6.95235724879627 16.7714014453885 24.7730429611027 28.9274156667228 4.3475062610355 518.719249205426 38.5424705834808
26.7238336163505 7.01563982931557 16.5805420832431 22.0174025575464 27.4139790624911 6.96832275041734 527.947146392611 12.7813633973545
29.318875830852 7.23680252509448 17.8573667469936 24.4912846023982 26.8426801829086 4.12622743623542 526.391637461083 3.12179255109774
25.806668150191 7.61169830264951 9.91568145131952 25.824687071902 9.00630594863818 6.20667457973768 526.968920835576 19.083124822024
29.628968652184 7.26154636442143 23.7874811610149 24.2243198672534 19.4924975360901 6.96454527415191 526.029457393664 3.59275503279784
27.3394488987199 7.05443473505634 4.83838391540212 28.493151052169 10.2524775462907 6.40236177396759 527.366054976783 6.78200915408407
28.5530938549367 7.36995173009757 11.6831210991195 25.8331398632778 22.9631731247232 3.70385766966403 522.205007211378 78.0150593952964
28.9044179933281 7.37233863640443 20.0083721042656 19.0360816879691 12.1046847991093 10.044400644701 521.531843281558 3.670227808982
24.8748797455522 7.04467665568726 18.9277140785576 23.0096790619847 15.1582481226564 5.84144577952836 529.609097401793 9.39500336156445
26.7984160698844 7.19067741664754 9.64484850615885 27.0429279407044 25.764575412753 5.35695572317829 527.840516202203 15.2855000315982
25.1475348873889 7.32162640651975 22.9087640595922 17.5106713206757 2.65875097673382 5.88327821023135 524.641193600298 35.0357503625097
28.6572214879025 7.3195704149814 3.07952610466864 27.3813232171175 24.9996339542816 0.244268469483658 525.065138489068 21.3221127040737
20.9694960003823 6.88726470500466 12.7654051351303 26.0738698693251 19.835669567759 4.95438789932556 523.607085257734 4.87114333994837
25.0880432086542 7.64228147164039 6.18603997910211 26.8868901174899 10.1818066826769 5.37139494488626 524.070618160849 32.2084539823554
29.5620720948912 6.88474908554262 20.4209468845624 22.3801507622805 24.7274740157586 4.9342971736383 520.818061962142 29.5504704431484
29.8153544439227 6.91463245387135 13.1563909736002 24.1676471365315 12.1753585159784 5.55160686459466 526.038480485167 66.3759252388886
27.7672201997256 6.8858874777288 3.80954842354284 28.9419195981131 22.5684225614713 6.57467175198849 526.025180130884 28.1753649372065
26.1667809956561 7.53089010316511 13.0301610240933 21.9393540049577 21.3761008222166 7.13439358046372 524.609198834547 6.19022886036184
26.4346296880233 7.05094687852582 20.7550691493438 18.8888806760888 17.1464219118159 4.10570094670646 522.203845090262 12.1165556354148
21.6444874875312 7.309042835458 9.14035536924762 27.7480864590914 23.7863790553179 5.51338035649914 525.759373855034 16.1069173681397
26.8806420084956 7.43711562812303 7.53353874647338 27.1147333032081 25.6264558848681 5.02248565911869 523.920168496529 76.3430521228192
24.3587998681267 7.59044368371936 15.4856035139762 24.8450523055581 9.19084093285054 6.06708711946136 526.142489814604 47.9357350919053
28.9872362341454 7.29005356072489 6.58853871027759 25.5273942200484 2.32977462984966 8.56114645396507 518.954815771372 41.7341939339689
27.6164826698907 6.66091877431973 6.9984808254664 27.6453139751884 9.52104293487439 6.12933959290232 523.996186915687 37.9707738510786
29.7892746201243 7.15857802508056 18.3877542913601 17.4163628100386 15.3654219522337 5.86356975565788 527.374198168428 1.73997925996615
25.7706843163447 6.43916040018031 17.5966628901409 22.1426036573657 11.0996385155163 5.18594450605925 517.838171990377 59.9900889355128
26.8847940140301 6.57615771567263 12.5634109599566 25.191732696173 5.28028522741734 4.20666187862929 522.897271166639 6.41666577779961
20.0839281933908 6.91139732917107 5.21029765313369 29.7706394406386 14.3802689753658 14.0371851022557 529.982661640808 5.48264871369995
29.0147668925381 6.8109401926241 15.2262892217268 21.7372618259917 7.86965386630979 8.3189871164718 521.021678658258 66.9334618955525
28.8524807274444 6.86974917615559 15.8873697323706 22.9895825203837 16.9843206124169 4.65264277934366 522.833764993469 45.2588957915042
29.9319551675411 7.04443869425683 11.091104133412 23.2073644224803 26.835561339045 3.86623386629296 522.875407165788 77.2644029806469
28.9346860705218 7.4167147883545 7.91862476676272 26.2998329388115 28.3696319259079 7.22905689878205 520.103479723454 19.0753412635539
28.0575864664688 7.43352465257964 18.0098226692962 22.4705148295791 12.831905904096 4.5562216113586 515.284576616114 41.7228548119103
28.9691575345092 6.61777012487005 15.6876455974829 24.1611946926698 29.0606336317885 9.04589185097002 523.865307903984 103.140209684971
29.5222314939131 7.37949526745462 14.8708570482536 20.5523704070511 23.1601380549177 4.87796854687397 523.990244758533 16.3497435873721
20.086081362603 7.08018493879905 15.0559906811036 21.6369461711121 12.6596365348899 4.19864316337193 523.057230345083 211.49270307037
27.2762999883261 7.24416251854879 16.3663153283162 27.396937881563 27.8698143406143 5.08623862609274 524.051846438546 48.4111681344665
28.4080109353682 6.71112518384902 16.2014932899225 22.6396989023067 16.4762389296652 6.47281935766013 525.403490759774 32.0363341460204
29.4001517842764 7.10728274898521 20.21127492159 18.6127181520986 24.7434900558082 3.57548465413577 521.374300650062 36.5658904991472
24.5710976741461 6.83419665089607 17.7436031756213 20.2610670099918 22.2974760746463 4.42576545634379 521.4598125029 18.3997278464198
29.3348645697184 7.29085951776246 13.9256365325119 22.1956377026082 15.4137441333618 7.72714777617379 525.116803547709 0.0431108953592031
29.6046449601356 7.17152566294081 7.97025968935972 27.6829333356933 11.4132849058667 5.19424126317617 524.614988737729 26.8959209337605
16.9541800712546 7.14732273652819 14.4816739789439 21.4181832454583 22.1124011880048 2.96444030408619 523.70849551029 30.6211191424766
25.0493624825457 6.7629015355662 8.21328064634286 26.8718969574242 28.5260662136662 4.68866753405939 525.30134142991 35.6536640830554
24.8518576319302 6.76681023113707 9.85621160443231 22.8672103410945 24.2857428844742 4.02575239819223 519.553680548185 48.1384325062979
27.1605683022052 7.43618879005982 4.39567478106856 24.2067023059695 21.0169787527519 4.20736215206259 524.096104284674 58.7925685078217
28.5623472722516 6.84612240738236 14.6750699611384 21.4783072974671 22.2934257313926 6.55124978113625 525.276436228059 37.8499677036075
27.0230431450626 6.50953576849786 18.4176727468991 22.3215536982328 12.5287416666819 4.8929995545015 523.925616837484 89.6301815270163
27.6200798950239 7.01285053638547 12.8325670267111 27.6901288258641 19.2999011384015 3.76001866116356 521.779885582244 32.9613146510348
28.0617970668206 7.65922142941304 16.6237887160801 23.2647641610804 13.9204673832713 6.18904875863534 522.546416073287 2.262589051472
27.8928518518568 7.23708575195023 15.1428658160274 22.7488409931502 28.0613442883483 4.29398732238462 520.708119229898 46.1181005806225
27.5067708722436 7.36305390679478 22.0964562042791 17.3323819081744 22.2430172369457 5.47893343877343 520.223976698308 25.0417637121121
26.3150026236423 7.4322247897364 12.5556458408549 23.0044302334868 15.3592473374133 3.7766903221153 523.593809231798 171.9864939655
21.1308838046263 7.23129883268095 23.147230823342 21.8202406935732 12.9215478592428 7.65829529831347 527.210809087847 0.914416395398316
28.0202934364469 7.35048908755547 21.0036361876207 22.1930489245504 20.6500489098372 4.1239430427383 518.239172250225 51.5990815210318
29.1785894442216 7.18392897933589 6.4167041394155 28.144174348701 10.6219154827178 7.44614745191271 525.874585933813 12.9391359789804
29.9134239428036 7.73259254972957 21.2747221594508 29.51399211539 10.9214961702488 7.81293123161678 525.030788338294 3.98337737979932
28.2161201349248 7.5575044388292 9.91442013315781 25.1963745701123 26.2436097592634 5.09274758273629 524.847806587884 4.28663857303946
10.7726195301201 6.86927498361012 17.8762976195624 16.1156679575561 15.0597403343683 4.26489552245273 521.915589077919 5.72149696207447
27.1057311731349 6.93392757065055 5.9777302792401 28.6517265202794 22.3023747093954 6.54107176496124 522.971875288788 42.7981131611022
29.9691928001586 6.47577406148389 19.6283009310778 23.9122938659601 9.20717331478454 4.27492733033371 523.427174045134 45.4421164585793
24.0390812115759 7.25684965505706 18.9475793391284 17.5891774792581 18.7028296336116 3.89841336988324 523.934777194842 42.3264870102233
28.0463090696169 6.84735933766052 25.7402182837175 21.4239765566764 9.27707796861817 4.53921173010384 521.985237769233 52.3773129982125
14.9835370158406 7.36200293819752 13.9034542495531 24.8128625683177 26.9062231870808 4.80594557139472 525.748960412612 11.1536170996127
19.7232363455203 7.4040163108673 5.9465507388094 29.6915786671693 16.9760810895157 4.30207520179746 526.294940341305 4.45267493253142
28.6404831061997 7.33260385308626 17.794137729398 27.0010592290817 18.5310318466544 9.62715983909345 523.084561242354 3.88691038044638
27.0942449684927 7.31096384281603 12.3012930867403 24.2372439259835 16.4587230252945 3.47126424728978 526.068374908913 9.5701974295984
19.0988711747059 7.27305245250832 12.9208259600179 22.790729410308 20.9730606260003 7.93996768001159 527.433319881017 3.47368842094127
27.1885358983499 7.04566605094386 14.9697609708822 23.3567703941682 21.6388957457154 5.61968970676353 526.824508515194 25.7811537003368
24.9161501995999 6.94776460520455 15.3229847793478 25.0275365096945 27.6979359193803 3.85059985763614 520.947012812307 108.062557867096
29.7447632336809 6.68692973954536 3.35974729726104 29.2436845962392 9.4539720554392 2.84082736188138 525.1056910287 28.7667966183538
28.2112039787842 7.62674822617697 14.3816303463499 27.4870418211009 15.3407213935061 4.73578047628532 529.075302003204 1.03857590847507
25.5985612776362 7.17720241803103 2.5549752149531 29.7919947981993 24.8136163029722 7.34773519628095 525.791165771158 36.3915685158676
28.200431808284 7.06142253622745 19.1867672172381 25.2102403328298 22.0116204840577 4.84477723675226 524.333199294075 24.3661256354693
28.7068643045295 7.44134391882251 11.0447148854319 25.8059461068423 13.6437492037425 3.17783808253683 523.305242502195 119.524200140889
27.7710584445129 6.92015389490605 8.59890455748151 27.0370009404376 19.9397740207747 6.50346014946697 523.246337105773 31.2098353440404
27.1078326394348 7.58234396508513 20.434143579827 25.3206989277419 25.0897315893257 2.88756368649756 521.57631234527 29.3228542748068
26.488729796096 6.55294363892848 9.26533668492624 28.7146420894251 14.0174770423352 6.065968962481 524.603363111099 45.3903140277858
28.6933407863838 7.27015118880013 12.4449829598861 28.9510366857365 21.8219292169269 4.7761503475131 523.08003629557 27.1555993688854
28.6498013155865 7.22938103675852 18.9809913867394 22.5608500738029 4.19282421070155 12.4986945964261 521.405807651045 44.0697380063782
29.9129866512273 6.89526016528113 7.89162084297747 27.3668524400198 11.2913085761462 4.65355156405214 524.425852335117 5.69231340768768
28.751623292963 6.95219289638688 9.80200070925039 26.7166594857832 13.6380367017683 4.88496329804706 525.421139691248 29.8404292444514
27.6583439758077 7.13873661094737 12.2737761998353 28.3426706923312 18.0091463493699 4.79215764382589 511.571597525983 130.4314873095
24.1416052423283 6.80036157104443 12.0277050862219 24.6370852914048 23.0225254243185 4.63675754212835 522.613528298049 42.4307706041121
27.9898526183463 7.32270459047892 21.6146385478244 24.505338314776 26.727273071094 6.65979370925709 525.700804418578 2.38653572494231
21.5294117895415 7.21597741612649 19.2544975007058 27.8434787761769 18.4485449746101 4.46958914268256 523.030373342838 32.2014448238401
27.8528560814962 7.16220271283313 13.4772824132365 20.512240389477 22.5996445194008 3.93345030611203 529.902444009568 18.218778669758
25.7741923989903 7.2049964600888 25.2479961284041 24.2466443968359 27.6863213410678 4.06831991771615 526.060231113742 90.6529282327094
27.956840290186 7.35005454055835 17.2890889637335 17.1949920449318 12.5068718576334 5.69816971253634 526.063976709091 7.75069281810022
28.906527995741 6.92459490623467 22.0926717503363 16.5724862354796 27.4984518077679 3.456540093998 521.109470079684 48.3402218650075
29.0555247313643 7.17565278568383 11.858099833471 26.0767960823658 28.455214328288 3.43944121982923 520.700093024308 55.6901222573873
26.9316760585991 6.79633947182073 12.1718043496484 26.2139130652109 17.0524467079949 5.15829807656282 526.054413434322 38.9192211800713
25.8618878675924 7.33385323069667 17.9475826170953 21.4203430969642 9.71826816256294 2.00802958497411 525.752618547082 85.3413536760578
27.9996935157319 6.8158699861761 12.965339135206 24.0241826865188 20.4467197826456 4.44125222157334 522.506439310013 73.8489563538201
19.2183047696576 7.81013576001301 15.3533080881714 22.7408625245585 8.99086223739786 10.589280684543 522.120741641684 85.6013861771347
28.2927818413894 6.91184805751836 12.8381082217367 26.2032283529665 9.85963858732375 6.05902024209472 525.893964681651 26.9380394988234
20.2288011674143 7.24212504098799 19.6032642026493 17.3840564025326 9.5731468864567 7.94205967591231 525.491315986489 8.98408538529266
13.3498200154968 6.68461846493282 24.4384618086793 21.3496036644824 15.8032637615704 5.45818759267088 518.082357157936 4.08658785103531
28.3975071138338 7.4096002251741 12.637493951931 21.5144125975205 11.3483029076113 6.51458926741155 516.368307549683 10.8122079655484
26.8156283346545 7.3046233323541 9.17043569840681 28.1237674966246 24.2423065127489 3.01711917093201 524.620428645713 23.1527311437039
27.0549248011253 7.47419484392125 18.9478226104868 21.4166778780244 9.32452172474889 3.99209400911329 526.36765861943 19.9660560897593
28.5626187571012 7.38941663893709 18.184517967486 22.8574876643157 13.5319322632728 4.5854717437318 525.592715464837 11.770394286774
22.9257753565003 7.38838548687202 10.0236164759539 25.1883675741734 21.9148526376447 7.53386519676694 524.861173049413 18.3913010354905
24.1786112844921 6.88710617478833 17.0658381885796 22.5766007471304 20.810612823372 4.8573383413187 519.887234203069 49.4249845195052
27.4606127325672 7.16664486749592 13.1372103288967 27.4823934543572 14.6412985733998 4.56379983931448 527.335398907278 2.20879486288533
22.8513148406649 7.84218292585572 12.6329023254026 26.0274778391445 15.5901930103692 4.13725419022622 527.692239416915 0.900707823581094
24.0709732208977 7.4017317834421 11.2972570373474 26.2258620013227 11.6157091441216 6.38623492127637 525.569626396232 3.87484500268755
28.9732455086246 6.35039472629602 9.51588808297038 27.9030756729012 11.6700404837847 5.40680453133095 520.66297959332 45.3027042088345
29.5383836531314 6.70845465231083 17.8405769590145 23.3558358652957 22.4270174493673 4.35691182571466 521.892620395394 28.1114330952649
26.7514555250403 6.86533226709753 12.7988796210068 27.7427761310509 9.74745347628146 2.06407289160155 523.290309593819 25.847359701531
28.3997362957667 7.13116746071282 15.3530548232063 22.8268946150103 29.1961080580435 3.04691206984207 529.003126798875 51.3197978948841
25.8552060661223 7.29011200368663 15.5068111077008 24.7319892589075 14.9201081098712 6.01007400110554 525.905689878611 10.3542529911196
28.9466211562434 6.95340691485409 14.6258078834235 28.0006816663945 12.2388150193868 4.58852188897456 523.009930896132 18.2215207237782
29.0133697560066 6.92055116613888 2.70183342230694 27.9501830318204 21.5912062686574 6.33543530649229 525.456396885062 10.1867854108592
26.7161764453838 7.25621099049623 15.7569458671739 23.3785777544003 18.2712758226138 4.49382522608706 526.109669895035 13.7586513276009
25.8129474550018 7.40979269756435 14.7188285964511 25.2485081227531 10.5642824817664 8.51198969671125 527.665143308462 4.454093820333
24.1099380562754 7.4412073088914 10.7117535219308 27.852771408441 22.5969668544253 4.70187906823281 528.424474573396 1.54872425220724
27.3652348217795 7.26147612723046 18.3267163999084 22.8361445489125 14.3530565298603 3.91316564032175 523.320863703212 41.590915765168
29.1347935601876 6.87356195557602 5.60858687961185 28.7528611776066 9.49772823420757 4.58196454398067 524.97934040807 23.6945286759041
27.4688395273902 7.21060435619931 9.32551394804094 28.863610760455 8.84953655397669 4.25641554182338 528.000568130173 17.5033368974363
26.2796496011352 6.44930437791181 8.91445727756431 28.7280755908216 29.4778695540066 8.05454240338915 522.485202557685 33.662432409305
26.1467224912027 7.47138904957367 18.8562712653691 21.4221846561525 19.8459196393276 9.38605922806824 516.697042207195 79.435939818975
25.8887940721934 7.19790472520458 14.9419629909506 17.6820824112236 16.9754061367025 5.72857376045941 527.068227109889 9.85524404935475
26.0822092959306 6.77331046534661 13.8112198297286 24.0574479540981 18.3826037168396 5.61961221377973 523.073708241751 50.2008321256928
25.8275836609839 7.67374417049864 11.5839849864791 28.4133413098109 6.1007407484079 6.35856569376986 525.511815018231 15.0102040915205
25.3092779921391 7.24103733635029 19.1568955825414 22.2984829470685 19.01085644987 6.18552467568669 526.826177358242 8.41886193875986
25.0479330600822 6.89864635857055 18.9253028323203 21.9001065234932 14.8430025126554 3.98041741426126 521.103892965557 76.4896444927721
24.4870377238613 6.68677862696208 18.1756328081051 24.1063547921476 8.19858946137846 6.00022948343736 524.614489894909 22.4411287333809
22.6828417574232 7.37841078845119 13.1555534756074 20.6876399469476 9.89335350732529 7.11646090024876 522.194321082521 16.6364512422005
28.1969834397408 7.27439447938378 16.1826172094459 25.4534197927397 8.86786552710677 4.40075788252425 527.209538802123 4.10608800212561
26.4820811630344 7.03591010670132 6.6532830917221 25.5992797367955 18.1519004919045 3.86977942259478 523.446486302139 77.5262327509901
22.3852593240144 7.7866053744292 15.9452281829745 23.10103822775 2.81377032338082 11.0584044749772 524.962192653208 35.7738604914448
29.427645958887 6.97311950575146 18.1351118166718 25.4689672275766 21.4087932995224 3.57283831498802 525.639536460273 25.8706259142377
29.8401475328115 7.21305306150241 12.6507670685666 23.2179426080091 15.234776950412 10.2729256703569 524.959363039978 5.08504532853272
27.3957853140062 6.72713083121711 10.6927721257716 23.2895817375159 18.3334957538112 4.95503935031399 523.657968670681 67.6236398978655
28.1162541712941 7.39263210805166 11.2208695290489 24.8660311453515 17.3661258821941 4.61547908980715 521.564561827403 55.4140772492524
27.7303681625902 7.50207585847931 12.0568701815514 25.1622896447593 5.99509736479204 4.86029229511072 517.311148376563 3.96290636585041
28.8943638634125 7.28532248779464 15.4705810502944 22.0702186027142 8.84816511869095 4.90948577365365 525.7485159856 20.1656429634715
22.781872185492 7.71529307968794 19.5733461743644 25.6207313049585 7.99405589693216 3.66581562359337 526.008583172889 32.0742088626043
28.8267078630145 6.67823631986969 11.2894965698213 26.6084199105325 15.2698661573251 5.85260901831523 524.280978435296 28.6291326637768
26.088247928666 7.47320923763405 7.63511571228804 26.0005543788309 21.3289865037663 4.00863574863264 526.597904728757 20.8579543081279
28.6197546563322 8.06709328584473 16.9775116882456 27.8423416596168 5.68163055637273 3.6049361072604 523.638839538874 23.3216253757635
25.3083795286569 7.4896179808963 6.46730621138628 28.9837233401552 17.2103118039583 3.95186780114631 525.415550779487 39.67278628131
26.436675671485 6.82155435011962 3.69426812001121 26.7000115383951 9.56430406642905 3.34184269481455 523.962102712207 71.3475771208606
27.025559430328 6.82775026374448 17.0788048939458 23.1500373811622 13.9286419824336 3.03153919636579 522.766620304474 34.1471238595528
27.028563906444 7.14429403145039 18.7201566602678 28.35693492065 2.42158908234739 5.13651936764673 518.371361459216 61.3524349817199
27.7161278699325 7.00893979736664 22.5294602767338 18.9714344852486 9.53260014496295 6.37953859773827 525.37467119564 3.78000859095549
28.9862860241198 7.51081850228501 16.4228473084672 22.2242924667531 6.82200235354317 5.39746063592248 523.317079516629 23.0688856631036
29.3774927034419 7.46748855342566 9.77090283799429 26.720565664268 9.97957029355723 3.12614117057643 526.075699027112 20.7974785561316
29.6222877895294 7.44694292083325 14.3185457021755 21.415268201169 25.5139472327537 4.20504330110883 522.590117153641 5.24477577003069
24.6337140109353 8.0736470844048 18.7875817753034 21.5016671526168 17.501487945959 6.64545586235253 517.170022075986 87.7697011589684
24.3641592019643 7.53940317754922 8.04573406323219 28.9677772526987 22.4359356066272 2.28295955528295 523.49016295856 39.2563979275339
26.042598976514 7.20487325300064 6.99365821364666 29.151210282904 9.84196871777667 7.615101256531 526.408448206357 16.8497773156919
26.5308982059878 7.3481082637243 18.04038640835 21.6178194321261 16.1298174757387 4.92978949325087 521.43901773472 130.090858619844
28.7278623354849 6.64420429927831 14.6652931823573 23.8246759109759 10.9044971064757 6.69255329125407 527.861469023347 12.707460866303
26.3080441458079 7.16224993285759 11.6446727302672 24.5828790518805 13.6277120276745 9.43706971904566 527.032126313133 39.1371689919462
25.0741517598732 7.22852505641276 16.8815057988554 21.9198673417955 19.0402234433405 4.04897182171941 527.142131503852 1.15012463654188
25.6254745142136 7.15298009006331 12.1878467355068 21.7347912525785 19.0631307651356 4.28205650818306 522.973837907807 85.0034245691155
16.3862345703368 7.39831993488064 16.9391988788331 23.426593177389 11.327917776601 6.9609863735364 526.279656927113 11.6441975738939
26.0524336244131 7.22906685496515 17.8418736551821 26.273844899289 22.2247015709256 6.707229072298 520.573210573159 17.0965571833452
27.174373397173 5.94618331064438 7.69224931108642 25.4745879402391 11.6946513656807 6.03681528079528 521.299533107701 31.5083496275273
28.3816380635985 6.99017605452829 19.6627921174061 16.914344369169 18.7555000042895 5.17699619433864 517.881920624506 12.3135983524406
29.9588723864071 6.33774799564433 10.1679399867322 21.9364721000378 22.7129758937063 9.13338241127999 522.407539984003 87.3591150072504
29.8874823647463 6.76136452337847 13.342545946069 24.332683481295 11.9744658116434 4.44168534125614 523.419960959614 28.5815721457984
27.0776927320425 7.48419209652853 20.2275278115735 21.5498614994685 11.6835099310427 3.47347817236915 521.238621264109 44.2748508775062
27.2713001104203 6.80241364762266 12.0069477076425 25.3667101910963 10.3114689372629 5.32676197794872 523.171849880393 34.472184494473
24.0061213060255 5.89586672370083 16.451024559221 17.3873451087614 10.874239881252 6.56269017559463 503.598710846944 94.3413431846571
25.7609721252017 6.98257912410992 17.8807776994976 22.7616348468706 19.1299077124214 8.29882859264985 520.499179353958 4.96020210265636
27.1822577834014 7.39153552404022 5.86358567492759 28.8789099183137 20.7948122803512 1.64474872867075 527.2825844171 9.0337859789945
24.046784350585 7.53801094342684 17.5972187044282 24.3282153178974 11.0302800247763 4.29131345148029 526.495873402943 10.6228333226887
27.2881098823617 7.13443869238865 20.9316657434064 23.137162221441 11.7330208994306 5.24832085384861 530.039470883094 10.1953494624368
28.9838575026798 7.13804872657117 16.6523102024555 21.9743582254081 14.454670991011 7.20937252543491 511.950837598519 45.8766875340411
29.1977216242473 6.48486108858642 20.931028351946 26.9341955857893 4.4121156278016 5.31590211009558 523.183872090778 12.9197817988808
28.7003483771464 6.602864396223 14.2458603078281 25.9824438913022 19.1543847602634 4.85685154574884 522.230280220714 35.1758211557811
29.9443824113228 7.34126952703249 19.2765238104256 21.9187062606574 6.55221008299147 3.74733430478361 526.253768733702 11.4151515335405
29.5657597163359 6.86890859449223 12.4627937244792 27.125951708463 21.3177368446289 5.33668340337379 524.685552877622 24.2238359959664
27.3522561745269 7.26148967368551 22.4246286281813 16.4622367633657 25.6942174667974 4.8941342811934 525.60431117435 6.0928641281297
28.7136388901456 7.07952329989149 12.8300341269191 25.5131907233967 9.63175563184961 4.3154940517017 526.365412558994 9.93914656739337
27.0361391285267 7.45385931416117 17.0160211106537 23.4554070443052 6.68018559687689 4.7262595181015 523.726678877729 52.3248867564531
29.0724326638638 6.57958660388904 11.9687388068724 22.3553353768189 27.6744892680208 4.27953019507006 514.453012603745 75.1179074607454
29.8230826457723 6.81630879021911 6.77621366237129 26.4586013916023 21.4518698155206 4.58230513327802 519.458964082964 36.2389260186347
26.6538785771046 7.20660645224737 15.8067384155677 26.1952851626693 3.43993737343619 6.32414731508067 526.37717831072 11.5502242430365
28.4961974919869 6.80800777135081 16.599158814534 21.8543592740187 19.1563846432029 6.34714526616414 526.773068841936 74.956285066689
28.1772078465891 7.07658786889792 29.4840177999481 27.5910002383227 9.20708038526826 4.31607565282532 530.442373849721 70.6610580482871
21.4385885462161 6.84468509907214 13.0971048660213 20.5555213153559 14.6283614839862 3.209320968108 519.621419011759 50.6020282151466
25.9927109464133 7.54253999496376 13.4753674177315 27.7202656525678 6.59076351169456 4.4826566804804 527.25167227766 1.53952910272007
23.9457103891841 7.25733136785216 22.0744647229673 18.6398859132956 22.1617114347103 3.08434753337707 525.343696234932 38.4296504750087
28.5118792400999 7.25092252043793 10.2204181785793 27.5451154609565 6.2744384830681 3.54276509115594 523.784145631681 26.0421173525138
23.925681619588 6.91264631838507 15.897004282835 26.6708351187784 8.83382583080763 7.99099681557731 525.946398195569 7.97037241886747
27.9961242665699 6.17546305659912 11.5791649677993 21.9162741178178 22.829211118172 5.27694642775074 517.565609436537 98.5900835567876
25.8086426535795 7.55374427658384 17.8885102508233 22.0427915727366 18.0143028072913 9.76777609037918 523.026002656089 23.0836164410501
29.0020593222638 7.08854074275611 13.8186232818136 24.6509443150003 12.2622848142001 4.78844260324611 520.222906460919 14.1285977955562
28.6530930452834 7.14792199564399 9.12046306778249 25.3467880895113 14.0920251477821 5.3194815641371 520.170667347102 54.7554746602072
26.2898009421465 7.45858478229321 16.5373973854225 25.7699030856266 17.4849357118613 4.38491703756773 519.861633261484 37.3106744822734
28.9058395975325 7.20691247741539 16.6756373814277 23.7181837050596 20.3329175203 5.57985915847781 525.997540050226 12.432156086903
29.963280754166 7.24743105788338 14.9929934010992 22.9516835768524 23.2808206982209 5.67572032700989 521.040074179217 43.7753560008312
29.5370401692796 6.74962546362771 10.520929170116 25.4451523288707 16.6315814823646 6.55795423507856 521.902449736182 3.44099711058209
29.4828123059047 6.76642341411798 3.9780405644003 26.9784251017593 15.769062430327 6.38580371685823 522.688144321327 20.9019775663346
28.9142656065922 7.2021983295084 1.3517654307648 25.8008985957332 28.7412881522779 5.68140153446963 527.670025852691 4.54337428208028
29.7367315622406 7.18663030853861 5.65212466802466 29.3234258890617 8.11567234948645 4.99132685650478 527.982680734742 15.0489704992026
27.710930762743 6.82162096551034 17.5339975200975 28.0919901171496 8.29875125410323 4.73811112632427 520.861834056017 75.5090418239512
27.1298702292924 7.17072256612256 17.5186220253785 23.9646551737794 25.5207036095557 5.3585522554365 522.744355662559 24.7579591202354
29.8656845428466 7.10723463895202 15.0652795521391 27.36834825355 19.7401803693704 3.5971778988032 520.884264344061 70.0368869487007
27.2207250400441 6.96147232754322 25.6082650007665 26.8382889442673 24.6876804053707 3.11655986002314 523.192975531851 94.2472271134801
25.443550232117 7.09946278997652 14.7753132972713 24.0997340348295 1.31595584137795 8.77011730448599 520.408211381129 98.5484063828047
29.1987308687305 7.37027114170411 9.79141122068639 26.7534972665752 11.9766160496878 5.27749836127759 525.918830291828 18.4567615785316
24.0027149001397 7.54018222911377 15.4071556609521 22.2298959883033 2.53044670477253 6.72474705569377 521.297897419451 52.6216290910842
26.173210021106 7.2548853771233 6.18721678119635 27.2193248996297 18.7368035784234 4.90566214261717 526.314757333274 5.67421101318427
29.4051130161825 6.67662801606194 9.21746331055865 27.3680669342483 19.6748504491875 5.15904035302152 519.714387896363 54.2960743060902
28.8927533653438 7.32896978489764 4.94331124799305 26.3216596136488 25.3866961779526 3.45358145441362 516.313333402333 101.829224731808
28.9827006539476 7.32396039776232 11.4067866341523 27.276680496452 20.0518268606181 7.13535837475124 518.28712719556 4.90565874337441
27.0166039813317 6.90580028594486 15.8670928582925 21.5613991688733 12.9802435399661 5.4422409671458 521.926327607212 15.2836717004776
27.4180194092812 6.84588860683799 17.6296491919496 24.7399220657993 12.5593190149119 8.79877496871545 527.678281926545 36.5891875533426
29.3575900864642 6.82304205838091 9.67854805582211 26.7209335718377 9.89937754958877 4.1893815980969 523.720449089796 35.9911566551964
26.6743492696828 7.14737584500061 12.0649351650317 28.2798717054734 9.67873613428223 6.70015563710846 524.722940273857 3.99735821290119
22.7294773573079 7.49687966518891 12.4319305867077 25.8523476039669 13.4302516383485 4.55069745748534 525.836815137423 9.94614532656356
25.3622253700172 6.53522601198229 16.0359460973315 23.1337282710515 12.6591208351491 7.36575621101799 520.981484723827 78.4963996157698
28.6762127593405 6.99791702987982 22.2431940327853 23.1141612414366 17.19218588209 2.95570458106932 524.312361870982 56.5371895282255
28.6577551983315 7.01038513146355 22.8402998424585 24.550141715797 25.5193976057928 3.77736714825145 522.284219439655 81.4251532617662
27.1785019742741 6.58819174106313 17.0778552753673 18.262233557313 8.71883914907781 2.91657985265722 518.839352598105 6.63362047534278
23.4952956245501 6.98422332044717 12.1020891138521 22.6439476519856 5.63845093293553 6.43745390804138 524.585086347543 72.2244751987341
21.7938008151646 7.37872015800375 23.2273043831342 23.2273334671932 20.9916242028514 5.6108295702139 527.064997906356 17.3678558234713
28.885330238285 7.3831445719083 10.1152973973253 29.6941888206565 22.4824749013278 6.84660286791763 524.286635943336 16.0527057482071
27.8187383930225 7.17611729231511 17.826938800668 20.8625793645005 5.10874980498497 8.0112669438461 527.354629608942 7.76698759220689
29.3545243455874 7.35206627725418 15.4496759305281 20.3732422205979 26.4979438221921 4.68840539005261 518.074464297928 28.6669499620667
25.0583837124966 7.46933511086279 16.7884336297148 24.4635907539399 11.6039833001032 6.67595436678467 526.569661864115 2.11834019075134
26.8423042757898 7.35777364141935 25.3158848645028 24.3388534832508 21.1193848253091 4.98062504603253 526.858250759259 7.8626422541774
23.7660985087673 6.82886192071267 6.30856151099668 29.3888305083704 18.5720188185367 5.42870268492135 523.765120364937 54.6540066031462
29.3581868366149 7.21759000104115 13.4285729213789 21.0544148366668 26.9909832155043 2.73194194197007 522.306659949141 167.071271667494
27.2813796588946 6.90676471646766 8.29046912295467 25.179458468839 13.6951720407233 6.26063023422651 526.048995758779 6.60267719552111
27.5229430465854 7.37917952431191 1.67956827336392 27.1661254412297 19.6474977155651 4.42666547822593 526.787758615759 0.911011050268654
28.3483229490893 7.15208251732014 20.5947769027953 21.3015048011377 23.6868796180351 3.0210079359082 524.41382996827 53.4983633023039
24.1269116661105 7.43673327408754 14.7341507119792 22.3724813489922 27.6153288946098 6.33259566078632 521.771108268356 34.7424552702694
23.9406023600525 6.7499791739432 6.85225626536529 27.0037893056607 16.5063788255931 6.62982794514734 524.95368260215 4.257331951083
26.6732677341743 7.22281966975409 13.6160136082313 24.6573601715685 20.4144647901933 3.96813835556675 525.401621495835 23.3875461318096
25.9941444207054 7.2410114114781 18.709818375603 20.1648899112442 18.9001684544031 4.68703489899146 523.126741810619 60.8583157435203
28.2806788296852 7.28007944792236 8.94249963185373 25.8900944171154 26.0722329821369 4.21316909062564 525.228834369046 12.8425258335788
28.2069677598466 7.25883606057196 20.1167482547422 20.9602493072287 8.72237264188197 8.21725153813569 524.695500555008 43.0633681359063
19.8361045891812 7.26115488922648 10.3183303182514 25.30678503619 23.7038694317084 5.90395808320315 526.739765206158 13.5272481170808
28.8926939518341 7.07035094167486 21.035201488278 19.9853075660606 24.5522107870298 7.22041291067618 517.544668527307 8.57938600837054
19.5317023099034 7.36604293617372 16.778758223779 24.6914703106446 17.6376850346582 5.20047667196536 527.316035252781 1.70184748593686
24.5829759501081 7.08759233310566 17.0382356457956 22.818436580296 8.90950353114673 4.72095076487145 521.773766677913 10.7410287880217
29.2737544042474 6.66434848312127 8.83435844786742 26.5856833659568 10.7696092735123 4.84903779929521 523.563173003603 11.0711352793994
28.7972813299386 7.28641527645448 12.3956828764248 26.0580004683995 28.0572510844925 5.77904279793962 524.8159924461 24.165522964126
26.3294669559488 7.41264643833193 9.45736632949969 25.5106876479648 26.4606280391105 3.96170759278748 525.771349202317 6.52653366153292
28.0935573349069 7.31825220643736 13.5820192382603 25.8215534529599 19.9029310014073 11.989003068956 527.825019499007 1.2406559842724
29.2686020157971 7.07975969678271 12.6047359049432 18.2621295320686 13.6834518678655 5.27742089046653 521.603776940544 14.1109239886368
25.6293385185089 6.86925599031794 3.89965109959169 28.7539336131698 22.4978331454448 5.00305278485355 519.746690258751 88.8535369994875
25.8011878913545 7.34414421719653 19.5709049096397 21.7704601341664 11.9080344918785 2.8490247381035 525.110023463289 28.0076559266065
25.9707010137733 7.35589466155912 4.9804691991045 27.3899509050305 13.3391737158537 4.01033186898528 523.882526051847 1.38663807747518
22.687347796938 6.97594332399403 14.686866641554 27.6326186305616 18.8861238051164 4.31635372112968 524.675510350647 69.4016108416434
28.1433535311525 6.92502720962709 10.1033630398395 24.6829536361405 22.4026372454664 4.10714529688978 523.936213626897 38.2285893581018
28.5203516386769 7.21731404356667 5.29707687197086 27.8589068774853 21.2153871057885 4.77029497787033 525.570641743867 23.0133897347178
26.0782422168949 7.04355784292599 4.6523325549111 29.841417043448 14.8520660834789 1.87922218676706 522.537466668833 358.78949972377
26.3389598433116 7.35617105663772 21.3754650410528 24.6679567930153 7.66741477110633 1.35562895982718 526.230196751509 1.08859887426581
29.6720365837645 7.20664906023985 1.83848525538963 28.6728235264646 16.781311352735 3.04168882531179 519.282407723679 128.564464986996
25.4345843342214 7.18720478113008 15.7279012162251 21.5376155127624 9.6256694243551 2.3972307227613 522.591123919445 9.29842179478977
26.1420894891766 7.28280870264905 10.2424483724206 27.5409307686423 24.500757993683 4.94236918862488 523.132536704345 2.27856268655591
29.8700674704915 6.87864206354048 15.0011330434274 18.34547861611 12.681170322764 4.1825563514573 520.931475099262 21.8550564538129
26.7709878268555 7.00846445876901 19.6519505898092 25.7805485464906 19.4601036999069 5.59959664243924 523.884769252593 38.7905886250753
28.5945638220308 7.06531994135401 4.74056782600596 28.7115543534053 22.0969074772877 4.29411405084053 520.417305017176 62.0330019928848
28.0572331540264 7.01540096670478 22.1018481080053 22.2004735464981 22.8586095199225 3.66902333502836 524.249771953251 39.0318738341376
28.6554126415393 7.05860881514908 18.9287505392816 18.2793008957992 27.2138242700265 4.22793174382148 520.100522150499 51.8194902098528
20.6520979621466 6.94204074075418 8.51885943157244 28.4712123437391 6.97182853571091 8.4278415547171 523.056667109586 4.6295028809517
29.8154563219391 7.224643431684 7.79712891326065 28.4128825880039 25.4207019892964 3.75984049095864 527.498444668137 12.4670984108196
28.3829002147429 7.08941085132602 17.4701230232382 21.5387300969986 22.3171960824184 3.31531383240496 523.889649415188 39.9547661828569
25.6473582446979 6.86521025697192 12.0067037191375 27.3927868081627 24.041105453953 6.25378703246673 525.985137494795 11.5825867763939
28.1327332289916 7.28093296277503 12.4325490022972 24.6952710661052 20.8941484464679 3.58176199677136 526.735621030921 3.46117707564799
26.7873336166955 7.32605767275825 10.3126564630407 27.8743501263674 6.83074520322637 6.71718915564843 524.896803870711 44.1418543972223
28.0391909549693 7.26093913825183 6.62609176896909 25.7519516882572 13.1438237715114 1.2711805197495 527.711320585685 17.9786272519425
28.7961335094508 6.99630854171565 15.966680073618 22.6430877044144 21.4994537182081 4.85786269174829 515.614480309525 58.5523710345922
25.0879375709139 7.2759937045054 16.1164601471128 27.117300288212 7.02627115142637 5.07617582003285 522.326108174677 7.401832087104
25.2058268627218 6.91841540277551 7.63074094745516 26.484767758395 22.8732413137487 7.91796643782387 526.135400713433 124.963148716906
25.4500529288741 7.51769702669808 22.9919145639834 25.2039995854838 12.7903705170796 2.91842161031795 526.572590146415 34.3384765222415
27.9991035934577 7.05236138236733 8.39639072209311 26.5434867790428 11.5678587242964 5.78616106721209 527.036588260684 33.5015134035983
25.4472792140798 7.0220655146975 19.6529067451651 23.4477056776507 28.5973546989152 4.74688012875228 523.522263116615 36.7236817728204
26.8632596837308 7.26923116348591 17.6221128754434 23.0052148190507 11.6922451179942 5.20667135881709 526.327659416227 8.72189659304001
29.2987541692874 6.65783300186255 17.1580025282651 24.1999340291407 12.0423172825403 4.97987537379693 522.865518891139 50.8655681727783
25.9198186598333 7.34600147664093 19.388228586299 22.3275176905033 12.6767710138057 8.15938676277436 525.277480160079 4.26146434056587
29.5336188951853 7.24363551363918 11.9664982388622 29.2383969142084 14.6376430065723 7.14120820707775 522.589671956728 10.6866990713561
28.1641395182593 7.39811315443365 13.9075834183552 28.0022918388585 4.5497694444422 7.23720981277659 530.457726607219 18.5908878317304
28.1452396759519 7.03400833503819 11.1117884689597 26.1356311250402 21.7718289756048 5.86945931724769 523.200076129052 27.7017277641297
29.4495968484176 7.35181593092268 20.8192007292744 18.7603253312108 22.4617999320247 6.77402378922896 517.264218781292 9.33946572375614
28.6092134340213 7.40749252587603 7.89963609980083 28.4054559094394 12.4930642340136 6.6660601463144 526.048750750267 8.55209192016411
29.8942826861429 7.47660692998655 11.3158910689623 17.4306483928664 10.2091486945972 5.35474948140513 518.187726384607 0.988538363324706
29.6529921899134 7.24627336992632 16.0994212278753 12.6133964596599 15.2410984498998 7.28010016533575 522.169771547042 0.969012151447496
27.1159677514316 7.34888241526272 17.3210191281475 23.8408741711702 13.1421121686353 3.12838169032754 527.263450001415 27.7009590311028
28.7928439799318 7.00872620348919 14.7652445393896 21.3166945158378 19.8918760164627 4.94953892641804 521.154307728462 9.58193187661866
18.8757209881952 7.57212733279123 13.9381060302697 23.8390061679647 12.0107182809727 5.40802894235542 526.422433964159 4.98471274281591
16.1032405571863 9.21116166898475 6.04121773249646 29.1235639862975 8.58895799652927 19.2670219487472 507.757798575851 307.996361353619
27.6540454720987 7.41065031358562 24.9037212803032 26.3171289718258 18.1736689574449 3.57374869110524 523.803473432421 14.070677510097
27.5567715937881 6.69407776126092 16.6429001565791 22.4068775212767 5.44867776065934 3.03579621356025 515.984766608873 72.369221271313
26.6347969604002 6.57050087315276 9.23941369949908 26.6437003120991 7.9939201533568 4.50163476091924 525.541013517758 47.5517923949692
28.6857907641766 7.46460973564194 8.17181608593111 27.8398930095772 13.0265530723026 4.72155998704142 525.621502993667 40.6913484900809
27.0441758298084 7.40797589357568 17.9187475586067 23.0724638777556 5.63440102297765 4.29471087758421 523.362225333691 31.1325102202475
28.0482698696042 7.48115216368711 2.66208604468079 29.0932272497096 4.94921979180182 14.4654137369082 526.022810544161 0.515140755721606
18.2975317634376 7.69708951714902 18.1648866077155 22.5939429652821 2.24511626290722 9.02776470205044 520.48891010786 74.8325303510958
29.6480880343154 6.54436657159833 11.6130724538387 26.3943356783676 11.2697019733389 6.97218164356088 526.471621833339 35.7703461415577
28.387768525457 7.07714954279706 18.3593955771987 15.0403313206737 14.6075286198822 4.26016730762063 523.627110288746 155.725210228137
28.7592449349168 6.77504856066862 7.26909746471176 27.0489379193779 13.823880933801 4.82109997166998 523.293907179841 27.9535367607064
26.7622058250656 7.36503923135655 15.6982558329657 26.549523350957 16.600681442522 2.71686673345079 520.046021297832 66.0264831582261
28.2785251575848 6.64504170865786 17.8472705351529 20.960143736866 28.9475223181407 6.68295872094381 519.993605552201 59.2527165517562
26.881055406706 6.92944784925638 15.6150263529865 23.3244354576372 19.7872551264099 4.68007405752334 520.918192200112 37.0485084814518
5.81215977927141 7.37215255456468 13.4748912510469 24.2192855856707 19.4816886885707 4.81297402988623 526.085871298808 20.1895286457059
26.7587316938458 7.35932562096967 4.06513181966562 29.4830547307447 25.8151868059391 7.67258311166068 526.005528705655 3.95917098352584
29.6123612755253 6.89222366342085 14.6253880974085 26.4333050005082 21.952939288525 5.54689282642205 526.668391725157 35.2040941607499
28.9080340896609 6.47161376684958 1.98720431014049 27.3269796886964 14.1811186624366 5.62022443539521 524.141164603146 52.5434587752561
27.9706503683436 6.99623766423065 5.06040490935836 28.3092968472619 13.1607164900497 6.42205530799128 524.655918899552 2.30760640860846
29.919584795616 6.623354266856 15.019241335285 26.3836803262966 9.67644142371845 6.45314404154872 528.015333101268 12.3709379481511
28.4549333869444 7.29151884135115 16.0381502686747 28.043839979302 25.2969738122724 3.48572895958214 525.269501161894 52.8462590186013
27.0557614840382 7.32827572278122 18.6669522143398 28.3593741553743 29.2440006662872 3.21203987260434 524.006701079687 19.0856135833206
27.8417298551407 7.26383031359896 1.52721032415639 22.5415938558008 27.2575261443991 4.92497265311094 524.476686119581 34.340146807885
25.6277217187945 7.28852623600801 14.3018685442748 25.8462069820588 7.03670412802041 6.13258333703265 526.889528592498 6.6072653290588
28.2647516745074 6.80352545757942 14.3385306781549 23.6230343334372 20.3632920144247 4.42019799064583 516.938069596237 56.146931176176
