21.9614907295347 11.548689744256 8.31728386883077 19.6701658309519 25.1128482486926 27.3232132837316 523.497194163863 255.538795956385
17.4706952107094 13.6079592739515 27.144284125385 25.208047800114 9.54148458775825 11.4592651302693 529.546375900375 186.082885429436
26.787101016784 11.1036833716223 16.3610156685708 18.9957000579035 12.4903089064946 9.74265201969128 527.817400582292 244.080651906208
17.5243373348904 7.85677192424665 4.42139782730439 27.7751319697598 6.03065379087198 21.320724391935 525.842508625059 237.217540623218
13.7730108950502 12.1766811565763 15.7454599756858 21.1367050570355 15.5102839928926 9.16387553608744 519.196660508054 327.043598839701
25.6941589607804 16.296381339607 26.7881675064498 17.239676336589 18.7437520360949 17.019200346367 529.780152497998 189.549784010185
18.2384604947027 15.3250090160454 16.8395296921943 18.8011336613628 19.1258009721978 21.0315026602308 525.235440663861 240.983626221567
19.7450876174137 26.9540539565802 14.1660878775356 23.968196549763 10.2603621084857 14.2502326266916 527.367201436226 243.299009660552
25.0497935395116 10.9315088609786 23.1409687112321 24.2194237175983 17.3737057158306 24.3303651901709 523.597153955822 241.768649011801
18.3370021655545 14.3313794023937 12.0494595146111 25.4199399153639 12.7931963718731 17.7947046373951 528.22741468164 227.41495053679
23.388427274183 12.2564003946929 12.9637972926672 23.9361347962184 15.848996608286 9.98008685170558 531.05147155853 163.33856155462
26.8098490701187 11.407755829446 13.8794166871889 24.1238060981312 18.2511983065837 10.8179293044648 524.888781124684 216.46369866069
22.5155390010825 17.0130949498981 29.7355682285519 20.373637094871 8.6051680742943 19.1148248537668 521.234611463967 235.462879848019
24.2053834864669 13.7657855356947 25.9981400846822 15.2203605027423 5.77760588027987 11.0309421661859 523.703252669164 186.366418800804
28.6126351317218 13.788183766233 19.9890187356265 18.6990875731974 12.2235982987742 17.9298555672668 529.870449216473 151.089999665825
20.8663979027902 16.923830298211 20.2164921747061 20.830785736397 7.86211506888499 10.8315985063573 521.470358430615 233.931324161521
23.3559741534656 14.5462996288954 29.6562676543468 21.3834117623851 15.2851657462244 11.8492164184961 530.897173585313 135.551976241066
18.4876470906781 15.4358143760708 22.7342117682637 19.8588074225196 21.7079597580383 7.08420923508855 524.910658319297 214.880471036245
26.2717864104348 13.439829733659 21.0657848191361 19.4535897375198 17.5728226488118 10.6369896340008 522.670231286487 250.271319998978
18.3980617055354 14.1195348073258 17.8102126589756 22.8363198633721 5.95003776463127 20.1442156687881 530.017527605588 199.143917158888
9.17990099930704 18.4432010211006 27.5978493805749 21.040124067096 19.3295672309158 6.33561503308095 528.397958308509 245.098023373862
15.7309931856904 12.1839930175479 14.8987079836508 17.7015870867246 10.206722827667 5.57674008639639 528.602056279007 255.320922564551
27.0862874638064 14.1507555618963 25.9419983788609 17.3388871635509 17.2182422320398 5.69289208492667 514.689398198706 219.89501338231
18.1365293062601 13.2690810019916 24.737097990232 21.0805936390623 13.350504289985 21.1349802491829 523.747233217149 269.967579126965
28.3549015140136 9.98264856101298 22.7755366008081 23.7300669485597 16.9068932119218 11.8532313937099 523.804516247175 259.544080916722
20.1500863561549 14.2116676537316 24.0245734940296 21.0124305778824 11.6981572682245 12.7841457301573 524.410764339177 250.597703758193
11.1169121800144 15.0368903462486 25.3105631331888 21.54831050493 12.709914830825 2.21851727587906 526.969002189685 239.686256568525
21.2880878723387 13.2495002538535 27.4582423702462 21.3569594984727 15.4681274475497 8.42030750870096 530.993595750346 171.451167313996
25.5206775752428 10.3827267516142 12.7178452557666 25.4688292548013 8.53166690627336 13.8963647323353 528.899461494273 232.147573815159
23.0552475390166 11.3070374261843 24.2669049141315 29.4578642255516 15.0798750129083 16.8473287555165 529.656331255964 207.401958675921
28.9757902577959 10.8510657902597 4.00698291204487 26.0503740685453 19.5858924705198 8.55048604423139 522.509883114819 268.314028065589
24.3649549357448 10.0385891070915 27.3477576776462 19.8891750332731 9.52898546407504 20.7453805706134 527.582123757262 269.878295795713
15.2296191284196 12.4416305899213 26.4011239386652 23.273007502607 13.4180938681961 13.8411430286269 527.056354870321 215.138306667602
15.9699932540598 15.5355764866468 27.1747514271308 18.6684895342999 19.9893584005906 7.08612577442513 526.223585779251 205.785707980037
19.629523895168 13.5691054763442 28.6875297832975 21.4218724597559 19.0647278725211 12.3272125687961 528.686222173366 242.999573831164
19.0375945266178 11.1578634520486 28.3876917197259 21.5142260804814 21.5739485317349 24.748286534017 523.251493889095 272.919913913106
27.1620090627285 11.6321869255726 16.5460724304173 21.3267888916647 11.4401639684748 9.86750902189612 522.808915438582 256.605195463854
15.4071022413111 16.6988557964509 8.07373856184173 26.795957359497 10.8314411617734 16.0645847194882 526.569224643472 232.824449886361
13.0823958782739 14.9947318347476 14.9266627091276 23.4982956827627 27.6440147477021 14.4398340718077 529.616591216066 241.774142498265
18.2067793110162 13.0411803933766 29.5198652042883 23.302554768394 7.52118368475309 8.36761921835585 529.222337817567 234.001376815614
19.8386881627235 10.8879596182645 14.4511209340984 20.8034484485478 19.1224796059447 15.6072705563076 527.215998398077 197.133313610002
20.3057477235273 14.8257115565162 17.6897409032145 22.4291357719634 21.1423549918523 9.63811142278031 528.542310215809 184.67750321376
25.9820826982202 15.1172360432146 20.2126609571365 20.5491555641421 14.8537283184963 10.2272169474482 528.076236728941 194.143296096799
26.3108255309569 9.40137501608448 29.4542521249718 21.0960869891006 14.3975115709728 9.19895039349836 528.231836868604 203.77412516899
19.3327763923273 13.0683635320292 25.8329341808663 14.979614254941 16.501338228531 10.5095510549265 528.896772012328 157.899167122879
21.054241671864 18.9382387150375 11.8925918006229 25.7533764564942 6.89514717773255 16.4820746540565 527.243662951277 247.964136375081
18.8675040340931 10.3490622478757 26.6142549795247 17.3007139751072 9.72345545565763 10.6953012294486 519.207744413755 283.270978421865
16.5442280640319 15.2124016697672 28.3448939687961 22.6753523539595 19.398520362069 10.6323645634765 529.779973326688 213.08834188614
16.4528087181979 15.1929899198789 28.1133434592069 20.2043226669866 9.80255377887625 15.7242876042457 526.561788585827 227.500777970794
16.2652945106625 17.6242118897897 18.7454088749177 22.3499268076983 13.7915374204317 22.5560444077568 524.454614233178 242.038817670798
24.7664351031217 13.1489030096413 26.8212862094693 22.8304158960143 13.9382024033784 4.70763056330452 531.395405547161 174.300420677941
28.0924915832508 11.5828619037221 20.540534790457 27.7853061052362 17.0939743696395 9.72115235082831 520.628266223259 231.84516696375
21.1785705623976 14.24845469737 17.0837008495272 22.9933545881508 20.4359519945743 9.03471123075021 516.073488507019 281.787413217813
19.3676946775252 12.3770876584886 21.5260067045184 19.4050406646939 12.1732479183926 19.2606174347136 527.361635742629 208.180993949197
17.7030444381985 15.1746621780529 10.2489956283349 22.0798811374585 12.5930717861073 15.3967297727072 526.335511726938 205.929253885977
17.1395297723973 13.6852175756217 22.2783317013106 15.4970903296259 3.99720281266782 7.68667580244214 519.00690949889 251.694550549513
23.5073281984371 15.1680301873667 28.605857938892 21.1645427213123 14.978225013272 6.53885185958031 528.47828880155 190.943282224072
12.07362307363 17.6036084523269 15.7594609816544 19.9461773750489 11.8815993772658 12.3645893826516 516.813016782869 286.535628846509
8.46155519889602 16.8591241171643 16.2204369963154 19.3370578921685 17.0486706486803 17.58541425697 528.659994363772 212.522058210879
12.8952283470428 13.9390575447276 21.3818585542173 23.725675027049 10.3218097682291 11.4583566538752 531.800472955424 183.26106487136
20.0290613201737 12.852191196307 27.9291634448097 18.4889596211408 6.29648763996481 13.4561900316769 518.705006250498 274.502303073775
22.6001833379736 12.8794825748061 1.74312809267127 27.4676777130121 18.3316676140722 24.9785537206626 522.210953659691 264.835673622826
24.0826159824747 11.059279762823 22.1006380771888 26.0433190383972 10.8702827008287 8.88006705972276 528.367887110904 219.949886574848
18.3800198561315 11.9211689518458 24.8804968141545 25.0812615684373 12.1980060542028 14.3397860005413 526.56885791653 234.060997277337
11.6825133744049 12.1106782959633 9.79539629849359 25.4025770169371 13.5235043630219 11.2083515347378 520.063495128453 291.741470275103
20.7514860407243 9.67373344617504 6.87432197535585 24.497487977013 6.73954724985915 10.5781920897655 528.540616164605 212.645970520408
19.3488116994819 13.6451422803849 29.2970881493444 19.401805139844 16.1131186622564 14.1824140138246 525.379076791728 227.175864017179
18.593446489558 12.3723904577513 12.3204021323674 19.6709781191368 10.3202606465099 15.6963941411291 516.081562338895 225.035044358366
25.0239867890515 13.2494203355798 12.2861639157155 24.3256708492515 17.6081873793556 7.96302022100153 513.685457944719 377.882455155839
17.883665697402 12.3389391319495 12.2705149010506 25.6030820523707 12.7310251186048 17.1032685194603 522.174101867006 249.373502739395
22.0084610635794 14.1601165689983 18.0270996247901 20.7778370327157 15.709757920617 7.61982016454597 527.993182951988 208.339558724311
12.9523695248063 20.8106977650867 19.8003351648011 20.5580578446768 6.47263029165758 4.56960010116336 530.213334630012 182.162868540032
13.5441754643349 14.3265136667114 24.4524884645085 16.4671940045156 21.9829273849008 10.0253627607081 529.268805861234 204.616926367542
24.4253417442864 13.1077402297723 23.9275018246566 27.3661756959804 28.08093017451 4.29095896640759 528.612895580332 236.004568727261
18.3986280567486 12.7508653437653 28.9888336291988 16.9834673831869 5.74130232752964 21.708844741631 528.307877263447 215.51312205601
18.9761184242934 14.1567771348979 17.9601877634818 24.6905586513139 20.365300589748 16.2437513009022 530.102753564337 170.990945900048
21.8708815162872 14.2062432847331 22.2490772490278 14.6797297116429 10.0510527753723 15.7796865469887 526.069739045709 204.950496453375
14.6340724968969 13.1161844434207 19.1496868547602 24.8896455217588 11.7777235395082 12.6253951532003 526.968282583034 356.513716440387
15.7529548027249 16.6169201440322 13.6746851155115 23.3147572928483 11.4117866928875 13.2071783214944 527.534535860255 222.949370117078
12.1179288057652 19.3838828445409 15.9794029168295 17.0009383676964 22.7690705885868 18.2627362464194 528.112630878496 228.218495199327
25.3168556964778 17.3034263224979 19.7749186143966 24.9877029542889 5.17283333617434 10.9169269543372 523.094423986849 259.713728397429
28.107816132709 10.8660609757496 2.78014052166179 28.6757082961841 14.6931631934548 20.5362410235309 524.826602467145 255.11752776153
21.5225770571324 12.3881947558982 5.55465622270882 26.3528874310244 12.8061570820942 11.4553599105554 529.083953700816 198.635073284712
21.8284327623288 12.8030074774567 15.0842135848776 21.6353788659251 4.39417944956433 18.7073609653177 528.241470582893 225.433609736643
27.8306287170634 13.1814051707736 19.4765634319188 17.342878211001 7.48510030965546 17.3885199302202 525.811812871677 210.432038901989
19.5723520262125 11.2180537018039 23.5932971852073 18.1085500546884 13.5714171427207 23.0988617050015 528.647485697265 187.771549738452
24.867470538475 10.5063321445622 29.9877593632408 18.5104445917321 21.177329929757 25.2999833693027 527.030515369717 205.200380029299
25.5988711387361 13.8239278987291 24.4416783566624 23.3883442506885 11.523684909498 8.7937158822894 520.503146369386 253.965240041144
18.6370816915254 12.9085741067384 23.623361975146 23.7268257809876 15.8179865806278 19.2890892013758 519.898062314174 254.825934405718
12.0235742514995 13.9635750292679 23.4167734709628 18.631298637116 12.6990468766211 10.2517327548506 521.396166804395 252.011318290855
22.6459496671689 9.33954723388542 20.9597278538325 19.4035340830988 6.44761149741083 6.09157498389708 522.163662130458 257.529061111026
19.8821505741295 11.6961054022274 15.893403588667 14.519605986844 18.3598154849153 23.7763600970178 519.980822360288 274.840245527139
22.0869929719935 13.6133795647336 21.9584573336402 15.4443630237141 17.7988492739778 16.4447151452366 527.85440948918 219.089656157229
27.2277792004803 8.66324869995293 10.5551907034301 26.1599186316823 13.5489382659513 13.3175822801474 524.55686615986 262.664082758528
19.2931334203068 14.0320960308143 24.7052425549221 26.2435388739362 11.1749853930946 14.922096220999 531.253970369171 154.273756124168
17.7229890715388 13.1896438240337 9.21245071847877 24.5064802241787 15.8058392552002 19.5245619278959 526.420743008973 231.663080671284
23.3258458696148 12.9223444320447 27.420307523515 25.6372377973207 22.8865390486744 6.56542589291513 526.096957408493 240.599427647499
25.142525783939 13.1852283503527 25.9675437673042 23.6310643251867 7.53620168566805 20.6129549802546 529.57413341968 186.553304394388
19.927568948495 19.0129754729347 8.72889719364633 17.3085143244844 9.62099579794427 15.2914665961213 525.304088786979 225.555334208352
25.9189870668582 16.1875726974891 29.9692853852331 29.2005362494623 14.1765696492613 27.2805509583408 536.94680626184 41.7171341623615
23.8779626064075 11.5131536357011 25.799706264866 22.1054061912756 22.1711417204008 21.0059558000199 528.33556712035 224.672590648385
19.5209967025538 14.087149269632 8.46911250764952 19.7589896808847 19.3308226836433 9.51560978164084 521.925245279186 221.336033946278
22.1969165072184 13.0309637246296 19.3982744573708 21.2425123634542 21.7898181469952 12.1959023731248 527.346773476187 200.102625435479
18.7299005858286 13.5496079390056 29.8565359629688 25.2666486246985 11.9550566297515 18.271053265113 529.634529441217 174.365094962548
21.0727674053722 14.7697913528923 28.6665069795484 24.1447229735418 11.3285403465604 25.8321676225079 526.136619236876 231.056797659446
26.0217607908996 8.59890804149166 24.9846748954686 25.0284867358173 12.6768222041141 13.8463445778981 521.999129239962 272.357947242599
12.7996818697116 15.6950282917003 29.2542848250015 19.8809408966326 4.52995108808963 9.21504427755432 529.493697867958 214.662132228404
28.6974706011064 15.3100193376027 25.2353794664796 26.4138565429421 27.801154628138 7.33388293038064 532.296515531907 174.518880838913
20.7319019438611 13.349787334256 23.0437400369326 20.360875722083 13.5716576486313 5.08915071372426 526.610542838908 283.480774960013
23.3207911218138 16.8037785701068 21.3870601616818 15.2777314015107 8.18230604395187 16.0459994063088 518.43689231106 246.508167333646
18.5232607553234 18.1891379114967 29.0985484619494 23.2866424747394 21.2957502721941 14.4829966322224 521.191529122843 239.096879585695
21.0342848619504 14.7296504390388 29.6217608037827 23.4902840521153 4.23884343926193 16.3431777228373 522.64124260572 255.476912224899
23.8419450831981 14.894579514486 24.0555968303065 17.0824800883011 19.5120181883999 19.230244301484 521.683305941898 212.863529310197
23.5934159573081 11.4013578273685 25.6471995261214 21.533773116756 8.97398733154136 13.1964246992413 514.352070470612 274.686073988941
23.4128810799883 24.492517562009 16.9997599640624 22.8188223142232 5.0694925861777 14.0241554691045 524.350527387668 248.362271930218
24.3408551762864 11.6909369864593 27.1829051831267 21.5921767479209 26.3398447141714 10.9673616595988 519.497540964942 237.427422013347
19.3196528026821 12.7810827612817 17.0243652909845 24.3219090023782 4.38986524284765 9.7729263554305 522.948914463106 263.321430430386
16.9458505626148 12.7650388210509 20.2929745213016 17.0828376056805 8.4680507129942 8.22592726196469 527.079232861521 201.632763821296
17.5693586185054 16.2337676285936 3.38841847428396 27.0909405196517 14.1992437851612 20.0740638326574 528.924733039144 199.37137780794
25.8832746130834 9.07782179937809 4.98818670304966 26.9434264231971 9.15561855486445 8.1240985718185 530.349465384641 242.768143190153
18.4269370267867 14.7821089556 21.4175570830724 24.7935060768138 21.8127831719015 7.30523164705488 526.696714929067 233.049503249548
18.4308369263688 19.1124096913424 12.2284577468175 19.2871348923009 9.77246198957488 16.3144218410642 525.994805664517 241.316912787862
18.8736447455859 12.3173375731092 21.133639861302 20.3483150323417 20.508189105327 11.2016353953547 529.950731264123 225.34383423017
13.8665935953466 13.766210261886 22.1753944366313 19.4436220350677 8.22630101995771 8.19474111710213 527.22357977792 250.24575455737
15.9664281811417 14.8234992809561 29.7735663236457 21.4304601060468 11.2380605962059 10.6154792957928 528.914290692399 202.508232664947
17.5552878552057 12.6785508515766 13.7328733893959 22.3014248012743 21.351746650475 21.8474360574535 528.471601698176 286.342263384671
22.4077279086295 12.8163985200355 19.8086902783536 20.5810325846194 14.7267118630538 18.8122402791619 528.398416248442 209.575989353876
25.7750058394019 12.982704942772 29.4962435247233 24.0061283384112 23.7085628147415 4.90593049511617 530.740874426497 217.975328553069
12.1867201648142 16.4175454599905 23.1199868976034 25.7197075097416 14.1145806345417 18.2801945162645 534.211062798385 154.719222259849
23.3108489043338 11.7006010935618 7.23026237744728 24.7984106156724 12.3517964547836 7.0374430895126 528.890021117691 213.489788221719
17.4031758215186 15.3552510073415 12.7491069469692 18.8715468787878 9.45534323253865 4.71890326421385 531.287413232065 134.213260669085
24.5559806871472 10.6807046178826 12.3395250254126 25.7522985659651 25.2512956059699 11.8680247487301 526.905207271552 252.446540647213
23.4147145770381 12.596068808606 7.77016374641739 25.289637578386 19.1489372180907 11.7890120557506 521.948429852734 243.941693765995
25.0420693840402 14.9664260676763 26.680711399479 27.1898370648514 14.1662183382468 14.471834750076 524.541261330617 196.076980197966
14.8956809745388 14.8277377236816 14.4980202365574 20.6230831471453 13.9918466575063 13.9287514661828 529.351113558344 205.806815745539
18.3776200465005 13.0578680370788 29.2422897778862 21.9143444819242 19.5888670316209 9.47588412103263 527.537793969048 226.821992563945
23.6009095921192 10.3257076165052 6.81659910606396 20.663413358812 8.64821240281296 11.1625786894001 524.573258343926 258.22045033091
25.9812537204397 12.2650101664158 27.8220463944467 23.4924996770717 26.3615156659878 8.57042131048994 529.94871887782 226.795628584387
29.6611904423511 12.695172571941 24.0428459995418 26.513151868779 22.3963371272487 7.97210917582701 532.2240832666 130.842124413788
20.0828661479158 12.174449146037 25.3835984178715 22.9999828706811 16.2527456459859 10.0498898084459 530.155615753477 185.779872199988
18.6483813426234 15.3996367824369 27.7930926104513 20.0226519017758 8.61933750990067 11.1707586370121 523.540166346833 237.72361313217
18.9844487032039 15.0907035138595 28.2541439122484 24.9701436590498 10.5161200841648 19.4153416631422 528.114848911405 192.125600612854
24.9979864356471 10.7219156146432 20.2793752955279 18.0213847590149 22.0374813929686 14.8643139210968 526.676339049679 232.351266868317
6.36217366192864 14.7838197708674 9.87401565419387 23.8348837601301 21.3648928283653 15.5645519250555 529.828148338866 179.049392255591
28.2409090407315 13.071417538454 22.0128739900152 14.7718790840448 17.9957686380352 23.1716111463634 527.592126855983 174.23395432964
13.1108507304743 19.7408278145833 15.7660079907824 25.3037719541065 8.01215293052391 11.2644441360677 532.311723805147 176.720579080126
17.6426390583454 12.7705022975873 26.479269212995 17.5355776906732 9.71863975272951 21.7548852560686 524.356597841038 225.295315051919
23.5592492386281 13.2163829128424 19.7931706302786 20.5328273388324 14.2559952617618 6.98772578827482 529.592313360288 199.430694833775
14.9948748756036 19.4589092294678 29.7088792957617 24.8172283550724 2.87211327663856 16.8801992787345 530.441331662352 158.396418669819
20.4474295984523 12.4948794823289 27.4458431639417 27.0570790787647 13.0019033047294 7.53656623171698 523.039463012836 248.063546883137
13.5377779075239 15.3011775242694 29.9629708301982 20.7116063006279 17.9107736852625 15.6035137705985 530.224660488779 180.133326314077
18.8013882007584 12.4579689702573 24.1244578973942 18.8717054260515 18.6070780322562 8.66876526360468 530.071970863348 183.062012365974
29.0109699754053 14.9245137536637 24.5302800839561 23.6759154128637 18.2788445179035 16.2437220299093 533.854341434384 88.1662985561272
24.4212598435721 13.5568263599208 27.8141304146929 26.5114953543748 24.2997705248838 10.3034145304239 529.627844397917 190.787150916553
21.4841267987846 13.2913601722949 29.2074931462049 19.5545340127975 10.7279714176831 2.86874584202021 524.110246339012 273.706732090767
13.2361283891401 12.2932851848898 15.2440360740708 23.7803457959218 13.3515471135918 7.72440276049775 527.60146174325 229.409059134894
22.3718505089754 13.5752447378134 20.6607675245237 15.0943892750609 5.30129701474286 16.4647073309682 521.235201069281 319.140361404532
28.3200203664947 12.7996410567029 10.0846223306192 20.7569627466103 16.9989386380544 7.66450464380395 529.93672694582 200.090199689274
20.542254731705 10.0844752357898 26.281270736939 20.1260988996827 7.66363096198687 9.67308724080431 528.282003677215 214.393732120581
21.8321814963166 14.30050283489 29.8506753959676 27.5911283178883 5.4656855217098 21.6672171338706 528.784120082146 243.283974949921
23.4249653152741 11.8051436619122 25.3089047539782 20.8201474779692 6.91279328629212 8.42219091264636 524.265113955564 245.69795474037
24.874703523165 15.6117173942843 21.4004294450807 27.1883677003526 4.39536446973454 12.9160602102261 525.983362108892 255.79360172176
22.0845845688791 10.2040619809782 22.2655911137565 26.5700730007512 21.0997487880634 21.2245355803796 526.815177833491 294.136539070776
11.4859345844293 15.5449076516708 29.4607168746612 27.6710866461053 5.16313085148678 12.6522503813446 529.374460359435 210.660269151985
20.5365369932062 11.2329512201122 19.1483123111075 19.8369956201842 8.96014041868139 11.3993553581669 523.641344341992 241.473132773973
24.5711288175197 13.159225492667 27.1718608930676 20.4065656650108 11.0888320758602 9.9664974219391 524.263457231369 238.277893438909
18.6067672526751 13.3475520966344 23.2858167479708 22.9258275631426 9.5289987331295 16.8171302402093 526.19554685634 264.4201820596
22.1698920108863 11.722703034015 25.3082017679102 23.0371623986107 13.7385639211952 5.52056414349511 526.945216353277 215.256888506839
11.1781077728224 16.6734981177231 26.4080728706455 19.420129417619 14.2974325580208 17.6570877356128 525.835568551567 229.510366134214
11.3986171344667 13.9945476685611 26.2626547574048 21.5037680088414 13.0921375457594 11.6124572479311 531.999543286415 172.530918880591
21.3674463873793 11.6979025610885 29.2646666707548 17.1991168950628 6.38262234357526 3.34563261564151 529.982976249103 206.616263672152
7.78177139859185 16.9730159559577 28.4209022378245 23.6684100182515 9.11074503189541 15.5632559528376 524.156669469364 284.283007903883
17.6265258473079 17.5108963225027 28.8231487575287 22.6144130316358 9.72084180617153 1.72887137842866 533.620807924687 137.50867730564
27.6450950188406 13.7898595637713 29.2334251127679 27.9001336844901 12.3727082550346 17.9274609503275 527.887642439621 160.248974079106
14.861695241109 12.5703638729694 27.6832855447534 20.0307191858454 16.0275125154485 8.81174933342506 517.712035673422 282.550490684932
16.1381169027373 21.5912217090019 29.0404325959504 24.2079723145941 3.10583425834586 19.9378629127371 527.272726606623 240.415152285038
20.3153755349992 11.356101692757 9.84092962674369 25.9481134820683 8.18083086399912 11.1250286177014 529.02833826437 230.004999811695
17.8031018302029 11.0749075299429 24.3300492735992 19.1798442440463 14.3775281459371 9.59581631537777 528.417051212239 228.216811479925
20.5693017077515 18.6258909747261 12.1900700275331 25.5705508765356 9.46824811014992 21.1478230465945 528.901442626428 242.67434125057
26.321605396888 13.8819253746997 28.8873087148394 17.8252945866469 25.8176464220598 9.39089971362686 528.192629453213 203.369216793152
15.0703660060094 13.7522516287361 2.8870145025377 26.7782615741308 21.0811105856266 8.27820715497462 526.575347892321 260.951436292403
13.0624144462124 14.3765363930265 11.3352370480412 24.6230276319649 19.6738698710877 12.9246968750602 528.535731376399 231.716135187133
20.1008011062192 14.008918699286 29.0475329015789 21.4127194933465 8.18928116339432 7.74776079886212 529.338763756906 235.478930413947
22.5101994948493 15.0506535456705 27.1712081132719 21.3314412266076 14.2716990234536 12.0651038398072 528.285684170546 194.871439201
20.0802810398265 15.7431197595288 29.370031315308 25.1268058380484 5.11791609709686 16.9634166172545 520.278883461704 254.016668233785
15.3265078709828 11.9333241344186 24.2647140766968 19.26219151838 7.27188191402011 8.72242399310218 525.467082521693 216.262257383917
22.8701230242077 12.5086666091258 21.2693736167627 23.0276960952349 19.7176064211626 9.18264000254838 529.112757819908 200.110400699624
18.9605889549999 14.2547910529012 14.7639846909263 16.8356960766024 9.70028091510701 17.646248016497 527.094481665464 221.137298341089
23.729991228742 17.4343376433104 29.6599577382835 28.1855699788596 8.26227339594635 11.6499001904282 516.068745280562 261.433923651924
23.5478510019329 10.0338982013194 18.0433581611268 15.8666722086182 12.4361062751558 12.1968648761292 525.539079850371 231.281648293866
18.410503751469 14.300755874556 28.9200761623122 21.0052683153867 17.4148327329083 7.21460863083412 528.747583168637 266.218775618451
20.8503023227935 12.1181717673232 16.5008616032016 18.7532401065431 6.5929151261278 8.25601774783709 528.334872581402 239.589294802463
20.6159094063313 12.9106597871263 16.2049918171378 13.1652280350902 13.6398740215426 18.5967337423125 520.675938671793 208.754249425379
25.7614108089471 10.8287818606184 13.5283337216307 22.5057410354027 25.0787851864733 15.6237961939215 526.975327693686 218.4433925436
23.7741794004282 12.9982420794479 28.8734506254464 24.4576412185145 24.662312729934 10.210754528662 527.623452384732 203.925580476897
24.8886703153172 11.3293893667488 26.4277334901136 21.2219011468816 9.2374963754492 11.7196686122538 525.822432844127 298.432971054213
16.8002611502605 14.4643212130275 29.5004977880623 16.8390253705278 4.40181415645663 10.9953228572009 526.991259237671 178.758673291064
13.3707109542254 17.8959997848966 20.5289625752191 19.4949631182259 10.6416265365314 10.1436798533439 529.457832126874 194.588270519979
13.3710618628035 13.231479272881 27.069591641645 19.2841246796572 27.3999310649427 10.257126444147 530.053534186008 198.538582150542
16.5756580848464 14.0133694530533 25.1677452811762 20.9902004083699 15.6555323210749 12.015230585791 526.411897571529 199.876048456898
26.5446160557709 13.1352035638825 25.7711558851346 17.6078243443981 18.513596958905 8.06218270875596 524.345522098023 250.180662128047
16.6661836953242 14.1496058629055 0.118615987506634 25.3370344629425 14.1163319898075 16.9945142773332 526.770499600938 215.621539678663
24.6159135675741 11.159683515013 22.7314757223049 20.3416066338617 15.9838787443154 10.9366045941765 526.552480066816 251.373556621406
17.1503279303772 11.7546440290299 23.6286153021683 24.5103362298959 15.3703686547343 21.7310930923773 522.375536126391 244.526036995705
14.7668437348874 21.2682473193522 20.5348644340469 20.722900628899 13.9120200164144 27.426971318051 527.9404296655 211.283933463218
26.2569673698429 13.6908982526543 11.0362491623028 21.1634869034068 11.6691106631551 5.46143539978722 526.207329236105 215.541453472552
19.7890223017638 16.044723684956 26.6003952531436 20.4907096433965 12.7749591242989 12.4834349933515 529.673147529527 156.670151221779
13.6998308450868 12.9761998129965 19.2111240888454 21.2864447647926 11.5743460099248 1.19896294911399 529.816065335777 250.156458917362
24.9817400244358 12.606408283993 29.7090545667536 22.7443118568446 15.7670799076288 8.04202721764245 529.555181683399 212.461715380425
27.7338758017335 12.844761018206 28.9324107151049 26.3237875939305 25.2866384629144 9.20902545693235 529.420833420435 231.478586726705
20.9853828306684 15.2469645521314 25.5457330500017 20.6524977933358 14.3606432395224 20.666917928364 529.035377259451 204.976277875903
21.9909759961003 11.5628051078441 29.9442790822886 22.0897771246084 8.73219978101647 19.099109938145 528.95977352307 205.096560173386
18.0421652404141 11.0002255073514 16.0251645344225 19.2660806202823 10.685985655337 9.4509198165625 523.194268123978 251.873291155952
21.1645846628551 20.7758366555303 27.5223085448686 22.6146077073355 2.23863189730527 17.3585146035488 521.746680214252 267.009463365571
25.4236069253194 12.9025658166217 13.7576603205208 23.9219986990607 21.4129411165108 13.4353923245063 524.341831480577 261.287028449953
17.8584012239625 15.1473271222509 29.6891443561915 21.842112974312 12.3233354545855 15.903504710755 527.992826658665 200.488427803089
27.9373405654047 11.5786771121769 28.3147269490642 24.2627093205183 20.8416290990913 6.09459523649345 522.828778594833 257.738537964758
21.6513986606763 11.6557243416334 12.0007192948228 25.2459155299061 20.9981940831488 23.2625359652649 528.633901013651 254.426812441011
16.5053279972866 12.507453469709 19.8660422836993 16.221206845643 18.1736612405048 7.25096155229733 527.837880485227 202.653130505991
22.1708303266959 10.4677008034118 27.2903393179561 18.6283123644917 4.82483849321036 8.51276833061219 526.857131468401 253.639457582019
21.8437169978597 14.1649039994386 15.6389516109234 18.8271119641698 17.5181693704264 13.2192307383524 515.10068657336 247.297991882234
22.3301968573384 11.0624582715718 16.6821724585404 22.704862067156 21.7137477941259 20.3402491101721 524.357556746344 243.494499519261
20.6162084804276 13.8583211402551 28.1876557763692 20.7386381212988 10.1348544507778 14.4513050223064 515.624591068485 250.220458877132
22.9754330096811 12.6905201962868 19.3998531254729 20.2761912929361 20.4550003490985 7.84400972108694 523.73194772548 271.677730341091
21.2576279058937 13.339583399648 28.1725111748971 25.1204845175729 16.8536741467347 8.51719368457492 529.418917602799 154.779909889011
22.3042571302026 12.9417061675662 19.6578623585011 19.3844506638802 9.70601763685625 9.69910796238927 528.007632593914 233.228436722968
27.852692859123 7.9796370984889 11.6395264710979 24.318496349303 6.64485726926851 21.9829828083409 518.123738511199 295.958709264692
18.1420408713947 11.2037350066573 18.2401598870172 24.9490523076163 18.942695379005 11.4934288289448 524.308154869053 231.687426461461
20.2079615206654 15.209134963279 25.0687451750623 15.6261233577151 24.3105246569876 17.269382951219 527.209720364181 202.056642326977
10.0582116303466 13.425631333195 15.9793768960459 23.3693651941529 10.3105042375939 5.17095255339919 531.781451172648 189.935419896695
17.0567700261108 11.7110543006313 0.473284861305556 27.7949236143828 21.7003176032822 18.1063695314932 528.427070131524 222.682125204658
26.0169676054535 11.7409712595249 6.85968874047867 28.8901143686895 26.3242909123055 14.9766377791339 528.093764186843 181.829853080094
25.8755117017855 12.0707819302011 9.71079228336205 21.5884523718213 17.4572800562547 10.5241829732415 528.718944706717 198.570943071832
16.6959134121901 10.1135984753704 26.123771268681 24.7919808982882 16.7643709055735 10.9587478094832 523.661559390106 228.694305059238
18.9551445021156 11.5683842271037 17.8541696175278 20.2414636765332 22.0909668269836 15.8078068326465 528.186278343529 214.949651580152
23.7789823849185 11.7472749127943 24.9242423215373 23.8545529466266 9.49195543323739 17.8455153739008 524.449133738391 256.515576572959
19.7690837891036 14.7599724039508 29.9282002389937 23.7937134678013 24.2533277109219 9.09134224730746 529.639378821105 175.375889526141
13.9552139058721 14.0922379172636 22.7546610542738 22.5575948699933 17.7561407505058 16.1534259351338 531.67475774453 171.31794368498
17.5360261148371 14.8291027530022 24.2899913251633 27.0095755464917 25.259938696171 17.8387466920121 531.998916404073 134.744972662237
17.7904279413242 13.6063587172195 25.7282682675309 17.176416687579 8.38492332441493 6.86716072136618 529.64172000662 191.821971195347
22.2426259436338 14.3428495352553 12.2094013603262 26.0312552147745 13.3445816011074 18.4898522496409 530.059206155594 179.627115496998
13.7757736166788 17.3478492348277 27.9944317135064 24.77993705762 11.1845975998864 21.9073916681252 528.744614365779 211.279211605089
24.5841844150549 6.92504682856458 27.3887687762983 21.6234034187404 7.12626460756776 10.5098991886729 525.073049315311 265.445459743462
22.1221082402088 11.1982313014143 9.40767620220974 25.109656891789 21.7100018711083 13.6907206973687 528.973050163517 211.387900511095
26.2218760196539 13.9819133379179 17.843511639225 21.927110703551 9.46081255783941 14.3098230802634 528.435421550229 236.334908439329
18.0116304318614 10.9840288883708 22.9621270756295 18.9342229403916 9.91386462495499 5.39635056263122 524.50225462753 264.412757394853
20.19757508994 12.3733965496551 14.856914625663 23.7597884812209 19.991064477799 14.2978373817605 529.996818007342 177.725544182925
21.2047437630042 12.4322100151493 12.1890847697117 24.4442766373278 11.9217877835348 8.14809907149684 531.162325568656 191.842938948868
10.0920765351434 10.6592256974282 16.852784906417 7.9305691568572 22.6795764608339 16.1991299412242 516.657232146265 208.178168445614
28.322616112423 7.3419066923393 19.6718869971426 22.2587255054408 21.8366602915949 21.8654566693777 516.403413288223 285.639272313929
17.4488870327016 13.9054138307283 15.3334384912805 23.9277519029074 11.9371284996373 8.50766382764498 529.242345810582 239.840966565834
28.8333136345672 12.2585351632336 23.0581074444601 26.6475033054168 22.0589646904371 5.15357809308418 528.084566516225 263.217836761965
21.2043360541864 11.4473582324852 29.4602573383202 24.0594852591725 13.1760205066372 14.3267942605052 524.870402288334 244.61999650931
22.9267532158469 15.4717946356014 25.9580436495114 22.1968938955885 17.4638614807017 8.66101956454999 525.722678442079 204.847840352084
13.5660579627057 11.1633153745494 15.2064970080586 22.1212962387848 14.3302846148489 11.3219981578928 523.475281346935 285.338127779163
7.18440900024236 15.4809201953193 12.2382836300972 22.8802409763318 23.3038771471189 9.11287487544721 528.793652619481 217.995553966256
10.980750058311 15.5882688332318 29.5792663618795 26.1796986416493 5.25429401074975 14.037620662711 531.748508729292 234.126237640438
27.1950147857549 12.8746604473142 19.4445356253054 24.1910253280974 13.9938343058235 13.6948935760391 528.16147861966 243.920302366452
23.1696759066138 11.9760484824898 5.12795308515856 23.6146617178847 13.2008395371768 10.2379357463225 528.973644659979 203.2534782969
22.6090832190765 11.6613189716057 25.2683678609942 22.7675335091068 7.11200323796666 10.0474446657408 520.046686419839 230.459250609226
23.4850121802475 15.2352127410712 27.9672450707477 25.7356777439205 18.5426086040459 6.3924435102965 530.500639622663 205.958718955862
20.8381056149566 14.5001795724332 19.4070840512343 18.1824877127123 10.2735443114035 8.68162605472087 527.85356237883 217.566187612987
24.5425740762813 15.9566889653329 17.9470600201847 21.6968675859949 9.97665941131824 9.37201763946953 524.338468431466 167.311930714824
24.7595036941285 12.8626324345992 13.5531994601098 19.9207928991055 22.0626046932541 13.4776873118693 528.827915398643 158.954990654807
8.25965516990525 16.4815403718849 4.9540839227668 28.4936117678505 27.3658854945093 17.4266628625259 528.060454408636 244.22811752509
25.0436142170501 14.2043982893309 26.1364242450247 23.6731058127452 8.02434089239769 5.85344604367983 528.225911784901 212.139955074293
17.9050669923547 15.4490725675647 28.3747616069081 25.6254904590153 24.0768135632739 7.62617196661322 531.100478476985 154.089031888591
23.6313869846305 13.2415435507418 27.4706922658414 24.733559031702 13.3680352826947 19.8270122005449 529.532466017732 210.033366570659
18.7360841976712 11.3418056767385 25.6051623167202 24.1811608822563 20.3493070705184 15.1419285133997 522.658169566647 240.011713465863
19.3671820447011 11.6541963682873 13.0650027848327 22.625129738206 18.1540106786248 21.4550704182066 525.325413974284 235.575697627889
21.6967553104579 12.1004201873245 16.403241029074 24.1002149019841 23.9528739013495 19.316064488772 525.396154253108 252.6079268505
26.3226953979054 9.52266838003827 20.7695291202772 20.6679374542943 12.2522016673955 16.5342209269316 520.827074250152 267.789389229328
19.3674922677984 15.6339388966192 18.2557202295783 26.727037486197 12.9693817657443 15.3304354069031 530.534412575102 213.101243413519
21.2876388649375 14.2493891832038 28.430373299381 24.0325240881621 9.1102543717164 6.11088376046965 531.401265440662 176.132118647492
16.8200569207446 11.5146542825587 23.7606164529713 21.7138083757441 9.10829961139157 16.3812596608771 520.039702861528 289.695892419989
24.3958958370279 12.2480583786789 24.5060173352736 23.6925271656163 10.6640908262524 15.6748820190864 529.227902430837 213.661088165983
20.6061042458383 11.8136725561156 19.1132250892689 21.1505926470145 23.4114685851975 10.3105121143282 528.516452728771 218.267644812303
22.523678669282 10.66253027334 25.112664120227 19.4715977630494 22.2854292531789 11.3456021066195 525.505146085982 222.997444083317
13.2290049205765 15.8185781922463 10.9495637746169 14.6278836997747 24.5424846538246 10.4094393154271 526.480210101303 205.116189620336
20.3776158163561 10.7427108702242 26.5041007543756 21.2025762736332 17.1636963374933 12.401257724095 526.392565603106 237.229597675698
16.8502169018256 10.5883595813835 24.799739845949 19.9273628930655 10.3937001007768 12.6051592332693 527.215505807068 235.088255318267
25.6698421447093 10.1338637283895 21.9908255286782 25.8015057895783 18.0543836575418 15.1915749851851 525.134280087349 250.600910113952
23.3910202564073 11.9850802327036 26.022516382547 18.2169760960144 13.8621220110462 4.37831815286868 524.382649731984 282.28926050859
24.2805357951065 14.6601781277047 22.5809632465388 25.3444946042141 11.0383430411478 11.9342742097004 527.452163370964 204.076732138083
17.5458348016849 16.4602189235662 0.382787871925603 26.7595959218655 22.5569624156201 16.8276093986094 525.34162096441 250.605620346797
12.0513888252172 12.6978760215855 0.982747688122361 29.0413064593265 3.24925139409024 10.3603894650422 527.784000702571 243.940444287071
20.1917057814651 14.3296466959586 15.6995192327984 22.2049969291145 19.5951012137475 16.1483571977143 525.497075733235 217.362880075646
16.084044526364 20.3532450579555 26.3440162228721 18.768594042357 13.5321699766468 19.1535351139742 528.715746540454 221.680951112197
24.239876125187 11.4406453203746 21.4519750826169 19.7141817890211 17.090456282487 9.88220314129234 523.696691105026 247.221822971481
28.6943315036127 10.4929675692269 24.7472616116385 22.4661383667847 13.8835987776115 7.61899233155372 525.370514642967 259.162935556753
18.5187498870179 13.9253965978629 25.5200585550265 24.0897476839523 19.2329050135704 21.1812106790952 525.048595830985 209.292139942449
21.3977437865692 10.7462802943159 9.63246919619801 23.6933864409775 11.4390100559663 11.6612781450667 526.098982076871 236.806337263776
20.9069110943115 10.1156424865187 18.1972736582994 22.3615220347389 10.9285544390043 8.99359925845689 526.533356451095 259.682138529061
26.4778436295962 14.2271330583048 26.8959140949689 23.4219263087978 16.4138441145468 7.43472772768354 527.007230587009 231.420378470359
27.2593161959806 14.2553911921458 26.8208003533422 27.1903300100331 10.3498184701199 2.5377290064698 525.02086749864 282.162558170136
21.52539672368 16.0781015505116 28.2730031717088 18.581397766161 19.9673274163433 4.8009295082948 526.002101273517 235.323588313843
16.6476699455526 12.627187998407 25.0644263265683 19.9342027132525 14.9236694641865 22.2453784285974 530.253744634306 188.697113442752
21.5453350426705 10.7905667127289 21.3411420081713 23.1381582559736 8.68305493894715 11.6026049355307 528.310055585189 250.295969461105
19.4743166481926 12.8331712293927 19.4709730542845 27.308478366039 12.8664748250691 9.31963854900096 522.772825525603 219.698594538379
23.6808689046478 8.83997428852306 6.19434890294781 19.299547361007 10.2604459982715 10.5211618856497 523.600986250334 244.37263041693
28.8265683246656 15.9088531274355 20.1637411054214 26.4404002657502 24.1298616002994 8.86245923094072 530.108130743816 188.134656417513
26.9294905754726 12.7800926162432 12.7379972095277 17.634000864197 18.5642925162239 12.8194065085686 528.551326889802 204.430687788998
20.0686761848006 12.2473285468975 26.3479103597032 20.6815817767455 13.0079961346681 11.3152560501651 524.232592369167 233.18748300493
22.0218696434375 11.6360210883703 17.0294457812004 24.8754497291373 12.7260936644278 19.261591370452 513.368907344953 313.57384664814
25.1117241510557 10.5701736665177 5.41971400285324 18.7981879640689 25.7686953521561 16.2796211702923 523.924630001854 243.680315499426
28.811726617251 15.6791784761523 19.1642875074849 23.7193495090814 9.65517399243818 14.2491471312661 529.730270688136 191.110074516187
21.6184102380965 10.1071451072406 18.6397262509728 18.1880099517259 12.6713938079633 16.9137079519065 526.475300539741 217.679393140248
27.959542090454 7.94581054047111 8.28268506100751 25.9583855847632 20.2577448954566 13.7215766745262 517.03722539715 282.533737404943
14.8002940358478 13.1023480438483 13.6137328901541 25.0881489030332 12.9106187550995 11.2726087842551 528.486589641995 196.932241082725
9.82690200110221 14.2150401235437 1.56306976934407 26.189453256726 12.6282028425564 6.97118472737083 528.948162903506 211.995280291956
10.6260923311765 13.9651943898437 3.32819718567585 24.897292662819 14.0701604040647 9.47179497816245 530.335247952632 195.646443088207
27.7843281987606 13.2123738811639 26.9883283834008 16.2297689798629 18.2592992769475 14.6824034372606 529.127806127654 148.13356674269
15.9815089461221 13.1158936227238 27.390704337954 25.3380486561604 19.8796365951234 16.0141388344049 527.927483504753 197.852563951923
18.7890040964991 10.8766350341442 24.8517628988477 20.1970026839707 16.8216031292899 9.16464224503179 513.110601811111 287.620115658575
7.56665896317106 16.3661046665139 27.1436084107787 20.7108228939129 11.6266529043089 13.8153459589384 529.967338938527 152.465417431637
24.945800818226 16.0568283402556 13.1659091462542 24.0399470958128 23.2238476908085 15.2376235987158 528.550163784663 202.986021077301
26.9436845240068 18.4580923130956 19.2700803031226 21.8868708900895 14.4939800755347 17.9897082754937 520.105862336519 246.05409270997
26.8104045276993 12.9314294781773 24.2660868166752 17.2534839827364 20.1518814122935 7.59033001855087 527.942308541332 231.438736465171
23.9033701687474 12.3751491667148 13.4709410282768 15.5019826207164 25.5555698616867 19.6547280207027 519.218429986744 277.996071189426
22.4011583888778 16.1637872791156 13.8643830295034 19.0632598535033 12.0811836767611 14.7895572232188 527.7803133966 177.74586141125
17.9558619316109 12.0595939350233 25.5987064096207 23.3491691732244 19.8325740018164 12.1515208946368 525.61501189978 239.601386758883
21.4658133534529 14.5056766755334 28.5483566066463 25.7072532637605 19.9933185028258 12.3741509812726 517.575278736732 257.641670514182
22.8811495319827 10.6587627067111 2.1421098710633 26.2288239371494 17.3715595725199 19.542086379622 528.417780232986 214.858529562748
20.6764608799766 14.5977618043827 26.0536240913362 21.3969561322521 21.2325469405527 11.2625677609028 528.703051257046 201.269825496715
16.9244772016559 12.2386823369294 11.2032686088875 23.0305528492771 21.7104203385186 14.8998336274179 525.461934176969 236.973612892428
25.0273542362258 11.5593618535104 24.8765228831284 23.4022164706047 7.28321367404997 9.1938925782782 528.545929398504 194.060684772912
13.3388668398227 15.6247882928838 29.1414213727655 25.081790122391 18.44807243249 12.0326195323256 525.620048442849 200.47983519403
26.813374182705 8.71969666488452 14.949868476811 20.6115268275956 22.4230910351506 17.3817573624607 528.503116271424 248.218706154294
21.0269840328507 10.1843996515274 17.7301351576508 18.3146200797123 9.17985077154506 12.2228350854347 525.802262547033 222.743671694221
16.0794781011282 18.6423168230543 21.7252893830339 26.0406560938484 17.3843376666957 21.8799672753541 519.36422224222 243.863836659456
17.8476047109781 22.9706433024618 21.0832979956784 21.4791904650721 11.0845912652889 22.3750688608469 524.301891002767 227.892590528487
23.6524653611007 14.4568745350148 26.204466770996 23.8290804224006 12.3909524058248 8.58672865858428 527.442526672858 252.947028684055
27.7055259804569 9.45158885209936 22.7600464226781 21.6383477575675 9.13462916401281 6.41154136005155 520.243615253133 281.961770536164
23.0552375720574 13.3477079693978 29.0702146585145 16.3836137681943 10.5249945464217 11.7319425976926 526.009714970655 192.762548828304
10.5058931259792 12.3836984989857 6.71648894473086 23.5357994083339 21.902544704675 5.28513318118126 531.940262658699 206.317256382163
23.4744198265156 15.6339580396499 17.5570083193913 26.6189602882706 5.27484152145104 15.8096451400456 519.569893587388 243.373453126956
19.2081066229148 10.2987832174062 7.9602875922536 26.1095292000436 8.3628220232421 10.923405459542 527.828452018774 240.27648961482
16.7939587266122 12.1139385113113 25.4515299193947 21.3253825219711 11.5449475182705 10.1490584107223 528.963134458666 237.088085639058
17.8737458890057 14.2950265662846 20.7928180199113 24.9727513507093 10.6568772723213 19.8509727071818 526.166009830731 233.830428470685
24.5136991840227 9.95581680843953 13.1454929170315 24.4729369319223 6.84642059937988 11.5497090334835 526.198475498799 232.168334668011
23.0517862914739 12.2765956065174 22.0808833747148 24.7623427511518 16.429767533857 15.3275384230611 529.699363961331 211.755482689055
20.5463408195391 13.3586117111327 25.7594758390999 20.4794216660434 18.0957663817554 17.8516806338109 526.702743417391 204.727548111257
24.4107665392888 10.4066391897657 24.9258176108483 23.3337180930288 10.2023689862519 8.16502190331201 527.374467075957 238.766066625699
24.2263301023076 13.5439021879851 29.6752309345668 22.2831979213049 4.97287402754402 10.964742594179 530.192937039 149.274059529007
21.7925994714226 13.925374011992 19.5682239632347 23.6616475335765 16.8168534813916 16.832132979778 528.06204424302 199.947728138944
27.186203355298 9.87460125817825 24.8840186479374 19.7163668549746 19.0232296190845 17.7026676294246 524.411413482173 246.413397889458
20.3474517228047 12.7701954354499 10.2826712423319 24.2520401062516 12.4310030572695 10.3832912069969 527.610120214859 192.293169224887
24.0398664735076 13.1620567155643 25.7632586334775 18.6899693175349 11.6401670345715 13.6823550681184 529.605637629536 187.726667795144
23.2015797542977 19.9829524338821 10.8431459583593 20.8608875090565 8.65735629671557 11.5389461531548 528.753863396036 223.786767179205
19.0098415065776 12.932403890912 26.7206551463524 25.2682220582986 11.1643713519849 10.6592349312204 528.222334544293 206.543630702905
17.2416563741672 12.6832042968141 27.3968648622501 20.4527808547864 20.8380569276298 12.1282480910977 530.955005659397 202.749847051174
15.7890120376925 17.2329900540942 29.816900859341 22.4236364248977 5.92281896299661 15.5710055191353 529.823355649644 202.632969746439
14.2874711128843 13.4243477183054 16.7901000351255 18.479848265371 15.6227023584432 9.37553998281076 530.467585721056 168.490575051227
24.4703332595614 13.8885670003957 24.3826915965794 19.6724140821985 8.27489238914815 17.5860011697258 527.803111364053 151.25999585992
16.5726774307473 10.1349640831906 26.2269039789916 21.5314810826408 5.89209021621835 14.948953540783 526.683043321151 236.246686263777
23.1620050952488 12.1215835096619 24.7202717848256 27.1523547030732 23.3736025155765 10.5956117010975 528.614945010835 224.893568241375
18.2934073171887 13.3892207987961 29.9862297579981 26.7362967063114 21.2483182409512 7.5609024203341 522.87136382219 276.909113670642
18.871646370166 13.6679076803537 16.2100265740296 19.7993495360408 21.7680852320105 13.8335992522923 520.187661968711 242.206903912931
23.0331252522759 14.8527855880647 25.7308645107134 21.0477957758864 7.79668846057202 13.263501904176 521.69705088451 264.548058457035
26.4093518670121 11.2119386547523 17.2162112514986 17.0374726680603 12.2419331223479 12.0379828662056 529.676142802823 219.777118354412
19.7673187242606 11.541502130478 29.0408861926834 18.2401746018745 8.08248658169927 8.63324337655741 528.02294748793 222.554995697428
20.3644707739105 12.5822764179925 23.3681909997434 14.1306094229737 14.4169801058456 5.60941096121332 527.127871048947 230.628578375253
27.8052534496298 11.0773799713968 27.7151994424655 22.7934578899808 19.8402171816415 16.3993720621645 528.654026176844 211.605559021141
24.604587661542 14.1166332010486 24.6756351117457 20.9641104192998 13.8731087558346 6.45844595793744 522.462523439562 246.408615729543
22.8730850825587 13.5434647147323 17.1772246154086 18.2950636617061 11.4254990402123 16.0201371460192 524.671659220869 226.222262536015
17.7922999620535 14.2104036015491 15.406272699621 14.0526747535059 13.6553082028242 16.6627767742159 528.403943292979 198.353136523283
18.6856636877376 12.829391775061 2.63300373670486 24.98190562615 13.8095802636809 16.8250547820763 523.553154354482 244.049824093867
14.3015408478192 14.7806347751447 29.6577432941418 26.3092593478136 16.081910617205 13.1573468698968 528.593190093765 210.22443340333
22.9266290802872 13.8514663787681 13.7967411713771 18.0926990389566 15.0849917198766 17.0314375533376 526.201727203759 201.133452896199
17.3635426948009 15.1083519086214 26.7396514127092 25.366257474828 24.6267043010335 7.77806791640272 525.250798761153 246.719707662983
16.1572271699785 12.8221571164248 18.9998869903769 22.6310521614255 10.9919311418306 7.27730933451933 527.781786503935 181.931151487417
25.9107803213039 11.3029438124967 1.64067392592109 23.9078143507189 12.4474449004189 15.8335032522502 529.986100168981 239.133498678214
22.851967017401 13.1249995665489 15.2879989185845 23.6673520166615 13.4115183509249 10.9127297855594 525.804352342913 233.359103827267
21.1395564830706 10.4701337777031 27.1863206420217 24.7129583171483 7.29386197257709 10.4951536235221 529.035506312778 170.299262280787
19.9728925149786 12.2003802651405 15.2643910561853 22.2674492081061 16.1786821984476 15.7026289247609 527.946506697306 245.056008724005
18.9910382344305 15.0637236100389 21.3709121233244 25.5111141423236 11.8736507601077 12.2525325993248 523.741917993553 245.940858168125
26.4623258885658 10.6350414379992 13.037551490776 23.2720044502642 21.9281741973924 14.2495155209377 529.693685039273 211.924389401015
21.170562445229 10.5977878847486 15.9185043893838 18.4033899694723 13.5171563481775 9.75918441344589 530.114820898885 210.612747818114
18.2656946579486 11.930864452139 25.7710516990163 21.538235391948 8.24270332543346 21.3218247589033 525.181036513141 208.675501520205
7.81450490211301 18.3048516377901 21.3468631157991 26.1195215971242 16.9164521568915 8.96718251115476 528.551634734933 242.443290894214
15.580582502142 15.4576246167251 20.9434402830806 20.0622227191895 18.6061099668532 11.058537245269 528.039077763808 195.697206748216
17.4978831354349 12.6230591636221 11.593555230511 19.2798860427741 25.4226530331719 18.1263023687641 527.610145360177 244.750006044971
25.6468126542244 9.63111459707522 14.8169606268833 22.1190161893727 16.7173419793747 10.5007144040696 532.259922786266 227.9704167396
19.2226246282873 13.5193872119598 27.4407852150003 27.2541328830834 24.2678238594194 9.22790640395371 528.683401987667 212.039531200437
28.9288242050399 13.2329146214827 29.4956006632069 18.4099968928956 6.23956506065142 20.4448923754312 532.147755099323 155.870053362051
21.8224820196528 12.7456652132712 21.3086676811202 26.6003253181131 16.7383873673422 20.4743222984868 528.682054158612 196.494731123306
16.7199723259606 12.9499301643575 10.2781060243134 25.6574871195939 16.4331959230371 16.646894478795 524.526218041871 219.439540791297
16.3531644642534 13.3436302692796 22.8810150031879 24.99055607217 14.9448574934796 6.66301128699644 524.877307390056 261.79733848562
17.5288758608977 25.3149282266861 2.02853669637212 28.3476988965261 14.8741111337971 21.6034003972215 528.159069361276 192.645165428144
29.7736442118611 12.4564327686682 26.097115054749 24.0279421218822 25.9015095412395 4.66452000595781 528.753645085626 193.416803563198
16.2719005599476 13.6630837178891 26.7339326246623 19.1249226236225 8.41275680771657 8.37898391022567 527.096996697603 198.337761742663
24.9719552493251 15.0805005289343 27.3953883433232 23.4636336023964 11.0466622623834 13.0676642082897 517.335402805088 280.213211915355
19.8828996000971 14.5811067497516 29.6015941962568 24.3199598292412 12.1051579732045 20.6974038315863 530.021502774652 180.807517656111
24.5054264500775 11.9370902264074 18.0491898668506 22.0838792596453 12.8515436426046 10.2684604575166 525.562228317675 249.616389225514
17.8209941863584 12.6866846800657 26.26644414052 19.5708689202263 22.3177789488991 14.7182100892853 525.566951089601 200.848890498215
23.6746952004395 10.6398871398622 26.6787324145294 22.0732855655456 18.98359067913 18.4760178714045 523.871970614336 240.566718963023
24.4955097111029 13.1305878598568 17.1216290801784 26.2012730632352 20.4645518062023 12.8064515481397 519.598638877854 258.720418775751
12.1763985241245 15.7418997609154 21.1345958844487 21.4725559107513 8.95144970220219 11.2797793435719 528.378704391543 231.395503115199
18.2379458863437 13.2673045123011 24.7830813830222 21.3552156508798 10.4409150040285 28.7493346390982 522.567044383726 251.464742416703
15.604725464181 16.1403398804016 29.6936960637893 29.9028280193986 7.01133016538309 8.25314502750624 528.645283325008 198.455265132592
25.2312876923707 11.0695982335971 25.2560168261665 17.0471252031018 13.9260981426631 18.4395608564511 523.954154814859 286.806255964134
4.31953195566086 14.5380734708572 15.0419774302653 21.327905211653 22.8365502052961 7.99705148642333 529.236630772499 238.113823437215
18.8310390978268 11.3332247465558 25.8943386386764 19.6491819480442 13.157888945493 10.4450624739445 522.034833446879 158.469667210062
22.772642434954 14.8594907421053 28.5191653644956 25.2400768160102 16.3890932898966 6.642341629709 526.035724953094 249.514144943172
25.5126080394407 16.2588989374582 29.0821290407917 21.3561621848231 10.2315523760213 3.38917062634698 526.26264166685 251.257243846609
22.7622670835629 19.5179328071231 5.2239550311091 27.6436135049817 10.5519018129941 15.9657714456428 524.60469877462 296.686034533765
21.1074443060337 13.0424719255164 24.4691895899814 20.4234030279468 16.001472774898 17.1110497389136 530.882939946283 206.129286170755
26.4535579844589 11.5093305558511 15.5084163591418 20.2063191629388 8.75209816205516 23.6998005478678 530.585106259801 211.067323330467
29.8288345542757 10.9274206923202 19.298235782726 24.6147449631681 13.4089860579073 5.71954300414671 519.601636459217 261.779821166994
19.6182063994687 22.0648759632002 0.148282848488619 28.8010770164498 18.1844618268299 11.4857279191282 527.879316034883 243.908843295185
16.1763937027084 13.0717067054786 28.6728602928869 23.9899387326874 2.85497274448693 13.087390339698 524.188123034131 245.453884468148
15.7236437605909 14.2360828215862 24.6591456813038 23.0517490959238 21.0411260853093 19.707736592095 522.024747373726 244.717331211792
20.3803336598854 10.9979097654463 26.0679559523361 19.5920572415014 11.1474370850256 9.21543639365764 524.500758354076 228.994842130843
23.2288539805667 13.7774227428265 27.0308025354086 21.5420285269976 22.6044607678091 6.92184083751142 526.883245736457 247.65458735395
21.2968985691946 13.4013008982135 26.4571690526582 22.4710696982375 11.4591015687677 15.6239562019757 531.333954943672 141.192787935924
14.3605695270659 14.3248766517195 14.175460951981 20.4500876019719 12.7420412680059 12.1027892308627 524.957412369916 203.57785406836
17.1642739484579 13.775016255861 26.3592430598711 23.4623379944456 12.0432021826658 13.4464335650431 525.825463242694 227.951400863156
14.5121725115498 13.5886955120811 17.9445394658589 23.5754039823741 9.83844980955942 8.0888810509977 522.143992614877 246.619648318043
13.2133341903832 14.5346099612585 18.7249562227971 14.7308371449783 14.3826886582449 8.47846505846226 532.432750145107 173.91267384777
13.9391845195183 12.4649815564592 26.4028844144566 21.5633698622924 16.7985141146449 13.924639565551 529.255778532888 218.015799795854
27.3368832631059 13.3783085986248 25.5552026856119 23.2990579900626 23.6105029817979 21.9230750567178 527.405393759633 181.444563042003
23.6554449700757 9.78198469272927 19.680558032585 22.1441911323948 15.5212981812807 6.80170499309596 527.527703999609 232.019503187089
28.4968613122476 9.59882830949744 29.8296945173644 20.8469562485144 0.449267588868327 11.6093572968912 508.774427279378 298.795362478637
25.5576749499266 9.06495628964714 18.4117508034514 20.7580595601045 18.0624329317559 11.6891381022645 525.928236393865 286.398689582805
20.6152954186573 12.9587727838993 27.1425317630059 21.0981401027305 18.8580404311288 20.1549838514459 527.274564599888 186.613592814304
22.8684093576039 11.6388218128972 25.9717082276508 19.2631860633406 14.8461676011556 7.32267387262534 528.749736812036 224.268060339694
26.4145024993422 8.5698372049697 19.7466044046622 22.6795630379521 8.36345854403938 11.6939890475702 529.855056524378 247.213042340835
25.3707748227253 7.82428192279708 6.56821548751496 17.880824113095 11.7864498916938 20.4057748398108 521.913245768275 251.310721577391
22.4467406319455 12.2055533050954 27.6307743420492 26.5733544921305 10.7812650948327 18.5174169129455 530.156022609013 230.315492927948
26.1971426383997 12.2762321196364 28.6643301252753 23.4128345728725 12.1702210611982 7.80289654264116 527.53588123307 228.262866292649
14.4579567529403 13.2638536674034 13.942789871972 19.6708287023809 21.5592944725049 10.1053129347409 528.188307494956 188.624479965146
17.0923297207489 12.8569131161259 23.9263155535184 18.5067797810769 11.7243129300274 5.51689585112789 525.238724248991 265.998148719757
18.2636171824941 13.2433611731562 21.261041526802 24.7216258281991 8.52304155671841 24.1008706881152 521.182829247276 276.480253254575
27.70491341966 9.37325971754179 29.9390014933719 27.9977940076284 14.0230432229426 20.4842398013644 528.713531366589 201.202337657597
17.9843852431659 18.195135315051 16.6993826636615 21.0174100920427 15.640381075537 15.9069736156102 528.242800946159 204.428062655943
19.5306056348476 11.2234275260604 19.1719452864591 16.6721161906293 17.6490312639306 13.1953222912522 523.468360034536 254.707111837242
11.6607541718399 22.0227358857778 4.32454681238067 26.2218689734529 10.002208326495 12.5601830611912 531.971257748423 197.689040585972
18.7756528659922 13.4672219419381 24.4969165717138 17.8698158330938 11.7345774473874 11.1073321257407 519.094471165336 278.308432112344
26.8162313090083 9.46346882740421 1.76778005945324 25.3674162027068 16.1636852792608 22.7189667611067 524.648578889833 244.442182998241
19.3675363631035 13.9620032470789 21.6725292865976 28.7572612440873 13.2300282884501 14.0936973184609 530.488260193038 116.852703066627
28.0856677657543 10.0440818622397 28.888842870427 28.5823050645038 16.5234336513508 9.09963896301715 529.050293087188 249.634488631646
16.5116259823718 13.2915638992056 23.4566462945027 15.2782768964035 14.0274436576816 17.6186007111852 523.097133310262 246.591655240451
27.5063463649971 14.3318462154836 27.6391935461244 24.0695223675639 13.0124372632961 14.132868372138 528.920692883526 165.834991943948
27.2275903660276 6.60576271076869 0.0462511201985977 26.6518112434057 5.24864752348605 13.4936352477037 526.418280077087 244.829195538056
10.4549021502949 15.879196030507 6.90174575004858 23.5637854188305 25.7689502690689 14.900370781303 528.167281030628 232.070092749874
23.8706872521221 11.7992167903502 15.1190741246674 20.4952367952936 18.0892780325134 9.9568320715657 528.469224878655 196.825815827673
25.72597260022 11.6713170016833 26.7198249272919 23.376626878995 14.7633812760903 13.650781254054 525.046009673152 246.623013384837
25.4662420909006 12.0110384103429 26.0253386257819 21.719466559612 19.8716586252193 7.92623740239792 526.106918337687 230.94442876308
15.6145151127471 14.7846279055395 28.6367527170908 20.8143018621335 16.1483499275908 17.7059416559259 521.081288345284 239.061916854381
17.4116811126083 13.326736413839 8.33098418987889 22.0309549781672 10.9247697003894 16.4006039086723 520.664135353516 217.988518335959
24.6196305606616 15.012900635793 15.6163516188771 22.9622568621319 25.3467252942101 11.2517187666409 528.049093158293 190.813715896036
8.42861249050366 20.8129277360252 5.2509384046925 27.7210645111181 9.4582596758265 8.33697224763106 532.052523269344 226.427642247552
23.4838259152562 9.80729739319947 20.2489135808773 21.152298826892 4.33139535648056 26.524446670983 525.72248673828 238.391489911027
23.2211076596624 15.4828301920347 19.4963200956274 26.1567744226263 17.5887872537412 21.1360629915628 534.682717832784 99.3580329266564
19.2477928546521 15.7802862184073 10.97242535721 21.0514138816278 5.73461757015951 10.8494267369065 525.447045729263 227.382081734056
18.4893238175734 11.6272800481576 27.7516090787614 18.5853084306192 14.984630916603 7.48473968331918 529.349579272546 206.06983358587
23.0570252492257 12.908933634475 26.4327224625261 22.2699969451133 5.38789390428641 8.11051209372059 524.754835847104 228.422276887764
29.2140147470532 12.1862539913321 25.1949745296674 23.9722481786391 22.8425283618191 5.31307193851241 530.073710739133 201.261005068161
16.1680333087142 12.7590636831955 15.9311370599828 22.812252959864 23.3845314638838 9.13820857595851 530.05258319998 205.932797309153
22.3884813703646 13.023492445325 29.3800725033405 23.60037840148 14.5665988111263 15.7507342602575 530.536140054718 163.419413323769
19.9117116540039 19.8252918328554 8.57443605906343 20.5724524784105 21.0837462388988 9.2606413741481 514.599967883278 289.326753698258
22.8857088064656 11.3025959084612 26.4652920975451 20.5612282795763 15.9338653953722 9.65369878205926 521.193135832251 249.221479559897
19.803341012073 13.8710460167015 29.8230494835128 25.3412377068901 24.8667942464007 9.47510851404341 526.052407934378 246.096276614301
29.5129889274654 10.270968918775 26.849661212037 27.1613102194375 25.8101032784766 7.86100150643428 527.879441333597 239.532785110492
18.587557147901 11.6240298457441 18.3948659880553 20.1089441279929 18.6893298159148 11.9223013444391 525.239078758419 248.676808468712
17.961378377759 21.0690631898059 20.1982188941297 10.6678059114036 10.6573105611681 8.57358790625416 522.475429565847 250.363985560573
12.2862753474738 16.0236178788133 23.7825208435808 24.9238565981306 7.31832797165881 20.7497108982364 529.167346391818 116.816701427545
25.1613756437916 13.0506927905584 29.7401013569975 28.3335353992101 10.1162205799251 3.52047745424994 528.984377575391 216.563376636571
28.4246970697116 12.8580805188867 29.7469618285553 21.7837753811821 12.3839727527557 5.95757239768311 531.146551166537 185.344119304547
7.3780441419622 14.5088088937015 23.9986789146755 18.2239080922499 22.2704450888816 18.594153227808 528.943942093151 188.98029151308
20.6305139799012 13.5797204947197 8.54502415366935 26.1286261399127 25.6946835680604 15.6358660290823 529.856909269744 189.562636577797
25.2204037349674 11.141843504759 26.5523830183295 23.4608208517151 12.3649170136047 6.58793571387224 524.697739879337 265.005188044007
22.822574235807 11.0019646084425 12.5131503573194 22.4138655259442 13.4271697013277 9.54986510948084 530.226816497882 187.601206729814
28.7030580935183 13.5180488394975 0.889425861510396 27.8847936820442 16.925894650331 9.64651751161139 532.342677447413 125.356326501581
13.6189777954258 15.7985232373901 29.4164480462047 24.047760684525 4.83300355154464 20.1261997838179 526.326648957893 238.106255720766
16.9693083415365 14.4637467778856 19.2469024926848 24.9534583293834 26.1474632765592 11.6331831276447 527.266734711626 205.522739335656
20.5219896917632 12.7731183437594 28.6612609087055 24.3489263353553 13.6959972049747 19.8399036000682 515.559888752031 263.15615207476
26.7102999534502 10.2054295659474 18.854758162568 21.5096330838586 17.2674712779023 8.67444300217608 525.612626678446 275.003176667953
14.24369393567 16.0851602429779 12.8192149326509 21.5004183183787 7.55483743453152 8.92760781605999 525.985322547538 248.584451029331
18.457687823191 14.6364068985982 24.018080492182 19.2108597772984 12.5341196920407 14.051770156724 526.101078801658 229.047106000996
19.5814317844151 11.4486806398688 13.7803825570835 24.8419308429136 27.5873004439568 14.2523198021074 527.700760302609 232.641069672835
20.4368548856105 12.3339784546898 20.8333345732434 24.1969616731417 8.57311794786172 22.2606470415116 525.271630704897 241.772604598236
19.2046010705026 9.25736824837758 3.12808371489869 23.3937589540221 10.9168672955986 17.4643077877965 525.898720079228 249.540585070885
27.5319553679715 10.9241604602695 18.0961010128239 20.1228875969795 19.5893171175801 28.6178400409412 524.725645212494 268.535645878541
17.7278802089878 13.0555640863591 4.2555465176908 24.360213519413 14.0874253710706 14.4192254207327 528.138341507576 229.517825705272
15.6428735553765 13.8036056479595 29.205229262091 25.21124632991 28.3613349440093 11.0514588196871 529.933856689035 198.593714914675
21.3036017121189 13.8128402831095 28.6363787963917 21.186354592905 9.45350822492573 22.0805232410898 525.107210830305 219.856562824652
16.2693139137105 14.0458512053527 12.9312646105008 23.0985777344342 10.2448044380821 16.2057509770774 530.837809978805 167.835561378222
15.6302812445494 13.5824565587363 29.8259471257854 21.6198030595318 21.0398496812519 4.05878318119268 530.414689204772 198.628216607416
23.2281509490594 11.4547508436318 11.4667684515059 23.1482345116234 9.23853490166513 11.5588301509031 523.278492687111 259.146676981144
17.8812862153131 16.2875773957824 24.1460828915053 21.1797558507044 10.8032377528984 18.3492650330268 523.15909452243 248.972031718044
13.688606118089 13.053595477658 23.0501137954322 20.9469216283088 5.67713907708493 10.538470913803 531.050839231015 192.464214813084
20.0626118997244 11.8169486059749 28.0785630450318 20.6724891856837 14.8258103102851 16.8989540227119 531.735168279845 170.863741557122
18.7247511799684 11.6274595160377 14.2753129051789 16.7502116868065 15.8498157952918 19.097214479541 524.336124514749 243.928712324207
13.994090721955 13.578668800535 27.5204882423164 17.4374683642265 5.32606427217062 19.023895025554 528.728831646856 206.903236828688
18.2106108906394 14.904001069144 25.1088061060413 18.0261947671053 20.7941343805716 8.75899039866274 530.454363155389 197.701014051387
16.1338460881671 14.7654402965851 28.823615956533 24.5594688844788 25.1133324909485 12.976666327518 529.853272022268 192.477467151905
10.7275590247032 14.6632448581416 3.62235977244359 24.3203553828968 16.9528941346305 20.4701757167271 527.937545165299 201.97594439216
23.2660350581236 16.1849033682985 24.8159909823913 25.2146492511728 19.2968459667704 7.20019274809519 529.594618719751 203.063132532624
22.2408582128306 10.9205303779508 22.477667967459 22.1973271647693 12.8148961688987 9.31921291923877 528.167278238231 229.920918855761
