21.1709184218373 5.38525312338981 26.3893384073459 25.3086667548442 2.20091534063614 10.0860415560393 474.452337198355 378.706721069941
16.3493751639026 11.3095563981073 25.0203912341527 20.7303182210003 2.04571083508783 25.1711685940097 495.082401180179 270.570757953876
21.0736538406911 5.53961692141856 19.2543093652062 26.4732607817422 7.20404444180067 21.7920740185043 477.266719103052 357.005255150183
23.3757055590685 9.000907256909 24.0534531313658 26.7413405374049 10.9008234883815 28.4040961261745 430.188675196769 390.558143083368
21.2950052630159 7.45612671325164 22.9410811375876 26.0097559904791 2.4972652529942 24.4115599893066 492.846660767672 367.811205234326
23.9944594111746 6.23717223345401 23.4077731098436 23.2472310824089 4.12619815836538 12.5712923399165 406.84947289449 423.439184143773
21.8517552157986 6.07490097426071 25.5730063432856 23.9251600446006 5.08745328527655 11.2230128682473 331.490315206385 458.75789190329
23.3164844202908 6.43903394899073 24.3042917946576 23.6377816132082 9.82736294146952 21.0001152449614 373.666585746498 446.583923589329
23.6662796080343 4.06589086012211 19.7143704421402 26.117970289671 3.62955532877607 23.4761828303906 486.113075894077 393.439291127281
19.9024475623123 7.86029902733583 25.7865243790068 23.4195236091703 6.01790613024979 8.64674298621665 485.243287879449 344.261202015012
24.7240347468279 5.96490276225186 23.8822899298027 28.1396835890872 3.70372539513793 13.0776686229291 478.411857488693 355.1388168828
23.9179090366922 5.24232493613604 19.3867553762825 26.1021017303998 13.4832305765955 22.0286045211474 427.06221671266 437.275915768923
23.1064378358019 8.40706211432808 28.1167770369825 27.1500590651983 2.9918499404788 6.64392776310186 494.260440432819 265.90576893553
24.2340527683343 7.99513152365494 26.4739302545803 19.7920111071808 6.79534634821515 11.9989931112188 354.734227128996 408.827290664598
24.387767576493 2.5012475150722 20.971230985786 26.0916022743397 3.88016192782827 27.9011518284527 430.263976857101 444.945481997226
19.5037643194882 12.3594010979597 27.6109910625793 17.2631782497822 3.87897469081058 16.4597544536751 453.457195840418 272.171426216655
24.4807316362069 4.62113108052685 25.8110573303426 22.8327534013331 19.7506086232012 15.8557672275292 466.617312066862 396.151199029057
19.1986444372006 11.2686968599911 28.7868990511233 16.1074345888766 1.48371601459822 24.6986549688247 475.24642907261 316.241109323347
23.7891656272212 4.98637493995956 22.4975337740379 23.918522099007 7.06085620456076 11.8958546049789 329.133315989944 443.896276313272
24.7844038260244 5.29331124943562 22.9845911964711 24.0721690280317 7.67757369114538 19.6404473779053 481.285268694925 363.279282286588
21.0048111718617 6.47835631422532 25.6142887920848 26.8218270596451 2.91081778443526 7.21439996109543 476.353117250106 365.519625401627
22.2883112106211 4.45108886512486 28.3993585631702 25.1842108260371 5.86100560374211 12.834931120795 426.913301686275 425.570556191185
18.8110857572628 12.5860057347851 26.7381467926919 23.8515328692346 4.53699665353348 24.2013980604205 497.832281525276 182.528910132142
20.8628204201779 7.74063775017301 21.5980484059051 28.1440404462238 5.19298140020161 10.9273825144772 483.798553463817 353.244064029243
21.2182361957438 6.47038550381443 23.2094940552888 26.0323502157158 8.15695621145711 22.7172032935975 498.638074006084 345.985192162833
20.2468340947806 12.3667314659624 26.2571242541826 24.653920657325 3.04770716893175 17.7714208374445 491.967375715449 206.021962742725
24.0303050385233 6.38824653391122 22.628692473666 21.2840053517294 10.4706872664776 24.9434687900255 486.929724185686 325.963316239307
19.9523698189123 8.89494886302246 22.5552028146603 22.8592132668427 2.32056176697165 14.7162232876563 463.015102421676 259.260875434317
20.9794781995879 8.56407273644341 26.2576484292412 25.4644120056197 9.11175233343147 11.9590879096853 470.1003604029 316.838625802778
26.5467516850749 8.23175482163123 5.32338438637743 24.5928030327734 16.8687413976728 9.39384803214939 183.868220490122 466.198933936608
19.8344809567133 8.20979953346301 27.0669684362062 19.9474559659945 5.43063246405819 17.2903490546123 403.48957627569 434.804134671355
17.9378051452712 10.7573830689256 26.4937382291515 25.7732043003125 1.83826658799703 1.96174067294297 491.960183804053 161.913566466974
24.3894165740572 5.80597396402374 27.9354869052526 24.1430531649684 7.35326756381928 18.679006818221 463.785867353125 402.496141177959
22.4294286568299 4.09366166893716 20.8784633548338 25.3707971443114 2.74181892962631 10.1783667415635 400.588429517276 449.019610160866
25.4785315092658 5.18004565934457 23.7757137269031 25.5386927495079 9.51446217230594 26.3789699023242 429.292752423018 420.77748958379
24.8420550312993 2.35984620689459 23.3176303581969 24.8441961013097 6.51954465606902 27.0376988116943 406.823068635963 493.375630934329
20.0222541005377 10.7124526069117 25.4830603645021 24.0925900926727 6.80064239767455 17.4518004804256 494.264385157011 273.707102837698
23.10235715548 4.27666597135672 23.8413165959399 22.4026640399571 3.44383290667116 11.5798350958298 437.016091521743 401.877916424972
23.8057018049515 5.40846894563569 19.4483379881718 27.1685772083358 4.06299528941182 12.2610202417058 463.126559355574 368.370688798881
25.0911737107639 3.36593442474168 20.365151179209 27.5211664319285 7.00683711944523 24.3740964962304 397.52345620733 470.752081612005
23.8682822517841 4.41575296194491 15.8747654465304 27.6785607525759 3.97853795221327 20.4858504782075 472.440072538422 377.021712018903
23.5254709896737 5.68095208455312 23.8652551164712 28.1346097049339 12.0321363688974 19.3358907041185 489.770791471142 362.995807248744
25.3256173037339 3.52942614603089 26.4126483857969 24.0604847063906 3.02753244894283 22.1424627600672 438.658872373263 408.454003240094
18.687374277113 7.65878301619192 22.0616138653231 22.5817882522001 4.95318053101931 15.0775905690403 510.825436945005 263.708940429065
21.5216807506725 5.75523649041789 26.6901499509994 23.7536954796074 6.79597516793735 13.9634773765642 447.764197540981 179.401268480189
26.8606667687219 12.3582586928073 23.2686510430053 25.2963900201379 3.92341788592611 22.8179748337815 478.955566176699 131.624894013834
23.5218081630839 5.89914100190622 21.5866515143506 26.9287799909838 4.63582234213738 10.8438117184165 447.484479082411 414.92121827327
24.130914414505 10.7392228024455 23.8453775027443 23.8177371297415 3.20680014008986 6.01010268151343 479.81482725503 326.57683543472
20.5962253627146 7.27087729175249 24.9454368006713 19.2766087472282 3.53606636364863 14.2791657537611 443.805757389061 349.961282193807
20.3572097872009 3.92206543778234 25.2652646396712 20.0446101064206 3.04015833531832 12.1887487635526 452.163413343322 406.13529407994
26.2846031464752 5.74448358545276 24.0645554948054 26.3589160003008 10.4052337419762 29.4478254997757 430.329143400856 413.676690954802
26.8859334955125 5.49060088918933 29.8549974646512 25.2021828137144 11.8307406929052 16.2748864464445 500.549284050749 235.893550391548
25.6518800994544 7.3526574315308 24.5908885864412 25.4229531361043 9.37448383992371 13.6908378328106 446.354650310343 447.217612878348
21.4337028470738 8.53106509048584 24.7673544917722 29.7860313973678 4.38713482236542 20.6114756788866 500.833611011662 248.23912756746
18.2365696261729 12.1669176370464 26.7993417048114 20.1326118701476 3.74355826054377 15.1297952494384 275.703143317113 450.308055314048
23.2351589221581 8.22450995870575 17.804342092803 27.5733799343924 2.86733150665205 8.85032369991014 468.490721747628 283.952166017375
24.9582974346543 7.39994431568554 24.8048822874845 28.9668949747065 10.5143545979664 11.5574253334754 482.65908143312 315.906628495357
26.7923532534549 4.06715353287224 23.5930222895492 21.713411988297 9.48205786474499 3.01363690686802 279.819409328476 467.127948700288
20.4177953564637 8.73214858671719 26.2064293262667 21.9877607956723 10.959588093005 19.4276653188575 487.48078291672 266.715734336542
22.5241207966523 8.69090374829184 26.1395043839117 24.2413293323118 11.941694371045 12.4870708840228 483.897397164604 330.606475435099
21.9870739517583 8.5369898814699 24.737809738062 20.2645675511963 3.59324994180571 22.0761853590133 464.183685058794 294.797247742377
21.1048957390807 12.0393937939925 27.5786287579889 21.6153289598262 3.56618721542741 28.8656561700949 469.679583418654 193.607764420145
26.1996402981026 7.41997271958339 23.0100212044351 27.731719836398 13.6440148577133 13.706131651513 492.818356251725 253.022921204674
25.6745423033059 8.2582402896658 21.6550627391746 25.0294035750198 1.77313260199033 21.4669656620155 442.833702183842 223.786719638578
22.260084360834 4.38616242433834 24.3647355952057 24.2607389650076 6.2756037397153 27.246557094724 458.900513963689 390.408809970677
16.7217245152883 7.12822738924198 22.4147251857045 26.1788387464007 6.4274662131686 13.5724265190101 511.678258497394 340.535889373584
25.3882807573328 4.94317674387193 25.6877543016531 26.8583599348427 8.47937804746631 10.369258781452 317.237713731909 466.913217636886
25.5865611134638 9.04929795153411 26.1026887244602 22.1406585100825 12.6611835493641 23.8997622258172 372.052538360695 413.204508274077
20.122003126473 9.73695675178491 24.0970850578491 24.2575962993348 7.75700758966512 19.6956698918378 493.594700501071 337.645818751059
22.7663089768748 8.62313870768471 27.4718252518341 21.606570841037 8.08625248037313 8.63295598398257 493.656156773615 258.059598904339
23.6421913645701 5.96832624728026 26.1914916745766 20.7474315470057 1.62990299140687 13.7269643489991 398.672417131887 418.098074458672
19.8001015757038 7.89474171608507 22.6689870994655 26.3799894518217 1.0113919774778 27.4155526325249 514.847665664443 96.2330398474612
19.4437720098824 3.86015913153849 18.2815018324735 26.7504008247198 6.21234593224303 26.6403941426217 378.738633939784 473.339321899169
20.2403258443808 11.5276382492263 27.0355524698414 20.5703239987135 4.84113204472521 11.4091217301344 468.148615144867 377.100496578858
23.9937395877298 5.71170665537292 20.738043201625 28.1189207889861 4.29259574517695 28.8817658307508 423.041775850433 458.221502993778
21.2083015607935 6.62614191214307 26.0924889189048 25.5542901713375 1.56942752148412 6.24468024155925 487.556602032719 399.249602960461
24.5041733492933 14.985062189435 25.8605183694672 20.189326824106 2.26792752738464 13.2337489948806 224.91893584845 432.546080220431
26.6379204519946 10.0262420965318 28.1730496468089 17.9309130903718 8.39912794575605 25.6224397560926 519.357468278292 277.812127988843
22.9849657973602 5.97450325562016 17.1163656832735 26.1835105130331 5.23052127680672 10.8972895307446 349.446378856918 452.825655996708
19.7712269235566 7.12382382545177 28.2596787085268 19.8899900541497 2.85326595456086 14.4294518209039 461.445778401958 368.315101225931
23.5339064335856 5.23075002977279 23.070267873064 25.7109089233672 21.0018955835514 26.8580885686457 422.849094907023 416.475664854633
23.2309888728884 8.15750719424753 6.65904345266309 29.1328115203368 4.2554929265896 27.0921262487428 428.897675906757 415.208869639372
24.1749392718247 8.35758382216869 23.7191326828159 19.8381151472778 16.2006456806268 15.4597681883382 410.840314529085 295.611213535704
28.2170898611918 3.67852757986503 22.251557780461 27.603410480696 9.35789131973114 25.3121242951736 420.36199866609 444.476268358486
20.3755277540146 7.63778804946588 18.6603927647922 23.4150354170119 2.52926135915514 19.6294866233776 499.118368645491 249.845602813868
23.2263757767881 1.14925987813883 29.0712922997036 19.6141853482437 7.02411870044551 23.0960894657435 104.094997923883 448.462843704575
26.6349110670168 5.28986050938336 24.4616152523075 26.3970461780467 3.82903048044134 22.4687768555236 411.66764580826 399.031415124994
21.7414927590731 3.49645924554017 19.1143977607591 25.8906909148266 3.45992849117296 18.3182414485822 491.229808773114 344.843102754577
20.0299836702846 2.29570718688883 24.3277481051007 23.8864075053059 10.2185795395231 26.6642287669683 212.251712004635 484.120143923266
21.0712706334912 7.66283677659236 27.3915501579294 23.9298379426292 5.58271368165849 20.5487566733025 408.008581541521 452.165208146077
22.1635639557999 7.43105237104549 27.5962207993557 17.5561285831996 8.89575510276185 16.6904768863198 458.782209205057 395.811539511225
23.1854768918496 1.96698994044362 14.6079595419685 28.694259888237 4.32397207502085 24.9892287982346 428.651814705465 406.016208010596
18.5779417244445 6.64016165424575 18.0761893651634 25.9395086047263 6.2867538476144 16.3533214178217 308.148338854297 450.065216352153
24.1156058046083 4.21670064639684 18.8163953118895 28.0523943353829 4.48416277003006 20.2307907079239 453.838168210988 400.996989716693
22.813283364514 8.65886779838483 24.3142039781413 25.8281670565465 15.0360635562763 10.4272794446589 231.597019110492 463.895014697953
22.1655660152272 8.86967727628201 24.9942912678071 21.1984007130822 7.47101324791058 20.5798823255516 410.231005020098 427.994678786667
21.3315524288351 8.19135744372822 28.4251662005023 24.3819397737223 10.4551689091028 23.0649017212709 474.47853990109 288.00574956288
20.1184273459235 6.06885985541675 25.2275978453994 24.9079428130435 4.0671096515351 23.460853944794 399.961486892493 392.886766313739
24.9529174280203 3.6246072892079 25.316198722602 23.9834292729232 5.28588785092344 14.7590091659422 409.983938309654 356.581984015679
23.067667368347 5.7873493745194 25.826628341029 24.1993326960392 5.36833279319367 24.0976249775419 474.595748456516 336.128117909562
25.2574409868406 4.52820577789327 25.4379577619203 27.0852141087561 4.02055599589262 10.3832000434129 450.583747635908 405.116939799331
26.2715543471753 7.4705078008297 19.6279270290659 26.9409347103242 3.14163634772582 12.8790987015235 452.342857721436 407.43884549663
20.4385258212052 11.2366521916375 23.9537125808485 26.0081522378894 6.4461324950739 13.4698637910499 471.615453936381 250.202275620925
18.338188088857 10.7681751539118 27.3070222977319 21.7158183821133 14.7549626084345 21.2418959157996 481.777051161412 364.68123948261
21.9815744612359 6.52883532398602 25.7302849679043 21.5213059985846 16.1973831742148 27.7684173539249 481.147142900699 330.951271658433
24.1067625245332 9.26053214412903 18.5277172811294 24.2497114560095 3.43554489973896 12.0118840150003 397.085102227107 424.731951058207
24.2327600724563 6.88682442018456 20.371274849119 28.0084067885181 2.81548969842064 21.6675153597696 481.110797538191 288.499607324552
28.0427944379218 13.4270197895897 28.1374246856324 19.5515770873526 9.79328244445367 11.3635476388121 466.364207575865 316.77810709138
22.2744333818506 13.4687378186551 25.8978359269171 22.5591646415335 8.24726623308521 10.0514885051457 310.517272052624 433.913260802275
17.3997713281866 7.99161848119883 27.6007540979825 17.7896217057724 5.79048063927339 12.1977578068682 467.936339864184 371.259695788847
26.9197856518557 7.91566033704366 26.801085755609 22.024983374819 8.24556807518405 23.5728460825725 472.226920262091 322.586195834543
19.6750112665238 9.36173089649724 24.3262099237149 25.5406656388815 4.51938493260986 17.6863185877329 484.337542285206 316.754487888227
19.3564371945961 10.6623707504063 27.6997214056395 20.1988121992132 3.01012782684687 9.96005478575002 466.654393615038 338.561786643918
20.4032842478167 10.11505188096 26.125063183846 20.8436152094593 3.0201060273386 14.6645872776438 498.164158480886 217.069428017494
21.848416744316 8.50778562072728 21.4403063458186 27.2099002247434 7.87754223669436 20.1330232168467 437.682851949843 454.585224904026
24.6524866135029 8.79658681236116 24.801321620493 25.3574720616781 8.03539979938342 17.1497240800979 506.493077193977 302.461649545029
25.840453837051 2.71062386904184 25.705671621386 21.1138281223493 4.65825283890975 27.2127107594684 304.720598243027 462.941949311834
19.0905894652785 10.5684791745005 25.151188822389 20.7439172101322 7.1964651777828 9.62415662965431 484.783706356305 203.810346512782
22.0592707141482 7.63313365843883 27.4966715867254 16.3962380594414 8.21204030076235 28.6031933174484 493.544065885492 421.065769694077
23.8118293506208 9.18015558330431 24.0667337533905 23.7667013722919 10.0419996840551 8.96951015579118 446.470508062229 398.215654183458
22.4901970225579 8.86455653943032 24.8180722447273 21.0482490289005 2.97036290222502 12.6099940630176 482.038231545725 254.61730599052
23.5631978478034 6.63204166555518 20.2306334470349 26.58729432572 4.09816278533413 7.62651868397312 414.235306055696 324.913986513022
23.8073417578702 11.227773709305 27.3281853804583 23.6535447471613 11.5976224858888 16.3004883557192 497.649588370214 307.448351272629
20.0321519985826 4.08470780174664 29.1870059049402 15.340244965404 5.71424444684111 14.8113485861006 414.885530237632 453.298690400143
22.6031534590232 7.62771475412771 28.4964484608402 23.8217724603805 3.84559012815996 6.13103439178153 296.206410677358 445.414074952164
21.7973142787107 5.15443683971825 22.0982640694127 25.2313093461112 2.83038512558673 10.9868928150563 475.410407166513 326.177351064776
24.5869659760441 5.39018905757815 27.5573127433291 25.5336708411104 6.71146829859115 12.7474716897625 346.98698049637 450.208476018456
20.1316657982784 8.17529282910674 23.571440726278 19.9350188241162 4.70748395946903 22.9289699793635 380.798565895722 343.698622615889
22.782271439421 5.71784868248081 26.5699350141884 22.6721165294936 4.923265603274 25.2557961474664 391.378593510946 313.744461387256
20.1550188749714 6.37557590036157 22.5823276854313 23.0494258293979 12.6647026687044 20.5249288810961 471.957664548542 354.38339298312
21.6689439733213 5.70125945989808 26.9371247539497 25.2416916144768 5.81952430686275 11.4301690114913 312.186502347 499.05646646703
22.0775736613669 10.8940526620236 25.3786276660665 23.6817442743227 12.0894754970217 7.64861612428546 270.849730235135 343.242138521282
25.9352732218735 7.44574064205964 22.7135581738834 29.3255559963788 10.7432003780635 12.7743388667339 490.285571577213 330.684905320441
22.5763225668276 7.19871544841487 23.7367840909363 18.7196101081635 4.13679243750876 20.2244100306793 450.654304754419 338.383648183943
26.3761578457037 8.27930519956635 22.7911177124831 25.1639834012591 14.0771680480117 17.7979570754568 517.410798868309 128.149459663725
25.0741009874492 3.89736040821434 23.8967982134587 21.2920809626284 4.98363883371 10.3857806634642 410.041715177829 382.458703508183
26.4191003700473 2.83678950217687 14.2482888698517 27.8767544897565 6.7420501871264 10.0705142092937 105.088451622892 515.893422933126
24.4163612269902 5.55935073979621 19.2493999778751 27.4603799039687 19.5634393318108 24.2265535147651 345.873634210165 458.039675922256
21.4417825744959 8.60878116617068 24.6580523655797 21.0504182403367 5.4387166576157 19.6051712272563 464.538175409661 271.815599775947
27.4800384232184 3.41943660071703 27.0366193488645 17.291197300932 4.36540139099194 20.6037404253567 469.32708888731 299.429601820999
22.186406786372 11.2045025002498 28.0999573501184 24.6616000134435 2.41968589437102 7.53714269303691 489.027935954837 226.025099183724
20.64154819233 8.0493737044458 22.6009783740571 22.1964454395734 4.8085688310586 17.9055115267367 506.354684960181 275.848192071389
21.7162616870098 9.1693536476071 22.5473192399937 24.5756927005302 3.660880855706 23.0750753486402 471.614753826985 396.074267450169
26.3178491496418 8.03462446114919 18.253372207144 27.2440611567662 7.53536254829844 15.3045497718549 456.069347101471 310.85487885692
22.4307722860641 7.56703432180342 20.6543651348975 26.2689240345331 8.30176732336736 16.912488762902 485.827555440762 262.462252305024
27.4777166673094 10.25650509737 22.6381013145969 24.618499121508 4.98769670737013 19.6400123270406 442.876081464996 85.1549052795501
24.5787181141441 3.91511105063459 20.7620853743763 29.0854404395467 3.56620861243162 16.2174973031236 478.887709620097 324.977911037024
24.1566406780298 4.06470582430333 23.8176523920936 23.1077694130947 7.22733413213552 15.4643867013554 464.241890694729 398.768305306601
23.9284143863439 5.43291972235897 28.6407485099427 17.8680479774267 1.78720790915923 7.15460748128447 136.868401723964 488.467084884241
21.1608739793001 7.28399283623969 24.0783338209005 27.4405695376656 7.48721219018244 26.9028536059492 486.422032145966 313.050537457104
20.6827953536947 7.77747430090805 20.8399965798681 26.7929066379897 8.94830821638152 21.3890376416621 374.882986666609 436.860298961074
21.2063263038901 4.43804023109045 26.8864465743706 19.0614030711067 1.52158249398061 18.7893604532869 504.022934776642 318.511572179482
25.9711095318654 5.85536210270833 25.6187590899663 24.8750704355453 5.37092601580808 14.0738691385773 497.496084317628 384.879516889559
22.4108873507938 3.86649945915444 25.5287390065014 21.2542723140921 3.3840624326484 25.5981431644491 484.694852346078 410.996384465599
21.1520293602165 3.88019879148719 21.4398976694909 24.5941356402719 15.1353984440715 12.8357644173343 174.971324717185 414.859178819016
17.6595577587911 9.85660555951748 25.5242043130697 22.4360915514695 2.9636411862986 13.1981624976707 496.366354265439 321.619322822332
22.5973801213592 5.99626140424142 24.8125966836717 27.1631922116404 25.5985610458351 18.709587796193 382.669911041328 460.184286056743
24.6577035681249 7.83339716032581 23.1286745697466 26.5152256043938 5.11614281189764 12.1042473497805 432.5929566497 349.119870632337
24.0825600253112 4.65106441447085 23.5312571258048 23.6510458310472 3.89424123565835 13.6539198180159 455.733673670363 393.170984747334
21.199621091848 6.11414137527681 23.8817717596781 25.2051129983025 3.42024484164765 13.4401657998602 485.500122436678 355.4769602846
25.0819397058766 4.07351418974693 14.0299777468105 27.742988812119 3.94928223293633 14.2162423596867 466.760352069782 395.701201021308
20.6860450124604 4.79190164122484 27.5673675718056 21.9094405151412 4.87105502964997 10.6235557150137 476.072212786061 341.718429543315
19.9096712143594 12.7257818535152 24.8502727066245 23.1687238729334 3.71332264445029 13.5315184879473 439.968307022444 458.612443062817
17.1790826778917 19.3909876357165 21.1365875827 21.1187575013041 3.40258252933771 15.5676287312137 479.952041243586 338.471031050257
19.5129285359552 11.1679411451139 23.9427058592057 24.1695793890838 3.70523457988659 23.9370959106001 427.050608690373 411.492727890007
19.6368884723428 9.66558685657227 26.6050728835149 23.8395872972755 4.96401902168815 6.74900847374595 268.38830096612 463.908205345272
18.9619848436849 6.95683546437382 22.5812899924183 23.3701519200559 10.3178379599672 16.3732982832185 429.236695788426 432.946480172771
24.2058937278293 6.11887906959218 20.379698404137 28.5804753621494 13.4509620716037 4.85435045803124 69.7099256764295 494.46297650379
22.0043243945222 10.1860065042602 21.6520966959076 28.9284388270008 5.74389884275037 9.26194063370192 495.734946297656 218.304346163719
18.7609053517085 10.4569907749338 28.219819793255 19.2678967787557 2.90031846047148 20.2647414303595 475.545805628526 299.436423064072
25.3022467291782 5.79149824756646 22.9543061152611 24.6109256842498 7.12582783354417 9.7597997688267 280.290551592794 488.378408274565
21.3882258879229 5.64962490827583 23.3888427345796 21.0622977776779 12.9371054656037 23.0419397176584 377.697524002091 448.098080621457
21.2490071935626 5.93875570258936 20.8523679470381 28.3688334837996 10.7565439491083 16.9057583752505 477.831818985376 402.993301206597
25.3950941634254 11.7834956604961 27.3682428127094 23.0943744874352 11.770491413083 26.1419555278369 470.521929459192 239.895505407191
18.0304464323959 9.55307290522869 22.6642595193568 20.0396288570509 6.38409389543827 20.5408981262785 481.744370600307 305.458865095473
19.5800477547662 8.87517676428048 28.0641912717024 18.9664143093255 14.1651813476517 10.5540853311341 284.144886383636 391.966668277915
28.4056987548022 5.91775198364767 26.4247267433789 27.7822124474245 2.54956041141575 6.80747485108026 428.009285217891 417.964300138442
21.608088177389 11.4834330667304 28.8736736363723 20.3822286011732 12.7019113177491 27.3969506272229 444.404893402042 286.648296805568
22.7027163101538 5.96209624100891 24.1914770877746 21.3609983266121 2.39272892247852 19.5035446549959 352.260032137316 436.864155585442
24.6175415620227 5.25529825432363 19.2283796760884 28.4484574978592 5.77818741363668 24.3042090864294 451.973146244356 351.947154643552
21.8185969978092 12.1825990400408 27.0198007161009 23.8858347466197 7.26161638083639 13.8217887289795 522.407835365057 133.662739249271
19.7249260949331 7.74761539396468 24.9743669019619 24.8389702988872 9.52791856675168 21.7756537692522 416.689028668943 430.080950033455
23.9860128085981 5.46085684516668 22.467634413455 25.161147203138 8.15666433811797 14.217158586106 474.800743802246 356.812545065317
22.4908055046112 9.05631681924364 20.7173172176036 27.939914151354 9.67197887906848 17.2753063869997 486.559696096444 340.846830779492
26.5387002676368 5.05974649719009 23.2977402525435 23.515674071388 15.2755732454714 12.6643350831989 383.315624558816 446.757693531507
25.8955696792999 6.3349536231019 21.3117291242058 19.0165098827369 3.58067575560676 13.3670640940557 445.581435758566 314.860542499407
24.9819699196522 5.18705080109598 21.5324570249508 26.9658728029327 5.61314806590772 7.01661589917308 120.292413595126 513.279245804034
20.8239632759263 8.79484487800706 24.4475828922894 24.5136256748127 3.72916580081389 24.1548040683556 495.649243964449 273.061592467084
21.1969990388631 8.51598804449171 27.5005745288638 19.3036510554898 2.38393120353558 13.87319687489 479.102203720989 319.329934542696
18.6078505113716 16.0143699546517 23.9313562760069 28.6133986540803 9.10676110061279 25.0678752818745 476.326032972746 372.771748879852
23.045413303809 9.17085538883751 27.6225092160818 23.1280572949984 5.45966594188781 5.91078264200437 393.791221117108 441.461777001422
20.7942360394626 6.53991788751941 26.8831571614515 23.4289021165828 10.7705226068017 19.2486187484453 368.697265787526 457.662273235056
22.009215152956 5.68736346808744 23.269428874162 23.8864301984992 5.92544291263633 11.9371236355443 472.861957277023 388.80583441175
23.8282067563271 4.85248485429297 16.8245140229929 26.6644845819305 4.37711706740622 23.5833792623321 497.417320012103 351.971767905429
24.3537883715508 6.4973983933765 29.9922365559099 25.8899331249933 8.66542423573196 12.6470884747456 272.864632064756 490.974063891998
26.3603030466304 5.29098308193539 25.5464630952285 12.495132555267 2.40029596513693 21.0952802672608 493.828028451633 151.346241568543
24.5287649978268 3.19425289319019 21.9971807986754 25.9055921625022 4.76745946563037 26.0640955679526 396.464508963317 385.366109436793
20.6784505503768 7.25756899214507 18.7110318631603 28.9113089767418 13.0925221109535 15.5205427185149 364.391151330475 448.764385429853
22.7932707250254 6.24714168036243 25.5204431824973 25.9469841584751 4.20269442872221 22.5694625225007 474.693619082446 346.46911653182
24.9091596746019 4.95747769954094 21.6481630315806 24.2273785164413 9.064024261972 17.6222450679731 482.721998269146 349.555508088701
25.9386395189458 5.85227011398862 20.5708087345718 22.8446110808484 3.4681303337513 23.5806074548258 484.295634044691 264.478233120843
24.2580112086248 7.17720273068931 25.3970963235521 25.6024447221326 4.411707531325 12.4735140350054 494.781605123838 238.20053826334
25.2571936357769 4.02536854178935 26.4450690675318 28.8917678649266 7.47893028377888 11.7383298126284 322.830473005774 474.711617561364
23.2830115932036 5.3705006433389 23.1288409204114 24.4038145084653 11.2261226773393 14.5588798263621 432.213289170022 420.545576460393
22.6334078908607 2.90796178762854 27.0021837109238 17.5896036232691 2.58454855102484 12.0144154664661 388.99792463158 434.031420162382
22.7345939595101 5.63750608481362 26.0789100918328 23.5772801273135 3.33138698880122 21.3739258592178 477.733252248516 280.312089781642
24.2526399985244 5.3512363853031 18.6342929243144 23.0794647434449 3.0360450385898 6.39522765204107 417.053745959431 439.707493212876
21.7620848507809 9.17365155368765 25.5682331125304 25.0591488865509 4.68988619981431 21.8484544642224 493.753016497421 363.890836610484
23.7125538110701 5.29168521699822 27.6368384974313 18.6125974343078 3.06221078732865 6.58705819224846 349.368151119827 460.373286582851
20.4874124391262 7.57969149703753 21.2236591232868 27.1837962564635 5.05652746343112 24.4536984983423 337.90345573418 456.990083553829
21.4167374079627 6.32496543326232 15.7828958988631 28.4938163431517 3.96438703155035 28.3938248665317 371.667217296384 472.315773444536
25.2861578603572 3.98971401384332 22.6741041315412 24.6350941113929 5.31967625677503 17.7291479496737 487.923141156929 354.222919010612
26.1631039151826 4.88409291144885 20.3979930964379 29.161074579224 9.67576191662922 26.0236895335528 438.202161813703 448.967028872926
25.7700177893002 5.2421951070385 28.3780487238515 28.6272801339958 4.66816073204981 14.2912333113329 507.225340701742 319.552652572178
25.9020554183708 6.17543629939369 21.9795783702487 29.5521540054058 4.09091731180259 9.75525383273997 376.556910985807 462.276724856968
22.7178464261708 8.97337909275798 28.5046670101439 25.3127981673162 7.6193241327397 23.1992620802019 470.106833617383 328.333921209596
22.4854325734193 9.14238518697805 22.6602145699197 26.350108413762 7.02414870215615 15.5920627909254 481.799359003043 262.360907386804
22.6208126560642 7.10307663094503 21.915335013289 21.0629732297024 4.11808953553795 18.2194390966697 438.491111694644 356.954123556969
23.2012573784061 7.30792500425606 22.795303963766 24.4687663231614 16.4624349156763 17.3204347467264 351.655344008758 495.160755556244
25.4144892386618 7.29130609075956 24.8303431561976 23.6040318489143 1.6381886299198 7.44076435484038 474.519042716939 384.909073658874
25.3504606550568 4.99809372516142 28.7300554792654 25.8939746109074 13.1357823147629 17.0175904207953 475.221573453442 377.081898713875
23.9177093809792 9.61075886905259 24.0949529866876 29.7118217457459 5.52478650995621 8.99060034078083 374.975082123636 453.561776798036
20.4338775582013 9.93956707703131 26.1272221333049 21.9690390404128 4.32857717836063 12.5359154006487 291.949763343244 469.172359593477
20.6115008366829 10.3783233719392 14.5135430105325 24.6565304359302 13.5375908558618 26.3946498047957 481.128588686634 348.267688274121
25.7601848973703 5.80312435043313 24.4504875134727 25.8658972312167 14.3854488537079 8.2956562784084 356.163417573418 457.829708794479
21.8057743072379 5.33174071927416 25.0855287365734 21.3410540251961 2.41450745395239 8.08875252894853 437.814477176615 422.869232893118
24.0731541271439 6.51947241818268 22.5869820641382 27.5182884290657 15.231500623277 22.4382291128889 305.596315445055 477.490248144179
24.1197412164462 4.48209501749259 24.0043459463238 26.1275213753082 3.40631243698005 18.6887310971903 439.862247677281 403.06742928592
23.2491524061464 5.8730369422878 25.1336125587594 22.0085568379965 5.11780681378443 22.3951426164818 472.913971744543 392.326002117388
22.9304428546252 4.28642389387845 19.8244186928841 27.6832745001812 10.0733236178047 18.991927742222 457.229130911148 438.087530422491
21.1593496914894 6.33609951638373 22.7063494428989 26.999603659231 4.50034503995741 27.686901485691 466.147145867611 414.104853791779
21.4667356528566 10.7113139414073 26.7266550942835 26.2285100972019 7.3922787511036 16.6386276885372 477.821181092811 253.498691385601
26.6116419664834 6.68254831664083 27.1710356304356 24.8369266092367 16.3520611525529 4.74905140910733 21.7384891832969 529.93350442343
19.7279819704509 8.00040441251401 23.0382782900874 24.4179853197963 3.97722847086663 13.1138972835532 479.38841967403 327.984667246266
27.1724734391636 1.73142264822572 25.0128928769342 24.6463168750578 3.57887794546524 16.7695613784971 353.169774043803 476.629844874369
24.1243839444542 7.01090867779685 28.0036637749022 16.6940176743897 5.5650706031096 19.1323002185697 500.234415927207 240.868568256681
23.9747750265224 5.12848573832117 24.687305044177 19.5179541154143 3.01568617860352 6.44543654730021 423.807296615728 401.221430974666
23.3444931957089 4.88476743917139 23.3624448569339 25.0200574638198 3.99428522292537 24.5132164546462 421.560007254415 386.67994067624
24.7761221303754 4.91329159325132 29.1016415418695 26.0339472307234 11.4628015394725 24.2375922484172 494.189351030639 236.950756923434
23.6473175267709 8.02668021019667 25.1629546632314 27.0280593061676 9.64297508349609 22.8701656115223 478.096325015543 238.350491120712
20.3863682528123 8.88750541328679 25.7627687159822 22.6001270597118 3.45893631343923 13.4443907037937 432.123127384796 397.75191325859
25.8821349969835 2.36310697305022 22.8418678088296 24.984193087942 4.20692897655925 24.8911251070783 375.889959716332 466.254904509636
21.0336281520778 8.09562877623133 24.8411193654832 24.8745511127721 3.84315189924454 10.0423437563857 308.885922053737 477.544612167856
23.8051568066653 4.38781432416294 24.0079544180714 28.3796499371706 8.13065891246163 19.5095064377358 297.576125891017 492.008893042164
25.0078771336723 4.1589731410516 23.5309473539463 25.4693183643618 10.1465670695194 10.1561321418684 189.213281886784 510.018881614174
21.9256739178573 1.38584401218072 20.9167077457636 27.7999913059102 5.07787212063181 22.2078513955648 464.877794279554 413.559112128955
23.9306296081338 5.06596002218822 23.0944505936483 26.8684712482765 6.7054563407839 12.1566608411836 463.265110285375 432.229252274496
27.6220506977407 6.22265795488756 18.2880541209539 20.430560513243 2.76499859577766 16.7142102229125 488.255768375859 374.375956213676
25.3119238089575 3.66179907363197 25.1032118620239 26.8876062745371 8.63100271148647 22.5379393903285 342.708269359859 477.001854699604
19.7078898254774 10.092560565321 25.8904409282182 21.4719129916916 5.15363164414961 13.6406023302795 477.445387861516 331.615956984399
24.7773680148646 5.66728868618269 25.0110876106541 24.6836204863761 7.90293891837426 20.5007180100287 458.997983562446 262.998859854382
21.9119381825261 10.2998591090284 24.9071546969299 28.4444584117167 7.86137366376446 19.5708110453382 491.693406891624 239.395398018545
28.0353322382453 5.55706254906213 26.4722081682822 24.4113176103692 7.786138155596 15.290794018962 426.093151384818 403.24856747147
21.9852077915171 5.87420516499054 24.9758169490138 21.7257501365232 4.29007743768517 12.2678770011257 464.360018077426 312.70121390942
19.7660470381454 8.45309904594235 22.864479673384 28.7682658047049 5.08991122567165 19.057471251485 400.387013184111 353.788903091538
18.8692581356696 19.2450504322633 16.3679445786986 26.6314170938553 2.77310030974558 21.0963464304209 479.96193591121 325.851424630964
25.5052578785454 4.75810398403399 20.9391842909335 27.8228911036487 9.17977292623793 19.1802731577176 432.727145843767 431.600248070011
23.4709067107478 6.9294452905415 20.7346536948822 24.1939813489558 6.92230510871776 20.5126438501602 411.729821506247 318.899296187001
21.8118014341102 7.68672788090806 24.6258131501919 23.8785579397223 2.37021560195728 24.1306352006522 195.877270704023 470.803241215302
23.4755452838618 3.84094492009007 18.7639736371606 24.7386411594028 6.11576100415067 25.2888492967369 423.683444032749 465.85900272806
23.7081949535536 8.13447516044726 27.6807894297903 23.7944235720902 3.08877691460875 8.58447916891111 481.549611670727 236.082940885725
23.7290787435306 5.66434266913293 27.8669712762584 28.8746270375369 13.6077768589926 23.3204176803624 348.36641358309 489.34466558837
19.8337689924827 7.76610565945068 19.0509447030194 26.0844953025146 5.31264759549349 20.4059327401754 480.096415608558 333.847791091456
25.5501508344753 3.54490950449376 20.5092167926242 25.7375159995972 5.21752340981867 7.67604444814582 485.43676886739 366.915247051518
17.6938730826708 6.91562895688464 17.9358200305924 23.6652829257228 4.34912511429013 23.5777003930599 388.672553585673 452.218893531429
23.5325045212567 4.71635349071612 26.4378467131949 18.0219216769027 2.77400180233477 24.4494962356772 493.293882871757 364.711867647781
20.5929534221596 3.65614668550154 28.0736366870382 17.4464856560135 2.09150612608521 24.0832384254907 462.84687001965 446.066266734224
22.0798334799825 8.18973008970293 23.8520921002294 22.6265411388695 7.6946434889179 6.24114636129484 377.285371005384 443.007389974447
17.9859010512686 7.50720072976796 26.7025463551162 22.1241554937505 4.49709988204527 23.2965938313072 331.171324424809 439.180194919727
21.5024371787285 5.0725669454387 29.3742476055168 22.4333704896745 2.0912071075414 25.1899879376533 471.218788180004 405.431045744333
23.3864055759383 5.32623678016121 27.2052632095549 27.6685226738184 7.49569107440471 13.1373623756066 485.868084418929 303.318944789771
21.7613811975656 7.08254899483199 20.969067703329 25.7868734265893 9.24687394200945 21.4713269815543 485.02137087449 308.680909650275
27.9611284260912 5.42427091694935 26.2012683514009 26.6983553050691 4.75879995970932 10.948901175017 384.037286595155 453.906877896908
23.9307267164355 3.77652381364108 22.9708660619702 24.0169911265241 2.23205889877014 9.32203579771672 396.786749462086 413.25191148275
23.9071823990194 5.05316102082872 18.219637812889 26.0187881946214 9.29187370158238 27.2454065855702 483.578337518433 322.643443322318
18.8106853208082 7.26591638560638 22.7825255408312 23.5121119711771 5.75466347888481 26.0144440937153 353.148265890089 479.945522538753
23.5810224312401 10.1798166432108 26.7900238658964 26.5369644334529 4.92775787471514 25.0115280986726 465.05362028094 308.646516947914
24.0043187220114 7.67538754480715 19.7602587640175 27.9511914951021 5.90291975772293 12.2349024213082 472.865889426423 386.571050487313
20.9930464903872 5.86706589257048 13.4362661610243 26.2792947045169 6.08657510020482 18.5889360518622 418.637372291686 438.121733317052
24.2665779789605 3.2664751232028 19.9650255591418 26.9679145095367 7.48182715926186 23.8084636594951 349.373012079093 474.192136936959
21.9264911750866 5.31067014242838 25.3901402488858 23.1320402575613 1.38141696422913 8.05021916064933 399.10118161077 421.588679691418
26.8984902784382 5.78451263564856 22.1830975250564 23.1366430328406 3.34274406599232 14.4627254203921 484.780104373087 278.848632017395
20.6144268691548 8.42025432445366 24.4414210201706 28.9479384355362 6.87775795023937 16.71009695258 485.519488770563 300.162993579196
24.6204575256097 9.18059756664917 25.9569234637877 27.2153601900792 2.08995981800685 7.55605267836144 482.392032539093 317.141303656852
24.1288915726036 4.57630959883789 25.4842663711131 24.3094729927215 8.0185739443952 16.4852766395479 432.87841471115 409.147771546614
24.0244458080182 6.54836368080183 28.5837348269909 21.5034027429569 1.79479777851069 24.3913005770612 128.303894272116 495.992237172875
24.0644361135008 5.1604526780755 22.7953861156215 28.017320365972 3.87694204142764 14.2825906486528 462.382369626011 296.205618024917
24.5624870814591 8.81873731846394 22.6415866948687 21.1953173579312 9.20614310702431 13.3371136397258 270.325322964711 465.760199955093
23.4531480180695 4.88023935480721 22.576424883562 25.9346445543504 6.4166162733086 26.2864586639702 479.427366105877 316.276359928784
28.0043609078926 5.31362248016555 22.2416194074606 23.5321012354041 4.69321858648293 16.5270173977183 455.979163504611 448.127332228773
24.4729026755412 8.69049533619947 27.4617637604783 25.187227162024 8.25836870993411 8.33392100379793 509.905135468443 135.894763998118
22.680419982023 7.96927493924126 28.5066913636969 8.35439454486809 3.88936539160388 23.3130432488801 266.191510469547 446.162887188459
21.5972227416379 8.68278264330799 25.9464273269694 25.5857913180971 7.91051954708691 17.3005079344096 468.336699607604 334.479118338779
23.15578298863 4.14790251600978 4.19651280123446 29.7035323757089 5.61294335655553 14.2835847707648 274.134747797112 424.113832574275
23.5663757653004 1.91167514916602 23.6993041792636 22.7873469757946 5.49817964435955 26.4619765085265 464.937444490586 462.723132789129
16.3850646771513 11.6718339244289 29.170301755326 24.9109472533958 8.07106306753165 5.51121307338308 523.776489395695 241.796026552564
24.7211982433877 4.7707967926357 28.0462382615172 14.0519953128694 6.00039453258303 25.7020438409058 366.726948949667 468.127872624402
20.8806994133173 5.48291818529657 20.5356249016357 19.989323434084 18.445912991335 26.2684947599721 407.708449498985 437.123533918869
19.3553776571702 7.98467073910702 25.7653079817234 23.3786821503572 7.86356925415352 17.2253546404064 409.958095987493 420.377482895461
21.4735226631226 7.96259476805465 25.4126833047065 23.0572586727484 5.84544040837751 10.1010615193249 492.582452844273 297.985607341662
22.6779773443879 8.62036284237595 26.7584931128721 21.0354612108412 10.5959438284191 14.4887010061854 467.976666651328 421.980436966569
20.1913739217709 3.08720412222675 22.779837667635 23.4303014370147 2.51741082979829 22.4695874407053 472.826114534254 420.386777396299
23.1671640878293 16.2540153593223 12.9442125362651 27.758892939978 2.607415149422 17.2795577136266 248.41300072911 451.976658723374
23.8644159731869 12.4013923769672 21.1192429573473 26.0447954488591 3.0861353314561 14.7800647668271 337.265101822547 444.291157611663
23.0996576786791 5.88558824610246 18.4276638892162 26.1582733698578 9.81980960136514 16.2961877544693 468.061405737285 344.983574994565
23.5618628388611 3.69472074537639 16.5360620541135 24.6616068459099 2.60414576009135 16.1345773181334 410.242948960559 447.231772205956
23.9430012195658 5.74122895810866 26.7053933630391 22.9913479475041 11.6861005908465 20.2955870469025 486.394624073277 361.687651531755
25.3307083333702 4.8366581775636 26.1532776200042 24.7882065367037 4.17993308272985 25.1105178684656 405.458417884408 446.053178961183
25.3032240159829 3.46524315954977 24.412787809841 20.4232288995303 5.25699594431179 21.0840043156802 475.389343494928 353.362638988945
23.4075017657776 7.23842967495082 26.7469470069066 20.5005924729523 6.63771104685956 15.3857506299267 394.042789632779 444.849640572604
19.2201897811747 6.12973109971509 22.2532795760432 26.1582790333186 2.8080150690116 8.70876636696721 488.651396138064 359.856169722797
22.4083780487344 9.47109184420529 25.1503457345404 23.797009264897 10.751650455289 16.8688014754254 478.721124259611 305.012880909333
24.9233414765722 5.93375466891583 25.633253275606 28.3274079235048 2.27890294237781 13.8064505691014 503.708523890181 398.329398779826
17.1836190872865 11.8275448086576 11.4780522693089 27.424866431871 13.9018493521858 13.9169406120689 480.09531430758 336.859445449453
23.5482850517327 12.3595531216242 25.2629408214013 23.2218616781576 14.8625933619484 16.261137800042 485.091291241584 401.398009371918
20.8390357275408 7.24044575906606 20.3338378118066 25.3378559793389 6.6186143991811 25.5153515502283 506.51380323367 272.972350925011
20.0101009980061 5.510868594134 27.1654202803345 23.0578945192152 3.26527626551909 11.380393595824 155.18813580499 487.173218623249
22.5309444140557 7.38738621903246 24.1965693853107 22.0806921512485 10.2371470690876 21.7364235907859 475.428827384402 319.26620224748
23.8451096078663 5.21655958039259 24.1984239161415 25.5178459709012 3.46622081035876 13.5119184869984 388.096499610372 399.50540187427
23.3260966854103 7.33607116162285 26.503993473603 23.1542630200381 13.0617308450484 25.6157562101604 416.987336293196 274.418614659756
24.0058384425733 6.90027330358375 22.506864391236 25.1126516656158 2.37418525802178 8.33088281630808 427.977385747654 355.182121744394
18.1172230591886 8.98258849674769 23.711890834286 23.8281377173548 6.73618350521587 17.9009734659275 489.751807153989 248.709429196964
23.0964764210309 2.80747159975944 28.7189267714104 20.5820372705071 8.92486279000668 24.3877188101417 392.697189748899 433.433388957985
24.5456811597956 10.9901628302235 29.6102988910349 27.9559846161986 2.29163117347165 7.93539276736735 501.50391295532 309.092452298066
23.5945815114534 5.93182271816871 22.9465990646409 23.0135794771015 12.6616957839728 24.3736513603502 490.650756713785 386.297673506309
21.7897708938496 6.34913952417872 23.3709083103655 24.4140216028661 4.79212301326309 24.396056252559 365.731766406238 421.256643911722
21.3543901316907 9.27501738993315 17.1949916695178 26.383808033671 8.27573383429206 16.3639478616145 431.039158023514 331.786523911896
19.2468520813696 8.7921641480176 25.2265116932085 23.7481681888072 3.12146790302226 9.46423394491159 444.025515813005 387.209242764235
20.1191516789847 5.6487118590033 17.550024427213 29.4289324039012 2.57972772619056 16.5537116918733 399.795041187273 348.688943768727
21.3502096167904 8.00723810149023 26.107512740045 19.8985362848568 1.86537567572417 7.32865535878226 460.060048369539 362.10060490052
24.9896746296142 4.25410347097395 26.8074972549976 27.2167231444525 6.17036358642675 11.9990927323056 398.345488664303 431.088322191627
21.6276616184704 11.1322093777696 23.6756627802878 22.2404488229648 4.33243195089897 14.0321426855892 466.662698309002 328.952005957683
17.3933610885874 4.58979827354166 17.1739094159934 25.0784045812062 5.02318826994736 29.8741398917504 296.613029425837 445.059009789903
19.0736594949172 8.08536117308306 23.4645101582596 24.1666940974861 2.536841891406 22.1539543517833 473.706128026586 293.901422631773
21.9473766116878 7.98308620894533 27.3442116813146 21.4031374460787 10.1033871899436 16.4049317913727 369.224814250083 436.183965171184
22.7821773513783 4.76079050009284 24.9724631046541 22.3518927888815 22.542457762215 18.4753315947121 416.270393897748 377.81106097123
25.5650929776859 7.7149827960321 26.5736875359345 21.8087964781584 8.66801967254718 10.4637218346966 497.917149783089 245.844944835051
24.5245696721643 5.75123715031987 21.7056137572906 25.8959754910441 1.80100177152781 21.770141338862 429.047826634548 356.927958652766
23.986281804985 5.59125113922047 18.8429209521424 22.8447858410826 8.57173652368214 11.03435477962 373.300566319984 484.509719210251
23.4025989212148 6.00787040777871 23.1919864678517 28.0062531734727 11.6023673500682 24.5021656015893 363.738792054874 426.289408658763
21.3480946554014 9.11593341810118 27.924633623242 20.7197334348593 3.45113880676489 15.8985455138382 283.542189805164 418.241952194513
23.0886564639127 9.42369987071241 21.0538823774109 25.4500818981864 11.0581493411028 15.2321678291972 490.175167372662 351.602512081186
21.3874011475776 8.29585963585436 27.2373789414615 22.8842674412507 4.57688712640986 21.2484251706191 465.881642703001 302.620527692613
18.8660420064997 7.72664195825447 27.7892918806925 20.3780942676917 6.60774210832827 24.2959474875943 408.115491364245 376.146768683287
22.2677667720569 7.99893944418931 22.9269357464985 26.3063257440795 5.57813462694654 25.5552565806574 457.415272681663 265.524509687686
25.6153932101521 4.699639553285 20.7312499076349 27.183277393177 15.4740663518502 23.5127354263357 380.468698301549 433.598243004799
24.7159583838818 3.04641147705664 22.3755214025547 29.6312197528032 13.9085294294181 27.6596519529076 157.977653085543 524.34380116256
21.424857215772 6.34117003461412 24.2789034331581 21.7074458573799 12.9025125485827 19.3192286023498 493.8013263158 356.423703638041
21.439137038804 4.10291444029821 22.8964973127228 25.2804645828585 3.97353010534042 18.3199491488957 422.446284757062 450.177362544034
22.0974241937936 3.17485851525812 25.5981588514798 24.5734634529569 9.05728176322133 19.983945827824 176.27044595401 496.272102177898
23.3348220903292 5.00913468390739 23.4007243047673 21.2715373055131 3.64419573638471 24.4876664475297 497.702105910078 310.135934313529
22.1660357364786 6.82506791616784 25.0771356634871 22.0798255457954 4.66499942627144 10.9047930217914 423.561916413094 356.620062729484
20.4420420147713 18.2085565233222 21.4584384042953 24.3005168874259 2.9044671820663 27.218970569037 463.817771779518 361.278687712308
23.9277152377458 5.4515188996886 21.9203040713415 26.1257467078532 4.23116976718043 13.0669334846337 486.774277688783 419.403466068712
20.6964396026733 9.64761193475278 26.8581057780595 24.7113829886249 10.7290707263577 17.709305844193 465.636658551228 410.224456884791
23.0890577371809 6.39846370364793 23.790350503932 27.1847345903617 3.3971335704303 23.0644484371978 472.77135680384 409.361047756939
20.630751688201 9.61687279479171 25.7538579596598 23.0592341920158 8.50397730735381 25.6740230346177 283.523417643074 482.316777605788
28.959324866073 3.04208586048106 15.6969270487657 27.7911873086761 10.7724397540447 27.1247507847475 281.380182770396 502.058844059662
27.3171060445867 4.96769431744128 20.2357252779663 17.4497980720816 3.22417376818556 18.289927658559 431.89629067838 407.471053436971
24.6904676959557 6.16234342480651 24.487872515749 17.6278978956673 3.25690081389066 9.8005043936193 422.524999917472 412.274245310953
20.7804686337564 8.79894474700523 23.4066037169948 26.0519577680011 5.80346196229399 21.6431088130695 507.017756086962 263.578828668546
19.4510320296204 9.5051457331014 24.2672044176461 25.6507351867681 9.69770975534845 24.9296763638548 456.599806914358 427.608840849611
23.1967530607641 5.2103834541586 19.537950943086 25.7794079275463 4.03850188387907 23.0721594424101 477.012774584068 303.346332014037
17.7679461965196 27.9283415254597 16.6124343083688 27.6349844087289 6.89418924772704 29.372123297498 362.547641665264 456.69560198358
21.9362216436092 12.1652333954242 25.5885462650973 26.8401828247745 2.66076829418431 17.0471573338408 497.239951372398 298.249727058366
22.7755070316532 5.27905643222465 23.7394495784679 22.3260796894052 4.84772808752317 28.7293849496699 470.888905638061 346.275964793111
24.5689529295077 6.08062457975917 28.1391614813669 20.0623809975856 3.72144562495691 15.059124055745 236.700394963258 470.731197179783
20.5384735156207 5.65849979728602 27.1343945636971 23.8816376321762 6.70374631507228 18.8784615686283 258.349722004357 426.510274016314
21.052460872877 2.28365305762128 24.6101031555892 26.6698163658443 11.0244428032472 21.9622707411265 373.79425510613 408.344284004056
23.5743657044549 6.52884229121492 27.2864015305731 25.2499117574486 11.0642483324548 14.4437621214135 402.259351057676 415.492501996593
19.6312742784806 7.3907972354372 25.5468291226692 25.6422367120892 3.87413383494092 25.0181119071126 505.346782429256 234.864993621801
20.521541047672 16.5957333690338 21.1741953387484 26.3417325311032 2.98676332743349 21.9405262965976 470.008332250893 343.587811795745
26.1855591960334 4.49416169947643 20.4989922263342 26.0358712360344 4.58366030414694 13.1779805964918 340.214637744099 453.743328477733
17.8208132840099 9.10201833496113 29.0318924231106 13.3767677878346 2.01143792896262 24.2399442244126 466.955437950102 315.831905965212
21.1383339462086 4.32376073096174 25.077772644897 21.4294426293886 7.24442686989164 25.754200220656 406.958359870405 426.758166250769
21.1979202128216 5.24704988383738 16.3872381292379 26.8607912723286 5.16478549190608 23.1393767396582 387.436059708326 448.997002788127
24.8328917221899 7.66245116285872 25.8982691288614 22.9217764952338 11.2012589755367 26.7733563628031 472.336765996276 321.302209555865
20.1921491187003 5.45982428740113 25.2496848761927 24.5073975022446 4.7703121736225 7.59022095081912 470.176521026349 406.022918406338
23.9302445820372 7.83748814455467 23.830513761227 27.8233732963645 3.70268483785228 15.1396069631356 434.851730333758 432.836758249742
22.1948560315597 8.07660208274672 27.7473069688505 27.5265730734843 2.9463824053051 21.1116721003035 483.506687615371 288.619381449179
20.8924661289107 5.38832851061794 27.494762567461 20.263297406113 3.79009505188869 9.76000701803833 465.164820533105 415.16269495198
22.6546441854354 6.4401082348617 19.4937250982602 28.0643968521725 6.06968979520344 21.8335784312405 439.467227434959 321.357638017757
23.6844915559978 3.71974664305277 27.0014331423465 25.9458545949753 1.36520946960998 13.8359499043812 347.946705142121 405.410527624429
27.6633170437112 6.35661158123456 25.4645996363569 27.5730181297183 5.3450502953175 12.8217297427704 458.538381445478 422.65242785833
17.5459052527781 11.2751217015284 26.0652190691425 20.8950401176388 9.38485013998577 13.3498513855654 475.853049247587 312.477902865621
25.7779132552881 3.94181755830079 18.4679690186494 27.3078030180298 3.95073474571541 25.6757003588262 462.767575430361 416.000773941759
21.7138046567093 9.40298325562113 27.3383704826549 23.4623920982986 9.35898375341673 19.7866627306446 214.775302956012 477.501236810095
24.8631238188237 10.5825424801636 28.3469641189331 26.8672181750199 3.37276555166862 27.0652190309529 412.605650275631 407.462464707259
18.6640856212753 5.53153366904188 18.2975756847318 27.0372107803404 2.43212287897862 3.92983087250255 460.40038408441 393.681745222437
19.380814573478 6.25856741120689 27.6678580381676 20.6803586793932 8.39881022259839 10.842532334356 376.815491047206 444.109208904779
19.6331418204116 6.17670314515925 21.7167964883685 21.5448627266571 4.18244583942324 28.2333518927195 473.102350685014 355.977696838709
24.4919077864529 5.48770161929984 21.5718555582961 26.0287935756155 8.73223960213575 20.6583179284292 492.581936195152 321.432420550116
21.949385513336 6.23908849468313 26.8988609246788 17.7808659197108 7.39790654516896 10.7285759402697 470.273836854388 334.037256125103
22.470988037209 6.79984236810224 23.7032109235272 21.9159167948184 3.13620252555164 12.1934338937967 473.986516793251 395.631273340199
23.4477297215388 6.48802750127453 21.7172324604074 27.6149626848635 3.17067252417961 17.3341223251644 482.511129453253 287.579191800534
21.1099411932178 6.34941977387592 20.9161914714646 27.19937919688 8.10079011204698 25.8002116569298 439.599374553423 408.901604638828
21.435885661632 9.12590555885901 22.443861508312 26.5284177228902 12.6638310333409 17.4546249763056 505.27569711961 248.302293190141
24.4262391815479 4.24622042932546 27.1926969225691 23.3689258722753 3.30734200860123 23.3002595281394 470.593277543328 364.450846821518
22.2143789254308 7.75708732369103 25.8644586143706 24.82528569293 6.85565917211901 18.9972841250684 485.529336320278 252.267375020623
22.3099342014481 9.98572154817543 27.1480783018479 25.7045115262012 3.47183659968121 20.6453689289239 486.153146245343 204.24955514593
18.9845899081888 5.5734245927197 22.7046530146004 23.6962450564043 2.28361208910542 10.1553504073097 469.007567033873 364.93273749538
23.7838478570601 6.54761557695259 23.4715232012827 23.2268261276305 4.68307011294683 11.9720921833741 464.527976895119 308.544306195535
18.9440090555509 9.73331290541603 26.0475290131227 21.5082331812605 3.9143643441018 21.6679954450171 434.723982853963 335.018858741812
22.1650196693616 4.45586174012632 20.7464379686073 25.0706786125995 8.52031273330982 22.4997824148657 486.4800028688 367.550380255542
24.1859494230692 6.08981722343763 22.5185034925585 24.1526373243825 5.42215064743906 26.8489560971277 481.786790094134 365.443558152164
25.6992942445774 7.71111949547522 21.4104058356776 27.5400914655596 11.3254366205479 20.5495979983074 476.616745378956 246.719629423536
21.5488227105744 4.93183174384075 21.197498833805 27.241025017383 1.73123681700425 23.529876044253 402.884660269061 388.318671892686
23.9761542743933 4.91099182179019 22.4191481454772 22.9402742174323 5.0157434727784 28.2975652252758 475.523626684801 406.020196464838
23.1953697593966 6.141678518388 20.8099585104605 22.4209957058108 4.87118879263346 7.15334478763245 481.207024203649 402.877401549289
18.8607900915477 5.64511692852411 25.3934370857786 23.156365175005 6.92385495010779 12.5369576736392 487.647669478738 440.364389497164
20.3054611645959 6.14382571256505 25.9001949077363 22.3924102153646 8.61717595886944 23.9615120487155 429.809445756108 396.375186236362
22.0306973461273 6.640446939664 27.3229881938617 17.2949282490936 3.18358640400036 27.8646055465295 482.611619608714 365.829695405297
25.4669474077331 6.57743364611219 20.6426369839909 26.1259666326116 3.54107004513865 14.534779842391 476.486822830696 324.253595127041
21.3100574396962 6.98214327030495 22.3772546408928 25.6918892398412 9.62592870881869 17.4132790047915 314.258236213784 463.318056810647
25.3234470218984 5.91069583667185 27.9923627205207 25.4412192975313 6.82736324247201 9.08060690646221 477.355642572141 376.432561924221
19.8330309377083 7.89928104139286 23.7705372805342 19.6370046559218 4.45642395354574 18.9603584863574 464.034750361601 295.936217461803
20.011701247712 7.88599904499499 20.8290810374832 19.5255700012482 19.4585700561721 24.3776015806939 469.114745506289 394.137394042728
22.2151989813706 5.30222179679418 19.0587860280144 28.8818924433599 3.2657010907272 17.5508345594089 447.067664765166 332.750157358205
23.6695570791005 9.5614078033411 24.7114054990521 17.7629880526535 6.43801437835992 22.397683855958 473.579064475043 254.60738386673
28.8704067855528 8.16220326659968 22.0532084273596 26.0444536544885 18.9649808869204 10.2874074189032 301.439322369598 433.409734956272
21.9980034564997 4.17569120720106 22.8923704186348 25.9776722961712 7.40133698035371 23.431340876065 401.323205566355 453.491076281378
20.891387710317 6.57758433405624 20.9296204264752 29.1602965095533 3.17196408266212 17.5526393574717 425.190023940387 444.440471353595
19.8095676240607 7.24974313742767 22.8946668068414 22.2980169209617 2.3852559373837 10.5611463943544 479.735606212933 348.321461574139
22.6553108591464 7.397031437024 27.4163483926405 25.8990759426565 5.04925775193128 17.7904278166486 417.603228334987 307.802065367469
19.0612335522949 7.4537683189618 22.4469815024067 18.6164969582052 4.15787191384043 17.7871012076339 483.499082108157 267.588473976605
20.050250631548 5.73350981150592 27.5724940949427 22.414532722004 1.82152678145271 14.0228529781587 480.019665151213 308.550117380255
20.4708322714355 10.9461631628278 26.3250834237457 22.0898845304124 3.70289460576815 24.2035059738104 479.225257279667 154.816826588256
21.4863516736393 4.35150829597264 26.8505642297177 22.011516947878 8.24206902616396 17.2402051988538 456.053281735553 356.392829157182
21.5484413974267 3.05541876211459 27.483015005922 21.5127175765157 3.02570461975211 15.6322564388598 485.613222136074 395.844083128445
27.4998329906644 5.98965929682037 23.0761942913671 24.3591692580783 5.43996800975523 22.5636365392653 487.297417035708 378.645994819273
26.7918032020208 2.43952112157176 22.5020885277731 26.2694373836833 6.66933163588515 13.2329739544265 365.143205091602 452.71796045654
24.3523830331126 4.92084098121479 24.7543640450494 24.7455576055914 4.6513629091343 24.9062428462976 396.0966804381 359.640783248697
23.1169212501121 5.04140172490117 24.9543791267348 21.4654080268091 2.0723771394149 27.195949429046 453.182852230058 409.391706362963
24.8284603848518 8.94124441390278 25.9651026898398 23.980927389485 3.26732134306803 15.3039870032377 497.324066793887 341.874068874986
22.0823039475923 4.04797137487776 19.7728479618498 27.2408016409011 7.44922437713586 23.6798714762443 404.876066355102 429.51970729961
21.214731007187 7.06322502082614 22.1094553272758 20.5336110281388 6.29245906189681 12.618409603227 426.108691947181 406.049570833996
22.2280605951459 7.31984028029278 24.2108485371475 21.9073421694252 3.33587582192174 10.9498075625192 448.087321176221 252.278996472404
25.5897541670636 8.27806719205633 25.7883104611139 25.7146818728914 8.31429140797139 0.921801079907798 345.97728377657 479.324034300193
20.4432614162209 14.192645776644 26.1223760948875 20.4155294999101 6.18213393984364 27.939541367084 430.843295747214 435.287609469417
21.2106684148334 7.08538092536841 26.0350590596391 23.9023323628198 10.6388276009199 19.8441597227052 507.425378763136 188.225704087064
22.9504783531932 13.4244030938267 26.5557050500938 26.5868286971217 6.37764345536557 13.5450860676215 152.649941385458 498.567864338635
22.5879809439502 8.65181413220312 8.63627862947494 27.9549370116311 8.99399328940744 13.0438152114776 411.70863555816 412.335394169502
24.6617511207531 8.33719425941704 27.0368790708407 22.5984204548701 6.67503109380999 10.0946712394641 354.918875208191 384.713030126738
20.5559087113959 12.9247800548509 27.0740087412954 21.9170018592197 8.75210670772697 15.763469131757 321.461109199243 454.277142967435
18.9536018446965 12.0017103365125 26.033709581469 23.8022619084528 14.4445127823673 21.0493150293136 476.635534762785 330.472546612591
22.7522828694337 4.23176701098005 13.9961337946406 26.1645756782698 3.35111721288547 20.8577793610327 465.630146071417 362.017177648423
23.5159262386377 3.14372275408557 16.3722013413577 29.2115626750944 21.5750072279731 26.5353270819398 191.59448642708 459.637840198453
20.6623329352782 4.49792803257265 24.9227719400646 27.1260356582532 4.30600335049403 20.0217279522465 459.284978008636 428.219635079292
25.0778572535913 7.5323340730636 26.3599757513178 20.7085857756736 11.2633196359045 22.3279098955109 377.638705606683 384.196540839497
23.2739544560347 3.25078558853247 24.6093785957433 22.4190611563193 3.77423835817547 21.0010844253171 410.527221285206 414.346646453346
25.6258516434359 5.89107968811213 25.0061560631019 20.9951305793698 4.2042121789181 7.59009709387642 373.681146104419 420.432307749542
22.9714734614422 4.86091578637361 25.1458716408354 20.9950800526016 3.72609094049854 15.0456711901172 261.748865340068 446.26375292874
22.0558209792388 5.89669365797453 26.8091932760289 22.9111318717845 1.19519952383805 22.9759158644554 445.81948066678 411.651422782983
21.1507084162259 7.74091254584297 25.8949436024016 21.4590600229272 9.22682484911011 25.7816340034711 489.286114869665 351.395405691283
25.2897524910912 7.47788556004166 26.3584475032407 25.4246063882356 8.91335402729623 16.7044565844771 291.012768373337 307.775030633774
21.3300155575389 8.22582404048467 27.2713330175248 20.8051574394484 10.2415640640248 17.2588082773394 490.571216231775 323.399950779237
15.5664326183403 16.3784627531263 28.7153657287391 13.7619982925607 13.8863083455104 16.0993687294674 505.948373499258 155.166397747478
17.9366486119745 11.8769126706396 19.6095645737032 27.5119162897521 4.56043136773169 15.4159736253366 466.753352340957 354.199134606282
23.5417229987347 5.06357305252172 27.9286419091723 22.8648833928937 2.99469161503934 15.122077309062 493.018969772287 284.217750032906
18.4657144956216 5.89526863569654 11.6287766550225 26.2560516637711 4.926676518843 20.381371513837 457.047091127695 397.676450444044
22.0748666923992 5.11567513089329 22.6375073919401 19.0070236456098 2.32590348894798 21.8621239812021 472.723423274762 380.382318905815
19.2660136571461 10.3824466002123 24.1395301355774 23.9648365754752 6.1599149052059 16.1015642015065 362.591356172502 466.246727978886
21.4897458820487 5.30018144507128 23.6640214585466 23.2502493493535 9.9595587645685 17.2865476061199 351.072900824091 487.502628976233
25.6188021657219 6.88669653581539 26.6298596989042 25.6979336661717 6.698838647128 16.3141290775034 312.155134299655 467.415497441336
24.2116430427935 6.30999268366989 25.9511680553715 23.9481734091132 5.57934502983995 6.74730112187812 459.258917684153 332.701614434291
25.680595737252 2.92234802755796 16.5930604533349 22.9841160794712 9.34620797603616 26.249340794076 287.514468118099 435.875965022648
20.2784481103307 5.93349242483194 26.9805642500422 24.8625007898359 4.79286157306196 21.2913279525958 480.664805381382 353.853102711453
20.3298341065304 4.44207938672549 18.2519648320855 24.7497222044367 7.40648305553557 14.5175602397345 272.222806448657 467.462929509294
26.3336210461588 5.32551288844392 27.0470855793335 20.339211657391 5.00733085703986 12.0217829203535 319.714280222478 369.578133173996
23.27519134426 6.66936024408474 25.3314034452614 14.9296090351497 11.2368924646084 11.395196656971 460.498374574306 341.831238716173
24.9847908785211 6.23073694561214 15.6916096070381 27.969318383622 8.06943598630455 12.2251298690165 353.374265905269 384.249917449033
24.4384051159541 4.82682427688664 20.8060911588084 26.7035486490874 2.88988238911306 4.6000656064451 456.887773709814 414.837415394672
24.1587364431469 6.01008969272842 25.3499181985334 22.0158743701291 7.51323898325684 16.6140841662614 473.938341487005 425.854585402449
23.5299979897562 7.86809166079935 20.5518436581055 21.8287031152076 2.95196229620828 20.9018451802703 402.245438807136 398.487362746296
23.2909155245258 3.99095452895846 23.8392643021988 20.1099584221625 4.82186820775342 14.4279509630841 420.925339619763 409.699062520582
21.9020525723447 8.80535654174738 25.6491880421916 23.4832162043429 12.2309593327101 26.0901752302348 450.357835152851 381.158034699363
20.3711110840556 12.0615871826291 16.7029001934524 25.6497540133418 3.36013872890109 20.761762829546 422.412874888355 425.200049207368
22.5795024220128 7.88215168632466 24.0754971195616 25.3206152907401 5.53819812358495 17.0461767955183 511.789007850449 318.576658694129
22.0217669205844 11.0008192991028 25.2596134267488 26.4370394961786 7.44104331587482 11.6987898964252 455.291723667464 307.18051593413
22.9852751334199 7.55530453339503 24.2264500628588 26.2290929137051 8.90318458395071 27.6583558718303 189.89963185855 409.607583630472
17.2338035500228 11.290718795334 23.1959649752933 19.7450229948864 2.48452504795324 16.9936203446529 343.509334416059 459.090010476048
20.5872377154761 5.48405003777468 18.3651891372021 24.1815927647173 4.77682540713719 15.1470891197973 464.911667579827 324.268143285023
25.0012181166571 8.21177528776748 27.0308330752729 21.4857970151767 3.80998097229623 27.3935194102263 468.161756777515 318.306902107088
19.7224139370106 9.29687541618671 27.3471907956333 20.8882188936717 4.61267486744926 22.3212598969578 488.943430898599 343.567484036976
23.6610845518452 10.9250024098853 28.6529278614153 24.5858780959128 5.00427578344308 29.4592813046981 369.443304824989 396.45640383574
22.7454027851874 4.38090078111089 17.8783375364355 23.2871755588588 3.77839647716553 27.6447859234611 435.029405918131 446.170851331399
26.0969075099411 5.89836842331884 19.548022683161 28.2950255562193 4.05534221017091 19.2500853060977 472.145434287899 397.472590311877
19.8513933464206 6.69007781936184 20.3336505654875 29.2430918432724 10.352958836436 23.9363760831633 497.000906563723 344.5597469599
24.7206690893059 4.40167006640068 21.8278151633503 23.026168997161 4.52715114755152 22.6756591066346 406.15408959055 476.493990162371
25.3784639761406 7.04603003837179 22.9506709908379 29.7390268489681 4.08909793455449 22.5923312642526 456.141501087485 293.125226120512
21.5965327534453 7.53843114235473 21.3743742453079 26.9305933599173 4.10890740759181 28.8464427319624 467.882534972881 407.332260960944
27.2153810411796 5.2345308029177 26.9433106993391 23.8114660667309 5.53920629087247 12.6950394944426 497.51635838434 408.983312842599
23.8625330307326 6.93883243916232 25.0759464637915 25.7361957702231 6.77183806760363 20.2909263820449 505.228423446223 263.644800027098
25.9497631024895 2.47786574265397 24.2959484808828 23.4925670890425 3.26558390820079 25.1086320856398 445.785567963859 432.739739712625
22.9021762829268 9.40098768462061 22.5252466479798 29.3067652652883 5.199599967681 12.9157593445774 384.165751472643 450.06033238226
21.7219625432791 5.88247025913778 23.5776780478715 21.3297367772924 6.46227068480848 13.129741228902 472.476030976241 354.016731535072
21.6431806546266 10.5283066945616 23.5224772465675 26.8726501931595 8.35981709765917 12.037779385848 338.721902226497 379.367408165534
22.1991856834634 6.8743784888421 26.1490655566446 25.2676298477009 11.3176844113176 17.4298582754696 135.55483058573 476.447316088352
18.7236089117147 9.58452376940997 27.3599064158441 22.0784475708514 4.33811295540247 11.7151041135615 388.890520604416 451.723867753866
20.8044526083352 8.82936036198727 25.9205756422212 20.3428388198303 1.93138642511075 13.39074376024 499.247394851879 201.07630646867
