19.6329726939132 11.6752189909212 17.4659063523896 0.767432045311383 4.7194276139235 22.8833120308593 42.8625061578897 237.898253538841
17.7153832232861 11.5484129547241 17.3690179481924 0.809315785969648 24.6738799977769 22.2784727357216 63.7808648651755 137.42530938531
21.1478767919864 10.9962186527909 16.9445892278406 1.28896624206833 28.0601169808646 22.3773321257466 87.473383193652 196.350535187125
19.3788772720623 23.9935038565247 16.9641850965855 1.14000649953547 13.5608056244032 23.6484216668861 89.8915628667142 219.41713917209
18.6578874114995 11.7803205640333 17.2343819997255 1.55962013830475 16.6584729408755 19.8993526917527 83.654499522624 186.038028400924
20.5057535047462 14.9776353812562 17.3378483075886 0.777953784931186 21.0052651335088 17.987898171201 111.707869548211 58.590426480363
20.6981482930446 9.88348122362851 17.0966283348384 0.753341477513366 21.9485789829056 26.0796137958457 26.7411541083247 219.121309953191
19.9225603768851 12.3385182177298 19.8168412837683 0.724678392090573 17.1049359519125 25.0429679512368 82.259708833406 138.265237548976
20.8017772161836 6.84795348522964 16.4088107118746 2.36254182896684 4.59742434124796 17.9767833307195 63.3304680598393 224.190356852346
21.2945482219179 11.4946757826424 17.1305642465419 0.570216718927682 17.7208331489585 22.2963829340243 92.8907964249573 49.3329642912119
19.142719554338 11.5284234948732 15.9066637151853 1.39867856197016 22.498902999177 21.4517884191885 135.28835731551 179.268556540218
16.603107794889 9.79592829060608 17.371197990164 0.828377746213762 25.6008708174183 20.3761893235252 60.3711066333565 177.163625584171
18.6642949715339 10.6828288617077 17.5544990272302 0.962992450414723 27.6940641551055 20.7189291333805 30.4165765623172 190.941668975997
18.9194985187576 9.69493375797223 16.309219751365 1.18229033812907 25.8586948010105 23.5911089900275 102.114793606988 144.576618314281
28.1425852648713 10.4197426293513 18.1969656394607 1.43918054659595 24.2261681680588 19.0267191163415 84.5969603134803 243.087698508935
15.6969112783069 13.0373620260389 16.9131459367017 1.53362534606445 23.4823021168143 20.6024259530772 209.903789893188 132.061929347947
19.3784858983294 12.4362300424317 17.4447064125132 0.951344679996186 25.8773366743477 20.7023587837994 91.8321429417612 122.261929608707
27.5489595022799 8.66155807967888 18.025860901586 1.65417220110258 22.9921130429186 20.1296591558974 107.193613543616 60.8103895007795
17.8107858819804 9.40648504092653 17.4408630665495 0.777370867495195 27.1356347302578 22.4164823399271 20.7641029047887 185.266428204393
21.3304235400061 7.71958167227158 17.2682571275787 0.888553900372264 27.9974184439225 24.1883758621067 24.944325191471 310.205764530359
17.6463622200118 12.0620178826183 17.5734199187148 1.80431371026973 27.6865354038792 22.2655462991659 166.572683675336 123.236874162255
21.3681837224991 9.39559125310395 17.7516395043729 1.43508389689753 17.912647104723 21.7219733238346 100.049208811068 113.009485177881
18.6425477598989 10.3417223418628 17.5188769979155 0.838177630158178 12.3648637071659 22.3168787720336 111.439151043548 186.2863359937
17.7074866641748 7.33224971266067 17.0403080241829 0.921389279980018 10.7418370983572 23.8512121432477 37.4018777799021 278.083097900628
18.9625120679729 20.6761160173784 17.8700158559581 0.640727002773964 29.2385733913784 23.0630186914978 29.8842190383355 167.481910053222
17.3957918875643 12.3719932054843 16.4316494778492 1.23517047389667 20.7910120697035 24.751038670196 54.1573651714048 192.866772264267
18.5587602307567 10.4443634219995 17.6656911658353 0.803664599948531 24.8891733477908 20.400655159078 46.0086347835704 207.265399366465
22.3393681302339 14.56534458455 18.5449392184407 1.57261782441742 27.7837083013953 19.2903617920012 180.10061067557 69.3887574016519
22.3433377865144 11.291839955262 17.3054326079015 0.722382721965687 25.9069010656379 23.3843442460031 67.8326322001666 102.402773468831
18.2065234349915 12.0861254585112 16.795049681393 1.33707452307011 13.9775358522159 23.8238122525678 139.151292649554 212.675891389779
20.5072919940173 10.0751490060124 16.207213633242 1.57370153123058 27.9154090534057 19.3225727729527 69.4206030245815 382.958840458873
19.2759454262853 7.72494473507966 15.6616205919413 0.95266954014954 23.4832367217519 23.5791260931341 74.8455296433951 233.187330098426
17.8814261792676 14.5856808672448 17.3454646507874 0.661263854776424 28.0655350467253 23.4872345828573 84.7699972301271 32.3974768887606
22.824463125876 9.72826419340496 16.836116220898 1.24966341436397 21.8235943102117 19.617610190658 66.7716985814623 180.898119204064
17.9658502489593 15.897521309989 18.4927098505832 0.597804702677115 10.0394081236747 25.1691266751695 77.2455830855869 120.450716311264
22.0203129273578 11.7090715518102 16.8886862321507 0.979843547149439 19.1193290673775 22.6658741181026 110.738630102526 77.5737977210772
22.1049594163858 15.7968805125942 16.0703740898519 0.999733488219107 24.7848010464546 17.9873302062091 49.0709650518572 158.033520712292
19.727053175914 9.00328873348754 17.4515545493287 1.00370861097306 9.78619389344821 24.8953320281761 66.3294690434566 201.493486152513
18.7190572587275 11.2513564821189 16.654894413577 1.01451030581802 28.0762020949637 22.8617263072622 122.152540065302 122.100132279844
18.0979821665029 9.08002316466016 17.2135004427029 0.477907965438965 3.41965891074451 20.3370725601461 80.4616058759056 125.314386681597
17.2360253897544 14.9941310184282 17.7153983192674 0.979981144276408 15.6658814516201 23.0106886171033 143.9679306811 127.587364490701
18.6699767024674 13.4572217786049 16.3672764257456 1.05628772272629 21.338175290142 23.920323290941 112.340490029787 90.3173480610958
17.0220683822047 8.99043330646124 18.0553506355962 1.04000001642783 22.4174683416276 22.5351863035887 69.7368695023404 218.464908644382
27.6965322854067 13.3723283146845 17.5903852822784 0.751954241534717 28.8083489611764 24.1288290548375 70.9293430057847 91.2549621517131
20.5096570517968 7.57841254167723 17.239742280623 0.83041540294509 25.7976889377739 20.0254076072742 45.3565633047024 261.027877631608
23.0541082563665 10.0582400703202 17.3259449142013 1.4013011382605 24.7404177040076 22.9528523763491 87.5567909454848 140.899730680922
22.7165689681234 5.4289685424819 17.0842415010006 0.71572211883637 22.0676809599927 25.0880811066332 51.8442591736961 325.35609059348
20.6353622668349 11.1750519894957 16.19599423999 1.23362022634707 27.4146096902504 21.1153608644173 37.1106755344156 225.398286330121
20.6753841421302 10.3204049360344 16.4697698196025 1.32555161782077 25.4273085392442 20.6060138085296 111.003112008737 141.358138847247
18.5969424893018 8.36595538859943 15.8065333612441 1.38009615243374 27.8277602119529 23.9156801211534 36.9547103136867 258.366770605833
21.2826797270486 10.8848892089947 17.4752615046214 1.40938406583039 20.9987633027066 22.2679669867699 109.313014283879 95.7381479327064
19.6390699866822 8.59952797516222 17.5982501280573 0.5633595638165 26.7900171872936 15.5262340768936 16.7555553906463 285.580991014648
19.813152247829 7.04776708381393 12.4853448394736 1.38277360725761 23.9705190686341 24.3101675021458 90.0110585750661 168.917385380375
16.7430289392482 14.6715293164279 18.0367609262265 1.08514104834631 27.0873736179234 23.247221871495 25.1556135940029 224.550092474959
20.234112634734 9.95152271112129 17.2919363654574 1.08643643787857 20.7402596033619 24.3329407444291 69.9420165292832 173.451274873361
21.2998627658716 13.5356914562061 17.4446458944216 1.08941669677265 18.1527635518082 24.6961841433557 115.916413701248 56.1567396220685
25.6217943865721 8.67921417209681 17.991534997492 0.856804422019814 21.0503944165123 23.4999262471417 94.9618225297962 170.374939464126
19.8279213796306 6.28037784894557 17.4549171717363 1.23178486082491 22.1004195726441 23.2092234797863 72.8706172955108 292.265859816689
21.2100196768409 9.20155846484862 16.2964880662352 1.08392324228677 27.2041137926442 23.9685248962227 56.1031414682778 190.806972058308
20.7611247653506 11.8700403865176 15.5314231572684 0.897105216635609 13.1201457500466 23.1804972460478 90.3648666531827 120.552442926336
18.1367113288236 10.3303830117061 17.0201761497934 1.34559756639219 26.730502280209 22.0780557006016 51.626047757707 246.921141385472
16.1569926237345 8.28384942296138 17.6673497863652 0.466030199828763 8.67225043288692 19.9464997390445 84.1610522967736 219.046405745275
18.1505089565847 12.9667500120425 17.4131881824858 1.26699514731974 16.9483294761216 20.8843756773993 176.586120909595 92.0343313189585
19.7715277841933 9.2822341065995 16.2745196340292 1.0575998808129 0.648949614175936 23.0563179103494 13.1877540565728 296.259338305151
18.3413555639644 12.2193217176144 18.2107297944492 0.735112430964012 26.5115409937889 23.9870624430696 76.6786835480638 178.760119801074
17.1018486565214 12.3400275781764 16.0253704830452 1.82806711591329 18.7355349820988 17.8452837904863 125.902798194741 107.926865019133
19.9369365081518 15.8688591587954 17.1806428251509 1.11316823863615 29.957344981171 25.8696113024082 22.3951254374511 231.677551641515
21.4003487573242 10.4773724099771 16.7387272663383 0.725306713530761 19.965735781073 24.1732589880236 69.3992776696569 48.9873118540045
22.0310960466524 11.9970990134332 17.3223051096174 0.799143891994674 28.3141966908205 20.0144513851496 99.0767484064969 143.632963007838
18.0996457932611 5.76713017266224 17.5965183693493 0.585281047094701 17.2519443789962 21.9448514801222 86.0576488542512 254.926806471873
16.6141748414374 19.7512982569011 17.3511750570459 2.41574052140226 5.02216333839849 21.5620452368109 121.054502647555 300.149882879498
25.4781736707923 17.5731392523432 16.3125279998532 0.928966582381177 13.3032582279636 25.3144202639255 54.6932365810872 172.059959953713
21.4644114391396 8.09605072668068 17.1619572752312 1.16476911235011 26.3502041743276 20.8552595277225 34.6028025452768 216.701804613706
23.9523409524977 12.9395504424481 16.277118970835 1.40953967728687 27.6924756924091 22.5140796062311 117.568221074059 54.6821020034922
20.3646711961031 12.5073904099874 17.9871078272337 0.736170883562589 28.6743030932479 23.8364478301526 136.993223625729 112.230947137058
19.6706369889233 12.5460877549472 15.1721937154687 1.59252114255951 26.7807543847231 21.9458290649628 132.675509065557 93.127709121228
18.9151033087045 9.40716359237587 16.2716246727636 0.647474305960374 24.6412384168742 20.5850703244838 76.1561540172745 20.2127589306702
16.5703566116739 8.45922038294538 17.2202544602256 0.834570884080776 26.7158801863694 24.9889034762696 47.0954339589207 268.00352818235
17.7856915309012 12.879444895454 18.0657518202458 1.33923730787737 24.9265289256351 22.0184894494214 25.8155699015652 257.618421470173
23.0646556296403 12.3582882762853 17.0506319876484 1.22901956802735 28.1512481746022 20.5350739473106 82.3144727052702 64.6191951533796
26.9194891111217 6.91935631721292 15.2677848945385 1.15534894496082 25.266181632624 22.8346739436793 67.6938743934586 264.320608122334
19.9518804850091 10.0396017831234 17.1046061371772 0.677980315517564 23.4175879162491 20.4861477008537 138.543084726847 98.2168000649432
19.8439282639454 10.3312283530613 17.2477558286504 0.728627154176943 19.8383761318055 24.0905662248718 62.8086877618135 52.6689863405935
19.8293848530452 10.4757563527772 17.5155376465327 1.11373475387732 22.9477072799984 20.7610188336637 107.19877428902 182.983989818177
20.9546728905574 11.581767765174 16.7201302122221 0.913816451711501 27.2282270276972 19.5518646078424 79.5947481911283 142.18057064915
19.9917331148304 8.8341539586746 17.4479768589571 1.29077059508047 21.6132336147696 23.6036323088449 104.416366426508 147.205484043114
22.2397227717633 13.7904625362973 16.8629198890393 1.22712103688973 10.6651324482204 23.5058682624287 188.256797244461 71.036936557092
15.8709793074283 19.610484236972 17.1773254236122 0.6826913883646 24.3852192409597 22.6229497317382 132.812243504739 130.129040998243
20.732992412976 10.854083943293 16.8375244564034 0.649009191526543 4.53808999420036 22.9547649393245 36.7782386804496 235.044059405889
21.0444216758762 11.3607729911756 17.0677094042844 1.15866859833871 23.3191382003224 19.634780567242 64.2294093542246 192.118913668324
21.693866142004 12.7697243616717 17.395678229215 1.07001724220313 16.9097456866278 21.9123861472604 126.379829099079 88.6879350742341
22.2182091443887 9.83258146175078 17.9728501805831 0.901397486433132 24.3101766125596 19.5279117736929 48.1968504428236 221.206376836628
20.6674367692078 9.26825968517702 17.4891478393823 1.04929250623075 17.0550052560293 21.4395030157155 58.9342880730043 221.938883860254
24.0314160604455 9.56854346528231 17.2546250420014 0.846057905790842 29.0226458547604 21.6071647083502 23.1047387413876 149.064830300352
20.5818267420548 10.7936087483526 16.5373497732141 1.41146642779171 25.3265243651677 20.0060823408026 51.6810681215228 231.670429418231
17.62831047473 14.4309144571679 17.3783696962174 1.15277396603355 23.6974341747061 22.7166220415166 76.2063738644012 206.814990005151
22.6046071455456 12.3892990207021 16.9127960525228 0.887221477269593 20.3979071260751 17.8349459215935 81.9414801618343 100.997193459682
20.1079594202868 8.53776317142654 17.2776271918402 1.16138811524031 27.4644007315651 21.0035841661412 134.45749730931 133.42533770875
18.7466439537108 13.8345611652701 18.2260028890718 1.13040990101177 27.289682038694 18.9317786140954 116.836937732034 71.2600619352174
22.5608522546064 19.6031781259757 17.4460051057234 1.26238138096738 21.5707439947523 21.8617338499857 146.647521624347 35.0026817750535
20.4742305782744 12.2223335875908 16.2213545052717 1.41928198049628 23.3892447301532 22.9601665197917 30.7114374569961 218.418666186725
18.3369369444689 12.5211728049998 18.9491249703965 1.33271618101888 8.08108634279062 20.9023547844181 141.701150297744 143.04886457066
24.4661501915754 8.7718496958439 18.7323713365137 0.898707582452704 28.3980058058151 22.6412656627293 87.9186011588196 136.064426272856
18.1745928962503 14.3498187195044 16.6333699429675 1.92920562408885 27.2912994406523 20.654234369336 61.7268973021489 145.661344531565
18.8454662412078 11.6027549150606 19.0678118623291 1.1935977977875 22.9187847701246 24.1157423929398 15.9779675943381 333.198818127198
24.1368590154607 14.2139706914029 17.6721303062119 0.965684952299706 24.3845840313787 20.2073952709537 84.9649452035959 156.889897117663
22.3347295887031 11.6407085692845 18.7190859350376 0.659286712132375 26.2478612835635 21.1520452490695 81.9563324225385 61.3667101554319
18.9766541776094 10.5180037738898 16.8320355641003 0.691494647610261 23.5498972158748 24.0618441083996 56.1316879791898 168.593843991516
22.7718477971556 13.6018921148072 17.3600638351089 1.31682381709183 21.8821605875515 23.5927044652793 156.687702882379 80.1903441350862
22.1637746615024 8.658005803562 16.5653325530733 1.77183656549803 21.6029793420661 23.0514290378 81.696572744644 220.349610059928
18.7545939696983 18.8075669050832 16.505718457361 1.66353230288825 11.4910231967493 22.4200523699992 55.9675102955205 293.230236880336
16.893730553328 10.043924805287 16.3827206693322 1.22194204671439 25.9763320413435 21.5063956988645 66.2186333222818 100.886199863696
18.6358307633905 12.5864996048056 18.6568930090495 1.91209188300836 27.0303438717802 24.5231036639027 188.486757879457 145.684072351235
19.6960385576692 18.9769145702404 17.1796875836642 0.836937996259955 29.6916252817908 22.8981647317414 109.801552679611 170.822993594458
19.3364442290772 8.95035507310672 18.432796051626 1.44192358551839 19.1587482228683 24.5528983086712 59.8759545113138 209.998776889719
18.926526094963 13.7851979465037 16.8470747838743 0.905240864551661 13.9856486117218 24.5414212232435 48.1946172377842 249.259822605303
22.2914896656102 13.7609999770722 18.2175198865843 1.62140671379104 15.2964358152065 22.8624514038911 251.514136201425 92.1678467208472
19.1054031483039 8.05586728027272 17.3208946953898 1.48129557957182 28.3454478720951 20.9979368924186 41.0956153119716 286.598618253997
19.4777768461095 10.5879355160047 17.1227125199098 1.20990384467133 26.6236408494088 23.1464643238979 54.4592811691867 193.066941425302
19.4922579852467 14.804291325493 16.8463796986821 1.62857348667095 8.90682016000107 21.5195660027411 108.351164049827 156.096898728063
25.4164266179842 9.85748277758666 17.1707509906325 1.64724205329184 26.3188955217629 23.3283664124697 99.448681537787 36.121221643381
23.6461860161865 14.048229170532 17.6037152531784 0.85331949924681 22.966035797467 21.7864230989129 119.979981716378 145.522025642649
28.8464105860602 7.55781206111037 17.2058340904064 0.980357868142721 8.23704070607224 24.0690319696959 143.221172080542 243.681179315603
19.1183331694726 8.66456263062835 17.1439776056687 0.79685708357919 10.9304911204853 23.8723415884039 32.6152626813387 135.59319583196
21.0922675797331 8.77679950233505 16.465579938398 0.960004109954416 28.8488535951905 24.7962439669166 57.8912779160558 187.442309056037
20.5975623832869 12.5418229760502 17.7730874114811 1.00077034499603 14.7372278797532 27.1622008016718 105.12176184605 109.49129359369
19.6919616429063 12.002713364325 16.811341670919 1.42702785068608 13.6362410730268 21.2413552668814 178.711139693792 149.888918443252
22.7213356195222 6.0927298264517 15.1817326898226 1.54520338731483 21.1890071165637 23.8968842067105 64.3434844380478 228.760218216583
20.356414487153 11.4058687059108 15.5382722726015 1.38840807266288 15.2008493278055 20.4257825469022 114.788528102631 130.60764727308
21.8081289400593 8.82054833182021 16.3946219970036 0.799935033274072 26.8431613561092 27.8602431815811 66.2002903065624 87.8141110855101
20.0158085578738 8.90448308983941 16.776585959588 1.17356294040242 22.902760878342 20.9649220162469 72.7325823728671 220.613867643085
21.8054380587843 9.38350368249679 17.407528139442 0.580754749213221 23.154069187003 18.7293045035303 91.3092218910977 137.813525274342
18.8882338692282 8.24768385928865 17.9661566327366 0.963448595184282 11.3909937602357 20.7813329774252 71.9725923383664 201.353552142749
18.1157145902664 12.8347651514641 16.5910591075894 1.22990181816459 22.4541496098703 21.5165566607326 121.143771637965 99.9733475685374
14.1906209194173 11.9292523645364 16.7289701819516 0.741416505395911 29.0919360683025 24.7981911070164 95.6006497450006 99.4463554311538
18.1246627489723 11.7190688068404 14.9280818085738 1.4358870104664 27.5635368723558 21.8494490992365 139.504680495892 133.243026838314
24.1392633676194 14.4086481107808 18.7408780685296 0.85812849519387 19.8955305260671 23.340785791454 102.54533863762 29.817095253292
19.9679597809809 16.1289074259776 16.1872733148806 1.17338205621723 29.2327208871959 22.2341890741669 44.3316502043454 116.663832359079
20.1759093337731 10.2264988342495 17.2901306402619 1.09494659097301 4.22582318863707 23.8460740223943 118.286290035592 196.822146503013
17.2014375493232 14.743266819291 15.6791459079392 1.892991419009 10.4727944278818 21.9335594251522 267.159661259325 38.8704649709862
19.6647339547773 13.5324631607547 17.3305939695167 0.897667622003813 13.2300854941725 23.4047353136117 76.6740194195696 191.146671595995
22.6983790899594 8.96421968663537 16.6476258479403 1.1754062725401 24.4706477449173 20.6997541047625 77.0357665816729 220.592991552931
20.739872755197 10.6306132495498 16.782746222337 2.0376566579311 27.201350938451 23.0504456865568 96.1243009387374 128.12083648699
18.5960829893584 7.09002111706166 17.7256146223076 0.63261265860456 27.4052101986407 24.2111144789601 73.568711699889 183.056726805297
18.8964486641897 11.7493219995052 16.837505811605 1.63093004480127 13.537733319121 24.1159691283559 117.13387556969 189.80071675018
24.6354729028346 10.4408678951308 15.675661356207 0.930302559606169 24.4068382962964 23.0335838968009 58.1052178418858 115.543779433863
19.5946043510925 13.3464854966737 17.5398155586648 1.65902238747858 19.9752937784445 24.9492378527362 103.238773488948 205.746924847106
18.0895781578145 12.6921372088417 18.0499290078873 0.804702305958345 18.757000582481 19.4001004328763 88.7328666082227 106.722485360058
18.5608187199591 13.8858912869505 17.6718093603858 1.15030717205619 18.9505317456626 19.8518706569912 102.176499560991 170.647940237864
20.9994499946859 11.5761458094092 17.4261208245393 0.673357251574165 18.4992132027 18.8754439725052 51.4572892983094 67.0856596352198
22.5452811074505 7.7848829861713 17.1390626492977 1.21159883645821 27.8883419442671 22.1022036316294 30.800736278438 306.057189385781
19.7483084019788 9.37027303908709 17.3093745639962 1.12281330697414 21.5283477925599 23.0061859619814 130.153603599109 138.010385895526
24.8556173210742 16.5099728399225 16.0209888784091 1.0672803196406 28.8931577945564 23.5418803046739 157.225063020944 17.3153897006593
17.6794625139428 10.8705199657211 16.4603767853598 0.735900280679477 26.5030215451756 17.9404416471141 40.3447362803262 340.678236463705
14.2399965917289 10.685843852789 17.0771385360492 1.01227518049938 13.3420856064016 21.3153487209172 117.405176775285 238.937291688694
21.5554208155249 10.408010504983 17.3618271172634 0.853461003096725 28.9767048055617 23.8033997489833 94.147444174313 160.965982786316
17.8389731377223 13.6549722281306 17.8252862376244 0.5779864152195 25.6095903955184 26.219700473586 29.4731111869942 191.186906038317
21.3717194809119 8.97786102066825 16.734504775339 0.747719091076323 29.8138981969797 24.6245298645243 61.2334107828486 86.8128263343017
21.3740161034612 12.4372970910444 16.6175915011799 1.2771152080237 24.8397276608691 20.2072430872549 114.595081819685 135.059741412806
20.7828390637644 13.7474173500645 17.4110852590491 0.823958271848141 27.679676919321 20.8632376379697 130.546949677556 72.2285672413357
21.0622810332165 15.847836390136 16.6061137778501 0.523507336118769 22.0227013147842 19.5385456105506 48.9325574711909 176.874191348058
18.3902060655003 9.90279096824578 16.3125911537986 0.611737732990607 13.5589022065347 23.2067192857604 75.9992280255511 66.000600077746
23.328453974241 10.0844537736896 16.128107181582 1.10092176508537 24.1557075500757 21.5831515460674 118.688252003542 169.050653584697
25.7431084060508 12.0964647580712 17.3638137225563 1.51889793533616 29.6543119619895 19.3917241997627 130.569151448063 91.5596281172648
20.4969616126012 8.47748938022223 17.2314722527527 1.00097427382377 16.1708465464408 22.7642097093902 74.0996206122941 105.795325264229
19.9561611726247 10.1728840722148 17.3998381510066 1.30323732887234 27.6212184295763 21.6582736982893 66.8631560465628 246.417057574478
20.6770417243003 9.98827571104682 17.8442950756569 0.870762645915366 24.8781189030661 23.28287198736 139.485948103479 129.18946783504
19.3434047813059 10.7427679606153 18.126622042122 0.945890271218933 7.2176760933256 25.6620031682211 59.6820990632462 183.673601648267
17.7746326316213 12.1732428081197 18.1069270463021 1.04208449164677 10.9354503519118 23.7977672831827 158.668258614528 142.981310158794
15.698799810717 18.2052854426982 16.8269259277554 1.12675472741459 23.3536188698726 23.3457110666733 192.843003613342 175.856300214697
21.2603639450486 11.3581907215269 16.5660523285926 1.3933388014272 26.0281760275678 23.2817057028652 70.4070645532516 209.396025772483
22.4608816254275 7.87738171549191 16.5059507481212 0.963427253257068 27.8989943376647 22.8243358921309 42.476693473726 165.777079646103
19.379838326089 9.38524918263868 17.5547787575871 0.876537132286762 25.9913238720784 23.4654022905073 89.0054132409796 193.432191083831
18.439440068396 13.4202800715836 18.0068269474886 1.30557599644075 22.259735311057 19.4584385525394 127.913069382133 125.691687915494
20.0167934639364 14.2616909249289 17.5060667713812 0.906025931992505 17.6812240034233 25.3272410896093 94.8272455599574 70.7727933971492
18.9946106869656 10.3098861701331 16.5663769997048 1.1782903491293 27.170490594131 22.7154782602015 92.5872970364294 175.770369301907
16.5664365784402 10.4960383736148 16.4629898615933 0.938790492923676 24.4845092056843 25.568585334482 110.248008807131 163.162214423791
19.5360279584721 12.2625807790915 18.3392990855241 1.20282742889266 17.4523721256328 23.2142423920014 95.3152033667127 171.136478552187
19.3441163116942 10.6154558677043 17.7562590728861 1.37397299099938 23.0180537686401 25.4578525710987 24.3145630431505 263.300939960001
20.8078866725761 10.8946611543779 15.7284300902213 1.59657452947626 25.6449439674267 23.008443376269 91.3230983961185 78.6478629203474
18.8499232402553 9.81665665188757 15.7407037332807 1.17798566913882 20.7445078545413 23.7661689765387 89.4751894877742 146.713161930701
19.0797584129238 11.1341226481957 16.0203092430609 1.61646789147381 18.2376663026355 23.1674590726283 87.1126443308598 322.459989605432
16.9320760637827 9.4877386485236 16.5972165840607 0.933891006014702 21.0590295538916 20.3046474823415 95.784413089 183.083910735645
19.6302460024878 10.1482578153266 17.6616782324506 1.30333167235892 14.0000178004146 21.4693580254472 147.039314088662 128.974578006014
20.9537717097634 12.2008542347286 16.1948699063659 2.03673994782536 10.1275297913804 24.2267003520801 54.9745230389825 218.390938249343
18.8126483455213 18.4797364959225 16.8125146954022 1.3294500655808 3.4263575410251 24.5653082704478 86.9411780182877 156.155491271053
23.7018293976956 11.768224721279 18.1352419239234 1.20121803892377 29.7334823244779 20.1158924569973 125.367364129731 98.9949682016217
21.1620284590635 11.7052589215601 17.5539371155839 6.90232395280888 28.110099879151 16.4896766373697 85.4456975761175 348.307690713475
24.5929656225683 9.54233247083271 17.0312663525145 0.666930557674058 24.9448564722298 20.8920340908552 78.0647495057021 78.6520389091868
18.770253143414 11.2954188081902 16.2400034879721 1.13051451772735 25.2563594661322 20.4641063247656 104.132902841304 121.407017315379
19.1076985970062 10.1905455303107 18.5070959354335 1.28872212691413 15.5237582641429 21.2872609605995 118.975558031866 115.214159996641
20.3033131265776 9.60230803931399 17.2015348404751 0.829514738732299 15.945529144902 23.1979607738647 37.9243073248227 181.506401702539
20.1663048362841 10.357830688649 17.0627728856637 1.69480186097503 27.7124853612346 19.6033276761846 58.733850746771 301.844744468177
18.514500106022 11.7805678314802 16.0642426800705 1.26755438804716 26.2541761698112 21.865499555415 51.8556341291689 137.05809658084
22.2021183425298 10.927541093073 16.8802435125269 1.46314703703414 22.2791163133243 18.9324857160465 89.8162507930964 200.935879184867
16.9514645817987 13.0048893046708 18.088963788664 1.80062379585251 28.519802563235 17.0641612723135 116.663326324108 130.38241560095
17.7847890196692 13.9343135883547 16.4735017004903 1.49636523510855 25.2549281146449 21.1498589593314 69.8534371584503 216.738956214411
19.3860733826753 9.27462800896865 16.6001770368628 1.56676023050778 24.4080675934057 21.6403389363977 84.0892270061371 180.008161229774
19.2874130591323 10.1867671672836 17.6057709299835 1.29826759626284 12.6760668711274 19.5959117597158 208.513173685174 68.9410502209241
17.6448737399208 13.0445349001821 16.3714039301496 1.35185023141937 17.2854168921304 24.7353616831871 94.6085283708044 163.275618902193
18.9650055420491 12.363050374278 16.6503317058174 1.14182337806404 26.7798654937392 25.1858787933508 106.282970094936 90.4515413277612
21.8669968645433 10.0170380391224 17.8356398112158 1.44037966327582 28.9833540970844 21.4265466247344 66.1034316655125 269.449585162622
20.3949181258909 12.9760236102277 16.5206809694703 1.2707598799086 22.756388921681 15.7026742860995 59.7499997727183 116.694127749857
19.1357038723584 11.0954880228101 16.7300640070538 1.10185436626217 27.0177086570768 19.8123050612571 21.15619554954 50.7142593226082
26.3786438255495 12.6300965743315 17.2998341657459 1.56635576373341 24.7039326557065 25.0248663240203 120.62689478831 55.4303555546914
20.5643105695322 14.2534516059071 17.147766293474 1.07645692782049 29.3697959440934 20.4372238701077 100.140528247569 166.323748686909
18.4081755376771 12.5978270064704 17.1497175669316 0.834464199279903 20.3299414315087 21.905401609593 95.0619233140774 160.036465089019
21.937145363061 9.33381151482299 15.878306315634 2.12807783355364 9.5622062618328 26.1815108124819 103.679795628872 238.362341996776
17.9715587612642 9.07162496336906 17.5742501572903 1.77358335602126 14.929680360606 21.4214016793492 132.545972422899 193.726534190592
20.4068390266575 10.3839323312636 17.1932356216624 1.00039042102472 17.6530222340529 21.5891861105181 87.5323077022026 100.796543706018
16.8334231842438 24.7216835898505 15.3105462949857 0.926743334365763 18.9878444351851 22.1356911073908 71.8952142929843 95.5078563972114
19.8196665660603 11.516561670131 17.5389267685708 1.51238078044558 1.92655586578983 21.2090360012197 34.1621297735847 249.678128238844
15.7057168202151 17.6825824455124 16.9006542591643 0.735213646585587 22.7981342215175 22.9637646816384 66.3504435001466 121.227380017446
19.1527164299316 11.7579100655111 18.1297878373212 1.14014597051697 29.5246914190897 23.2951611765844 45.5384274732816 217.85473871038
18.1516782341884 12.7866199984562 17.9920931299116 1.23231766393814 4.58598292940882 24.1093536965219 2.11860104367855 244.133894566539
18.7774167613929 10.4254061522526 16.6511036354437 1.32507181326486 27.0065005784007 22.2470372733349 116.949876407972 110.372203694568
18.1089573512786 19.8072109014967 16.4987522057541 0.723091485991774 15.9513256360087 25.0171482932422 80.5949575042492 195.435978003392
19.4944409205777 11.8482746311614 17.6079808066253 0.707560758829214 26.5425208206191 20.8186014257657 88.2279674066778 137.16094749637
20.7228182807436 11.3272698997643 15.0288611299962 2.53476094234703 25.7082311316412 26.6529657370754 50.3639665356485 91.5012173612967
18.2254627438366 11.2085725412675 16.7690776425978 1.50428410618833 18.1570620966067 20.5366343377129 56.5395541118053 163.326173967173
21.1697758557992 9.29047583586826 18.1970646807803 0.898468697826887 27.8570069835962 19.2792233510193 60.5371583957244 197.030905799009
19.400727353387 16.0958297732765 15.5396344307046 1.32249928480425 17.8762521341234 25.9392523276726 75.6237358063018 198.633226978772
17.5442963170557 10.5896012174373 17.5405856483638 0.559120781580292 25.4067872937798 22.8095527048315 28.0960136904282 130.247598288424
18.9256748054176 9.34920061981947 16.5006790969263 1.166564488974 22.9225293415531 20.88688248664 47.621741686493 212.199131243978
17.3696436607468 13.9277400964105 16.7938093956389 1.02656929304045 23.246042699742 23.8907319808316 132.645196779082 98.161798726392
22.4992828734048 3.92480848186523 16.8581537825402 1.30168013051095 18.3493214672282 25.7534534710973 88.2750739804519 288.869307244553
18.1851360527904 12.2174127514739 16.2751981357084 1.048574772301 20.4078255015563 27.4391824886249 125.462738855914 132.605460749144
20.964147929166 14.661743122224 17.3361499986547 0.949945449866575 24.2666605541231 19.3999859673248 113.961184397198 82.747403648581
22.4235415264261 7.52868001312206 16.777612749818 0.611831143975086 27.9003520166608 26.3608831486944 45.698043699593 142.906177664236
22.654946512521 15.4376252347157 16.8409675464863 1.3553718369284 9.07170928236719 21.4641579393185 5.49069433601424 217.802483423116
20.7647168823252 9.02812788057701 17.0143437898976 1.25296449211872 25.8146455494322 20.544788551156 65.1590162115602 252.688190123502
19.042013809589 8.7235171404195 16.9091361409452 1.00904963943309 22.4639352606211 24.3034710391772 89.0299554301419 149.015048565804
19.839547127473 10.6284848464176 16.1107470162557 1.56880296264038 22.9628332556489 20.8348027911847 136.106618053772 157.620973721166
23.5009542076982 12.0256097679353 16.060701053409 1.60953384923848 26.4732661898111 24.0611836830155 121.826930926846 120.887203742139
19.8915642733341 11.803638402792 17.2066197441445 1.17257823046145 27.1355091911232 21.1946871341277 48.570921123735 216.836415012977
18.4846541637184 11.3016277615848 16.3375122832702 1.36225331152677 29.3254560780151 23.2457936193008 54.195070011515 269.645350216153
24.7741013084937 13.1903174379503 16.8113574976529 1.62331968408621 25.6244569396651 19.87307357995 82.2735943901619 198.947997299496
21.7104886725118 15.4817064770786 17.4861525698551 1.1442358821419 29.4068103369598 22.1944850228927 24.6610224520019 51.2106156805678
19.4626184100294 9.26100015047031 17.5591362421762 1.1112832841253 18.9752099316452 20.1395081846483 71.7056791706985 164.03468724041
22.0040270706147 10.1966298341599 16.4655214126436 0.907411287008313 19.8246646842374 22.325158342355 45.4621857958672 198.242803739931
23.1979336099756 11.5478643216121 17.2395561217465 1.24598745695634 15.8512589485147 24.0858672467113 106.158543171782 133.47070916192
20.6201118305677 8.49592056053857 16.6456759568059 0.786533548888154 28.473149625334 21.7170390616545 83.5540252857315 158.818714178335
20.4446899598606 7.65951063972607 17.0536277827832 1.13501008846587 25.576244122397 20.6992473433147 43.4364120407473 233.888100307145
19.3962604842155 7.30378054233293 18.8205774217654 1.12887389053663 24.674753642463 21.7272536134476 38.9530476024499 272.090049771097
19.8469479376019 11.7162897012232 17.7818649841828 1.19079809260981 24.2331501587248 23.7391671233382 90.1625087914311 140.402741567723
20.9599193591697 12.6361794597236 17.0656769801421 0.773560621203871 9.73323981809692 23.8353271085405 26.1305949035536 162.725515988497
24.2610052563812 14.4938629008883 16.9849066731659 0.824419026892854 29.0620610317424 20.3176259703683 74.965667120348 56.7981911757678
19.4053879709896 10.9867352099048 17.2243652348728 0.545654260362559 23.2738558788413 25.8907647910379 73.2339278657009 128.790247526285
24.3215375685558 7.26259388861289 16.7045589763458 0.834521891200332 26.3070056854195 25.6113699000309 47.16419655346 108.096369628223
19.2637263877954 10.1967845446889 16.3447117467264 0.714127159728397 19.7185510342567 21.4884579159393 55.7430346250871 139.737969981907
20.5654095956913 8.58952362093609 16.8936466621471 0.430745748898121 19.4529011692816 22.6133449423437 63.1944317371845 155.12280669792
19.0716168546341 11.0357378603649 17.523534657573 0.726809238738231 26.3599430661406 21.9499230013933 52.0243828654087 170.184776824668
16.2209737262302 11.6538977294186 18.7523110468926 2.74243526188705 6.43600741393328 23.1933708455241 222.949957696937 181.842756913209
20.8440030339656 7.87393008307374 17.7121539008174 1.98002949350056 24.2734370289946 19.8249280433981 36.4557107877643 291.002927156136
23.1229846746029 8.06007577782558 16.915444634791 0.871617981682481 19.2930945544509 22.9702703370171 124.319191902169 199.08856562561
21.77155193365 12.196806075115 15.5121430803467 2.09409118904702 28.6016664901381 25.0752380946769 143.590905600546 105.089772909894
18.4105617610523 9.71526668191617 16.673227279478 0.95430122049959 26.5961034405118 21.5155049954002 25.7499752416503 221.320149120377
19.0359440842178 12.5484688810891 17.4606036996802 0.680955276671447 15.2929967045534 20.9062640107706 94.2893394313346 108.991297498773
17.2234394086356 12.2604765283279 17.7584558409457 0.926077744172307 19.6841359183401 21.254010587301 66.0713676528262 54.0122029129975
22.8679642169667 10.8918734155566 15.9394411991528 1.61106077996342 23.7832586226817 22.8403620961184 107.608416520086 75.0701967952996
22.8409790152063 11.8941735874558 16.7819266577353 1.36980654945741 19.8220566643781 25.2181228502037 121.297549526164 64.5002951757266
20.3478899674526 12.6557672772565 16.5597223546947 0.504407976355643 24.3959828122095 25.1721685622785 64.9448727669373 87.0318599394119
21.2771251048107 14.9516805582242 17.8588927269776 0.84565393465388 19.1451638934138 24.9986449529124 5.71095939837805 196.162238001452
21.5022625733538 7.05669591452644 17.2492978567621 0.526722475885618 24.3193020821238 20.6625829544143 55.1993189678972 197.078414740069
19.5009647241387 8.81575400971575 17.7614786277338 1.24228281927066 14.5105711428096 21.0605434169429 85.7101011826979 290.106952721267
17.6393919417052 23.9731983207707 16.8638137606625 0.824595877858961 21.1943533764824 24.6128693387612 87.9593391961769 80.9323411036346
18.525146355279 11.3762888285681 16.3414084827104 1.33945063875593 24.5253354152088 20.8835095288383 108.794330139695 133.463002052584
18.2964877397723 12.5699389958902 17.4062772682425 1.09553213412061 27.2575906565563 24.6014270614733 67.7384523117562 174.256782112937
15.421929164243 24.8143718060352 17.4411951116137 0.871403587277911 25.0006959921799 24.3876623278781 133.953030665103 173.069108433489
18.9618641657229 11.2127081712747 17.4743120706901 0.832717780959037 8.08948642821933 22.2255525746518 42.8104940465504 195.652647507355
16.1253470588106 8.85050671196083 16.7519922786775 0.940505332408741 12.4849682779174 18.5360359882209 30.4937105249681 306.451111291215
16.6340017966995 6.60551240434706 17.8651766937159 0.373323584338197 18.5423343064265 23.4481887471282 107.965168441557 172.619629075427
20.703012297181 10.4328828983343 15.4135683569401 1.90297761567866 24.9019152273719 21.4920842897838 57.4159855256628 238.202684102149
20.2284606805848 19.7000430010905 17.7508492892633 0.916456012796493 23.0452557119041 21.7014204058628 24.5823945714347 192.291718511854
20.4043669330828 7.64535897504133 17.2889475115441 0.700970577380759 29.3230350644721 21.7678803200641 76.8431969445917 202.058739804749
21.0033365363168 9.76539204459884 17.0541793766035 0.541109774579882 15.0389521438363 21.7550128843192 99.3210920362384 69.1300100483673
19.9190861576176 11.7948977385473 17.7031931221666 1.45218148394146 29.2710116438738 20.9824349740547 105.484383405297 197.434796360805
21.7880480405046 10.3392969058148 18.0909625344089 1.08151244022352 26.960222317257 25.0515013342918 70.4570898235419 187.262616457164
18.1483555701445 11.1644575462775 15.0642982341551 1.39188887722348 28.2612943829885 21.2095644348496 95.6542735599368 130.978535941613
16.1397536746669 8.58384770136528 17.7963481822176 1.01482119027426 20.0484074931808 17.8935352476448 115.269201939027 142.982825640932
26.5428719534579 8.86900221307813 15.7834276031584 0.73371990620569 25.6643800944815 23.5139227325275 89.2809714124244 164.492661934619
28.754659030327 6.25598906778263 16.7653231667707 1.16084660155816 9.0217797158979 26.1462503291769 97.3827849368267 174.616048254073
21.1350959930054 11.4389089427234 17.5157957593227 1.00019923858335 28.6965905973307 21.6524528827507 68.2600107794353 196.805022044201
18.696259409891 11.9238185252097 16.9556710366589 0.854602099856169 18.2411200755304 23.5809679426483 86.7872707484604 126.941122670845
16.0113385758563 14.8543094018154 16.4296709771936 1.32734484230706 11.6486801248908 21.1442903742081 138.963651687661 103.605564870517
19.5898696550188 9.29074199206218 17.296548720228 0.681757131256248 24.6266818900197 12.8530981429271 78.9786458106643 170.311081736836
18.4326372989905 12.5365354956949 17.5354657881956 0.672380684628429 29.7141692602793 25.2364780308049 100.134127230813 122.42633068355
18.9654744623729 9.43776355900803 17.1955927572455 1.3465319333659 13.9035549094457 22.167529515274 168.257248267707 114.691557308311
25.9525612638438 11.0590767482399 15.1679997475472 1.67486625283167 28.3121722536076 20.8595677707783 119.305976581213 159.561449667552
19.0524048799449 8.03173286889459 18.4383921968041 1.08751957471789 17.4364162244937 22.8357385659292 31.4783981875314 302.380003424544
20.4636184567681 12.7336433532621 17.9908238660671 1.12259787376747 28.3096391593058 24.1581116375977 66.5519623498903 146.054807937971
18.3928219302253 23.3404894791936 17.6632481907311 1.23089595256847 0.36056270347854 23.2688855743318 86.2018259335222 295.140412001492
18.6525275302693 12.9534541565577 17.3811358775455 0.831953899224956 24.9782856012801 25.7948496771068 82.0874657390252 174.3684943222
20.7997912777482 6.56568843476611 17.0823244544256 0.401063484502883 27.3980494873859 18.5507720885585 79.8594960259867 270.269249967526
18.4228570506541 11.7172197468843 16.8845179923574 1.43694050225407 24.7227995704929 24.1875438947976 107.711502541561 206.615766985813
18.5378412924349 9.48458196879685 16.8321768901001 1.73887110133069 23.0848686764891 17.8573166974404 42.4993400523729 261.638907411969
22.7849575296789 11.924541075917 17.0711619315251 1.72867994842333 23.5885329075311 24.0238386320888 91.8954756489817 39.8462443147918
18.7972627101453 10.5616136939305 16.0849187804055 1.26139437770287 28.3081630775156 22.9155726488489 104.335359628829 146.223508393505
18.4149309050227 15.7479574496131 19.1645421903822 0.950540141414953 8.77932600147335 23.4395407090408 66.3054491680019 239.664867828355
19.6526149760429 11.8242637951876 16.2584451749513 0.906242489666477 28.4760493861878 21.5528771137618 95.0542808076997 84.9807893559935
22.127090013266 7.25115780007184 17.5543418749059 0.55565452713624 26.2381058579301 22.74037384599 80.1579509795194 149.374481752175
19.6685597043969 9.6445492967143 17.3590294818636 0.710767103826097 6.61444934776882 24.4468712697349 54.3714213858688 148.56728112874
17.9367666678019 18.7396395961183 16.4307251176124 0.866935988250229 27.6059904512588 22.601878447043 80.3748443426403 192.651641905241
18.9455508897756 11.5112041995835 17.50395627287 0.429632633992105 6.09999462138674 23.8602343074358 54.0035932265268 157.272381773975
17.7599909807577 8.03447736005985 17.3523107377956 0.989088644462226 8.70920209906057 21.264793562682 63.4608812067918 112.401648275374
15.9631494751372 16.3935464624171 17.5808128553567 1.15857724037646 14.639720566722 25.4059901872941 308.551274108943 101.776036691411
24.4299460667387 10.9040466449008 17.2585923490965 2.10981748474759 28.4255511874509 20.9715903656539 75.9918329889578 209.3097132936
18.9849203903839 12.3650342495157 16.6029738912936 1.42116578470142 23.1335431681963 24.1288273889338 12.2362703746817 294.497947654677
19.1596141114885 13.1251115641533 16.8662355160896 1.42022780852861 18.383764264709 21.6422799962084 146.263671828811 80.62642922123
20.8350202001257 9.45923267321781 17.2358988011774 0.906379387938686 19.8019333621832 21.5058368743335 50.2311899014168 251.836611695001
21.0227918008369 11.1001911125158 16.2858827304495 1.52995710501943 29.0694637539516 22.40086457775 135.648767927408 34.4525562782283
23.5911934976121 13.5557245134278 17.1053894937064 0.66988048793096 16.1900257063437 22.8989594449037 24.0275456837196 60.2590976697354
20.9479738064258 11.8836847954953 16.8077710330196 0.54568535345837 24.6002140448416 24.4651820273549 28.9714384589188 73.848894897293
18.7903795005116 13.5917981555888 16.4768096959113 1.11165435112426 26.7405368570073 24.2519465229663 42.2522574437938 165.905403612591
17.7672717756098 11.6122632739052 16.3593108914612 1.57728468320934 19.9219172446669 20.1314559018817 136.626725065531 231.60680717826
18.0991777187086 14.7267319160029 18.2673955279702 0.977281822576676 23.6285142656185 22.1738167775941 134.14991908085 88.0810926585123
24.6848189678791 11.4226724997449 16.9039598656411 1.84284422376783 26.1408406719444 23.3101176907389 113.329071057539 42.5009350338458
18.9924222914109 17.1443001290673 15.4644125310864 1.69197516542938 27.3869472942197 23.7835996296998 46.7842255265715 207.692304549081
20.5035864635567 7.24331133926252 11.1262002483155 2.89233926855113 19.9335731592572 20.8054414857253 90.9807748303299 241.025118030111
22.1937916434249 8.76353176768273 15.9001869961883 1.11017885596321 28.5030085754056 23.8085600386735 61.1957488053647 199.736065274183
21.5653358396897 9.51034447343777 15.718602562337 2.4688456291156 0.432872386888229 20.9315134304463 89.5177226055607 285.519913126542
18.5370496340822 12.2071066573146 17.1308213552222 1.13126364414076 22.5017543433895 22.3803916853768 96.3993480170852 83.0309749662762
21.146771272129 13.8716218159307 18.5441353844033 1.31697812594088 13.2665401918865 22.8918792059709 45.9023537611835 215.442358825647
22.2913397266021 10.9335631944906 18.9271322135404 1.75903621866309 24.4824395231022 19.1621165381509 115.133435781804 120.082618733956
21.5335939902097 21.7977484906741 16.7060053641473 0.312497498033606 21.6438946980951 17.5084680559642 66.1246315028198 118.09547500822
16.8920620703362 13.4877052027727 17.2691731395411 1.14745205128389 8.11708657542259 22.6274699764084 149.370923022013 183.986885903883
22.3375603721805 13.1456467278985 17.2948210471793 1.21812275566107 22.3792057700642 18.1912385788121 132.293472398803 227.441246277052
19.9294390645194 8.02090664776084 16.2884055106248 1.97080710721155 28.2506751333362 21.3806357377112 48.3819005508724 244.524141704054
17.9297783649435 9.22033989731423 17.333133521594 0.793805962615536 28.2129257202926 24.6121399372774 38.6344310862199 285.740174893911
16.5709940350812 13.2189436233894 16.2748063002614 1.64288707868964 7.64410506957147 24.6898341685488 151.2557086275 76.5311883522491
18.5166624276713 10.0218773417936 17.5423327079421 1.27213323778605 11.0008297623012 21.4659440854423 111.412774286291 102.431428624862
19.6933888880513 11.5321207826932 18.7492454355431 0.920674523193424 24.6366116552083 25.3304312041941 98.6302425974496 143.331879725414
22.6648325429357 12.980594072326 16.9489529954514 0.396371377889075 18.3444731964393 18.2745551055298 80.6018841947955 123.454273609007
18.4436676357035 13.478063747875 17.4051755177165 1.02497669118697 24.6225601512074 28.0356768813618 111.223551671297 158.022715098773
19.7314546227383 10.7348718615181 17.0551987321878 0.686353864431266 23.0614740261017 23.955014686819 61.7100976271462 189.224390185062
23.0320270724057 14.0785331843014 17.4961085949891 1.05166822225521 26.5586144796873 20.6924741526902 126.695565273088 56.566603047311
19.1683744441662 8.24174949999176 16.3765206123529 1.26688975367387 7.0258996570134 21.1574295680992 88.9127954519501 209.865786020725
17.3814499426882 10.0770438506026 17.3714550479403 1.04107165061128 27.1129534562859 21.3211034489596 37.8865979155036 206.307213001733
20.238463483659 7.18420257146939 16.7857473506169 0.578726615973646 11.8364699979746 25.2048950282843 68.2827582669747 124.432316388775
19.5560573496868 13.7269801872051 17.2032801715908 1.16636046494276 13.7334783716905 22.7405150475907 129.969660873386 157.212993018438
19.3081346706303 13.7281427747478 14.7976864532214 1.2523500666335 23.7664439639585 22.0986428438968 108.722595580536 92.7328568147824
26.7184150794536 20.3177607322114 16.9666699491398 0.882875771352989 27.9392665059051 22.9405920279242 107.294052445084 29.9340230514141
16.776273300233 9.50255882543541 16.978745485466 4.04609363365831 12.5783137168222 19.2011675123142 366.846648099 427.700963347125
20.6120200242608 11.7720367912838 16.7402643960787 1.53557174783149 20.678002299241 19.5701012689758 107.667963803377 83.8873777642627
18.1292525742549 10.5529365168878 16.5946812239133 1.105540381678 21.7822265429758 23.8169426442572 95.3075060788477 234.302495462437
19.2590405898075 11.214333235383 17.1609053591622 0.858793836903365 16.7079063601622 24.1704855540346 107.603361611225 105.559707257753
20.9246987116315 10.2005891646006 16.3609718295314 1.55627489368435 27.5365732455118 21.4751020940662 86.1762342559343 167.141512103675
19.3961614133313 12.8752739779203 17.1611729797465 0.893388809216082 10.0321657173354 22.7941874776489 112.197823169347 55.3351700858588
16.8427593239967 13.1645671546556 16.0654832741102 1.45023990013162 28.6480757277563 17.8096394483429 103.826465744775 166.340117154599
22.1746640320509 8.28203525181351 17.6460685021492 0.75324229396794 18.9950075119235 23.6570912696057 43.1700898079306 193.332715969041
13.4557861998994 16.0606766477371 15.6899921320734 1.21274476709835 28.2718889787179 23.7187214847339 124.990195222484 151.598077056045
26.1061916471173 10.0538794216655 16.7920786218433 0.90298944624309 29.6730956570651 20.9872271306641 78.6018109846386 94.7759535299384
23.0317296244016 10.3612330769137 15.5577178321979 1.60121366080192 27.2689387444322 21.3972869913644 102.574388316269 114.427640030285
22.2890147547974 7.28392593780111 18.1277140987475 0.466359445556502 27.0644540488111 22.0054956388131 27.3430077652714 220.28688104404
20.4069653053262 11.4671579838906 17.1035058903243 1.01826596066749 15.1207231667977 23.7769022728448 98.7472855384349 202.30498011709
20.4761753782024 10.4892409900369 17.0266773267891 0.411260993831665 23.4398009954009 24.2368799707073 42.2009534636954 201.052779379118
19.4043029333789 11.1099068424074 17.1114717371096 1.04388651558767 1.21757840477826 21.5735172107064 76.8954744144158 108.490454788232
17.1924817504294 13.0035514848666 17.4385522044578 0.941774907149247 26.0646590199631 22.2627109613314 66.5404180226276 212.008710220227
20.4758817957121 8.60871027815621 17.6332270725111 0.762645202930373 13.7906815653134 24.8596084948733 90.014707955342 166.794735168287
17.0845555945554 7.68978956730698 17.4808667106891 0.646891337131069 11.4032809037882 20.8256909986769 65.0142837936655 144.301959982441
20.3489250363766 13.2917984166735 16.4034162819061 0.804629635536494 22.0054795124862 24.5659805245758 70.0583570000945 112.172368178375
23.0164927353768 13.4173842847848 17.0800277549197 1.5134232647335 28.5671287796742 23.9988319989686 118.187380184876 92.1127483377199
18.7204233056401 14.2338911609911 15.9376606572115 1.42053396446756 16.7630221902351 19.1992207582347 168.972597347652 41.4444790239893
18.7508124030792 12.0100937801964 17.4363001585147 1.37172529363976 13.0238875319007 24.6158467606803 111.462415720178 73.2361148084549
21.2182442384169 7.32783380847912 17.2221921716354 0.813092826314573 27.3397631149609 22.359227506508 58.3295800701206 232.458424176982
19.4359486868865 18.4350709420304 17.458603995573 0.801384727632979 28.5184552483946 24.2402833136064 84.0504789476772 168.396111921968
20.5032901903855 11.3692212344949 17.3221100787496 1.12851914157573 21.7896539711094 23.5115127829954 86.643443112802 139.943753202049
21.9605557650649 9.29309506719147 15.3810980243076 0.944872073016566 25.3315129846462 22.5259942738021 45.3246619020623 146.112312917257
23.2393648461418 10.4133987765616 16.7256440729838 1.55271018362823 24.2428279208543 19.9761331617004 21.6606126835242 203.016691398493
18.4783025209932 11.4761299112655 17.7029544532878 1.0368513636617 28.3341705753267 18.4219645343008 39.9970398168985 204.083515151224
18.7071799955082 10.7834588421367 16.501044233741 1.63484031616782 27.2291411693415 24.7836825874395 26.1260794368141 235.970666320771
19.192197481233 16.6669683163205 17.0811783911696 1.01973246684162 21.7281254419123 20.7782740630676 108.346664758648 127.66438424737
22.3569098212139 10.4279114899829 17.5989159717248 0.963464657762133 26.9469348014195 21.8387111301338 82.5206055135245 143.018088490609
23.8262216087457 10.0587842224987 15.2968800181853 2.01639885004771 19.9919593653438 23.1311057761861 158.929978953828 92.0709935810663
18.7720124685998 11.0524284425084 17.541918343995 1.16880400568894 15.0595826430205 23.254341873415 107.78054619598 83.6168102310392
20.9764310084925 15.2448701161755 15.852643814667 1.06311797096962 28.0240514694156 24.513886060452 117.612309650356 94.1662963925026
26.6331520658838 10.1326940932873 15.2762135540925 1.48445625548774 27.3878448297092 22.9821785918583 69.1380382857652 272.354465490577
21.100179385927 13.8687688157832 16.4487442409517 1.02006964812577 10.8871169634457 25.7298279035212 100.740360029553 87.2071553350703
19.0240862894228 10.7486418809413 16.5070433894051 0.835520246439094 16.6780694562548 21.592107194771 59.7321904713351 242.338586214634
22.7524639249833 9.59533354819099 17.3470890169266 0.819122538366589 20.0309102626014 23.0224925535062 128.534555780366 354.965840139061
16.1492547349287 4.61442630651876 17.195372200873 0.202099438889842 27.4326447400416 25.6345825616501 28.5008297820995 84.625138536445
18.3558517357036 9.1487462616082 16.9091489646196 0.627540058575499 26.9078432232476 20.8035011660858 36.4219725324963 35.299616117355
18.8602685653096 11.7266394711036 17.7049990008069 0.670907793953168 28.228539631709 24.151930618712 55.6260068620611 54.2717498020077
17.5417799855345 13.3323686049196 18.2266478412353 0.89944075259834 21.5565320279859 21.9740645847701 98.2527462383311 124.906209282771
18.2433975748229 10.86733804974 16.8178319363897 0.563294389445216 26.0914963393912 20.3306436564164 87.0383689560619 90.5777341949187
17.1762008991801 11.8476450587508 17.9864580761254 1.07616903637016 10.8509600265692 21.5622953772486 170.544358719552 152.096468348977
18.4999892686437 13.4435354062962 17.6147004627809 0.689603018337468 10.5107841695472 20.8789849488583 21.9990027759908 100.425491267611
17.6112536942303 9.92785808153699 16.3578177292303 0.938141936124838 25.7779748379868 23.9111172697864 105.645996821945 174.722643389763
16.7742532742733 11.1528115286445 17.2493164205581 0.880806369618627 18.8753928290854 20.1137510423518 70.0919569884546 243.136822383673
15.4863271400421 8.57868337650328 16.6294193999041 0.64616230323697 21.524994241188 24.8204950061888 70.1297428405651 29.4271230956617
21.8867688663451 10.088192247954 16.6867421889366 1.09763118106744 29.4436436680092 22.2605536392058 17.089296068431 163.015825486831
19.01305730244 9.27528939715192 16.3317248183302 1.24216639320222 25.1647978709619 21.7759601918196 111.125275116162 140.781493223719
21.3882289226689 8.12995785685168 17.0936786318082 2.04574720311503 27.0766311725041 24.1954735692817 67.5647165582859 251.513049994702
18.464906522684 12.1504594544723 17.6714338946801 0.631544097558237 13.8424785066319 25.3459478964524 100.753798031797 121.621040375309
16.3085984383321 9.92288349144138 17.1170907109073 0.742557273350036 26.3008054738534 22.8500539135147 80.6855802419835 156.469536115654
15.8791631572366 16.2113379341683 17.8383874360481 1.01531034120441 17.8207971096181 22.4752025939311 63.4561471772925 196.715750635061
18.6445362340187 11.0705270158752 17.8003745852961 0.872711230739648 27.603288795767 25.0459378771819 81.6267730418262 195.315369759484
18.1634652615938 13.7053564412773 15.1006769241787 1.63835278245335 20.6307997669769 25.4553452934459 142.174723402415 122.398858452926
17.9970195059859 17.1111419580633 17.4276420246947 0.460924639983692 25.1143607690357 23.1393321421964 61.8373656838106 171.383227415364
22.6456150624568 11.7073058607435 17.3884599969103 0.802767529719843 27.5138553812019 21.1898562787335 138.832090411356 121.054202088759
19.2132481264596 8.36907347141132 18.0218464293391 0.900509119052174 17.0431992943879 21.9740419264701 53.3031657493915 192.073704048883
16.677410625822 14.0970599408877 17.6366940358149 0.493020667950048 8.15973427591199 22.1891686832155 74.5614125722667 139.325305029362
16.9544555705713 8.54581740621278 17.0617266902433 0.744958560315381 27.9279525758435 23.7183101305107 20.2906366518459 168.392819361385
18.8040287007965 13.4380577874912 18.4894964802631 0.837606799275629 23.0973570172123 24.5040923077832 25.3820315827492 144.697277877306
22.3746462367017 13.5441152257057 15.7946201987629 0.541665762591252 14.132384189511 24.6765027010825 59.2606949300255 111.837050938483
12.2536322138598 8.1081468085197 16.7507922719841 1.11215817955495 15.2327689382509 20.1678888006673 98.7856703793943 32.0373955561818
20.1844061212208 12.1125072454746 16.3450086751429 0.889356991785881 23.9530456893502 18.4167915849438 44.8498928807242 265.327294744499
17.5066125676562 15.108296894964 18.0782848389237 1.7892133305859 7.49010775316992 25.3604380136839 199.344632226555 88.5767134832537
19.2819906309324 12.5184850721441 16.6623227630337 1.16844863630388 20.4940179505574 21.6987583112979 48.1206450317632 208.898448443324
17.6225140395902 9.60497412903586 16.6524501652643 1.12531607643948 28.3921971277773 20.49562543358 74.1114651963556 206.366103428798
19.9499872736432 7.02040085874735 15.4311303296475 1.6284995266956 17.7903163725295 20.6498135989259 72.6395367905469 244.008690284073
18.0700675509809 12.7020768652695 17.115495619143 0.600361966567403 21.2390161793345 20.2380573873046 123.752651375719 101.348825624899
17.0749743112635 12.0404810807815 15.6337284057013 0.742006440967382 14.8163231272698 22.9982287718096 83.2008162925098 175.159150411693
19.6012081072826 10.0917305573955 17.7532847066967 0.97565853563075 18.5290422903005 22.5893131244412 129.552872900984 92.7359204687841
19.9255076339792 8.78534069316284 16.7132204669989 0.990431921430371 21.2470328605209 20.7633234955137 40.3745374163475 233.057573055863
20.3719872780042 11.1022115401245 17.7819992907589 0.905928213614643 20.9301714818404 23.8259015269224 55.8588823353269 184.621834335979
21.5706182900028 11.0479249648215 16.9428260927796 1.88723242536502 21.1144645283726 24.8566365671255 109.99858499027 69.8761251169223
24.2371884481617 10.5484596402699 17.1994372428145 0.767804021923636 19.5529516896183 24.4252135523404 38.0622815774712 169.858774171861
18.9926649792429 9.36486470696673 17.440778570899 0.746956608700425 14.3201236588192 19.5167862447932 39.9098352437507 198.532632548794
19.8357695825642 11.1801879594586 16.08782948788 1.72974777339624 26.897989640126 22.4737849092662 107.214911983183 223.743580580884
17.4034860307749 7.87058592725072 17.3354303555329 0.980498999283778 10.5149090815658 22.9106783816403 47.0898967904066 210.407251038909
26.8773571911288 12.2544817755507 16.4990817593327 1.16131882308537 21.8651187591776 22.150412427684 87.85527201768 120.992873559421
22.0273569314286 10.0369814709237 16.3179338423621 1.17152139875739 21.2634273474821 21.0909431357889 98.3219282242775 187.481560614332
23.045603518351 8.33450597099151 16.1239489731394 1.6340128974773 27.2272538697073 22.934073225364 130.19273198988 121.888390823525
19.7016471643211 9.97872258662378 16.6128475140251 0.931643405423538 27.4244330588345 24.4146431423199 93.6284117018723 179.389226522025
19.486408096885 13.4728993181547 16.7358608042844 1.49426753256062 28.7287086003942 20.492096153525 46.0572643477414 237.917116855749
18.2315508018482 12.3132195343424 16.2527012172504 2.39378560865672 27.3111177892699 23.1154735650267 73.8680570563856 246.822172859518
16.485119364769 11.7738735104885 20.5041534654479 2.33017697866204 5.45278716793495 19.6461090843027 171.003673626656 230.840761639025
17.9337735611992 10.3386299970799 17.9108346637194 1.42141558313134 19.9789141085333 23.7505257270516 111.555696071 146.088928500826
20.3367041346919 11.9447364887863 16.8682412847095 1.65026462158648 29.531987133335 20.6659171917479 98.3285956125503 160.468468191326
25.1136827171518 9.16914994950342 16.8143140321709 1.42143006397279 18.5607667234029 17.1431486774532 305.042445458128 98.5318902565469
22.1942703257861 17.0118183035474 17.9335844217496 0.750117715829026 21.7384848487793 23.50572113632 102.551818596871 42.8329259431465
23.5464469335427 11.0610738252847 17.374757756555 0.952509243259676 22.7088343377128 23.3237010485185 71.7581228333033 203.769573853878
22.4537928843132 13.5043660293621 16.1762818888945 1.7508925486768 25.5151737242306 23.5365895615777 52.6495619752633 233.438287958853
20.3459193300506 3.89794323120495 17.1520457264375 0.961774012286163 18.0772901769186 23.6278600474239 69.9630003818314 412.908017336074
21.3522656371813 9.93117127098169 16.6628455466172 1.79824627622853 26.2651242337786 20.0230523514633 111.055669565891 94.2270117944912
18.6407594280214 10.5068293972391 17.3261187951936 0.849144074762212 26.1514886473187 22.4946903283631 92.5203099927995 134.546020003482
22.4704215941752 10.8633940318909 17.8574137456388 0.947016438264942 20.2290174189441 24.305599337278 110.157165896406 55.5420834105061
22.2502398805142 9.33544622006617 16.5932636598391 0.861142104205315 23.1077947314101 21.4358903907635 15.7433925410886 232.052735405246
22.1407386873698 15.0565116220564 17.3280030189663 1.20388927528398 9.3828506627885 21.590954376547 140.188120505553 81.6762557411722
21.381727402532 10.2670113788294 17.4579566227158 0.665517556039521 19.8578438464669 22.1087676519747 94.4283990351342 95.9825006594436
19.9425623085686 13.8775814814865 16.2069688725752 1.71882720535511 14.1680575162632 18.2481118812627 197.390024643446 101.320833937446
19.4252505002299 11.7339697314524 18.1928072698311 0.898609758076188 28.9868760813235 22.9723675337027 90.0887655237728 182.867313433052
20.7543820088591 8.23709891090096 17.9163476625893 0.586924812545355 27.791235129934 20.3178196135648 32.4269061593306 309.8081210838
22.3094250066505 9.99023723412504 16.659447680498 1.40868969105172 27.5078521429957 23.5497958154096 113.908679615691 169.618495937728
19.0915323988135 15.3683141911381 15.8514531996685 2.4907911798849 18.4749601365174 14.1084823683117 205.99056512101 120.33335200206
21.4088923381346 7.29206091969845 16.4330376378013 1.15316772125748 24.9844503502609 21.0876894616231 48.7377614846559 265.87763903947
22.5620738884677 10.1882672392183 14.8156537367947 1.5319950202483 25.5985982099949 22.9193054584824 36.0951256022044 273.073751474462
18.0409461261441 12.7094745112989 16.7893668890201 1.28637226663139 28.993758036581 23.584886882084 92.9608299776878 159.087738319335
24.1727417313373 10.9025394066612 17.4826903284279 2.02470099093619 29.8061260324212 18.1363055549689 97.85026900206 233.127689582612
17.6879088380057 11.8469651911123 17.9440203071629 1.40700761295138 29.206020896961 23.9182251000825 143.791989296733 115.738190696787
19.0536349593684 11.235189974302 17.1026783805028 1.00745376484324 24.3632266960574 20.5134236523553 72.4663486866569 238.955725231207
20.6170588937504 7.29370400449158 18.5787527673036 1.02299109014162 20.5384585886196 21.1396971041984 70.8403738876742 170.495380754861
27.0714648930656 10.340255722279 16.6728676037694 1.09867893771006 26.1346948919984 23.3314454213942 24.3993893656802 195.988466264733
18.1349664145484 14.7454114285298 17.981923061986 0.937910152624293 25.9506797940067 20.8838331338192 80.2385828191951 149.289562882584
15.9372718664582 14.1404194897837 17.8441534245417 0.772747069249072 24.3460626480895 22.9920891329975 84.5871314786797 154.837362426418
19.2994194081419 13.2591832629052 16.110215840982 0.60376259410584 23.3882773683479 21.5737673747316 33.1082693317011 162.634823043355
21.2427627308763 11.5770020010098 17.535732832602 0.957867425415551 10.3037776703988 23.2764278140805 63.0485466675104 233.490221313083
18.893507259031 6.31326420625733 17.0451924902916 1.12121979846049 23.3267626578451 23.7203841661587 53.7619437176893 183.334437189242
21.9159386207345 10.4285302206573 17.9214859181129 0.807462770141408 14.7672050992434 22.9023411200398 100.259780440726 117.389652343707
16.8718724023846 11.5011848144843 17.484319734563 0.761238700312839 17.0772988013691 21.3124503808391 104.01135837525 133.776305454885
18.6062105687814 10.2299001812792 16.2615205537227 1.17537201047149 11.5743713359118 21.9671636525182 70.4467425812909 136.398849508118
19.722129968696 8.13825485494774 17.3955884885516 1.39266967864434 27.4085898280306 20.1299912165322 94.3250415984652 179.163171832951
20.0887352640141 11.0042891586234 16.3665288138487 1.88708942244417 23.7359309212509 26.1586803235281 40.349087630081 230.831205320695
21.7521194754676 8.45367332209426 16.066709372006 1.687638072556 10.9128895106641 23.2541633822701 154.875066266428 243.418178692364
17.3884824447344 14.6752641725402 15.7876522455563 1.07320833323401 16.0626465114831 21.6292891671712 81.1224236879678 164.676565787965
25.5958329557483 10.1489062186105 18.2816667612646 0.71449334735394 20.4026632001892 21.4134986945456 97.1173489382624 160.302551915693
17.9342766374375 22.2145151906263 15.8399775445662 1.67901415565147 17.4974375187551 24.8714502360298 77.5487267525105 230.121265971101
16.2132164933558 9.79529189377023 17.1031067483538 1.25216689491572 22.0423550926363 24.2297455293583 63.0877043797831 221.793576452236
21.5605483367991 7.49121301658916 16.4539086017794 0.612165627671838 8.48654104249639 24.4716981338638 89.2188390206016 117.864800653144
24.8527356842156 10.1681261421073 17.3948157894908 1.10928197044935 16.296432769669 14.445256140299 78.1393451009285 192.507765936143
17.0760096978553 14.4863282069176 17.8984653756044 1.123464787539 25.8099326082179 21.9613096948992 135.81082656957 100.181710674442
24.9307637517156 12.4285705415451 16.9975557187939 1.26218417493793 29.8689661648069 21.9153683529892 127.719806561791 105.653401263843
16.4187493668769 13.3279987292802 16.1076499023177 1.10234791715624 17.9113385842259 19.4827400263024 58.382263210709 239.503342641057
19.7615974413917 24.465340857759 15.9345958866922 0.912505564407519 14.8984015120913 24.2485696559543 45.6836935334492 195.307928244598
18.2951402970663 8.69137699840362 17.249629769853 1.25150667979296 24.6970294508213 23.9548874462715 66.6502015481404 296.173527277887
19.6278916616435 7.50982339638423 17.9968460018466 0.281799970883397 21.6481762950865 16.8498413773449 22.1212218165044 110.571672977791
24.0436923785433 10.5699489759602 17.8619087215553 0.809333199984118 22.3142245930082 24.3727938953124 101.187494442667 76.1675495970614
19.8042986458233 11.7214727179401 16.3750044286089 1.60013435036536 19.6566237799802 24.3958587003958 43.9539560088991 181.446914490325
13.8514334534254 11.1665236091849 17.0988174151702 1.57877419024737 27.2950319536356 21.9270217295134 71.4735567059255 159.960887437623
18.6902718549844 11.93043711583 15.5736237023379 1.21535045479013 27.1940108577979 19.9912560650228 47.5009191265065 179.240983358462
18.4040749390812 9.95756419377311 16.7969364100649 0.667226657425637 17.875610180054 22.7461354247496 87.3544314701515 119.016892161694
25.3679507307558 11.8066244111184 16.8460816919103 0.733462803523323 28.4922654288993 21.2450380777496 87.9854525307742 96.3054629636026
22.5163921248999 16.4810341681155 15.9150889058536 0.708084990198337 21.4447960349535 21.5834143104775 53.805858101709 144.069358126033
18.2440374509503 11.4874945371888 18.0034102368121 0.791097641975303 11.8881325360107 23.6121996676119 108.766329343092 93.04471753572
18.4285654061924 13.7384368086194 17.9426267742395 1.07193524949489 21.7740726269545 23.6156233119861 153.383770072645 47.9064274179767
18.8715622018091 12.7238325026295 16.7677929534022 0.775630132002151 20.7693322331465 22.0011742536927 71.097184666112 116.07569843303
20.1730878565001 12.0957899769871 15.6259412864889 1.83892115939274 28.1505156925568 22.6199406132822 131.860568643905 120.387115720029
22.67496161771 7.23026765537585 16.3369918011088 0.83403849158232 17.9202010029382 21.7697864999299 63.7216079721427 257.064469394261
17.7219175020654 11.1094526526278 16.9137953481673 0.387579581499279 16.9166404926998 21.2653873763604 67.6254575279813 170.148986283167
18.2846336186238 13.3720045716925 17.5688418869762 1.14430581092369 18.1036479434805 20.6288783136535 71.9285886844142 193.710913775535
22.2272594974497 11.9861505918449 17.6294274282641 1.2786285588106 20.181041373178 22.8352322958725 72.2830861130964 217.005414815914
16.4407753412237 10.5863885085322 15.8576300932938 0.651964280286865 24.4056824167032 24.1515942598372 82.717393940012 167.506841725629
19.9288038584097 9.83783989037668 17.7493500627211 1.02653540052657 24.1698264252937 24.4607961854915 87.9768319017577 149.889045733744
19.7309454542546 13.9951765957773 18.5697714743137 1.17411631925958 5.01201324045893 23.0195560254815 122.366294238657 210.587605564167
18.3620275497029 12.3745015254618 17.2027442167889 1.02210588897567 15.8244090268931 24.9656802565654 101.626626458069 194.143791128549
21.4390015900915 12.8612630206504 17.9893000044917 0.800930050173311 11.6361574848097 22.2455371459239 123.461119193547 145.251705471436
21.4836003980618 14.2914645584796 16.0500838689644 1.38469213504181 23.1336420043792 24.9003005504838 43.4617619056549 215.980601659186
17.3051153475819 12.4437213856665 17.1615604066256 1.33223197574577 26.4296719060718 19.2857474188636 134.100614342663 82.0815440955729
17.5436897581191 11.6746540921963 16.6057973459078 1.17886539844308 12.5348227420928 19.819666759714 99.6288905485607 56.2638702432482
