17.3293287514214 13.6602131562377 2.77030393318669 11.6112293291554 9.22746518428484 8.25059460696663 108.947208789559 222.735993168907
16.8256139870011 13.745092551254 1.50797283675194 15.0011896935287 14.7206178196257 11.2228129653221 204.908500167219 195.065645892457
16.4531559115515 15.0750909947215 1.08542186088861 13.8079137121389 12.3408165790362 7.29741353043699 127.134518578687 208.178352314017
17.191659660435 13.3894696227988 3.034791711765 12.0156877419186 16.7268039470828 5.1959702278836 211.709995497807 202.392270806262
17.405448661986 13.8304944800981 2.32878283520085 12.3427289091432 18.7912069032557 6.90261184388564 262.124448303753 151.783583577502
17.6391656612047 15.6709953252105 0.873133468387034 15.1011785127501 27.3014132501146 5.71557649151256 243.409285281956 141.938088241959
15.9018831171052 14.8626454491829 1.83914810876201 13.0868572989768 16.7142893369664 8.99927738469179 153.305065681306 197.116419188031
18.398578002167 15.0323817143633 1.78236076366351 13.1115825735737 20.1929737656471 8.59316185972255 140.429715081776 204.413111507376
16.8250493581267 14.9841543684331 2.17392676120699 12.6480383210184 14.7632717152664 6.510055310001 119.459441294762 214.98433503191
18.8804267228319 14.1140428598825 0.302036024973476 16.2016962369424 13.1633497811418 5.30856282953189 176.909127953309 192.596990653122
17.3930126176838 12.8901006707432 2.50814336256188 12.7561837116489 17.5071288209109 6.82594785615453 209.254594899329 167.063657070152
17.8619429220594 15.1973365103173 0.856205276152426 13.9545375910929 12.4946086777064 5.84823047213933 221.758239322289 164.706960291211
19.3749562766377 14.9801118947 1.58489456110792 13.9771942201545 7.47557815276877 8.01366598681107 252.581286714595 161.074236650653
19.8432744026769 13.0203918891377 4.19133839901179 11.7299869296692 14.2972984861061 5.60810352501554 229.078489838522 177.64675977773
15.9126387014394 13.493016226468 3.54008889524234 13.4317615879365 13.3251522797599 7.85663039007505 240.276961693804 163.490865411248
17.1161705973739 14.5450228503808 3.77915726360228 11.5399181629611 10.3739093273348 6.80007401088971 131.534428944383 212.173660801475
21.218394743566 14.7650282470945 0.392337199847358 12.8747990875233 19.7778231709125 5.73419489841075 304.044290238619 174.441778977114
16.8813628501113 15.5524009289045 0.391770469702643 14.7883619956828 0.915629808372471 6.34296826135756 32.6391236889286 249.616900903184
16.3030926194504 15.8017176717333 3.9218805552494 12.0098935738267 9.24112789452841 6.79383126107688 280.133347685753 138.256311580046
18.9274542542005 14.7667630194384 1.56227998208459 14.8069942373453 28.6881879435092 7.7604573059909 270.400941590286 158.986381096364
18.6102358085679 13.7273436586428 0.552014444529289 14.403636575942 29.205268513374 8.63306512009599 155.031095182025 231.873645361971
17.0701991138986 15.373844891892 1.86587439923678 12.9196222577067 20.9381434819836 9.25848989566346 242.254384168426 139.096325403534
20.4583814116175 14.1670839055624 0.991905636902121 15.4804856995962 10.7261266700473 4.28165778238885 195.907429311838 200.151680982683
16.1662132754376 15.303773118133 1.35076247891893 13.9876635258015 16.4370212415766 10.8961667047495 94.8732627050066 229.758300869754
16.2166458122845 16.6248124825978 1.63828602905811 14.102203322258 18.5783780518891 10.8901553490222 136.199150691064 223.847263060651
16.1136504016922 13.5741497313235 1.10506190587281 13.5663512223575 14.6641221491747 4.33676756078885 280.072275454184 173.005447693844
15.4988288320193 15.5198325334082 1.28540332816244 12.4988488101751 16.6073419468461 7.06321122084143 193.761688986658 181.202784543219
15.9704234748712 15.8243841584866 3.42718941407859 11.6795082277544 12.977504976103 9.27275198538715 252.862072074449 158.80589324454
17.5331394255498 15.7425992825332 1.40751424921905 13.4025134289296 25.4760860793309 13.7367167683242 232.750385375192 184.658804773177
19.7038404812749 14.6308964536025 0.808830916345159 14.7368546242161 19.7104646916785 5.94893299399392 83.7860834194139 208.347182422224
16.9719823177314 15.1420043236321 0.569428795861752 14.0861535723371 11.3242657459197 5.89438172726082 242.826717109814 194.942321796518
16.8671695144996 14.2363480579275 1.81473552973271 12.8823586615204 23.0227383708747 9.84879163158837 186.43677226653 151.002049481733
16.4020201217301 14.9945570751086 4.06084982723243 13.3926274159605 20.7820576110544 4.91949897036028 190.831583258655 210.797961130176
17.143171249623 14.7478697794452 1.04496829603428 13.3408990876574 24.4295316974496 10.4216618480337 129.996746606627 224.632202068056
11.4627552512859 13.6708533154052 0.414152649326393 13.6591072884375 1.75314819189301 7.63654511555503 337.311332069856 223.972682157964
17.5076501449661 13.0650684783218 0.922578800088791 13.1291597377109 7.98291432158482 6.39178681290721 184.341523245093 231.507447202613
17.4934682153544 15.31788784058 0.562741466463522 14.0158229117653 10.897245697015 6.83043710656737 136.719259621152 220.728549157774
16.7386464038045 16.9721374984235 0.074621642310247 14.5939499870324 27.0494782846884 6.90951072460921 15.9461445407684 244.035092726981
17.1853351589424 13.8468671972606 2.53789276336346 12.7117783305151 23.3674462984881 8.19713864441253 90.5614009729499 201.916545653394
17.141877340519 13.6652530181821 1.50092412923269 13.8033417355343 21.9793339101944 6.37292393978062 84.1136954216513 249.90577014502
16.8003556490933 15.4662222942409 2.78006750821725 11.8437221407924 5.88170490617986 7.14486550553327 307.603283147106 170.294456801862
17.6896511230938 14.3765765261556 0.437155567248714 16.1525199154561 7.80765725432676 8.31834265904397 237.747355908472 192.484003776137
17.8931598716486 15.1875457420384 1.19109861653561 12.8384858038897 25.4474462351937 4.4417423778972 239.031666256305 153.273936678519
17.7426824743151 14.8987428090159 2.05299925313252 11.7993333583929 13.7583475830654 9.31272235956604 16.0812343326872 225.515140534043
18.0782598814767 15.2554137445528 2.26287476519101 14.6164004671081 7.34222817096707 8.41939717038519 200.829662070853 195.289817776789
16.6725709729688 12.8960430751594 0.865630018485512 11.8908638849669 12.9251480103157 6.6579811477247 220.753993926066 197.234947333037
18.8501811024645 15.6153803451816 0.996777404231107 13.3040958297782 13.1197924558485 6.11603322295532 128.679495795605 229.106402257762
17.2328949596584 15.8431703293821 0.221647466428678 13.9373077618616 15.8154896833196 6.28102566591108 178.565896097797 195.890065533021
15.7406256820579 13.5988964601691 2.343657632015 13.8869491542279 10.9142347984518 9.75175842299481 232.619844133517 198.436591018409
16.4963422622756 13.371346030208 2.13499038349033 14.4305986442969 25.25507005054 7.95915702985703 70.7137402835951 238.436154022903
15.9698671087101 14.6746011602717 1.15149984589227 13.4463603884793 6.20655671058547 7.72967505724088 234.519614694706 172.711615701452
17.3128296038925 15.1700419690345 0.110781646078375 14.6201516149754 17.2051006187734 6.4582735000447 158.001451301164 211.438397249623
20.9879722488125 16.0196314545373 4.42842037241348 14.9229744056283 10.3653292619115 6.83548877041514 253.198354337134 125.508371539034
15.8967909373202 14.6522269666253 3.08471390029386 14.4172543381835 6.67097014800971 15.7763606305492 181.569625160733 190.05265659663
18.5656297526592 14.0002049867904 2.38773781809767 12.2623060176712 7.37462871077325 7.23638436150588 95.1225984335143 186.549330417256
18.4373055147732 15.6402207053554 3.02063860425684 12.5438196657583 26.8800723471663 10.3156164666387 75.4067363314104 217.455700289457
15.4279652303431 15.1546862567295 2.18517635031756 14.0191187320172 11.8939259526771 6.90300684267343 246.722932166415 159.906178383573
18.1663780777938 13.7219689154624 2.02483693488482 12.642775239231 25.2181189217202 9.39236189814946 213.148600170746 199.952978200841
17.8591000175198 17.1193790301848 2.08339408735037 14.604779684295 16.747072464132 6.38455267985659 93.8921612138212 206.618121467124
18.4722085421007 13.3811621056966 0.343237156956197 13.2255764244823 4.86061670310236 4.22614838527118 228.129495873548 178.269679940651
16.2368848731226 16.3291013382317 2.09614405114046 13.0680005766603 15.3804671955767 7.43727660164298 219.299265092057 142.487627062009
17.6858776619039 13.8464355661902 4.2641850939808 10.9223279090907 11.790144735366 9.02646543818662 233.771256971315 149.512351557248
15.0021264354357 14.8738074513733 0.0126632662823165 14.7933657279148 18.5875948745824 5.36895323201632 312.680188505481 168.326163731336
18.6502907380163 14.8598282398305 1.00417388846972 15.3281760369634 11.2004073093003 11.783383395633 253.645374645334 180.15772220006
18.0065894712554 14.7566308727906 4.15314293543598 12.4115780393025 12.2884360661733 9.90770277111359 250.448917136135 141.536295277214
18.3655361978412 15.3796929231595 2.10951522459248 13.7319946831449 19.2590893887578 7.01078942718281 104.677769217071 208.141231538002
16.9416706156605 15.1721777908692 2.12215980998318 14.0374228578399 6.83799068898404 5.23286556492702 180.84649465938 195.875609867974
19.3301009361939 14.513335212539 1.44986543370164 14.046730867057 13.1058157487263 5.15089274315203 207.474390820558 199.640455537214
17.6480935858113 13.5034945044903 0.157505621556443 14.7410310969902 10.8651169443 15.1752627182925 199.692569637899 207.253593148361
18.7344223484521 15.1368215445204 1.16137797881002 14.0256444256027 9.1449140680799 6.24645482063132 196.384336379718 176.492497062239
18.7987761222924 13.1361415305858 1.64357907014996 13.106863908245 14.1017607733091 6.48500811745439 107.5850761682 246.722743139053
17.3702014857029 14.7273008088922 1.1847920796722 14.2197242514692 9.80303901789894 11.2876936070954 153.561152719791 218.621269546325
17.2295835959358 14.0468044199406 0.785509119233054 15.1559940659766 19.7987274856882 7.17879193480884 199.297045432949 227.393039950868
17.1428523711403 13.7392364411714 1.52099096919571 12.3268986514264 19.0502179276371 7.96414223976724 120.411057806902 214.987553848773
18.3362768587493 14.368928789249 1.89782194237062 13.7110155113679 5.05762856883203 6.3900052786657 241.974092002208 180.863194083256
16.0378043308592 13.7891909669029 1.37724022063226 15.2093100907409 18.8896916207666 6.03465762142328 229.672235813616 195.412459689849
18.2249161108784 15.5519158203999 0.226163148100769 14.6930083649142 13.5886133266027 6.58101141376274 347.473190320885 120.189940817015
16.1460084374704 13.7580700813992 1.88201619809233 13.0252405674431 6.0601650837856 10.1648079020961 116.495419369338 216.600915759437
17.4068746012661 15.4748437723309 3.28496385567468 14.8260565526059 8.14259555893337 7.11118010691073 238.451916372217 186.780451950861
16.2309027244549 13.7954161974159 1.11082323588388 14.3456897025817 22.8451285441118 7.38920232638417 74.6243852832237 206.37275443679
18.2827100195898 14.9491533202938 1.88060129012218 12.2276901379766 22.1666405829891 4.91278512759954 250.218462439507 157.410640681848
16.0739362232215 14.2320813278325 1.3843440878485 12.2703071298086 9.1905034592333 8.03959300852525 196.238887000403 196.534623073381
14.3734085695861 15.0516284723635 2.68343751031704 12.3984353150947 11.0721277903809 8.19832379216293 286.524428834892 122.48072583125
17.5951177140948 15.278993534197 1.01194048136198 12.0928339622343 10.7269557440257 8.33550468441875 175.683209150616 205.529158239786
17.1834122379849 14.862470589234 0.144910162596466 17.821610282925 11.1835591127125 2.974866545037 326.672164382882 155.085365862744
13.9006128410209 14.8430285247298 1.75677216650403 11.3747163919103 13.5233196149665 6.28888865954676 298.599766131571 158.891583607623
18.012622553949 15.0870150656067 3.71158973669975 12.7921122720942 16.9229677848264 3.6824876394672 248.101107202631 125.409861158583
16.4463268281572 14.2955157160355 2.86628555367771 12.5056657079344 8.58690673206669 6.87021106410802 208.226686071337 92.9766163098123
19.2499382413113 14.5349228715593 2.36786365093055 14.5272879882842 7.16075334557758 14.8649581166278 136.940323633303 210.511547763511
13.3994654037158 14.905036101471 0.120110033836124 13.8524668239572 14.5383902326949 10.935106600749 280.661066990938 144.091237351326
16.6249533640578 15.0832691906196 1.65324719122962 15.7562995712745 19.0213038882765 7.57284985511071 135.151734724008 216.280638764753
17.755567880872 14.666947509211 1.76863059306207 12.787290428245 14.4281937570013 5.55463414385732 179.741550971229 106.548213268975
17.2693385425966 13.9595038064106 1.43469979738945 14.1571701457116 18.8864688207093 8.61429035676083 146.870609804017 205.446677882528
17.5225927218289 13.2922008245742 0.296275867711468 12.6812143595598 20.8592678223067 5.35018346747612 230.680580609854 124.829543870186
18.5172616200493 14.5877362212597 0.798527736169889 13.9913713195259 12.5304137826978 8.2641864586259 124.3561066414 125.622687919731
16.8767380583104 15.6897421849445 0.315401843423905 14.540160361158 21.6846891410238 2.75625600360908 146.589184256432 231.436950809608
16.5310462717656 15.0127860245557 1.49609944368982 13.2386527959764 14.3310668642551 6.8620809797634 146.966897908992 241.054091804793
17.0131340388556 14.8257844441857 4.17312102356198 12.5239972602761 18.6306094608809 7.22536937081232 146.90797703669 222.491782840067
16.1799328887788 14.1398600704171 0.746854206861516 13.2790599060295 23.162586287171 15.5196864839662 235.104442626312 209.12454731128
15.7007529933095 15.4673791738933 1.94151576017804 12.6666074344094 9.50938337922506 6.65913717135156 266.872593141043 191.38273453168
16.3554389536254 13.4848020972922 1.29475563863461 13.1909442016736 12.9168558191091 8.29056014021484 102.991523299167 221.62774146183
18.4259437481102 13.8158375019686 0.453167660698905 15.8306210627143 14.07712164849 6.80032204291894 270.735562255391 165.858718161968
14.3156989161625 13.7277782235736 0.344264459565064 17.9998275509548 17.1249669911615 6.48132926067989 238.618265841819 182.578674441665
16.6275486113397 14.2419156926063 1.98154605435883 12.0363259821448 22.077388671916 10.3364079252821 216.606976979301 179.497627028089
19.6165011254164 14.6503105078356 3.33952780247506 11.6025534985772 23.7668695370367 10.3471248263186 159.477965957056 199.046269616341
18.9399052382645 13.3074213114919 1.85141714772366 15.1898456385744 22.1831075637675 9.28327908603314 232.457622619631 190.631154072784
17.8296531350489 16.2023062325639 2.78934744545195 13.6522861203384 1.78472471440151 4.95507977819689 170.787072982987 183.006085626477
18.6002500733598 14.59717241645 1.43935686028672 12.7920327091124 24.783574292594 4.59548213917325 223.84391797145 182.379307156741
19.5186857292477 12.833089079023 0.814423835069162 12.8110277761978 22.7796230465864 7.54583946234447 185.356392839596 213.152711824082
15.8140130433982 14.2288960622538 3.97200781757037 11.1166332192334 20.4786269131562 6.22548019857656 150.993462518721 183.810303486322
18.3656597672094 13.8336918078627 2.02284522684338 12.2138302761673 15.2188314384217 8.39834362573376 229.004285374056 188.6346213713
19.4698616596724 14.2738358224965 0.450572060864318 15.2490549069975 19.1108497644788 8.77521364688754 122.331238716029 216.024038336804
18.2642667144669 14.6393212811342 0.384818833115445 15.3853807308285 28.4806148146447 5.59446176137975 240.421384062041 206.837067069785
18.5139993753406 14.5790895217306 1.83550754573663 12.2398613848373 19.2748807811919 17.5163196902029 234.972970166075 165.422771599362
17.4071385175541 13.4951218578213 2.49300530516185 13.2110433274512 11.0349369871267 6.67732493213136 256.064685894121 176.861659754502
16.5848042436823 15.1874646272141 2.70042949847556 11.0781009919592 12.6571645651328 6.47219147293933 221.567282987464 162.263202823794
15.171415143215 15.7436166514263 0.922794896263312 12.6624397548599 15.6535693826323 8.24594897031155 253.787874427263 131.204600341775
19.1919450316375 13.9650319906823 0.577474241244238 15.5130862503735 25.2868145541351 5.87202749803003 240.858696432888 161.819545556782
17.04243246747 13.89030924408 1.70673418369624 14.1890129032655 9.99335871151446 9.72356982315648 124.148599177704 217.325434565391
19.365247083595 14.8664556169631 1.38550754581526 12.621448225268 12.8908101330413 6.02897284237844 142.043876738492 208.1945879722
16.9071783170621 15.5815616881354 1.1406133582938 13.0456274814099 12.506063512869 6.35597189684167 295.526424079768 114.305206675736
16.1419384892476 14.0163267113565 2.63411549013995 12.7724205373712 24.7292023993911 6.53329914546633 106.739077636773 213.27301135056
18.1683876488372 13.7486514356064 1.0811366692272 13.5193935369574 21.6161250187266 5.87443438836667 95.1724785379878 215.793101559667
15.8304739082121 14.3679378662263 0.788043007351615 13.539895012158 14.8872093534958 7.31522111876581 102.26878746539 224.462142978093
16.0016635326798 13.6276930633769 1.04688791416921 14.7117766860762 19.6092538843969 8.58565304154125 99.9667926040687 215.197555962315
19.414948140478 13.7583301153737 1.08254513991655 15.0130131548508 25.4353046612657 5.06985929614835 96.8035875266735 221.148600139988
16.5096520323808 14.1242748006122 0.739108260117959 14.1188571688945 26.6785281638698 9.50736504059289 154.03723097755 190.861939384427
15.7274865760455 15.401184196838 1.10587867860784 12.4970879868749 2.97561297497154 6.54953938658649 181.329024632549 212.563953015499
18.5928468456262 15.9971246121859 3.44782526746829 12.9851101514066 2.52564804488397 7.00543150502283 78.8989608597544 244.804657474096
17.0616222200079 14.498242829701 3.00801441099886 12.5295541203835 27.1277574672366 7.36134024830756 182.894679689787 224.959078139461
16.1901631243363 14.973326381891 0.591374241029782 14.4284131718691 14.8928012385678 9.85079423395422 220.778435752853 173.611619956892
18.3284158985165 15.0527999953583 1.15705166482562 13.8508215996711 19.3876449990506 11.8090839121967 229.396790642484 189.055783635557
20.2459481001454 14.9040108523938 1.12051263524641 13.2833150395409 8.67693399033391 5.70014685829167 55.4817433100282 256.405017518705
16.839718775364 13.9579942870862 4.42524263279308 12.1148932473026 3.88467772037395 14.2413805496175 333.399520688053 193.640039000076
15.2983263231704 15.8348931660664 1.14351355254192 13.2890590517527 14.8561282214184 6.73876585594407 129.006877962848 240.89946418624
18.2121707195606 13.5673534019876 3.07872885794774 13.6951252788967 12.9034860657058 11.5265211171241 270.425612672379 126.214225773948
17.2456760057162 13.9956378734985 2.24347904543051 12.9186135354989 19.9143688233934 6.29935859212304 65.2090890692481 256.708439575111
17.9502457211373 13.080301180317 3.23983842965143 13.1791447834515 9.67176725835368 7.05350297646802 97.2797069963132 232.002096096106
17.1117949739813 15.4690378669318 1.55437144908559 14.1621588867724 12.589350445423 8.9002244029648 67.1803725714781 235.5562901932
17.2555584167792 15.0731733514759 0.0392995201717355 15.64240944824 27.9457608680281 8.91448378475543 207.564790221198 190.319409725215
18.3061004093953 13.5756885318265 4.53574482915477 12.320091100816 18.2546205613108 5.03900322416551 262.203709732492 131.467368616233
20.4971526598445 13.5731158321869 0.725784318185973 12.436636407415 25.6851923363149 13.9737956418815 92.0257613663787 195.28503728305
18.6131919886694 13.7485764785452 2.24232371106422 12.0340322041581 19.4274301758773 7.34282441189435 173.951421283601 170.470604139901
17.7041533834177 13.601526245964 4.29724458140328 11.489831412542 11.0824714473823 5.06080280114789 52.7116979247031 208.309415155197
16.8893131773625 15.4448647895847 1.35086154865926 12.3966607630894 14.5756267353784 6.83293733236952 65.6608897417231 212.337713108054
15.8066564210873 15.2233020428342 0.313023560003481 12.1001713098049 23.2072213558077 8.35250150294244 274.327328535737 114.899850099886
19.2861377812321 14.2739007547467 1.14965230848452 12.606893687402 12.965912216383 13.0005539235439 100.124399806519 197.009735864421
18.6699117048491 15.0031655989007 2.09828861990137 12.1187711326423 18.4117868149255 8.32233709489771 166.285499244315 228.927119946864
18.7797078497404 14.988660664878 1.06312825250869 14.1734964449935 20.2426519764778 10.4205427266536 158.934294826565 200.040729361358
17.0332925106217 14.8469523162539 0.105400634427405 14.3290512665608 25.9620189908345 7.54059309110569 84.8832704716762 237.406661127546
18.3107888092318 14.1322813027099 1.88629291223887 13.5420056049871 8.08140084888452 8.68228108032889 195.330653461579 215.160903441414
16.6854740155002 13.438366197953 0.653742409210022 13.9816985894254 20.5182767745606 4.98831053563139 311.630699359252 163.324091778978
17.4971811576467 14.0773070434746 5.03693808606646 11.4727017801615 16.4955808711176 5.81640549858542 246.837455966231 189.569552620619
18.1564118418641 13.2512349807921 1.60513116521007 14.3126320344953 19.0048636779824 6.02155206304174 91.893038394725 248.430794794151
17.4417382534538 13.7786801651305 1.97427885237496 14.4734960853671 21.2335617630362 8.64954777760716 294.792243541784 161.856664519321
18.6323134388185 14.6849621445413 0.472730351288536 15.4672977543616 14.6904326738674 11.1566744610307 223.80849246174 149.748995359985
17.7573662455844 13.9032025115638 0.76679895076633 13.6085871345984 6.77357047147935 3.48696685059025 171.559985405111 188.961205694418
15.1909936255617 13.1516456939466 4.265992841354 12.5849487626156 20.3704930976378 6.30140444131832 249.891712114856 154.320378169603
18.1755751735573 14.5478534724293 1.05730457650855 13.1363065236342 15.8667554809754 7.11171801044702 33.9367907066773 205.028476914895
18.4750788812333 13.7942922601814 1.72996710020949 13.5014957183753 10.0229795134373 5.86063992595275 168.890178107185 205.335010382949
18.3399984885048 14.3373975154394 1.77703995110003 13.7659729205709 15.7080392594407 9.77242357885052 132.625308073328 229.454094317366
15.3297528089447 15.2426730027775 1.07165111057073 13.7615363954918 22.9338655768539 7.0435542296846 232.409211274446 182.330555101127
20.4460701360372 16.373701718823 1.19056232724535 14.5836017263432 15.0840440130475 6.69745369299146 49.4573719316934 205.45215783314
17.7156403673916 13.457341143554 1.79457051059521 14.8425855187757 18.608083760036 9.65668187337514 70.9651853914738 212.178219202413
16.5905938950824 15.0456481638385 0.408294777514241 15.8783067432448 3.94885791071771 8.32148382145218 157.001123619105 212.198825495839
16.011849431883 14.2829355441256 2.58686546063546 12.6163339528338 15.5396726443346 3.77332347074038 225.783169908055 179.336227670089
19.7632937661404 15.5075162526111 2.52019525575843 13.0710303854264 3.23828071173704 11.4943235648454 8.01705457134197 296.153341645326
18.5546885426172 12.7512718422031 2.34329006798194 13.4863559956375 13.7347881021696 8.1863352803277 122.692774187094 182.207963433397
19.3061353773338 13.9243741505946 2.26280643043087 12.8188053371457 16.0675769075079 8.29628326961279 125.380820062997 212.33632046111
19.3801944306268 14.3835077744729 2.32029310501319 12.6760435465905 21.5611958857546 7.15679575262905 124.797255331379 226.327993351112
19.5364123636469 14.3014081759729 3.48138913493111 12.8386161633322 19.2814493254568 4.37036342030508 159.494795136964 237.763989298203
20.5030807643174 13.0066990093329 1.6591950878275 12.6800709005053 16.8010158300926 5.97458753155206 301.246853082926 170.33623946079
15.9527977299913 14.5528167729217 0.886185902332922 13.9035547202224 20.1439802637233 12.0145301565025 244.803919170824 149.783015841211
17.0190541361059 15.6322683315321 2.15575084541031 11.9032556621675 14.0201172691207 7.25658073446772 138.796350344994 228.467232954621
16.6709116372822 14.2457004038949 0.955265221871389 13.3876742964305 9.10222899960945 10.7846510621365 183.338969277704 216.831342378705
17.2880611864496 15.6336000196138 1.68878664094631 13.6651271370589 6.42909991458982 8.43204364684722 171.743232549027 206.622036235112
17.3757365867142 14.9468319363134 0.972795088855361 14.202222800508 12.3601272948328 9.39571803689347 266.141766369673 158.352115347573
12.4330743803184 13.6814587808988 0.747152066139365 15.4743936534427 29.9471537787338 8.31240454466343 168.333153092314 227.195012677026
18.0807070447743 14.181442105643 1.62855557510748 11.7991493831983 20.3304870741094 3.13619059420016 153.696070981294 102.412376378574
17.997047738082 15.0778658960563 3.86599582306647 13.4235017410367 9.33850655358185 7.71900930374339 248.981025189118 148.223477582772
18.3139878353631 13.9775532313841 2.68065776793546 11.9546196941636 6.78021528736499 4.03381342288063 136.380973272581 224.193024847501
15.8905044706784 14.4621591042292 1.74948843048937 13.0140049850713 6.12979562970016 7.20242835034669 274.141068883254 169.696087982738
18.8997781213596 12.9837111583567 1.6195328109117 12.8484524012353 13.8708560380167 7.23580751857865 245.465325566903 211.549673175359
11.7787480266334 13.1190369848647 1.26772821566694 12.3055882144732 17.4599548163013 7.10442422569619 269.234448314489 153.749450094243
16.7894404258023 14.7371538655935 1.57328843483143 13.3110633316069 7.35677379512914 6.42569877540484 274.159324805718 155.437773521989
19.0033553527684 14.3276767588958 1.79134629313175 14.2835852270692 10.5459300030789 8.34634833061777 165.150306481256 215.69124126128
17.0258847895593 13.9641374242622 1.53568208386276 12.452778114976 14.4108141096462 7.10389524289981 57.7001814192993 216.850304829062
17.0022407900113 14.1295248311778 2.39291266252582 13.2906682303156 21.7809510427746 5.38310733156638 70.4662594716869 173.463884741324
16.7116188854713 14.679313593241 2.02375973056557 13.3679302601747 12.0945848775542 3.56172637749009 214.034737690874 124.17258761807
19.915545910173 12.0828615789897 1.16754670495594 10.2431576460216 8.78744366643232 6.01329742644325 103.096004963042 221.933712488322
15.1212796924545 14.6118200635627 1.18360848248785 13.683941881046 7.65915986593931 6.47775250183719 229.265350910023 185.424270447537
20.3692953441091 14.427741210073 0.888640624481306 12.7252408446672 19.0415948674933 8.54999368394933 104.068704510915 210.14037826795
16.5894668117339 15.0152928395388 2.20900895877226 12.1626752056663 19.7145811783694 8.93496167254403 259.201038083281 128.138860701602
18.249505387951 14.2366171665535 2.93904662648672 12.4873002387859 13.9129197949483 6.54468509270488 119.478513910011 195.475166028618
17.1057424675131 14.4755782889557 0.732905952504201 14.6370844814944 4.89416864831284 7.11264920447814 142.396177786591 214.263890811677
18.7509726152114 13.7010740995892 0.364411124655396 14.7503245251612 20.5157626124269 6.64438846490933 123.41865018905 223.241308405363
14.9179786846658 16.1066656717361 2.22109443293834 11.9753425449946 8.45380778033064 8.3344721750035 156.07437716185 219.548738707078
14.8657573826448 16.0107050222811 0.510714774457267 14.808998932478 21.1867767189506 8.39304099382433 284.080406965389 113.999651650761
16.6028735966045 15.3110922192825 3.48979529428198 10.6008258060167 17.4603924285548 10.3870479393166 147.815799071175 153.751079536362
17.8214859760803 14.9208686835276 2.00436203505214 12.6358926913582 2.33296040078416 11.3686853506858 103.968134405317 246.932280946931
19.490224939513 14.161318081364 0.72652923160856 14.2138056544154 10.8517421703949 7.55325473699272 257.826666729635 179.460040448941
16.2294088910544 14.660564100249 2.01347833159791 13.7602824530413 13.5673857919907 9.67802357769639 185.37531863611 220.859519308509
19.0569706679513 15.5403379284043 2.18676167495702 13.9847602012376 11.2336587103509 7.97959277509086 93.6526366188694 243.635531132363
17.0893242817785 13.2376435788584 2.75362818647352 12.4714224989202 19.3398385786458 7.06120367013379 243.163748047973 131.376892945692
16.7744356563695 13.9648294718356 3.56582933992917 11.2703184835688 17.9860836149767 5.6123762516495 60.3760367370315 121.379771398508
15.3599356837187 13.9490940111027 1.55309882445133 14.164578441372 23.4103928501681 8.61447519711355 262.034463699744 186.68951931289
17.4741213872775 15.3769244765448 0.793366704859536 13.8842259118012 22.537651800297 5.59800028933897 73.0802855470373 215.547099648028
16.2488555554591 13.8478255482666 1.94880189349134 12.4742859971163 18.6924996877768 5.66414773425187 215.416087537134 175.619174551327
15.8009624735631 14.4413776398157 0.149032868531982 14.0672062664201 5.65567487442584 6.27681796434817 158.830731799159 210.441358313914
18.1549214408654 14.6582721695766 3.710196382013 13.5963768005764 24.8548931784872 4.13335654465634 205.454663837498 193.395072951159
18.948381634713 15.5809438162106 0.914269027238841 13.7888712151236 20.9104774921375 5.57136012247349 269.570583132719 176.762261030815
17.8434455513555 13.6417624712107 3.69037161899485 10.4722813640521 17.0602798069116 4.7186487062435 93.5860867861867 222.372218909984
18.2188719561153 14.9092513595905 1.01773471330307 14.902123164722 24.8941337631255 5.13734201079616 160.286170182213 138.058972341194
19.4563541105028 16.3168568691273 3.22654372504999 13.2969753287694 25.9976069458945 5.09919383626925 156.039298461301 208.778024924445
17.6903409991516 16.276179987466 1.66865487139227 14.245424294064 15.7915501962994 10.4978992537703 197.815668498755 208.259538328565
17.8237250304459 15.3621974224954 0.141123912803663 14.0579355408743 23.5709641116485 6.06796064576938 169.423974055974 216.765165355837
18.9308027788078 14.8466503263008 2.86997766189192 13.1961273746364 22.1220145032611 4.6083427121992 172.677599751048 196.726818604627
16.41996053856 14.665261554323 2.10428482532097 12.8241508498089 21.968824495232 6.99892077250718 76.2597308288868 208.664612870269
19.9620053080885 15.1614773034314 1.85509007929557 14.2810212813542 12.6592930692203 9.67491042794216 249.865932334601 141.066883078907
19.3228158994563 14.6765784768894 1.45412242523026 14.3823216674682 13.1278383583581 8.67174768535565 123.684173264903 216.444606677803
17.2639515491656 14.3416089861422 0.930172809330642 14.27462952686 10.7111940399266 9.05373058986199 261.94936806903 181.864226001915
19.2314554755787 14.3894943293919 1.71686901330921 12.4969017129483 17.3742480534054 6.779697524836 53.9458608258385 133.642406984712
18.1203370304169 15.2067238989059 0.302770278578824 13.4639789792489 12.0945366386639 10.3449849087364 214.761408240058 170.357418801733
16.0522492491005 14.4690447611043 1.90253283849586 12.198510046855 25.9113270629008 6.43297662433589 201.05047454489 199.546083377557
17.7023469767364 13.9526443989586 0.97354688896243 15.0584211931163 18.7891246460357 8.46935193446432 180.723744591763 212.006842489721
16.6436541228454 15.1342567699169 1.05561957154604 13.6895016976609 19.4975242429188 6.78732399488345 143.01612514757 226.857498168366
19.0009299253865 16.3657213359176 1.83442431065986 12.2792427688023 7.63128620854527 7.78123339171309 43.4054327212021 208.978389160733
18.0185829592773 13.7077038757587 1.7157981201643 12.4736325790549 6.89209002682574 7.44771795653759 230.992415392366 198.569884189298
20.6331563254281 13.5232273686402 1.87102087700774 12.8004127393169 26.587245310955 4.38714166026326 212.311544529092 206.896685318876
17.1063364899211 13.5293639522852 3.08294519247719 11.2173225750923 11.4202550351331 4.61038857507683 186.222184050135 160.795528918231
15.8833726642064 15.4908101090859 0.175152333194889 14.2431896972259 7.36552962028816 6.57373810610665 115.444544011536 215.837774710873
19.0823013318556 14.6063605150005 1.49482586487217 13.2620616980667 5.06206368711882 5.82328312784879 315.355429393055 150.567792412924
16.8096070852265 14.566748275488 1.1771947199591 12.5890564691912 23.0106751281199 5.95508309278517 222.992298781134 151.74183735349
18.58300766667 15.0388009596003 2.81622320188515 12.5018007854564 12.7947245663388 6.06904734037995 146.560934300649 176.711009039786
18.4433520492358 13.0830619223979 0.209996006656438 13.450085611584 10.3939131397045 6.61949949769044 234.347084484345 85.9148642566376
14.7538135017962 15.3233757896967 2.17340029953061 12.9980562085855 14.4558087925266 5.34195775957214 239.781913218763 163.461092670773
18.5860992219831 14.7233810563721 2.14500058930429 12.9698650591866 13.1634541748127 4.26768419854906 275.877226851085 186.923847420961
18.9941288828135 14.427057161322 0.693994090830843 12.4239413053333 21.5278276851726 5.65804009877975 252.074322183185 181.657277431907
16.8695991572484 15.5977158900054 1.66202345340649 13.9228703205834 13.6772871258406 8.78852710026361 236.897679762958 170.369171828222
17.5520195641552 15.2332308059783 0.414786106778697 13.3123612534717 23.1964025973736 5.93523810427641 192.97093159341 214.364100620408
18.5438168880483 13.5141780759938 2.60662104280454 13.5976957826339 22.6868989505638 7.89155500035582 291.355111457947 170.388098513629
20.1294164076556 15.3114170432039 0.857536528013893 15.0182891794756 17.4854854049525 5.1217436490719 279.37427154874 112.374003271369
17.0607746241916 15.0417671013327 1.7155966156629 13.018145437709 3.02170386478988 5.86713125095552 256.918806298525 156.366411202678
20.2749884037767 15.272288623494 1.66350315039014 15.0144331466585 26.044487631079 14.4031837170517 104.159260971745 215.835696310629
19.2155604246145 13.7295513109408 1.65293215081792 13.7978837528568 15.2640676740186 7.14533969703932 262.680659407523 170.386088847296
19.0746586525534 14.7576078810383 1.91198578096837 14.4823315480006 20.2250874710981 12.869496578945 268.856834916242 172.470462158815
18.7718857558961 14.8432912059827 1.65677482704034 14.5207638289522 14.4302120442887 5.75385791394328 242.077763320743 176.667699561942
16.1174366753098 14.8149388027504 0.0589038178749514 13.7744562732878 26.7547096831539 6.25854962782559 193.765973953801 204.500014903792
16.9733849246451 13.8441101900463 3.75257290908674 12.278788494037 20.7735196920248 6.35611465947475 213.810167441233 190.267370218886
19.2689280514306 15.068180025522 2.04864655497232 12.906556679304 10.1003012012384 6.23204013097597 333.717535019923 157.893848534245
16.3873104109439 14.1357087432725 4.00688695644433 13.1142966840808 15.4799387520931 5.65144566854374 257.776930347992 179.734489659924
17.4337536459502 15.0968951963834 2.17390695217058 12.9207534554488 20.7837183289431 9.18751919718304 237.201484395009 131.379916778174
17.3419383180684 14.1082575976087 1.94298104765939 11.8272869801839 17.2843491884289 6.36757495833053 223.745564300074 169.437644731097
16.8262490777519 13.7310371479548 1.86568813845247 12.0840236098874 13.7498463833774 9.01309752372473 154.133231002261 198.710107764196
18.5546415396871 13.8539070930054 2.57696334383288 12.687171704499 11.5599704462232 13.3691954266248 143.23683908262 219.683927810824
16.6573825207535 13.5426572379518 1.67893362151626 13.5700490181302 14.5346085048028 6.59088343415621 110.792293465196 234.206465768897
17.2408007501872 14.1575618948079 2.50298339339199 13.966712746686 7.85580116217189 5.10292246023078 182.340459338281 226.613570902915
17.9063058359763 15.2428360189269 1.56538161232522 13.2171257949244 10.7337695139657 7.26307798373189 203.595876253806 202.264997583827
16.8431330814629 14.0788280486134 0.222134861467188 16.5878338027476 15.044707226632 9.34646554629082 229.694875575737 164.86964891962
16.2867144784396 13.0138944930043 0.463965118540578 15.5821392973366 22.8892191842569 10.0343010165281 127.665241354148 278.832108856877
19.3489825387293 14.974163460926 2.00854924863799 12.2204501979602 29.1025124105027 6.75603803019448 206.501812524053 201.926166545912
16.1745721258728 14.7804254388485 1.10940542209421 13.1311225243778 16.8279589629862 7.11065952057418 195.121940031183 178.274396708167
18.5837456849023 13.7274361899191 2.38932282615734 12.5298232493707 11.7115688445593 5.03600741836152 190.907949525712 209.77424434915
16.254084661264 15.2964047919831 1.51935794135279 14.1104153806413 17.9885896505776 5.79891491908228 216.521418617655 186.268533726661
18.4782459126441 14.9746950773762 2.48081626128178 13.4260230794527 21.4929409706032 5.72206923163161 220.924727496618 155.640395398923
17.2006638516074 13.5754881536247 0.00164521046389323 15.2290430195397 13.9181258770432 3.7540552243614 256.030998748149 161.051441985273
15.4685772037736 14.059714051488 2.79270609189949 12.7754105410094 13.6458371694747 15.7422460935801 239.675935815081 160.163384642912
17.3088370929983 13.9852025051265 1.11999119311055 14.4056400531025 15.1735480398364 9.63293589974505 257.156534240515 161.96853263722
16.2585552570078 16.358816952043 1.34621913145749 14.5907838907526 25.9123761606304 14.9958489800639 143.571212373074 219.527103562011
16.8076045647444 15.4520191182268 1.76481222093246 14.5644399343751 21.9391517289167 9.57336003332581 187.242781620654 164.861206528712
18.1331171597856 16.0675959916915 0.861553114896574 13.9557877501675 20.0951763473008 5.86109335017762 45.682298595029 206.985086434435
17.940642324353 13.7306458951692 0.692091115019443 12.5905096152361 19.6575733574254 5.18416495750448 120.355994878943 223.769624852138
18.3523312719978 12.8300286825471 0.314904542323065 11.2858245308998 23.4233679562782 5.99765529452295 84.8526663616064 234.148938537459
18.0681923521783 13.7899232534312 2.64045369551791 14.8542635693528 29.9569561815321 10.7904326718322 225.344920468115 204.350122334155
18.8303019719646 13.2606175977927 2.15527050109803 12.6347391375668 5.00203616670744 11.1866811199125 238.059726524571 179.385235615149
16.3803629240565 13.6899926827666 1.17049886899717 14.8750785801784 8.01069691387188 8.47185864514192 121.380930304781 218.137228345636
16.9333908873281 14.5181643664494 0.748921063867965 16.0056095906019 15.4777882968014 8.95946193561899 241.988249299682 158.113539443786
16.1664796050906 14.1728371680529 1.98851145254757 12.2565219720847 14.7807522135464 10.0746683897072 243.556583306644 153.893365163437
17.9351655166143 15.0724800178676 1.86110837185466 13.1162909639769 19.8429401237163 11.5777601971293 253.106182488401 160.090719158072
18.2858630863851 14.3156491098037 1.48497783288711 11.1329888958145 16.2082362435835 7.87538570105098 196.058117248371 200.608996960273
17.3118452411538 13.9620281696166 2.56246542353322 13.6503094732908 11.2266044829575 4.69384769734978 139.939640785672 231.348141581815
18.9400579384654 13.5456036180382 2.52826601933543 12.2943370397404 10.4309701063019 5.46625592930783 167.887474364904 213.288640670574
16.2683581502306 14.3074810953826 0.423847536320951 17.5828149101982 2.42165210958259 9.80405656574587 298.27710372878 243.178953308176
18.6134831152444 13.9561701465837 1.95886134905506 12.8533927169671 21.8481027835312 7.16404012424337 193.835715370233 160.28187107668
16.3418309584096 13.6625112991739 1.53920064385431 13.120891163437 21.6434623428665 5.96305054346241 278.96509915137 124.735612760311
18.3391270608772 14.8026279052526 3.83124620646478 13.2247425805274 8.83212560961335 4.30032670457473 271.471359878489 213.351645209525
18.4331042484719 13.4486079963295 2.21385038663699 13.4969206774453 16.4779569285599 5.46905091283458 63.1619130218465 247.966265401264
17.2676802255014 15.6069924579266 0.177017509520475 14.1843702110312 9.54114226283942 4.45059813918246 217.032668166335 223.719449125471
15.6545668518417 15.3844918982182 1.41778548229541 14.0210163514354 13.8518840579761 6.13462408561447 248.294913203153 153.158338558487
17.9231886772575 13.742971772148 0.878156981069923 14.0237839627506 17.5599273432937 4.63668015047973 97.8878015859802 220.380788627218
16.7815056422648 13.4306547225034 1.44866210482882 12.8187525014353 20.6230796851156 6.56410605222929 227.35364418942 163.944699339427
19.5759532647064 15.2294814039682 1.25032837797828 13.334533081747 13.2134667572603 7.74155737774179 134.413709225327 210.117662549375
18.7882847743737 14.6964619959503 0.840664691484724 14.4789110327799 23.8602075209228 8.68346182463272 67.4505674195661 222.430435648212
18.798709299818 14.0825682387992 1.25317997328596 12.6236002726214 23.7937599684962 6.66019001329764 149.506152862929 202.919451430278
14.2554447136251 14.5801142718238 3.02137352486249 13.6617293422133 5.60454466420102 11.786645580253 4.66961965483479 227.522500588508
16.8489295687954 13.8942090159973 1.63186420792067 14.9468301008411 3.25606869808418 18.7360182230132 108.328323451852 259.860356505509
17.9312651348211 14.0625815213309 2.88676522582668 12.5806090322497 15.5919212445917 9.32694693934175 258.900943847651 184.344406181543
17.5258107669146 14.7070923606191 2.50034506913642 13.586494982971 20.6208023326892 4.66198452607946 211.124148054065 198.87453011191
19.5907490267585 15.2271299870509 1.34616344979347 12.9140257656219 20.4156934856538 7.13272754644637 216.053806217622 196.171114311431
16.2080975293083 14.8085844839047 1.74653809699964 11.6837302917066 15.0397893580353 8.32757488412095 223.782344035531 191.782583500744
16.0803024044432 14.936420084854 1.31357290519167 14.9484075152865 23.3725714245651 10.524528502977 143.594764169844 202.708699972565
18.0748995067975 13.9076111900803 1.48355754334545 13.7158529140468 14.2161356266343 6.12031561530608 267.597121486779 157.746273975451
18.0404894121567 14.588179376297 4.73769793788501 13.4029650949195 7.39856046581281 4.47711719811673 303.777014641671 150.130668762765
14.9198319378439 13.3803815989399 1.6273763561144 11.3153437621751 18.3926438338229 5.27299964871726 207.627062415768 197.777339085185
18.5937316963722 13.4804072138595 0.26976975253771 15.8011368021691 10.7275358106461 15.962629131035 224.577468397433 240.977692459302
15.5548547502365 18.2606150176586 0.335496574386713 15.040039306702 1.30761605091953 9.19335498264198 227.287766573074 204.969149759107
19.0842426018412 13.7850407059394 0.723411233459315 12.7526791553213 9.12874879213726 4.63988263655738 204.707921623613 185.388925881563
18.8834802616086 13.8361167483538 1.44617353588292 15.016504341743 17.4743171013729 4.03945058792444 189.551914489286 211.669301368987
14.6548459010963 13.2250021740381 5.04420434212529 13.1005296654985 27.4743294551279 9.31987810757585 243.233776562905 224.078640684567
18.1779255325154 14.328676685596 2.00445053186396 14.2502830449996 13.8897866333928 6.94611475268506 266.991802902871 143.820395422724
17.1583728184382 12.7773772760106 0.143804033138835 15.5439646402806 6.51970595527588 5.51486095594842 111.977757883501 234.998175902636
19.213461121568 14.0827976179786 0.0246040316709278 13.9300647439537 19.8256829946618 8.756101317442 144.681484790996 214.961326598505
20.4821752540216 14.3644369177885 1.22068455279119 13.7685704944257 25.6467241883085 6.99107738083639 214.215862603313 178.908721801919
17.8850808795293 14.4737630005782 1.58848512478949 14.0223993261631 23.2271246181299 6.72873844450383 152.669535941001 215.247758062255
17.6935693153466 12.8804418997575 1.37636112486659 14.7628261848089 26.9757792686539 5.41443771286089 149.970311923776 263.459275915736
15.8542740869418 13.7120919342778 1.50867905160342 14.280333662664 7.72671241840898 5.06200738913628 243.966991052229 201.142725669147
18.9083968205539 14.3604769348625 1.49512552653826 13.9092954278306 10.2149253864663 6.56738625620715 197.186595027351 163.315531035124
19.5314602633877 14.7799058682323 0.982493804753578 13.9060363998635 18.6302598486576 9.77588783091167 163.619131039081 191.827438175887
18.3450511798499 13.8733594177031 1.71631416148369 14.3619851551121 27.4577483663331 11.0859712430436 168.950756053873 238.960033015383
17.3309996859233 13.477713904994 2.70969074716559 12.8569844955716 19.3939882216248 5.9105778311801 92.9139426823175 212.887487560813
18.7124393740439 13.7218286269835 2.16488924048015 12.8170411408452 11.486388016565 11.8260252287225 78.6550279160758 252.356602765852
15.4689533945373 15.4747564761363 0.165995304180879 14.0472806683985 24.1155021071119 10.5271435986372 149.748056835181 196.468047542814
18.5687213678866 15.2658810739319 1.89095350252702 12.6222792740433 19.9707958256189 6.29227013699489 288.674226122667 148.896595531991
15.7109857100926 17.0521113032355 1.07351925181498 14.6450642688123 13.5423182038695 13.3986962406523 209.195189148084 183.704137294061
18.033667940758 14.3744784258972 0.820315938872613 14.5062522878213 12.5778218981089 7.23323619093728 255.063918781969 170.862957239274
16.8994059273139 14.9577697034447 0.202897440792859 14.7359525216148 26.5861731322182 11.6308069451612 176.579031665327 167.340126498019
15.5648689016153 14.7826526278207 0.825445574348146 13.3997660555653 17.4408343209632 5.45331987047865 223.390953786073 170.98606659956
16.0563953088628 15.5443014841347 1.4372390495125 14.065764282972 13.4344699058972 8.70641011631687 218.515757870271 178.352024878471
19.5307425226401 15.6275277866954 0.191989643895424 16.0606818310392 8.07110012143395 4.21479361608527 244.576414582631 158.226707274898
16.9606382629779 14.9648605100774 1.63612243011788 13.7628636313124 12.6525916589454 4.14353653711114 222.30241648732 159.948006112801
19.4905650693417 14.3230690931195 2.32889246458928 10.5029312376955 9.19057240045961 6.76230250172064 109.605866961962 162.045336008135
18.4865454454505 14.2721873241223 1.75356968657538 14.1219589503068 24.8570548020876 6.78500072128299 94.4427782995287 217.817560822176
19.2926096075459 14.1667366274205 1.23668151243022 14.1970599057378 20.1283545418018 6.52096351698642 200.164419408771 208.962234238949
18.9146134432935 15.2207956975166 0.411560862297916 14.9015774632535 11.174484690459 7.87401343183399 215.793724296615 150.137457952381
18.931735836571 16.0806589421691 2.18279366190278 14.0862035815365 9.81603838910485 14.1188332624554 163.650323935484 217.381784661643
17.2105840671391 12.3626326750838 4.52575982993196 12.628595159936 28.3618036118669 9.76564425952044 215.64377268586 245.698074772983
18.105588313455 13.476933748561 1.58008694766465 14.8509829833024 25.3351757837275 3.03797175353664 264.017960785872 187.365937268736
16.7051187726585 15.5421622313585 0.532679139388432 13.8849028730796 7.61615222057309 9.29325643919916 119.313097769768 229.145747939723
17.7425347818241 13.7833140776964 0.645055613863869 13.7008378886367 26.2452384332395 5.79433712045387 123.857076787832 262.644270318469
15.2738617571254 15.1422246649147 2.49395490599199 11.9146129111323 8.4953208085484 9.97930803503247 275.583707944144 111.446218345814
16.4997424736213 13.5566119523627 1.34461434996564 14.06226521388 20.2765081743201 9.70983153302771 255.425472701988 171.001784407613
16.4764941549459 14.4527644435712 1.45504807267033 14.7035273644366 27.2072896048027 4.72738865281833 169.389752674748 216.110069100821
16.8729795029811 15.3815683399548 2.73871161597445 13.6287705122981 5.1792405274748 10.0913873694724 216.703208750853 195.752473959051
17.7931531145089 14.089204956503 1.8373217431783 11.6496598655403 22.4763482990205 10.2169271690712 208.848390018375 196.253030819178
19.0198171100353 12.9998444360859 0.954753535878584 14.7852928577796 24.5981623050234 4.1139718559565 146.03613350745 249.127506960764
17.089390147138 15.23646513374 1.95848865382063 13.4468465842732 8.65916452581034 6.02797457865774 179.312013571347 195.305753020805
18.6438689580741 14.5083951437936 1.56613039367101 14.0503390554203 23.0290692262458 6.13636309990252 125.217864676152 219.155152468572
15.3011698135519 14.8803532730311 1.40632992461357 11.9817193372113 14.5160518369985 5.27074341740467 261.177108321733 183.520117163914
18.0132603163539 13.3647749676102 1.89619653521011 12.5941704668794 6.20068043509207 6.19651720759046 193.571382305511 216.309814806923
18.6800246643407 14.8366400993313 2.38054695595691 15.298326607375 15.9282503067204 3.11793372411939 225.569617746786 195.017818288327
16.5403342336823 13.7477719870434 1.90108633870436 14.3330239585148 27.0017581199578 20.6218470953317 199.303319147372 194.126291203315
17.078605908042 14.3089660370274 0.896483749777784 15.4218155613112 20.0256875900207 4.8368382620962 81.3700506214569 191.833318876113
16.4632808291718 13.5676680709466 2.98509818486208 13.7766959865232 18.6655631586016 4.66364597720299 216.142452871095 191.602065611077
16.0880777719856 13.8069413655752 2.43180434060877 13.1681442985745 17.1574178326765 8.18903502067096 264.063271803932 200.35384917225
16.6194044398807 16.15151890483 0.0880678276796597 15.7775874387109 21.1476808376233 11.1160015011773 159.702037857768 211.736244820859
16.4778734383689 14.9241584619791 2.74247760194584 12.2089662334244 11.3815074141272 5.91267229439721 133.505617421868 216.336800713138
19.2055219090282 15.8539498708123 0.844725757099132 15.4843049268599 3.5267895568347 5.76256947697295 113.503862212477 205.25916979238
18.277282461766 14.9122979819914 1.65362056861711 13.4915737287212 24.6800032028124 7.49517420039713 118.083352635956 203.98175825179
18.7016908902984 15.1720320210986 7.40243651278352 13.3315269449959 24.1856430168467 11.1318851536716 260.04893171267 149.273972995486
14.7042374537364 14.4332932907267 5.54951939126345 11.5479151315722 7.89847185731071 6.35348497985451 208.659118523893 192.526358305089
16.417434836306 13.719068176168 5.16652836811772 13.9568183499953 20.7620252656907 5.00598925503699 216.598823906065 200.820826240605
19.0226139215594 13.9054979166646 0.170888752969851 13.3829195382025 26.0463134488396 3.68514845249983 66.6542292141769 247.071744677469
15.7459179511568 14.2257274027384 2.51676940943919 13.6933684787278 15.1378836322004 6.11862280191038 201.464830823938 198.265594335892
18.6265490312019 14.4782633417242 2.62642139577904 12.6167373745324 23.9053142831583 8.54504752974217 92.3928370291692 178.224330518156
17.3128157424718 14.3710472520765 2.31735423951588 12.3082831470712 19.842810117367 8.66118329490448 192.523282869941 216.194131057058
19.0256265134832 13.7424425814175 2.80973347578082 12.6084778288725 25.812767242836 3.29056702583372 228.871000955968 208.426119951953
15.6454680154942 14.1430857836915 2.26815974425762 13.0287089088947 25.0850572759384 8.28538343815164 279.541028023588 163.571626301117
17.7249162482179 13.5938433748961 1.82914431258558 13.432716108869 9.29257585078561 6.55959377222949 296.30768657503 163.476217654063
19.7030877408944 13.7210259289873 0.973927826142615 10.7553819232807 22.7288855754186 10.3528275567901 170.437905663589 191.286998912283
16.5255782143169 14.493256203935 3.38195865479415 13.001975053743 8.95585144148136 15.4561214558803 211.673230140133 186.822103502088
18.8418368113431 15.3697028834966 2.70258778286877 11.9607942301005 20.6983017687656 5.68549717842091 217.493493547494 160.529295847069
17.1983282961344 13.5573725341043 1.4643758014924 13.4219933258866 22.514386838781 6.35856389451965 169.567266950396 207.516130041878
18.3925772154965 13.5786129570565 4.29034701345737 11.7712247994891 27.7719086495255 11.3089342150725 131.41938722134 170.017035287577
17.797847742454 15.067881899115 0.149632064584321 13.681406966981 13.4963381806438 6.2213287946397 205.072635287531 158.410865632082
18.2008037181074 13.6307592440728 0.442425029949157 14.3357556875174 9.65946658727349 12.289551917087 212.381322135309 209.136134039603
18.912548233722 12.8304768766812 1.92181011197219 14.1256189926713 26.1365698046841 1.7118097122613 189.087031119128 175.38488245103
18.4686922321963 15.9380896933362 2.33276419602915 13.3059824252628 10.4119498813766 6.29578663408882 93.2204033104605 207.016494655922
18.0141342272039 13.6554543862919 0.521351197494472 14.5654356780231 6.36655091867013 5.99963505427641 207.12763661085 205.325415569088
17.8406046325224 13.5960987137382 4.65481612634828 12.7673152031606 17.3329469821383 5.1140905040626 162.63089568952 226.063789974073
16.7413828492717 14.3725688224856 2.10060665296747 11.4653122437847 26.5412807569945 9.43674416808842 185.049218039299 195.793616656745
19.6510442285943 14.6202121983592 1.95784793708507 12.5990920890347 13.037631585198 6.24365429343542 198.658526885405 201.714068184488
19.8363617888516 13.10761078993 1.563716452588 11.5741987599858 10.595801612007 9.36688607157985 265.026821877828 155.945334742725
15.5935612746147 14.3608279998889 1.93767448233064 13.9554806751617 12.3409356922366 7.46225057186923 202.184701449253 194.52105174591
16.739098984481 13.4475198213896 2.70543627913707 13.4336965400499 14.8989026641123 6.42668525124767 312.869955022492 153.012277574364
17.5071579647715 14.1599165736639 3.46920378011038 12.8754910860603 15.7977309765014 5.02757357494064 222.112153415758 198.236395381966
17.2358097233052 14.1083712340614 1.68116040653559 14.2948530063658 16.2039473807501 8.60996092261238 124.471221154297 225.300944609055
19.5061833360626 14.0453057912295 0.915109562628855 14.5696158543471 19.3757450993092 16.9837980517604 230.641051445439 220.286583334158
16.6195860775063 18.7133248801943 0.122152972791533 16.0519391812353 7.21223676834738 8.9605765506684 230.751023609417 182.241421810917
18.3241117977966 13.1910579471143 0.983099378405058 16.4223401412424 12.0993030516001 11.1250981300249 257.294324412702 195.026907638691
15.179334667222 16.0843157637297 1.7568252456657 13.8247859241511 19.5922211829901 6.37139832078705 252.865418788206 100.500291118852
15.5636363202405 13.4321413485878 2.13902079902694 13.052758434843 18.459535455159 7.74068061793565 168.768575270839 211.161057905294
17.1188100628057 14.2564398034547 1.76386975863484 13.3424420028054 25.344302536986 7.47801158198513 197.888810938643 222.116395076096
17.7949446145042 14.0455536586053 1.7476524779747 14.92866181125 5.37486097106612 5.70344528776976 122.389985518976 191.51011665985
16.8740903067009 14.370408942283 0.541698509075915 14.900646667588 11.9203629519907 10.2018871671749 259.631534238534 157.494242015563
18.2573817894269 15.4805446774722 1.01905290720927 14.8207088159231 25.6587434117018 8.37153823166233 149.512696621255 199.175747130341
15.3962290966588 15.5690203379743 1.0794350209848 13.6816433964053 14.9950280939969 8.27489019817415 246.33922646131 144.628098263932
16.2410351774326 13.2892423545584 1.81696524379213 15.0590579632531 16.7836538505313 8.51117770046401 61.5298201681869 238.444225069875
16.4096785323566 14.3923308294531 1.05409746322303 14.6352185837497 12.1445351162463 8.19342669243195 58.5632200041079 224.194151217603
17.041283146449 15.1566466708505 1.23968049572937 12.6773814803798 12.72756236452 7.64369397896676 85.9701450521789 237.357078643086
19.5723391443996 13.6363752520296 1.94184176056041 12.9727682284369 16.5025285407493 8.20240764780009 329.938244317411 170.32438605997
15.4921023795143 15.3208462887549 2.56611032562443 13.7730483415208 17.5320377872694 5.12303767910098 256.664134378691 177.831016479453
18.7703585000146 16.3579683879906 0.450138699907069 13.9295886130777 19.3508158055004 6.37354576062556 148.826006847777 219.346915142643
18.7075061823332 14.9698861393136 2.52783432534302 10.8006379745245 20.9873835482966 5.88244290424326 160.591610364395 163.736190432626
18.6626704706978 13.1339843461768 0.505744943773214 15.420434333204 15.85856966798 4.74602458833994 222.136944060968 199.410031803065
17.0082446552608 15.2504712448973 0.796948660692815 13.2062413201103 6.96891638338531 8.94695670205751 298.149326173549 175.834376982371
16.631564420137 15.2636146476018 2.47102579348553 14.8377638560564 9.61360386597467 9.4168255290944 154.968109558447 220.287929880385
15.9848688458026 13.6786980260771 2.34614325404812 12.7079007779252 23.7162439421005 7.01845206630912 269.290162475121 180.496068604684
16.0885547998466 13.6981130573311 3.10099041426949 12.7151102983492 8.74220962661025 15.4762931448967 186.66652895817 205.975701875654
17.1258618471047 14.5394751946027 0.472340492402154 14.4484157067246 6.85248777222623 13.8510469000698 290.553628107444 158.397012152197
16.496692022327 14.3721416151249 2.79032631864974 12.6993089677746 12.7524892937759 7.73281494860226 127.541209984572 209.632731793421
18.5187404523795 14.8205151923567 2.40440457676173 13.348232354508 20.1106169912099 5.93947831050814 163.726452335823 156.561567195229
16.8716318322139 14.8494071734982 1.27512802552813 14.0550430209151 12.5022833771271 5.93990796059656 219.87507935828 165.44074750844
20.3068177434609 13.899173887537 1.11342681880543 12.1442112915807 25.2647727500271 7.06415693170862 182.416926056172 176.031226265091
16.6594533950863 14.9581951523736 2.10764364982821 12.103692325285 8.68423626859199 5.28528083254097 231.878790805119 163.022611100229
18.7264827467418 13.0873388569704 1.93042316103208 14.2815788949507 26.5289832585438 10.0306559729019 196.77267255577 206.455437734629
17.1646963237146 15.0535243114977 3.05362030589288 13.0468394207741 21.8511009950213 5.03766262733806 155.773102193845 217.786968849091
16.4609112325742 15.6372859751131 1.18311061363048 13.3917722406163 10.8386104575764 9.30126098526455 204.914277331939 203.687664390722
17.0798570846879 14.8564652256256 0.586585115915996 15.1488540817439 12.993597552595 8.00983988762363 221.720802453655 192.0317179251
16.4844949622658 13.9957820402759 0.208629789071837 13.461095008364 15.6274035204892 10.1958331653417 201.814586568129 208.453384111799
16.8700001597624 13.1694250329579 0.977632652144463 14.6130345513784 18.8682493150568 7.97129425637131 276.41688951008 143.984500856411
16.7345027142352 15.1562963248158 0.722210622610345 12.7105471703341 26.7991516582054 7.16650421443609 199.506716784495 118.341462797832
17.0032612542621 13.5918966124823 1.40709030249065 12.9286057588976 15.2392928654699 5.72217063758343 80.0627190709799 226.96718905544
16.6685500967663 13.1906370250815 3.0289661161983 14.0615877982563 10.2345500360879 13.7744613483943 217.397758379068 174.306619020957
16.216357452628 14.8633928863988 0.760810003106099 13.4521341777003 27.5900961975835 7.65060465042456 287.727282695746 121.202842878596
16.1366074378407 13.9087453621632 3.87443544052238 11.873385220053 20.2072376157256 9.73019517202865 295.52662115654 146.561522624063
19.1740690664107 14.7147850911798 3.34484259979759 12.5360627118573 26.6265808300075 7.52249179501821 247.005118976217 161.269420362628
18.0354425608757 14.9816291461907 2.75195372833426 11.5781106116078 10.0738718008905 6.34938608385817 90.214707231656 238.96875619732
15.274087957996 14.3405443199308 1.14721543248279 12.9026337444477 27.5715100620041 5.25200259107348 198.732903273417 198.963631132624
16.865510719341 14.368154927981 1.17545939719785 12.87215691166 12.1680093093492 5.97528078644956 65.5897852052415 188.658016797448
16.1150344061551 13.3079911528775 0.936456915896356 15.341781232695 9.77903918259262 12.8595797199304 222.145142956421 190.477100014733
18.2161573925915 14.5974566630083 1.90691813802156 13.2421638843433 3.54566780313812 4.71351763608363 129.531065757563 198.547358597405
18.7891234604994 13.3669278996504 1.93383691445547 14.2517331357615 8.88022347007905 9.28136746166533 144.121397258814 219.965054912834
15.5051403839424 15.2269183311902 1.91449252269461 12.3552684087348 11.7332274550375 6.64983190632819 239.5465801268 194.121211315911
19.2043109629246 13.947197420884 3.25222412841993 12.6287357515403 7.165820672197 6.10064297257982 237.924231985043 141.632039447053
17.4476202224317 14.8663681500071 0.60424296497921 13.8889465890697 9.94823649783932 6.54858603409423 185.854302831445 159.811979466253
21.3535521754513 14.6906385946873 1.65485103957793 13.6481669871944 20.966924683963 7.98689651007149 274.179129539115 142.598960337642
15.2193198229127 16.1268410309585 0.545025886818043 13.9785837320511 10.5798628964777 9.78637619726593 155.873838786341 211.885775023661
18.936132200581 14.0081785735416 1.68903844782065 12.3380989196065 9.47254774169163 5.71830626241198 71.115035061399 262.372704744649
19.0324956247112 13.8130063252258 3.25927413437563 12.1065647705539 26.8182123105007 7.44077343113175 54.4763732464192 264.107889582532
20.5573485357269 13.6590635895017 1.33276453254505 13.245489384893 14.8126129110299 8.52991713555774 212.822803672407 167.769642094249
19.7161121302601 15.1216835261424 0.362062961850452 13.5465395423414 10.0542796650912 10.1132007701562 229.005288188903 192.035937900435
16.7394250477891 13.2933289184518 0.798609060684734 15.7513869024447 16.9023987276333 5.83416260894162 99.5927799471122 229.961760515332
17.1997752856024 13.1127994755039 2.30597997457367 13.7074792296805 23.4752390376385 6.19690801710433 143.273862329259 259.028247388932
17.3025664826972 14.2751907077848 0.770555334059829 14.3535536856383 24.7447492985907 8.95153133203727 208.028699395483 189.112519304823
17.7684779168325 14.3851403912369 0.279488150582676 16.5301753315998 17.750757984135 14.9566987353502 91.197806831789 226.521429909929
17.4114367094017 13.2757888670521 0.243324176890709 14.3809788294314 7.23595841657008 10.4904114739223 161.504490381871 167.102855685555
17.3150468340216 12.086341209013 2.03650987679361 12.4994444902949 18.3502806727977 4.59416037907118 63.5560971895251 223.18663637349
15.4494860784088 14.5113086831785 1.59782686432918 12.9172800560084 13.0564995432729 10.2339884270261 233.509579230234 200.780103692079
18.8430612381232 15.0310846883001 2.62317433049107 11.6434449504911 11.6179044742478 8.89906938340966 203.974985916809 180.551905058267
18.8891461550057 14.1894693607736 1.71929315214433 13.8228389928519 26.5126793098569 7.56481757788289 236.352512914699 173.190631459205
19.4345083533382 17.418937471461 0.683825045409798 15.8634772893778 26.6082371876147 13.0134774966465 23.496303830799 238.955366470199
16.2197511110568 14.8936176043832 0.146478382758175 15.2249241310327 19.1935682157012 8.41642437732111 53.0238544106512 264.895772512162
17.6139329133315 13.9665426416467 2.06462157886401 9.37135389113166 24.7343011156644 9.17377792106355 169.772861035818 155.378194240145
18.4190152132548 15.1934082323823 1.48882493263321 12.612753053147 10.6915152122972 8.88833246460294 254.869294581883 166.579872975421
18.4484713551809 14.8483515532964 3.0979542465896 13.7093451225039 10.7814667908851 8.47963805270868 170.42449724199 226.600558230477
17.1224054357296 15.730655832327 1.72750286424941 12.623253447699 7.14510205714253 9.49265850737962 175.559819203653 199.248815706764
16.952967880759 15.0047935697302 1.50316187784365 14.149303206784 10.2275126659524 7.45211476080156 86.7568693160454 212.813571105174
16.6976759455467 13.7000913817947 2.19976350410716 14.8355424691521 24.3066867113883 4.28297306227794 209.18428756953 195.588573973467
14.7711442520718 14.5867366086564 0.376773941653858 11.5995805330429 18.3213869771166 6.33863036418585 214.703308541431 153.533233005646
18.5825892392451 15.7393009853318 2.52499195447541 13.0283689257039 11.1728730550562 12.5440371141653 260.436665457319 151.316444495507
16.5219479146925 13.7078898152122 3.99899201476217 11.2688117794264 14.8803470855213 5.56627023789942 101.076705991671 197.220765398808
18.1744859822863 13.8284900212117 1.45244669835233 12.7736290727237 21.6364754252346 7.12546070431414 91.4802550171864 214.645417812227
16.94776718015 13.5183779147268 2.21705378838815 13.6923654939723 6.89518122945975 5.80159288852569 289.448662556342 166.711278623255
15.7814971344288 15.0333137197613 1.13823924330888 12.8171929543691 8.94526616781284 8.04281525007406 247.156020359197 147.49146344309
18.9847116232393 13.5111765182489 2.45585546713809 11.6140899190912 16.188816395857 6.67864583031061 173.726620181185 214.251475957755
15.6720945966744 13.9829684943847 2.03494625255558 14.4320892128701 12.600909267547 9.62330693269312 22.4961701175291 217.841263086004
15.8728529390373 14.4306957899769 1.15296287344604 11.7161562319565 12.0979941677807 5.05070024522178 166.913147636725 225.655199849568
16.2881810889844 15.1265863691139 2.06091660208357 14.4062870037279 22.5003401403805 7.74328701782359 231.276628350363 144.635941960373
14.5944438793516 13.5045130197222 2.32204536632921 10.9179574871449 5.60058081684391 4.86042588295424 249.836823750943 164.662070972294
16.6024007963574 13.3883304049724 0.161054588942504 15.671333444964 25.0323410762814 7.01706695604856 271.574644621964 178.113537875024
17.9589684421603 15.089182424189 1.88199204852869 14.1123069973768 9.4491940235409 3.63233920167856 215.421795252739 184.68589191589
17.4484471045203 13.6838670370657 2.9726696888156 10.2851210464769 19.7877858762451 6.21460940530425 173.547690595683 177.356210027103
17.4184094641538 15.6952660755055 6.99907492512992 11.2845780503994 21.8060075933017 9.69731406689271 194.679131890032 195.232238992033
19.8760815339851 14.2010939405744 0.987645260648682 13.6556332051916 18.4922056591867 9.63997054500114 214.815981809354 200.577158227127
18.7268393397253 14.899896917304 1.16647005021771 13.5352627884784 1.92948523640715 8.79939376938877 112.763941920964 152.64504359724
16.9287802058648 15.4311282188259 1.39866492586619 12.5656344409591 24.3980673488162 7.80790342662588 227.651609544208 137.07912175107
15.6809051178234 13.9474676194818 2.65554827431683 12.2524652452811 6.63351689353798 8.55449111156773 278.702130262875 178.535684923642
17.2543802951381 13.4936718104233 0.233624504210708 15.7084536352482 25.790509238064 4.61001409681322 200.274537745449 210.651426590033
18.8552098499324 15.8215588805019 1.20697876820256 13.983982643788 14.7829760287421 7.10731115101452 218.410952593534 165.837570799079
17.3137132689291 12.771043072245 0.521293096129774 13.8015490532701 23.4918426562386 8.11525532945677 207.84537285078 235.046454953077
18.1816351724075 13.8666612039338 1.19344156181658 13.743159049091 12.5551449074974 11.6975228466807 155.097400161757 105.383586171736
16.3928045587361 17.0568697984553 0.751685277713447 14.7194716242784 22.6215362341422 8.25334122172341 140.666016840143 206.404120251255
16.4599163723811 15.2908844334415 1.27798576900336 12.6919538867046 8.08618028593237 7.28735953780177 235.556166022938 197.467990421817
18.1445008087164 14.2624096734023 3.02290807781678 14.1800112665034 4.20492099582979 6.53044830453044 112.279694574319 238.79016447488
17.549853858345 14.7233958006343 2.21809083725831 13.0061525194571 5.64650869023658 7.72123687757089 171.072966932821 234.647427044438
18.5186791807863 13.6472821503188 0.781507189806709 11.3991684459992 5.54897826324714 6.71541985446417 209.645746888597 147.097601980521
16.5213073342346 14.2666844474138 1.86864802827247 13.0693670405408 6.45216247820456 14.5144927019106 204.761453980573 196.183113759663
18.1662850190942 14.6906756248244 0.56677395169612 14.3905489615024 24.8200405848704 8.59734312442486 164.241636494901 222.115183642578
19.1485175127111 13.8696000696992 0.285426456893707 12.7385605026309 22.1386833378311 6.43065029798069 197.570033092657 164.749223269732
19.2694349640669 14.9615478254516 0.608960575784198 15.1965969659611 21.9603527860445 3.58010905552268 225.600929182334 155.624507260505
15.7975151544423 13.7184569829126 0.981528889245223 11.8120479487696 14.1385458960741 10.7409326597523 218.123299990236 209.838043629705
17.0601389657286 12.9367290415604 1.73802873323962 14.1091004545318 29.4619101773157 3.91364200861105 170.380222529268 291.769850859008
16.6748734020459 14.0037860248477 1.83512499567796 13.1392489414037 6.9545155768863 4.30698198181913 326.559887280263 126.83562198388
18.5873602390477 13.5567959900654 0.0857284766430512 13.1849214417269 10.2116458052576 10.7785149557865 204.224754433562 199.321353346822
16.5152061715529 16.143241509924 0.675969770541136 14.9999610190091 22.6214730051289 6.97878170713094 275.213174958834 116.350223817764
17.4593496185243 14.1358030810684 2.21145462642818 13.3108487826387 15.8823098219391 5.90160936355581 46.75534354337 217.153095283363
17.0951694654517 15.0159177521833 1.99922441619545 12.9774664788487 24.6349779860192 9.89801241569928 238.325771781511 177.417852391891
19.6527556560665 15.0719016777777 1.10932490150787 13.9215265346872 22.9154335091381 8.80931398136062 237.682031946933 172.876995060774
18.1465629014354 14.8793073577357 2.18338172121138 14.3558334994698 23.6108145671556 4.81684603432949 285.599905114282 154.5180893148
18.088239448065 13.6693694903443 3.03613464433554 11.2266778696212 24.7713891067191 8.02942265615156 169.286275273447 190.053230953854
