10.0360190305084 14.1233203966279 21.4930902605126 26.38946595621 17.2115570741354 24.3225356501114 453.71890390815 149.557307880625
12.0790289147165 11.8259480352301 12.8189231974078 28.3348348477299 4.74590016540825 17.5118472848886 281.122404532386 468.063423717902
13.5647909324931 13.8406237092456 18.2120886813352 25.2925726712726 8.95235539578983 23.1582892887168 381.57404362422 394.018877522761
6.02983021871753 16.5428591283167 16.6025823935006 25.3920261223946 19.0852582134993 14.8583596703924 399.267962303374 431.074185777482
10.8235893848628 12.5228954183439 17.3780948898985 25.6263376400962 16.966437572148 20.7878147553114 328.954765554968 436.962931694113
10.0316578081345 14.0870142759525 12.1345408595189 27.7881821379227 10.2193596411464 16.3787268788355 293.245591217357 462.861667810306
11.4650956432909 12.7426006073451 21.085488187971 25.0473868655933 12.7164621616487 19.1073139103429 447.335074536117 244.335527029848
15.6223161477595 12.460201901461 18.6438537933845 24.919619393605 5.42968225973758 23.807681475305 416.741697587228 367.059993979005
15.6987424087547 7.87280255090454 17.3572318240883 25.2762041737417 29.3442868424099 23.3088014416005 377.150576538332 369.108070755358
10.2714285673497 12.3035456285388 19.0246301840295 26.7418937622776 9.50979312536578 8.17377834220126 277.87897781191 431.090063756584
14.2362563585554 11.5623851780394 17.2207775279281 27.6536053612859 8.76075354952553 21.4211686841457 278.550213686266 438.918779368882
10.8076073923279 13.2829109798383 15.9309027188526 26.8558606703879 21.6565296346469 15.630469524824 434.507611808248 241.521883327008
11.9357404260133 16.3520066503284 12.7747601507016 27.8232474037056 8.34056663064031 16.2271874337456 328.16010241179 444.01928057675
12.1779443244105 16.2245220953276 23.6896770140462 25.2806270869781 24.7099816396635 10.1742757245784 217.862462638149 412.587551377303
10.4868757308488 16.1607013435384 19.3741464603182 26.6702981307145 28.7769103779662 9.41643297708354 302.842789557455 427.533495612535
14.8315809892921 14.7312980405683 23.8912933571584 26.4312055278315 11.2947386854136 27.227003886198 157.285556701283 432.142976238718
13.0262829275167 18.7192055138587 19.3984498363102 27.3092203096542 20.9040539654758 18.9404855500995 291.637225271228 411.052211641201
5.79365764098369 15.3329926193648 14.9337074674817 27.6456164904354 22.3856321427383 12.3379179496957 378.358277144123 338.666173875619
12.3665680465927 11.8932424354669 16.9985797677878 23.000598021114 26.0193067360333 25.3878187236853 417.2535949258 369.2207076185
13.8513635694822 15.7772387129149 19.0939677817751 25.3113887332872 10.7489668109699 22.7712090859432 332.009809195586 394.092350434492
15.4510436848782 12.0621278589981 17.6035101944133 23.6889101317658 16.5242368944298 12.1332479444109 430.219692048414 355.757465573491
12.5952284792351 12.5605420966055 18.6089774833805 27.502535672395 18.0660688920294 16.2823087902251 394.225338786417 331.426848721121
10.2419055026964 14.185191325855 19.3659227063047 26.3792452965331 29.525149799655 26.4398556481984 237.533229513533 436.057872483892
11.2101501397954 11.6752558369703 22.1909646121674 24.0785088198087 13.1561267608174 10.0661489057564 371.603236122385 427.039436460999
10.936266316433 13.605387658387 26.2230659342599 22.2153329267633 9.26702557040486 19.9873854350585 324.32549091964 377.794752190556
11.380861914065 16.6825575960988 14.5135245875043 25.0375693869054 27.2240942094424 6.42936729176999 382.421627685791 345.885183238315
12.2554963103436 14.4804896326656 21.3971114846394 23.810800716139 14.6675576874908 7.78090359024527 267.813185410252 417.594871027078
13.5969288268362 10.2622120551204 12.2791353567839 28.085424152492 23.8590659213424 25.6044207009334 367.747119808273 407.408831495944
13.6676293562532 12.6877530287589 18.8251338394973 25.0404619623986 21.1033980024386 10.0354882570393 279.912500284693 407.771265162645
15.1224096381503 8.37266992128011 17.8846625577453 25.2543596355359 4.99528344929709 16.5200908876958 335.613481257887 420.43865880041
14.9568436648934 11.148367285811 24.9698292322647 26.3208596913733 14.9483782116119 7.10802166018935 353.618396599202 434.544391576759
11.6084648347601 8.96037175591307 18.7948712911636 25.3363942122977 7.04643093867644 9.99777645323471 281.327302289104 466.662798950947
9.71436639305525 13.8240532428716 28.878012477612 22.2264636419026 11.272308668239 20.2152710225386 420.534357981936 317.043226165609
9.06288900990776 15.4048211504347 27.1472639374214 23.1986928901531 14.9028568947199 17.5730371984471 432.132297897598 325.792626862157
13.6654694441637 15.719550416486 18.6330152138121 25.4975702764177 7.68786925139216 17.6609312112227 421.789751097392 250.043841643578
12.0212765274298 13.179343905708 29.9408487089442 21.8045689953671 8.20268928052105 27.1561221241567 419.042634497411 272.081752801077
13.8307156657885 11.9356271429638 16.406675300843 26.2401081674536 28.1198478749657 21.8708919793459 345.494276997034 485.42817379518
16.7330306528034 11.4930043974416 25.2423465897853 22.3065339520419 9.151298099831 19.3681337779162 136.251529921462 463.424980995501
17.514816986737 9.92800039786674 17.4575574122296 26.6622795823154 14.8592055473735 18.6058242736492 394.984477239822 399.311907651392
17.0623688767495 16.7493662472056 23.092012891737 25.3144504150666 15.2610684267512 21.3777662281933 147.727240506273 434.5118116633
12.652941320405 9.62457138440935 16.0887364588694 25.5432124017966 7.7663529927678 18.1004391204005 403.222744101106 404.83294770239
12.8138196728536 10.956938211994 20.6127610704734 25.1077734588069 10.5859207365055 13.0227655114163 307.821818768424 409.683788524986
12.8213341131511 14.6361106098613 17.5123333330382 26.5795801725763 4.04070983977531 20.0337066397863 303.313284494949 290.493225936762
14.2375640738235 10.8075688532059 23.634423236874 24.8764103925136 11.3003631609157 22.5953461694643 273.608235187348 439.331254166903
11.2976166598792 14.9005427199119 14.465354910673 26.8777220840851 17.0636500640723 21.5647253818921 376.060021048966 396.109317981914
14.0358889803815 12.004188414714 21.1074300041825 24.2071123999147 20.6496989438091 15.2676587074149 320.917090716204 409.211658637202
10.7088144572534 15.8135862622202 13.3019796323181 26.0219813792315 16.7095068700817 22.9876292587033 374.142951949823 366.953356974767
14.8475411367968 12.8954567701912 22.7936109056461 26.5403527227838 9.70195194010361 17.9166356608499 212.013320028831 472.574449627846
10.5626089712327 15.1248934468974 24.2730020112517 25.8073325380865 8.86518757012244 21.8251181174623 228.307947486998 432.093790277852
14.1398143819054 13.9243200830145 22.1472645274263 24.3253887123377 19.1548873225948 27.0900419480591 235.70246009198 412.685118154302
14.9445171430394 7.7959488209955 22.1369054131584 23.3914910020818 5.20951316925257 11.2280099499506 311.694908977145 420.147836370531
19.1292466085953 14.0069261922334 16.1862488477447 27.0419524514342 11.4139228765569 24.6904942244887 235.493467589215 460.747367507787
14.4706187696037 14.2712279184282 12.5374922326551 25.8650228848975 9.18346748829866 21.9783805417488 383.247580112421 409.526828061957
12.2902444654311 15.3201707714776 27.8413218514924 23.6906929392824 29.9697173841155 24.872664112248 190.295950068497 438.773941048244
8.87096981344888 17.4961410014028 26.7124708307974 24.2891940842828 9.15917033590327 21.6560577295486 480.41440416548 186.736667088006
12.5572455771323 11.6302966044907 18.6518685676476 26.4224484409682 21.6142631622861 12.9286541862531 314.571027347789 430.539370040495
9.40061693018507 14.4875217168191 15.3760009554627 27.7629031641115 23.6914462341881 22.7451051772715 412.971362284009 383.179361461167
12.4150130384815 14.150587295686 24.5970697451438 24.314508726793 7.2010906596007 19.900336525708 373.111707086215 371.605479480204
12.3906680560333 16.3443381042463 21.9603758072124 23.504103839719 25.2538523155757 24.7743241214459 417.164471930916 45.7472499529243
13.9610798046804 13.6861561778191 20.0775096158601 28.4078137718229 14.3009658414132 26.6976118776786 308.871307420301 423.156636853334
11.4434241171819 14.3104632457336 20.7451099759124 23.7317122455666 13.3666512985024 15.404167136183 222.915954390193 469.699267016816
14.0681280844887 8.56069119301231 14.2135461610514 26.791309497717 9.64162287810549 12.3324484263974 316.725891141571 406.992635074668
11.5540433845342 14.416665452572 17.5548680402975 24.2687214541287 22.1655900868032 12.8624292823566 222.537368544533 459.84113214329
11.6816352040701 18.6527129244207 17.0941942601245 26.0231846846658 12.1881579098007 26.8226133625561 378.046323408396 293.843604148681
14.56007805357 13.105769773431 21.884600964419 25.5679880109906 16.4573162317043 22.183065731635 417.68492085705 277.107246617684
9.33322994425507 12.4054610256881 10.1145639560763 28.3060180849153 9.70213963639266 21.8321487418509 439.164887682108 368.635897146204
13.5199290941097 13.678985556866 21.0976076255716 24.5222812205146 10.8680736056879 23.3871102591083 466.816169507677 239.084433353275
6.83505149455824 14.3450125818925 21.5244683480137 23.4078346461817 17.670064161755 11.2745733236877 359.688989681023 399.099108772166
11.7150732032146 14.7218739130606 22.9010890037896 24.3346786009203 6.03526915854123 15.5418575578098 289.769761803704 437.130484156204
12.3899752940667 14.5333801807122 20.8870083328907 24.8685468034145 6.15055418100257 16.3790966284469 388.100829900942 337.100230878757
10.3665990821736 14.1329956082501 24.1526433525572 24.5305279106995 7.71786326697332 16.3886647307246 412.335392123949 331.485577753461
13.6440871553353 14.4054598054066 16.7196906694516 27.7069047258585 6.41455937031071 11.8795197509153 296.976786387298 435.971263693822
11.026215349057 13.2133812167005 14.6745212232885 25.8157275613746 19.9520208697223 21.9616281148536 463.02426579528 258.108782780648
9.08028273704705 14.4194047744698 24.0521503029241 25.4424466323397 7.13856177120271 22.8923436582203 428.24483238607 201.748258503804
10.1831301894283 13.5117340223257 17.0507342500315 27.0437976088543 16.7999160551837 15.3908598165417 346.999075807894 426.153003032417
13.5361147408981 12.5830821096076 20.2652103969045 23.6753580026624 21.8467010827357 21.2608333034961 233.867451442123 429.821392244304
14.2424069949738 13.835224715112 19.0149542045142 26.5831684048861 11.3657652842435 10.4837698755416 439.960730160197 198.433932156989
9.5152177038293 13.7105230396217 18.6374161963999 26.5051648799623 9.81525222785083 13.6457341602893 437.550826780585 372.832140434291
13.9862319514401 15.0752749826403 15.8191736177389 25.1886733886028 15.503690237448 15.8783988620604 59.6149375091762 425.997412252514
12.2262401785926 12.4489065312049 24.3820071954428 24.6234706550223 6.67292087501415 16.5057548267204 331.313416120908 474.241943701353
12.9049211835837 16.530013368592 27.0136986757932 24.4105042124261 29.7677872379284 3.58620826579677 421.723592838467 269.82331917681
15.8581141507882 10.0606911872884 20.3921348410193 24.3690540819306 17.9615583702017 25.5725642229907 377.276127917891 336.67601465484
10.8348973847058 13.6124487585986 26.4552333047129 23.5842890020007 25.4199964974379 17.242911066357 424.608025591432 379.869979698131
14.4831771065585 12.209667094128 19.6413031368526 23.965196399516 6.9404016538626 11.8525581360381 402.595426245873 286.087575348495
10.4377425372014 13.9564461119929 17.2790310795272 27.9960271968096 14.6757417497879 16.2158223751547 339.604387150031 441.503930470042
10.8755111952775 14.9859395018304 23.0683661160161 27.2517498136271 20.6684310759357 13.6270010810785 421.6641674607 267.674720392877
14.5790815201481 12.3807926475619 22.0750666568905 24.1223516046798 10.8952205582996 21.8862533164713 363.839837635438 333.084605611467
13.3723312432184 12.239539974453 21.7651655804703 24.0318513813483 21.8298231900951 15.8714499680243 444.103426778591 271.714413018594
11.576333838387 11.5062965667832 25.242010692028 23.2212911753476 8.78553589155143 6.96399854312961 353.923546983155 457.550481151101
13.428284267863 12.0846951271992 19.4117410305556 26.0910567715109 6.79216578777131 22.7206870325079 174.800035421321 469.445621039556
11.2441256463286 8.74476499336286 14.0994494192387 27.2021579738252 8.41318849156047 22.7836157513528 347.122239969447 380.559265440692
15.6560998889005 13.3021143356088 23.0387311349973 23.3302662104451 18.4677260966614 16.530129123308 388.073015866992 251.933154402138
10.0157884877369 16.1757469167348 10.7650646433554 27.4671387017333 13.6764908645524 17.3854614361457 436.010972062254 332.113633592358
16.176683389795 11.9067818265298 12.7298813866318 26.3742296263977 25.4644368461881 10.9498642438857 114.17755959798 481.452651932419
14.3377751100357 11.4942958495387 24.3625820700785 23.9214526474307 7.20935788089263 12.4498808401643 488.775139232194 164.788010311551
15.5585898558269 11.2899496499022 20.5008628228625 23.3721310219093 11.5321257258036 6.32905245373803 282.024818957726 392.763631663086
12.7216905057221 12.2291186999888 23.9725738309572 24.1777524649723 4.87105320995637 14.7828868762638 279.00097412668 432.68433761343
13.0934519318045 11.2853489083079 15.7074203583851 26.2825812346127 23.4854337909509 15.557242635756 373.44890912808 400.757269608625
15.7184641109051 11.7183771684683 12.692180292827 28.331383983898 24.3416625396772 10.2856576885625 322.448041539339 398.541838180136
10.7770425116655 13.722687423589 25.1706299337889 23.4121569054016 26.9331143331362 22.1288783538679 153.508141186493 396.636239588905
13.3465957573682 12.0505754144377 16.1161324719924 26.6052467731171 27.9515593424405 23.5933805681027 424.503548187207 358.134109557809
9.34678537042061 16.1493746851386 20.9676416030798 24.3543244034762 8.00270298645864 10.2412260585041 439.421780694434 190.581479731049
15.6711925489518 12.7693199434317 19.5063411281119 24.256759721259 14.2212197584779 25.4156655091057 225.26857731707 441.072149790089
12.6313833193113 15.0477314518463 20.9586094351409 25.1688068490662 17.5113246687909 27.7177447818866 481.857187373262 220.685393143086
13.4451062111722 12.1251507604562 11.5003391250433 26.770871150827 7.88708399857925 13.2203385108005 420.178756147557 368.611161595601
14.3338251016514 11.91732524259 21.3892934964255 25.0315839923376 23.6992780141872 21.9045199261294 277.029553219325 429.585537986197
10.1270122883378 13.9611627817111 21.7989911225564 24.8593635410448 15.0850542569017 29.8894126089202 418.470364129616 360.633005880302
7.16551356831125 16.3531039640335 26.1108449405979 22.9671925837129 16.2358030406562 15.9289246237005 427.783023514757 235.985806033342
11.0379716553917 18.7610825281381 18.6536005632038 27.5213033542327 3.54611090718833 11.0384638408464 455.565333359055 341.101889008087
14.5020074564751 12.30953276101 14.8357133053718 26.410882293654 9.02060226877296 20.1806968082541 347.757445122512 322.006556053546
15.9735880120796 9.14533437083192 26.6909038151985 19.1614295947217 9.13747745410034 16.0321717087855 169.658410387368 471.500279472594
9.38371879351425 16.4749017712016 18.0214474870322 26.9547244888583 16.1534312802237 16.665859371335 412.513878672577 367.731988546258
15.2297565027146 10.4753500279133 9.80682948542817 27.8505158395862 14.4117373721691 29.2785529891686 431.390329142671 347.139830654103
9.96622946819144 14.047152197765 14.9571375315101 25.957016918242 24.4458365873352 19.4761237336893 363.738884550382 418.897716962311
13.8740519926343 11.5158441229776 16.8037374928037 26.8789448617401 18.2585339859268 16.0477896837425 325.12850977596 421.085132908619
9.58369529306665 13.2355121718611 15.4426336128282 27.5733212112367 20.4861242636767 29.7171013216387 364.938607226147 401.653172717877
13.6477868212861 13.5943518514765 19.8350541676601 23.8128952114134 13.0400205817417 6.3769927942306 405.201684132079 321.61423830065
11.0741301199202 12.9907033319596 25.6936684312793 24.4341445163559 24.3973690752355 16.187457746742 382.772387077729 365.71664988678
13.7206111201416 11.8089627251491 19.3895877617542 23.0400623139704 29.8272816670288 26.6142440348819 247.725320226975 387.882896878285
14.9473796663563 11.1483741295761 21.7484767578736 24.2848280010794 12.8748992983392 11.7855946869569 335.834544694992 379.874603833275
16.3374392687496 11.5982404399342 17.3392738414506 26.4069999242782 24.3291965404808 20.4908803002622 266.191025457945 430.802380233008
12.5928945712286 7.88401537910147 17.0605773743361 25.6415148361187 5.20912926630012 17.1020729660911 489.074629564661 419.080254582446
14.5791965908836 11.6797209783106 15.8998225536667 27.7447442759419 13.602847909867 13.8276171941055 358.817339355625 440.882911741348
10.1289818332405 12.8753550976391 17.3299836534115 26.4904456429491 26.9457822430153 26.7191278828801 238.60418629624 494.872143780066
11.4024095188624 12.6308412853086 20.6939553721487 22.2553119209115 26.9911178837593 27.0294203260647 291.927985541184 404.968381416274
14.4297440903742 12.6422209020599 15.8950722491273 25.458791238933 26.5730515526939 10.6328170179881 304.433723006306 403.5533325055
11.5019059564074 12.0360552534258 23.6241540383161 25.0874359275198 21.0815348747193 25.4850362349988 234.765776657553 424.8173190485
9.76216291651952 14.0783279458691 19.2109496803026 24.6197462388439 16.9257004538133 12.631065504013 395.899442234577 354.9511544104
13.5633392662471 14.835546455497 25.8560686446302 22.9607892425449 8.56055301329344 16.7277519134675 409.62535254762 181.945752420907
11.5574213856511 14.4769045464459 21.7602803940885 25.0877499502127 3.116541239406 19.881912701011 415.249648353138 369.492518047969
12.0168546026698 12.9971879186166 11.7640967205885 27.5999508830011 7.54413400952005 20.4297780590472 237.724714124535 414.345428414449
16.3953661538396 12.2142276565745 19.8804181849419 25.3390538204424 26.9582449874602 20.169804576677 322.072501722841 442.582327903854
14.0879637948389 11.0847189124504 16.7889029496526 26.2128740066622 7.27499700124478 25.4173844927232 310.758743877262 423.38871922776
12.0931555516206 11.8782718161147 24.1971376202086 22.4933960057723 27.4279827425957 16.5623872064457 231.055839783989 459.277055947679
10.2587106689096 13.376187043869 17.3586335890003 26.235130307194 14.9882120812336 17.3378646158482 411.296142728544 281.595132013262
14.3067612585151 10.0826998386105 23.2384715422949 23.0928672323414 21.5175729698204 25.8357231308057 175.467216419588 449.687699430424
8.11287819245449 15.4319794711266 21.6753353098674 23.6624458551941 14.6609200164759 5.66560078021404 454.811981513594 207.665507494252
14.8430179498715 12.8332662987533 23.3223539567615 24.7440417662108 17.4289168602664 26.054196967582 475.967840657233 116.652495466985
11.5462363717843 14.3498117486241 11.7565574509032 27.0077783219202 13.3106447321201 14.1624368187325 287.331079918245 404.101774096531
13.4266395374929 13.788321660481 18.1075290786444 25.4673133630385 22.8448835374295 15.0413535260173 397.525069647165 297.295333303044
11.9213232465495 14.2590135617725 16.215362307973 26.6701932273859 1.18200680634551 26.0631836724507 421.093671756814 338.565016509599
11.2087322968138 14.6145270406666 16.3610576095448 26.7246732167951 13.7081670123107 6.80967774057384 328.325210762467 415.712219618409
13.8465224099188 10.3747999256212 21.8310691646022 24.5206157475323 11.7692491660071 16.6169630369817 387.254134927846 384.082560807021
10.9724206971852 13.8686842484467 18.133482724946 24.1706409586579 13.5211778201801 21.9654879907714 432.275070637325 419.436134862981
11.6736130106526 14.4830771090597 11.8250532543491 28.6093874614168 9.52266016873374 13.5616360647688 430.620024482197 245.04945520658
16.0613568217766 9.85013237230024 14.7900822668263 24.2916618009571 8.38312310105802 7.82164387361244 422.586945299828 402.790052114309
16.5952941064136 10.2051686016386 19.0006476389331 24.8100551536126 6.87992064567753 13.987393702842 316.363128929863 445.551853055365
11.6368190212703 21.3962770849085 13.3347651703141 29.2170487617674 8.19028735674822 22.5299761188889 291.378541617472 410.896249289121
10.9284018879096 14.5767014478267 24.8152909042104 25.3948286915349 24.4021919483292 16.2926727732192 391.038240142099 399.210091659094
12.8089613926045 11.0591757108046 22.1870455128868 23.2969976228763 10.5354385598483 13.3075795048849 270.025564656618 446.743472550067
9.8301256245499 15.0571561232141 20.952847867288 23.7484360036084 11.9584848213517 29.3022045334157 261.040951995118 431.576580395666
9.39006696378737 11.3695506280269 25.614221417573 25.1611214092515 24.492427723095 25.1370127261759 347.205048209793 452.537623134338
13.6887705181589 10.6220400407345 18.3246827320906 27.7080494364619 12.5024865903133 9.86446845831066 318.655200140984 414.843856333895
12.0576121011864 11.6449347422812 13.8366858740992 27.1313969520401 18.9913904506199 16.4707085937824 315.48334279446 421.842833590189
11.8932583120186 15.1990153895057 19.7290344165037 26.3483616893251 12.3554726037232 22.0535384249762 300.405454312644 402.1955174018
13.4536095490641 11.7858887758236 23.6518292983965 25.2804314972159 6.93364343257487 21.9661983707176 278.980385679922 414.421733508375
8.20223785176225 16.5158234297741 17.6176632543828 23.8228083322634 18.9807544249686 19.3558053300716 353.322508829984 200.929632324043
13.4283274960229 15.2906357280886 16.8099337982306 26.4116900297628 9.14965315140757 21.6434526581175 359.459267210268 390.764377291218
11.9132438071666 10.9382405232629 23.3639626728735 23.5007966848508 23.9353138856378 29.0822075147823 392.541268789789 314.135686908851
12.647947711986 11.4974466454798 23.9441577431225 24.3046575816436 17.7148828852384 16.5486240769973 404.467983699521 431.240081804027
14.7119069104128 11.0521096145631 13.927784817372 27.1954670290916 12.6777633382638 12.1239282703633 163.659774065729 454.878833902974
12.1336369694387 15.0886470639987 24.6401930564922 21.1211857307186 13.3224096115319 11.4627071747489 402.018824719045 181.720416458362
11.8450641203679 12.6886851287844 18.7843794108812 25.0893797707573 13.5919449130297 14.8223681466238 400.173922241954 306.38366186491
14.9694820276684 14.256412425589 18.477969534065 24.2037814587663 21.126034220736 15.4607652574882 418.876112436827 292.102490965731
14.8213779549088 12.3031127464278 19.8163413417723 27.2299318292287 11.8928951205482 8.06934514525781 402.767394039623 348.478846425762
13.3605804622148 12.8673724646988 24.5303167621611 26.3562377165321 6.52617144016363 19.7314549752757 423.688401687826 261.318088119799
13.3782474081761 15.6973121004734 20.9075708258764 26.5298814233641 8.65545837447754 28.2824536394063 467.191599153441 181.608635025572
11.1644607626161 14.1062760515486 22.3754955701991 25.4147202171627 25.4067250452248 15.376458283221 396.072253184062 101.669287902545
14.816391459141 13.0250196853163 26.4932479204659 24.8515950752231 28.11883995358 14.7666398459801 229.263993058001 428.817430652314
12.2303220792789 12.4618267978875 16.8755310169359 25.6576068972494 14.9695729913014 15.5727173899202 312.113148936917 434.437691591396
13.8336221874867 14.7518451869835 26.1410673707503 25.310330477298 21.2717958098065 7.52239368790943 331.507725189064 448.10717683663
9.18897104547981 14.0932759407952 24.8795213713381 23.9978584246731 28.2512655971915 12.557900207487 492.760127478933 96.5626304862157
19.9448967650166 15.7714899882491 15.292071125127 27.4198786559178 4.30013353967728 2.3303499412263 468.34241607874 319.493580814143
11.7926887117484 16.1405402417481 26.8667629518919 24.7993068843549 10.8895503617005 23.1289850470582 426.741247618072 132.465902985795
12.333980356946 13.7561237591038 20.7076046711373 27.6764784921475 2.89741545340916 25.435346922224 389.337650352221 293.93756260656
16.8195765588559 9.0147522920497 10.0376295877817 28.0442455728459 24.6607570328126 16.2148817573016 361.751994846169 439.052282110852
18.07523174133 12.0519794579204 27.3090343234187 28.0608754712034 14.2824763039264 14.6499674512154 398.310384869105 328.000324189657
14.2489034052356 15.1400025167227 24.957147291727 24.2659350160587 19.4423746479223 13.9113993397891 197.159826637662 362.772813291827
10.3077144403452 13.1696022910369 24.6328385031537 24.698400546976 8.26215699573333 13.8558716338812 209.341935146172 428.422970480443
13.8557643453905 14.5627527867968 12.8093865557689 27.3647823995835 8.57265027163416 19.7094951061511 390.266857184333 290.862737249318
8.9179563035051 15.6504120762052 23.4474758446873 26.4308534929992 19.1905747283482 8.03180113841206 309.762050314992 410.658853262996
12.2441304388517 17.0791057077804 23.7273227393576 25.2072175414049 6.46433984012749 21.7165372073541 414.161910989151 306.380949828356
14.0498404605582 10.7563836212053 17.6601644725133 25.1149970699224 8.94577286611035 19.3990919562227 318.959853180135 440.428351034965
15.6017541258419 12.8704460979312 22.1744713350128 26.5871466338412 11.2341025814653 12.5546762578869 243.036835339067 434.602201115118
14.8597158917749 13.23346558145 23.184292392907 25.1393813838552 24.1036729507646 13.3987946084033 362.493864058006 452.655309440825
16.2207083051435 13.0608994527075 25.0642416067168 28.1327600153808 22.0617308066964 6.81149227180569 430.713652843287 325.756374807821
13.7442025290707 13.5604458868139 23.2587260355476 24.8540551681146 16.748179377295 11.9430016511538 430.284045330113 289.681380589483
15.9293680606963 12.0656941501955 24.6063689785522 22.5909802572554 13.2227217992557 5.53120638940354 301.410191090367 372.680446719539
11.3375202100677 8.27873584784864 2.99314671172766 27.4509056943445 3.50513333954512 24.531415823886 352.919065506114 403.682419383528
12.9451241755869 11.2225934159546 21.1841654152773 24.0837167209747 20.4504698419344 20.6023676616872 420.324724691117 395.469042483016
7.8965796128766 15.8348476266308 19.9527151862078 24.318738142651 13.4039593670337 25.998984055283 415.663152135279 366.295221444845
9.53198157266831 15.0552832432937 23.6906717497827 24.6732542925963 11.3156705438363 6.74520944314621 365.780419118377 356.257380821443
14.2689830259707 12.4661007497127 15.7553343638322 25.0171040619682 23.4352766929171 16.883970004217 399.1196356734 410.350057628505
13.6001228696591 13.8563166706739 21.0112899150218 24.9229722852988 22.8800078877477 11.8490846279261 437.667491759215 313.43466171969
14.9032064079816 14.3457403964274 15.4181555098241 26.0373219142581 4.20761301090971 5.14818984907677 413.472345113901 332.413923973724
9.90341900359874 13.2034223289655 20.3891340422526 25.2715962785111 7.43926614344449 9.2745337027104 336.478918896017 406.199935114692
10.6209226071002 14.6125260118176 21.9820889620412 25.0244821324054 9.99893120168416 24.3463823595515 400.389142633756 400.549111709296
9.1870545428092 15.5514864243763 14.9170222810102 28.3774499466365 7.53181608704443 17.1020213887026 447.048595882605 249.751352455128
7.99768820072137 13.8653852838273 18.224884257972 25.4613143454516 27.6853790220716 27.7805571054222 331.28778373253 401.832596988834
11.7642092150965 13.3629741251676 23.8053178128487 24.8931790182569 7.28715993863424 17.0365174702515 215.721175122175 465.969546906493
8.40204068888397 15.1086173444825 18.601452453592 26.6257619503597 6.71417354085866 15.495294052764 398.217701413461 284.740899620362
13.6079211237066 9.82688806099489 26.7414571393996 24.0357406965236 4.16689223298074 24.7801320567459 337.170209872569 444.221266729883
10.3328462494416 14.3153912648782 25.5752633368784 27.2361438290632 23.3179953774722 22.3231139737902 366.013975259314 412.708700161866
14.5721996279504 14.7701227225746 19.1879787021904 27.619627477123 7.85292621193398 18.6313483962361 303.488006332555 430.1275389131
10.8704712616926 13.520633043014 24.3824343930627 24.2167689607557 25.6605113451526 23.98640487891 387.444521532091 403.128941476504
13.8221514836904 12.6179198916974 14.2649838363881 23.9437581873485 17.4187639357416 17.7113208979876 325.237703829836 412.158924575199
14.8584499896427 12.198842678015 21.2274136888604 25.1271384402027 26.407187144482 21.5968801496217 246.93296876737 473.519054550805
11.2010613758814 14.4100170118284 20.3715415688989 27.4525534059099 10.4979814700421 23.0081514030529 367.966986919843 405.898387822856
12.1514138788879 15.0764602692239 19.3044091363088 29.8554679235289 1.97146367836083 8.86473634326065 355.093013486729 399.936213329726
12.4919173734618 10.6783269843068 17.0381346875268 27.3450637262684 7.2177371077173 14.0241647241629 316.837826182297 440.005970192183
12.4737346054271 13.2689302225476 18.9457369467424 22.9242749695728 13.1814998846395 10.9230432096847 394.873427632194 339.002765589574
10.6635520687849 12.381185774144 22.9430859562527 24.5741183177208 10.7599302411424 22.995717977158 226.034598849218 439.266496261496
10.9583895713183 14.756651666716 22.9100891148387 25.4663039022132 10.3161514980326 24.6350823507231 379.427630559913 414.95774953608
10.1218375808974 13.1094560050722 18.5449668524726 28.1302127487266 11.0524526522597 17.8604324229889 377.077308522251 429.309877526111
10.3608126445296 15.0201654881975 24.2994109754312 24.6240547228892 19.1036050249548 23.5361181165245 392.491084050309 364.040156516992
11.7817878390793 15.4052893042223 18.1852818537352 25.034494294735 5.81788282475876 17.636755254796 443.458784868275 254.980758626598
11.1923160916882 11.1138245438803 18.4404980214502 25.1489342111642 12.2912137274812 20.1661125157406 263.790569251232 436.560250126543
13.0607234067743 11.5326379341549 21.815448057144 25.49080338378 14.0702098259658 8.00153317729292 475.679356275162 222.483912640074
13.8290069636244 10.6378694237823 15.0500409221807 28.4758598409109 12.6405111662792 14.6179789914011 328.884911262778 470.853889687655
11.1552704184365 13.5005674330326 10.5754672593335 27.2294838175801 12.8176503172048 15.0623511927004 404.193425695476 370.746258921728
16.6747078776947 5.65733214197207 12.0080836078834 27.5872103936024 4.56306304264242 6.18261218598412 395.287688865322 410.109726272404
11.0945981253788 16.1087030489999 20.6559710706914 23.7653292706965 27.5507907787468 22.1119913919851 156.553945912816 443.468991311847
14.9873614924244 11.4842890651378 20.517603183006 25.2218379056306 19.7545190253118 13.773934990675 241.738619585922 481.503213836335
13.0916561624309 12.4617952475058 26.3484414037152 24.8143154105461 7.10212333252423 20.8330308471174 321.425503000221 460.501313261438
12.4365766920886 10.2386204301225 23.4437334831742 23.7308628633841 15.4370584303306 26.8507287160812 440.543372349025 328.302014851934
12.845120694832 14.8740171752496 16.896186523534 26.347228492178 25.2854169271386 9.39549426185425 212.946303978513 472.010874920076
12.4693056898654 14.805440501937 23.0947196297665 25.2413015750535 27.4002837843306 15.9726829080838 161.339441139116 467.163753718697
14.2978235236811 15.1971585584003 24.4883252870365 24.5053664801456 11.9092081498111 8.3673340479651 219.209852691418 422.040098307196
11.7998612024083 11.1672591416974 18.7196267278613 27.0704226348251 6.09650744827566 14.234024276602 269.39677768539 454.324133599144
11.8357667585955 15.1644957121527 11.1955939780209 28.6038599896678 15.3789441334999 23.2978405825493 296.426716337562 442.856066448791
12.5817728702564 13.188383195231 15.6866041675948 26.5440344353994 26.9320161220917 15.3527044768002 313.48472943196 430.197195065555
14.9367141477035 11.1462591517718 19.7136052951072 27.4954391457173 14.1342265692204 27.4624952673505 449.147855542842 398.000691222961
12.3294011206991 11.2539078137005 17.5282587255229 28.0309281970051 16.1045146999375 26.1715787495097 377.682290927763 369.558426525855
15.1796812817171 13.7077303908874 18.1165716870667 24.4103930175652 17.4518913155091 17.6523127452372 421.429920404985 164.075039854774
12.2593065950819 17.6071659790549 22.5285154549075 26.4576033263108 9.73163370187685 11.2664329370122 414.943763103509 200.868495622513
13.5757728541276 11.7726524007408 23.6438417765507 22.887594326976 2.16055345785152 7.42553435606181 270.794196482602 374.067993707786
14.3282439579356 11.7181034013315 23.2621176915942 24.8131540060429 25.6566158404254 20.5565658508598 396.387565636879 262.10107024049
10.4062425416006 16.4038549452286 21.008689105985 22.9238460107197 10.9423590366554 12.9207842840534 205.380592401928 449.948182365058
9.64065349643205 13.889135953896 19.6227899571206 23.5426509768196 5.63661546604863 16.2947991122977 287.158948509397 447.719828190538
16.9137380995725 14.3789107327209 23.033778778743 27.5122190257439 15.693072116365 29.1077887539702 429.479759001152 120.597370784343
9.71666998338557 12.0893630667417 15.272703148946 27.702071284475 28.9221465598018 29.5080178059338 385.385065105454 427.497909974662
11.9240109368148 18.4680513697454 17.6122470962192 25.872153175601 22.5118836181366 21.9065796048693 253.792826088291 402.173631564091
14.8863601883101 11.1736783886989 17.6522515777408 24.3433612391575 14.025177670221 16.6220004105946 286.273660399081 410.867706301361
9.82462386378471 13.492127566514 12.0109308274768 27.5367851154653 18.874218355316 20.7715372972984 335.171879553184 354.552970761873
14.6884846670417 11.2728916765327 8.39549722040055 27.5927759891754 27.9020682655101 27.5519258237246 351.04327944982 355.903032326675
10.9684909911844 12.5280836292653 25.7728314272569 23.7818297970365 19.1671700473941 22.8546814989042 315.800092725293 405.879061208016
12.0730064688486 16.182185011155 16.2219566843637 27.2917858544262 4.55378160891946 9.38701514451578 366.438774169849 412.201495778678
9.27992144892031 15.5512644598051 17.0950967037001 25.995270683671 9.83921670029476 27.7277185018695 288.538892754278 426.176580993427
11.5117069782824 12.6381772940717 22.6450765497006 24.9449620034361 17.836795381834 25.9138293615398 423.606969563351 328.236455202073
10.2678112273385 14.6817677305525 24.7773510798677 24.9049703036503 4.48388839998913 9.28941269463935 335.029607457018 396.381067639728
11.1159122024241 13.9586813845321 16.7255094411921 25.2627779971984 20.2405498830213 13.3974748046416 321.078688605131 436.367339856147
11.5203280350207 14.3673212095776 25.4718928403293 23.7720204319731 12.765344326307 22.0967760371494 429.239234500511 206.479029854083
11.1796353966774 12.6355956283323 21.6822977992401 24.2876558430479 15.1309035533304 8.1707100570899 382.652628318848 365.867791611462
11.6871457494399 15.6241565458229 23.7576157031667 23.3687785210396 26.7941561736616 20.2758403227518 322.644923178095 365.944478816738
14.9095934499859 19.0890196373942 23.4910747483054 25.8357738099227 21.7426127177324 17.2119658436827 202.845340184396 422.161678091806
12.849754694598 15.7697528460056 23.2390976793915 27.4447366107764 8.21842822972079 18.7875817895615 288.8568393761 403.334844120909
10.4128366803654 15.3238216267887 25.8613425132725 22.3979526520874 7.38900712799409 29.555607216959 296.055378414942 433.175527792983
12.0541918127077 13.8384079928111 14.4310230877178 26.6153526720102 7.81200746884821 9.42551276781074 423.447046018682 293.555775965737
11.2371659652661 12.963648751372 18.2110157977336 26.4423380374191 13.6231456865569 22.7724232810954 373.695796261292 407.765472784735
12.365821525985 12.860109477379 23.4211017720184 23.7846966463197 19.7065923303901 9.1610315815752 394.382122619374 301.554888305353
10.4054682526021 14.0000550346711 21.6635361505699 23.3940709922206 6.60592508838895 23.4650053695932 328.615028550563 428.805926156769
15.8514504390152 11.9061762490878 19.4803304923988 24.3709414060385 17.4165584254974 26.7726660992301 234.08444241481 427.607086595486
9.65737895572569 13.9806666314364 17.1191902081863 27.3122510614151 26.9673897901834 16.9067829382399 388.836389493668 262.75889086214
14.461941489685 9.43349495892745 20.6589203972485 26.267343168725 20.613466364118 27.3762789331658 275.283413496412 414.980509105052
12.0564427827397 16.05829035317 21.1826346587418 25.2673702959038 6.67860501799988 4.8908867589387 442.387345321718 285.525395497376
15.7385191247273 12.3826188027118 15.536677396037 26.5763851280542 21.515483572567 20.0936354135124 331.965273203503 343.695435236222
11.7617837476984 12.2934764274093 24.3403725264097 27.0509437752273 23.5180197330162 15.9819978193125 252.651718493801 446.634295893491
14.5571099537168 14.4490288241903 24.1702284315086 24.9441625593846 13.7928956057392 24.4120123280329 380.037948602299 406.619414770452
15.1721473495104 10.06228045089 23.5859726248073 23.9057739619069 6.77595950027844 6.71442007737728 191.571160427848 461.395397741185
10.9864973181959 14.2064487734191 16.943208870459 25.8699537086185 21.1252254792827 18.1718737433621 313.536793836603 410.427141497594
14.8619999349045 12.7951754476995 23.1424002797123 24.625584755596 14.7450310075814 12.2607413682906 273.582070499833 403.796814901982
14.772725885563 13.8655535634566 24.5298176855028 24.5301867600796 8.01006756540486 23.989842169382 276.639438355301 438.029925396227
15.2192985318931 13.3588828338023 25.3010098822481 25.5154896574889 21.5368138137259 20.7755847608647 249.468191991892 463.965701474922
11.3935888836962 14.546102360987 21.7067679921039 26.6633777810551 18.1722355993557 17.9680690332902 456.988696541237 226.646420406732
8.57460617660272 14.6595350350709 14.0885564651049 28.5316628092287 13.588731561884 9.04892500791142 332.349053147468 423.760559521009
11.693991412074 12.3487245291311 23.6045968821209 22.5859666357027 20.9729991407437 7.25376308615261 353.286444685833 311.615975643237
14.5979834194532 14.5374489326215 25.1073999513964 23.8391562271085 20.6847978473595 27.8174978532997 424.664332935206 161.346596131715
14.1045454903428 12.5901346538778 15.6967006923158 26.2253969626753 9.70173994138463 8.08888233843524 369.628559802346 338.233293708383
10.6152894241322 14.5431771400867 26.1105333391642 25.1675615868474 11.5589588782115 9.42784230771812 414.089889120888 340.345696787629
14.8541133164511 17.5713619062034 19.6181663650597 28.4934746556781 9.28112171064909 28.5332850299168 237.863930924155 452.198300776243
17.5040115905282 13.1236213920088 21.5722801425236 24.921699534102 14.8122644861604 5.09414584644213 168.915934837928 443.298729332572
12.6810389080864 10.6615400314824 20.2294607659212 24.3644724081144 6.11739333819696 22.1478067190875 236.825562856117 467.906351865949
14.1020787381401 12.980450946492 28.5668660940662 26.8404305303524 22.828565081825 6.75785099842062 274.32798727727 438.092577382742
11.2571631222376 11.2487342675653 23.0635398658501 22.3432970439945 7.22721150953938 19.7761724541887 279.646893283685 442.834136362891
11.1263555903115 15.3993280539635 24.0341866958953 25.1704901836178 11.818486108844 21.9192331857338 262.885787537038 434.406405590174
11.8686667136873 11.9392989213227 22.1035098706579 25.4526163763331 4.48115636748352 10.7361984021199 203.660439300868 409.210632073776
12.3692369803727 13.7059010803445 14.2145263496682 27.7140891677649 22.2499295139855 26.1868366442279 442.840584903054 227.325013034992
11.9788140803521 12.8189735259236 17.6573882185853 24.2055209289017 3.20941732352221 25.7354349991477 348.0288488985 384.316860092302
13.135600228085 11.3460898945464 24.5164879230678 24.0306499912596 10.3305148601271 14.7226922193158 314.640137505061 422.113401498413
9.05299702489373 14.8206054909292 16.5877552596767 25.8236885248879 13.6599142375835 18.0014382397833 400.910532886376 395.639599190055
10.0314345546612 15.3207716683689 15.5944606135084 26.547911997548 16.2255908842086 21.7851231532075 398.304120497822 364.442840122795
7.53009390071663 15.8047106585887 19.6830471381906 24.2352602204459 21.61449966991 13.8550709938561 398.715834921059 302.848312252559
12.7901852699915 15.6538161665154 19.7059889879545 23.8886796476945 6.98887243088964 23.2559846670478 422.210025941542 304.832090240341
10.4259311943759 13.5787903012105 25.9114123365511 25.1828735827318 11.099781072093 12.6594430447065 392.752238900828 350.517536498868
14.0793348535538 8.84453643869231 15.6531299581352 27.2234476183394 4.50438233398956 15.5868854480288 467.513306633718 271.056674761953
12.0303958212395 11.5454693528675 19.3283952278987 27.3848801246399 7.37979656673642 18.1305665786709 353.126417380267 459.131182350055
13.4845500223054 9.564092138014 15.9256424612216 27.7965008814148 5.95726950933544 15.9482226714758 416.638707368202 385.365369496268
14.4094421103193 12.9525184471893 17.2673114337773 26.349108462053 14.3352498659189 19.6373927174744 442.874048344893 257.259017120543
14.715763416042 9.82755652333067 16.5256366309081 27.680098261147 7.29367427515778 26.5054221676382 430.087195339852 360.869255505258
13.5483157986619 13.6875907256151 21.1415826014781 25.2122180940444 4.23413315958026 16.7525576292192 332.333792507767 416.485585627885
12.8003092964164 14.9056913503511 14.1823025640489 26.2278682990723 23.8379340219378 24.7864862069666 201.472153001966 473.413088884638
11.0678718696811 14.3330124388872 17.8342622913383 28.1613319971033 15.9298500115367 27.5381982942815 407.621799263035 424.759707180977
16.8494298671288 11.5820460556487 24.0376347991628 24.9218307777029 22.7909892564028 12.9201515348544 478.764642625941 185.2919330703
14.7036725285172 13.2389874635898 23.0741603337316 21.4446934424839 20.4157461356106 9.35409251316112 265.063039344681 441.033473237692
11.7789568722142 14.1921395630571 22.4549455162335 24.652948237541 13.0001402847947 17.23315357619 317.525304062733 311.936689213518
13.3577434989532 11.5503097539774 15.9535128288309 25.7116279006207 8.30068435771482 16.0663408612371 427.459610443812 340.327871713616
10.1506173313926 16.2130037443232 17.3650234239486 24.2380510392341 21.6646029446649 20.86410684662 374.883249993057 323.199008748887
10.1797621072637 13.0366204386844 14.8011968882693 27.6537746328615 27.5352391024054 10.2319583385052 366.889301268855 410.798254804764
11.3575925811226 12.2726228378718 16.4212172282449 25.9442493076195 11.7657870321117 25.1172060743642 369.205430333409 381.478636317813
16.7158919729803 15.0961002654997 24.8906112238794 26.0481051463753 9.52945429456123 15.0136718370564 201.258206125758 485.284441342136
13.3078127476819 12.6215973774962 25.8368606229112 21.6205808895211 9.50998402820486 26.8229821648317 307.899080864639 406.285081902611
15.2197774685414 11.499534835002 23.2311680301911 24.6260003193186 8.04202512929293 16.1392087709423 193.999816199687 391.669725107451
13.6276103682262 11.8636819431344 13.8092644542483 26.710730958208 8.72195612632711 23.6659854699963 279.955490209842 474.762407514075
14.4352998826788 10.7766055707403 15.9812720659088 27.2904160290186 7.66964110592903 14.9842879031451 359.962536081608 464.172883719516
13.3180876507713 14.0270727259643 18.2262630708069 25.7502960676224 5.53893332122305 9.6855574665508 272.924019472879 427.227989830096
13.4875953835349 9.5457857797474 19.7540550117078 24.8884427697074 7.19803688804852 16.161358211986 385.832564613001 331.976245018777
16.6951795375491 16.4937310003279 25.3686413629369 26.1814878622616 13.7961310144768 9.64915729027161 489.213595866696 99.633060357026
14.3455384326401 11.5079666515381 16.0186562443981 27.4573524563521 8.70300488616472 11.7653691814895 370.811978800314 366.444310353132
12.7284403117229 13.5830159067697 21.7907844728288 26.4510483137406 21.5789679508746 20.893161583921 393.454473629759 244.862048725235
11.3495076567338 15.0079486912036 10.1065150854441 27.0601616758429 19.6116440279584 20.3545593622164 456.355546394153 238.831349483906
12.3974429726696 13.5369167065323 22.5922132770145 25.1344149609587 10.8855145470403 17.0216494739316 390.067119887166 401.80656042931
12.790139266116 12.8652563672497 20.9698554122816 26.6405548024473 5.82487632299565 15.0223834676191 374.573460037399 374.263731592027
11.8795569712899 12.2442376176309 14.1335686581301 25.0284770703569 13.2965657434565 10.8712019840573 419.398811494932 373.168086049791
18.0698009822912 10.7628265919683 6.51173263758036 28.152271353497 27.3274575222931 26.6902265776373 448.989487181208 248.472473108662
11.372492682739 13.1704926918406 25.1931867212585 26.0439169555941 13.3192329586457 24.003328167756 176.488089127935 451.812908944447
16.3747733726412 11.4632007965826 26.0926636508416 27.4876982679575 19.4081750462467 14.4251804428495 312.790765287152 448.057977010336
11.4695159144532 13.4935606822083 16.0672333930819 25.6109888200595 8.81229352700297 15.7786539716796 442.188143887586 210.546841049782
12.1550434045775 12.0696463986377 19.3145885300034 24.3412848203262 7.14465378862574 20.1434407420045 386.725090939643 359.479646581657
19.681714737101 13.775337031378 19.1643847708116 26.8556049500805 9.62577433649733 15.7045778446832 406.243392082088 336.9139148817
11.5643941186174 14.3919356952285 16.9785931712586 28.1964638817068 20.6244304511193 6.68894862767915 247.061881688126 362.058982265216
13.2334810928565 15.1750467111319 20.9533451950378 27.2114190785764 27.8205152944441 19.72772911719 253.587189804907 435.850421165296
12.4041493308066 13.6959246485226 21.5759668920406 26.3621720982795 11.0365485849012 23.6561245648504 306.943002341495 419.87611811476
8.41138645941215 14.2313962697319 6.95397276845525 29.2697633455584 6.06578969387566 8.94663533962198 406.300790338691 351.753600378875
11.4361154173969 10.704912226229 11.6289439363894 26.6475758392265 22.7290396264724 25.6623315612006 393.431057400723 400.53618194558
13.904451852783 11.7775183101088 25.3370373495456 23.9421631712866 21.253205528327 24.6221267512142 485.334249284586 140.606643347415
14.4986566067597 14.7254836405884 21.6390017475967 28.3918027434244 23.0946861179763 17.2499884441393 401.473783789841 310.713548940468
14.4048519358905 9.65761676632043 14.2221953668592 25.0473821769234 11.3460495924309 18.3560901744989 247.86425413616 446.398912579242
10.331266027617 14.5850525935161 13.4164401405905 27.8207631089288 14.2112858375984 13.4380916889132 432.344278154113 336.190774583481
10.6469733122039 11.2420759395482 18.9577932619599 25.5789304018031 21.4985474995963 25.4379257860693 330.80991917648 428.838456483349
12.6731299914892 13.189019138393 18.7940162093652 25.4884121472253 11.6266882679575 14.6243560174813 471.774277771326 70.7427149481169
10.8681333220478 16.7872778887292 18.471355233379 25.3324851158634 7.9121258255447 15.8129884109916 370.8534540069 360.565331679074
16.0615941419011 10.8213712762545 19.4827825040349 25.5974285539939 21.7821978610713 20.4841594733425 270.930889349771 438.591807986523
11.5544348719644 13.5852438083412 17.7518743064257 27.6181529585484 27.307196454098 13.0130515992412 296.160832505569 440.786049549233
10.7609471330998 15.2069493825206 23.9786651781744 23.6349945528834 17.8425804414184 24.6614358709434 372.433600431856 364.358438900948
10.0081729740161 14.8470688459946 14.7848561667755 26.9749060682851 20.9985695900143 28.9566656780595 408.670124152427 346.339770430356
11.9254417657892 12.8559981837893 23.3839168875151 24.5745668558549 18.6999031829433 10.4955307174181 373.78646228971 391.578740808868
7.64027433475837 13.0056829587714 21.4595167695226 23.425540490604 12.4770862992583 14.8166157498509 426.480359176564 355.286138760942
11.0101270156888 15.5366422790679 25.8016555576204 24.613057942369 24.7991676955489 6.65316290707204 454.423167299539 282.506519237051
14.7189012069215 13.5713332235065 9.89071995268884 27.0673476979088 18.2070878204231 18.101973995856 457.447257904508 357.079061784054
13.9449411675714 15.8499712928144 24.0887297391624 23.8068453622443 9.27422175800325 9.30261446619382 347.167932711903 327.983018924934
15.4341329841275 8.21801040028897 16.876521661004 26.8375454542029 18.2412893819915 20.3010943194267 179.384525532996 410.229442146131
14.4730433223014 11.0236727306361 19.0538119919191 25.4062585151196 28.6268657427071 14.5452845229328 290.53233397446 451.657999906305
11.2904641535419 15.5179704495893 19.7380469920238 25.3406248497668 11.3644650406292 14.5557428262057 379.540571842716 375.220502686621
11.6520073338927 11.1808232851717 20.9107614946046 25.2630940544099 14.1418254383201 18.4848117353762 437.905115456563 317.796494294616
12.7156296918297 9.81884859776993 10.1467942182826 26.7992003068693 4.414846774625 15.6318900814654 410.086726158746 393.271138479749
15.0352890601268 8.686159368874 10.7176737741591 25.8339800383783 13.7886673453787 22.153798175753 158.879209854741 477.822562485537
12.0726877997735 14.0399096129457 15.0392436571383 26.4783377114396 17.6905465256597 23.1369964611523 328.987448321325 385.173467141983
13.4487884832799 11.1363913450661 16.6602720869998 25.9443556423011 9.92725634866501 13.6964464159421 258.851070232226 448.550769117825
9.42676476928718 16.46127432416 18.1587535275114 25.6990606550364 14.7620481671042 8.22351767946308 392.516987264714 289.818464814231
10.7159796674255 13.3486342479441 21.4175840112995 25.4812640973092 9.02390596218699 8.85263261578721 346.835970234685 438.559921517211
10.5765337500232 11.7015460710741 28.0828621072477 21.6456709211957 4.03121736914111 12.521321238015 255.300460381722 451.689095795279
11.4180903487886 13.2238364628109 16.9878617991619 25.0311180792434 10.4114651861664 22.8498293045811 401.619195841222 341.238634279606
13.2544956374727 13.6806576496815 17.4843824461604 26.9574279371038 18.1639571480275 28.1100847883122 399.066475106936 321.071263128717
15.1957352710707 11.1578964800116 18.4341079389492 26.956223634564 7.64304794109403 22.613685653213 214.729727875795 463.793210011747
13.7016039995581 12.097478119337 11.5372122906489 27.3254537305903 8.8108276598007 15.6254659450567 440.590381772379 244.876036581304
9.51512939837871 18.1832627001546 18.5552939310446 25.9644906428386 9.36368941104675 16.0034742877394 414.18188666351 171.822515235036
9.61777929862066 16.7790577838576 21.6768055667785 23.8243097075527 7.14483147353425 11.0659670566537 410.584170754371 335.45404471271
11.1285135881768 12.8117528410526 19.0179078985228 24.8705541580334 7.19172527380915 22.9221239347897 422.746412438462 319.881418922704
15.7754543588377 13.2090308137979 15.82970484697 27.4623113773217 9.82345561953136 28.167613787909 388.020139684273 280.217842667449
9.46773611753231 13.1489964386701 20.80284872206 23.3035207691325 11.7971063043184 11.4232992025983 313.809220043945 436.380446657083
12.2240666195645 13.1281072812351 25.7021492380225 24.2312266050989 10.7285915030427 6.04360261795366 277.241914295995 436.860673144569
12.8102911152736 12.7806540815732 20.7742060256018 26.3316649410662 12.5799295658687 18.861131445819 327.373130918311 457.940664689253
13.966471756848 12.7176406577927 14.8054086651812 25.4872978792808 11.9966035330511 11.0458900667475 310.886440170535 414.395024225164
13.604550090646 14.7730782685902 15.486804299053 28.1637800151458 16.5156748897225 23.3447575517937 261.417550229839 419.304358853785
11.682539864713 16.6655326289126 18.9265389640025 26.770322815488 19.1567599200894 29.8085578439979 302.522251867352 411.791841135608
14.7860394159716 9.64017538850199 13.1915584640471 26.6448429273981 16.5972583921401 17.810240502919 307.022089725705 451.61408776074
13.561133868397 10.058323806798 17.9362855384128 26.5445590722741 10.0763542102361 17.1611938168303 293.862954438558 437.101627240258
12.2839208980795 14.0131075093062 26.8669854838496 22.9661758688643 19.3360084488062 6.827771333383 461.616931811814 114.80227145473
12.1110332472329 11.9588745988217 17.7790044981934 22.8430816342996 12.0431514055051 16.7594080316782 326.274581022374 442.323456462925
11.4479420515113 15.1573993923731 20.9664555231852 26.2069434597262 13.7284173244311 21.2164690373048 228.207114863601 444.78703246605
15.1120432909916 12.6106763418517 17.7886493908808 26.0619238660299 18.2864364776019 16.8551100966597 412.762777808003 273.233571245712
10.9281632836973 12.6220718682472 16.0125169818872 26.6524052578292 16.5788055469578 26.2509677697709 250.739561082268 450.211478424359
12.8275115536002 14.3472486972937 17.0277553044794 25.6645419180177 8.1088076994774 14.0698083935363 206.188424031072 463.194209362724
12.2048598396766 12.728353355649 17.776573090551 28.0072302223787 15.8110652332564 27.9882874994502 322.20302638211 433.020479481308
13.6651511511822 10.1081797090452 18.6182000107886 25.770279880199 12.5900406945765 9.01702397680079 326.202618054564 440.017088483713
12.1363761191724 10.202977419115 13.7968782256566 24.7990754715808 7.29330755946776 10.6248974322817 385.114077516602 437.734075946589
11.9372111363078 12.5363080942656 23.3620985092518 23.9798520185525 16.8541152384791 6.21654714838361 251.367254700408 469.702562480178
11.2551782037145 13.4524099347616 18.6786138599686 23.6743526759068 8.04681968771421 27.1053037065721 419.452152417056 349.186273042561
11.5510561390205 13.2843472978542 18.3375694763876 24.1580206301362 14.0600710942823 12.8117187490746 160.926191543558 430.556415539254
10.1152555682847 14.337570434605 19.8918549793942 22.8748393811368 4.32896449689272 18.3123117594057 251.362813017115 445.696663077357
11.4810635775051 14.1966235757794 18.1280614077799 26.0661563568689 11.1102215115078 16.5289116828763 401.334585143633 283.957241437577
12.6121052569014 12.2003331277477 24.5303347511749 25.413055990795 6.95241492750545 5.29231328056601 333.61431971488 431.864495040002
11.9728577828496 15.5860883135873 22.9133689216094 28.1363617174954 9.2855387311515 20.3519948096549 443.146565597305 341.626743549664
10.8049368374657 11.9308197444514 17.32755829118 25.148239473225 17.9867588092015 23.4340572249642 338.198871865912 438.205566644283
12.3242531925188 14.892541153894 18.1227770620421 24.7843788416148 8.03601453838275 25.7771597279566 276.0860618275 438.918344392778
11.4038394160771 14.8204815948579 20.5104653857074 25.7841074578911 9.25148708328717 13.2251314400102 434.4993590106 247.104875053972
10.9108220783466 13.7473602982012 13.8722514918516 26.4334179211371 16.5522516386485 18.2871145608286 417.20848740841 312.643847769868
9.3552376551145 14.6619722035507 20.9078645155141 24.7239573709916 9.62691381837883 26.0029034624122 296.80359593069 448.428530592794
14.27066311746 13.8808692884475 26.8198408896495 24.5890969380929 16.5978956287071 14.6289751748662 325.863361909265 422.000129743693
17.2179009705308 14.3829230403687 26.3868731498048 24.3500481129841 21.7861352934202 19.9065917149976 523.068532474799 146.370375672717
12.2585721273462 12.0568644370203 23.2839268265229 25.0340937137101 7.88488220247911 17.4387290730466 303.825873336229 446.703276289393
11.4423955474754 15.1225130028822 18.9147366586274 26.2421912673789 22.8062629469368 20.1711512405684 203.679857204698 450.263549176467
14.3285739518642 15.7960862688757 10.6298461265461 27.4254847529217 6.05308612066841 10.5901949163013 412.486965717306 295.295608742567
9.96916829585805 13.7902357351942 20.3917762230787 23.9498103476661 10.5011081153343 7.60174981522075 425.473218103283 377.61908486497
13.8658533328742 9.38480466890225 11.6260327099046 26.5456175393189 7.75536318465791 9.52255764021039 342.591048215018 433.440846403021
14.1560960899197 15.7000514151581 24.8473427048623 23.8257270254067 12.9262749434311 23.0152983719362 413.719648478114 206.67850192057
11.7401382998953 11.5723238682177 21.1687605878388 25.4768045203234 5.91472036054688 15.8159494035327 409.931967410506 388.352947348948
16.3643626612048 10.9793126706496 13.0757885381945 25.742754855243 22.6145530215783 25.7573680400305 439.423207737674 328.535739845372
12.7396633074828 13.2680146886545 18.668138902545 26.3285632053129 3.25426867002763 23.3724462709854 386.744270941133 345.996923309181
12.8918743391013 12.640896884762 20.669443777555 22.8866646658607 22.1499518753042 14.1691646988579 225.626741010558 384.070506376032
11.7432314679595 14.5269589513339 21.3952683460084 26.5593121436555 12.1347377865677 21.8950977699541 416.389310915685 185.66411927285
13.8312292827332 10.8348728063794 19.3190271938362 25.1678052126215 18.8359964408888 13.5253553279736 387.123619964019 349.99943132669
14.9829437009474 10.761479474653 17.3113549291557 27.1747937225231 20.3470416531447 14.5211811749328 261.300356383253 470.367921054068
11.2633090975256 16.4662691366194 22.0115570524131 26.3609873858938 9.59297198415413 17.9724517888337 438.730376096779 272.755653341396
10.728744950014 13.380416245138 22.6673474978484 24.2912657397003 22.3436702700191 29.1748767201187 456.426560046479 73.9584466694551
11.2780413943974 14.0540015866033 16.8824396429457 23.6200727390315 19.6782431233873 23.8885307667638 397.169729051687 291.883912392361
13.1270293359512 13.3591236834886 20.4185773849474 26.3923685668995 22.1812431709085 8.5974467627091 273.577937825402 459.200751270516
11.7646453528288 15.2381405708984 20.6029481301348 26.3990250096802 11.8386521251768 25.6714477352825 414.031556645156 315.330034676608
13.5800630006421 13.2557049043737 15.2687972696334 26.6101119451767 6.72802253529835 11.2347572114891 199.094224489092 482.373256060012
13.8790442077967 12.3488558638682 20.6124143675852 25.9290351783309 2.37709915520625 23.2726309187157 141.934888882506 491.151585979381
15.7286139781232 13.3218921155541 23.2093353886935 22.5915321715768 13.2316885440988 10.1271631887233 412.880527252623 312.123795460714
11.6417391042889 13.8532816377833 21.7927533018167 25.9303341315215 5.80073562765586 17.8852795599988 441.700494548613 290.014020201887
14.8948808135747 10.7117160091272 14.0709958356699 28.7671374663759 5.0085658741274 12.5420124962077 304.518511995134 421.489577272501
14.0932396721557 11.3863547102593 19.7186358019899 24.9739586473621 20.3503965591617 16.1195373029675 289.156298799574 430.447308958836
11.5310657380343 13.3686306055602 12.7282969711393 25.3281460972723 18.3222809724836 10.5069769403758 334.998508024057 421.460103444161
12.9128247732701 12.4065096922465 22.1235806991214 23.6986033617263 8.27132079433829 24.3873836846871 486.416763315487 68.8786001029439
12.0808140062103 13.8566660316922 16.0797981577572 27.1273797165407 11.9457313965719 24.3127965428827 406.460801889531 338.617419094986
13.3594893168324 11.0890515339244 20.6149713148006 23.6002329037342 29.585510465015 14.1776965869626 368.947619454522 395.058704195178
10.9953069740865 11.6707982085312 18.5696214638064 26.1839272906971 7.66687685982751 11.9984955564387 435.488270785698 306.509244326245
13.0968994620052 12.2355457175197 15.0049822032973 27.7554828580035 9.77202413408772 14.1608969283759 265.226825989821 447.66824918676
14.1402772149467 14.2817637886054 22.2190096391457 26.1678510720933 22.3305669236758 12.304281354087 342.037787013964 458.331314198961
15.6898361586916 11.502725251888 21.0317563419771 27.6270948327345 23.9149417669673 16.0889385854838 419.579679691522 341.025089239653
10.867576660337 12.4295906197898 24.0250999345334 23.3061391789355 15.3327005624193 26.5120689070946 231.026222599948 450.858542569861
8.41476763819072 14.7028918735238 17.271592750238 27.5290061239939 8.94819040008254 7.39368148254157 321.588502768151 413.803755498738
12.1734574344396 14.2510229060366 24.0166821255227 26.6582512502269 19.7711281122167 11.8379046720841 397.364546355254 305.495618485076
13.7245853827104 14.5340987072006 14.0809465768508 27.0552874888156 25.1714239385422 18.6241551742483 387.74480757594 298.788729063817
14.1370288689363 12.6711367600368 19.8247710935052 26.6993671668536 10.3738549036827 29.4156929705274 176.593344696482 452.312766076059
12.7426649491334 15.4814340251225 20.760032817645 24.4225711189825 13.758712845037 18.167560425542 182.107741202393 419.156116328403
11.5031045824672 15.1461764617146 16.5417477261934 26.5847016666085 11.3008961406878 25.2638869690366 378.230687412285 386.570438326132
19.1911596865421 12.3229060266228 17.4545170314046 25.9719102220494 7.24593151036952 8.92574531384673 437.967682750629 422.156769954239
12.0163738213306 17.2319975272494 28.6169210083669 23.3743748099943 7.90727270690886 28.8835804032504 468.005668439927 148.815101322962
14.1738902379431 14.0492870806184 27.6149929329089 24.2276871054435 3.42054591782834 17.56874261212 298.449856676668 396.874451162795
9.0942961462858 14.4375850043572 17.8962234361802 25.2728852793707 10.9931463854945 19.7531249715112 436.57821847688 253.856770004284
9.50314612038563 14.3828311728081 14.6617341131562 27.1697311468541 16.7038049478949 14.4718295931332 404.779651663831 329.7984890241
13.6799193126596 19.7649131230348 18.093601555245 27.579402364164 13.3051421172226 16.1619009415643 194.406329260028 408.768268008652
8.53606384309548 18.4623673040404 18.2175134587779 28.4132308540815 20.8085128815374 20.4316380497249 336.82034484288 387.44487088092
10.730755489675 14.2194469466909 15.6675004353555 26.1867580170143 23.5988569442734 18.7501880752815 396.824396283746 343.581144504028
11.271604112607 14.5077038610074 24.5460454003129 24.4583202295381 6.63645627686542 11.999939159319 263.183766751249 419.575126866953
16.7932253005052 14.1052724535745 18.1228862998592 25.1090355446146 13.4267276183478 18.4652234021222 336.255870684237 244.465016806924
10.76348834592 13.290153758149 5.45136097914274 27.9111894563579 13.0339248162287 19.0272456029227 334.54093573809 411.256411319314
14.0613453082682 12.5636929824141 29.7701116834113 24.7527328523469 10.628134060482 6.43525230744074 461.882689540983 230.646429216
11.3046567132262 12.1836970040849 24.9064578738763 24.2720843633159 24.584425094172 16.9398204535409 405.687277526807 367.722211330901
9.77687625631371 15.0788459135968 13.7321983536715 24.4070233771959 16.5508981787682 12.2479764209854 396.481551347548 315.660646585547
13.1931377334998 11.6150194053597 24.8381499637386 20.3391508037282 12.5803119276748 18.2482038836651 402.92136324878 334.250027689058
14.1358599839239 10.9865000164546 22.292353049931 22.5575670393553 14.0922195003025 18.8224661365172 119.183061815433 482.399491295951
12.7415301421155 12.3133565920974 21.1758754529607 24.3142803098227 27.1937571487314 14.8095784549943 406.71009008971 399.862725912923
15.8303577512707 11.3185784920723 20.210651253551 22.7493983596796 13.1662425843399 8.13990478528942 308.404349875725 432.663606938698
13.3511164042143 14.5900629394688 22.5911818129234 23.6565058763333 19.129781871714 10.0254561073723 265.919009493322 427.241484213357
9.51761511738493 13.6324620273091 19.9060151986953 22.4169991269388 19.8251607428883 9.48743919327522 352.216107593912 421.659166865899
12.1636067130407 11.835488248391 14.4806212752925 27.1925174495348 13.1410175869021 14.9370199834714 459.661324748553 336.583812176601
14.6232735698298 13.7075326648076 17.4715144336706 25.208561034156 7.6045919583887 18.2058801020552 411.834604820683 256.238580417426
13.1381440347142 17.2613949532358 27.6030283772631 26.9211007427193 3.12670475225106 9.77973619940909 421.931151637314 352.909050137579
10.6414729421672 15.9915292585733 19.8506571204012 26.7175925629325 18.8660619195305 8.39507358063482 480.01690018045 287.057653092393
14.8123106444455 11.2204561779053 5.15014993299855 26.6427647396784 27.6321897345237 26.9584031930164 285.670047298329 386.135460231358
11.4230573000814 11.7423317144921 18.0109756352214 24.9638740895536 20.0178758538312 16.3446624887305 354.004128551246 424.119016328038
12.4485401820672 16.3026434406691 23.5590610174578 25.2823596061054 13.539735545238 6.61181294798571 259.21896890177 441.986960838208
4.40595491107375 11.3951992548021 20.0551899171764 25.710400394865 2.04163733678126 7.89237628753521 443.915384025212 250.411060943925
13.6253277656264 13.6035132478674 24.0567878117064 27.5974620816249 18.109103564162 5.15950348075148 310.35430852581 389.826698994516
8.72630701430554 14.1218952769211 22.7426382532303 23.0325957937307 24.671441864371 17.9822239664389 409.009120745615 310.767240193924
14.2322807585188 12.2907990135388 21.9597522491001 25.4461182331223 5.66715856618207 28.0805842203765 366.279217311369 397.317778570456
12.0155870099055 12.3526479330512 25.3851067361191 24.2993731138542 11.0245212103667 23.0772956863109 373.347078629153 392.765833734263
16.3684891690161 12.6572078428534 25.8518431975169 25.7336767242659 26.2426515290232 5.92990966911027 140.966843448315 472.363764298689
15.116073546936 13.7754452673926 20.7974090377736 24.0288008910824 6.60798335955894 15.2661693475975 193.124693103273 442.150958345229
10.3530308189108 13.3992714035718 19.0479898444935 24.2097302012232 10.9800775424453 27.8187576483153 358.525915970345 435.082614717943
13.8296317194683 11.3937237566393 16.9056127093122 26.3067844845861 18.5432833912781 17.274486942621 366.32425822777 468.25990208209
12.4409670258733 11.4419347409656 20.6331297719622 28.1900199963661 11.3049197350026 10.5118526762917 349.103647824556 394.253491071674
13.2093511000446 16.1584620223759 16.0073091146095 25.6932332235386 8.63400999710667 19.9431087986513 222.585994464463 433.928554357961
10.5900267060491 14.2174421732735 24.8180530051186 24.6384593592591 19.3158509335667 13.2460528169638 259.917680665248 432.231444352273
13.2553263869846 20.5309648064641 23.0917878347402 26.3837456780795 7.76290061154915 29.1980058719978 366.640170604467 401.514026320098
9.65875944550477 12.9754689821887 22.1102845011396 25.0368062151311 12.553063447575 23.7791878865561 304.916921995803 426.987193859415
16.5255697513604 14.465952133431 23.9580222338406 25.5819281573733 21.6407801686361 19.4589393617315 412.821075149075 193.539542079993
12.6732362629577 11.2104457909877 21.9335711984678 27.3809080204108 4.97842005958118 10.5353681116221 479.010683428017 247.029165768204
11.0119608071947 11.2785965191582 22.1581734960785 26.8171540013735 14.0637834356367 16.6955683997407 400.033660839115 301.528447470161
11.3589996400062 24.5909875246721 16.0807547995018 28.3774731745481 5.85399794132728 13.3851965752881 351.502771573684 293.19177583686
13.7269169158996 11.3154593601412 22.7995127173278 24.5705031607998 13.0445094669411 10.5345274477484 312.983462813962 402.871060931158
14.4717161512858 14.6879578429855 23.5273417303466 24.4395902564979 16.7806211934217 12.374900558026 246.489624835231 448.33004429354
11.4750803801509 12.6268152904794 18.5136876491194 24.3368903222743 12.8690978876361 18.9009664429028 260.142984545953 432.814527838151
10.8500903246079 13.8347451979331 19.6292206679447 22.4467731481552 15.3391119422058 20.0290874042737 409.143509630655 350.29610025229
10.8075822021355 12.1707877281034 18.7308667208292 24.4848497670789 6.80701865902456 8.37507855086967 349.850970145648 422.755543285336
10.232367396507 15.8157507174952 24.7076219896869 23.1064459640461 26.5802733541705 9.94785403070893 422.492993706141 315.642926011834
9.25865085547662 12.8306746610379 26.7705192308252 26.6825561303036 5.14783667954348 4.40006043456784 405.895570247061 382.03855976547
8.51401072727615 12.4879657202168 17.7899279597052 25.5002083575963 5.97104974401906 4.55277177571719 387.852692886675 338.854292819361
12.7124529565238 10.588696003244 19.6127051130928 25.8714600693937 11.6922461207078 19.456997065256 296.585046693831 395.506995514918
13.1925932205013 13.8796562751014 16.8749047771424 27.8660040004329 23.7169339586935 11.2668054390664 334.821808763373 418.579506581379
10.6058062579703 13.40939344161 20.6849881491854 25.4465291419915 8.32008415540379 18.9650571160634 472.813257095673 230.068342249081
10.5303727073369 13.5999892359348 19.5283950747893 25.6657681235059 26.2258277389058 22.1143965582174 167.342773463545 471.407048800815
14.9514239004918 13.9848088699611 22.5441986387848 24.8072754603076 26.0042548343566 10.7365054149516 147.615879290932 482.723165591147
12.1821799481611 10.7221734065476 21.6683329900246 24.4593634561018 13.5028459098385 9.6098700469885 468.71424897726 332.446165596932
14.3077359647308 17.633832588383 16.8322948858448 26.1339117429415 15.680960975337 19.2881830435785 202.316664091766 421.427001478642
11.7172587577824 16.5947139813637 18.0403970260849 26.8382505578477 11.0005016512941 22.4975373466248 362.612546960385 350.557517818537
