11.8578686175231 9.71343060812673 23.3686745305704 24.6970280469985 23.4327485366978 24.5989971709617 184.192593962935 167.165483715175
12.5728486134307 10.534551670341 19.9355410901035 20.6297957837109 28.9049511642609 10.3296272628288 194.597485044444 276.25684264613
10.4330726403636 12.4779221061471 26.4645928937536 18.7087985500285 24.7047362169967 18.4497924545325 105.098759068054 294.170378305342
10.6237448156556 11.1295628552573 26.9949985082426 19.6175625645237 25.4026159360042 21.7040174109536 127.269361930865 312.043615590585
11.7021658453048 11.0726668319511 24.9586437070626 20.4893952795435 18.9507938444155 10.1089595188328 247.812011135397 110.519746328867
10.9910313779451 10.1406048031638 20.5241242761376 23.4819510958637 21.9557485172802 6.43081984957628 194.902339852716 134.946238735093
11.0316484237693 9.04760329727597 26.6053553705298 20.1097689858232 21.7250578506306 11.9517643215374 192.237033795225 258.444372170736
12.1567855972594 9.85685216943704 23.0676818995122 20.8627065288819 18.0174696233945 4.3869432297918 110.25202665977 384.967002932052
11.1802896101926 12.170285736601 14.6466311480421 23.2141287891756 26.9516908833908 23.865612118826 269.797452330477 98.8315658737394
13.7947521433466 12.8210281905373 24.3253328617984 26.0743419979934 29.1203227731186 17.8549166295303 167.058809202172 149.963531984053
10.4808837109374 9.93437345500723 17.9108805885843 25.5103678498044 16.5131809823928 14.0274016346881 218.867598834733 173.438476959913
12.5188043008232 10.6043093864324 8.43241467484132 24.1060865408329 27.2571859792308 27.6237371200501 159.799791281793 280.034161436224
10.7828825769169 9.9083641768928 25.0813730796531 20.0342478041103 26.5415344383391 25.3394591886013 37.8559706736721 199.908689415006
11.3064776173404 9.90595329302519 21.1323517485079 22.4043110603337 26.886275587405 25.8210873606397 168.340303569411 259.316769885424
12.4651845525402 10.1946292721955 27.5746667608154 19.0210994053806 15.0249356776508 17.0303220306721 213.597571140936 62.3321206888646
11.2592956453134 9.96145703500497 27.028827501537 19.8119397933446 26.3670448557592 22.1544733612574 190.544659901234 153.077712590169
9.94467431709769 11.65318152223 22.1372371359504 20.7462449089225 20.3440018949703 29.3327751478325 190.803436420573 173.600646917714
10.8509123957222 9.95262725924892 23.2185965534772 21.4912794623304 15.4821202351923 19.2003338686394 137.981381982279 344.118422069966
12.5034569705359 9.44494635122303 28.5948481758253 19.6501163122158 25.7379268855536 11.0753142042678 176.544131350256 270.068313515813
11.2665217107335 10.0577624874167 27.4829670260523 23.4354390876468 14.6475359113107 26.5425404159799 193.816746860563 224.916899692403
10.8286899877512 10.9625606417051 21.7552526876977 20.3862914880891 26.7061308182342 14.1139812918707 158.929745965541 291.175014079
11.4540649441075 12.071129177912 26.2455366519261 20.5365773801466 21.6190858801882 12.7863016575869 114.736146107379 277.211539515244
11.734159796842 11.5456722610827 25.2626927633668 20.440542920692 13.6437757496207 9.01740613793303 135.218604316796 291.464670787304
13.5828395625472 9.4988380128505 26.2450820799934 20.350522588369 20.6528545554766 22.2065432066637 225.917835366079 85.305489406801
10.5942006685804 10.0603389865745 27.7730778699854 21.4915526955103 29.0858254899839 17.0204312173269 76.6038841113024 378.819463356414
12.6556494743399 9.53810068300842 22.2033771432587 20.9134739720165 15.3687319081201 12.902597468905 169.339096597567 293.260981813246
11.4505292325255 11.2899820717003 27.8111770865 18.892165410347 29.822093341026 11.1814284945432 200.696121886989 196.95756337673
10.6701656599023 11.5425328856516 27.5969446396495 22.5288969307371 22.153650058716 9.38429501030246 207.265158555216 135.539637975782
11.8416136826552 9.98694585251952 21.5780787104026 20.7223702572221 25.2808377294782 11.9199630043362 183.16289771047 274.421992479099
11.0983603310692 9.2859168236044 19.5193406273323 21.8533294918032 18.4011354308572 10.6694857368765 169.683325161473 265.279195571474
11.7326605805942 10.1780551631168 21.5409406168813 23.031730455677 18.4206665080045 28.4202467282853 161.824452431683 249.576447754583
13.4739871218261 9.76083919108162 17.6004053877289 23.7958444764428 28.0532576873864 21.5974260420897 145.968040206872 186.0847089498
11.9040423871052 12.695479636875 26.277553785906 19.0755933880274 6.61199402556477 14.6417915806322 159.853393670378 238.470172045887
11.2742308730504 11.5021317001178 26.361196892476 20.4666460409586 26.2271223083373 28.7283002529592 224.797191270401 120.562602659669
11.2581155994863 11.2535563148151 26.2698987766479 20.3639913812757 16.2134650141045 28.488362480916 115.374073282301 296.528970735987
11.1847197561029 10.8994439376525 27.2440489496246 19.3453221956849 16.0879395812361 19.2711892407389 92.3304281631924 289.649186936549
10.8263585448127 12.2640329950658 27.1362878017793 22.1921649937669 16.5353287835681 20.9907343123436 164.056586912014 264.866036973547
13.4712075274154 11.0158809868337 16.7177144240447 23.9054036728056 24.3682709546852 29.5779450524432 56.7797711335707 133.535954678759
11.9031011019716 10.1711171594461 21.4518904153929 20.4619783341653 26.0195960341539 16.8278832690212 207.619485396512 245.034198251263
12.1915168716876 12.3443441055301 25.9208676925978 19.7017008943894 16.9098676931273 27.3173913041386 207.193335903062 232.372782273911
12.5801049115014 10.1475807746438 18.0513211385509 22.2289895489239 18.3559971768592 19.4132843426313 215.633650394168 151.388940600516
11.7071044846955 10.7847731087658 20.901224637985 21.8473932454121 17.2243932994409 16.9528407897993 204.524081499824 123.621979783921
9.91039163273897 13.1841655396488 21.5119959156522 22.9177349662679 24.3381711785386 18.5127033826573 204.91720533787 112.10404369645
11.0739821404639 10.7686205134555 12.6461477497244 27.5357563399746 27.0910031469041 19.3363932900401 128.028050618152 353.284771115445
12.1819270048891 9.14651121134216 23.0549399873957 19.5413172931014 22.6627628619675 10.5635530480793 170.905724300602 371.026365723322
13.0748563558378 11.0656437127561 26.6118398757713 19.5308198496226 24.4770749329943 15.4020945673775 62.4021480347116 275.019780547055
12.0672856866798 9.69185382813558 27.1664350448979 21.2802289832376 25.5343695882385 23.2135532544002 67.311644962915 182.825654021161
12.8247036007328 9.23464463055298 23.3833954335796 20.7701232770655 22.0399201957968 18.7550650502992 134.848620117971 148.801365618196
10.042204633993 11.4392437230029 21.0200195527822 21.3241731534931 29.9006045605778 3.12390706400237 216.725652369768 108.136821278132
12.0508590993478 9.80879454069967 26.5014360507157 21.7749331356461 7.75976772562751 27.2755965255031 117.433384669856 261.361976083029
11.2866701450419 12.3948151561449 16.761364252037 24.5315237719985 26.4906921082814 22.9654905593254 231.984854457847 144.308185816846
11.1367127041534 8.87426884179513 21.6643423650358 20.773827911718 16.8917060790405 18.6980076623857 196.629242897521 261.714497602118
10.7476247076806 10.2478230650533 29.4974435270552 19.7246053429649 13.3561604731209 25.6221785753635 149.777037992801 317.521384290235
12.7236370209936 11.6720548985098 24.7669275883516 18.7008974331482 15.1725762275442 20.9180243058559 199.602700398682 129.044047730147
12.4922213509207 10.4915272442404 23.5282297124985 21.4503134885589 29.8716892219788 18.5532994153395 179.391305627317 285.623884604112
10.6466433015219 9.84824796398969 22.724401798078 21.4101956305071 19.5392514171834 23.2948175893542 94.6660673413838 335.539777630497
10.1688750942969 11.3002631677759 24.1748648021727 20.9150264486562 29.2187954156185 18.8756204118005 224.006028967782 105.94835466624
13.4724784913703 11.7413160240525 28.446633122126 19.9012990837644 25.5921246185905 18.9501752459587 112.439438199902 268.719841869551
11.0715494364338 11.6573033943933 27.4066178375693 20.7920092343814 15.0999575813892 28.4572985269091 208.643448591808 142.764657729846
12.1417952673967 9.85805516979705 8.60290118707506 25.6803907703729 18.5813762889977 13.24260044899 112.611936287832 346.904434301479
11.8246965645277 10.2878363557924 28.5603829712165 19.7755280670445 29.9790619865397 23.6750209917322 61.5171096782582 334.129497209681
11.5285639084602 8.88174948899703 13.3154007563944 23.4546287496168 7.14878707159898 23.6148516870347 217.559189551274 235.32499771684
10.918126655374 9.85743590368719 22.9175123854141 20.3321636164931 22.1299500157459 10.7323201100738 208.463080320196 162.395321943118
12.2043213612058 10.3154129527091 27.0969984304809 20.4003950093873 17.2893169449397 21.7734460769877 250.966087259175 74.8375319778395
12.31371396992 9.72093983710947 23.1782461382409 22.0463486946856 28.9384823062886 23.935423893719 237.338602902616 165.107336226528
12.7667072770626 10.116547843207 24.0239453428317 20.7159016330361 29.494859798747 21.2036423053491 166.724794432809 226.093269398521
11.5669348421195 11.9348076335555 26.0047976867888 22.1398677455017 24.8072638429875 15.1255027598524 195.959166372673 219.986888096319
12.5673277278873 11.0687352610847 25.3624639235922 22.174358780249 4.86841929735833 15.9255610302784 95.0963435110457 270.430634883135
11.0379964703425 12.3134674684994 23.8887338735372 20.6801033665276 25.0705565698451 18.3646168177399 118.919479152314 284.620067765808
10.7052668605325 10.9179988305684 23.7570645690524 21.010572461847 22.2658675085041 27.9737678085529 186.817232719698 166.998537024936
10.5409147118186 11.3594556631632 21.7588223212757 21.1928078666339 12.478360398689 10.2994830836322 147.934426661832 262.181676154885
12.9105921855624 10.6050685046782 19.0509287953667 26.5077870259765 20.0516456473092 12.0176170655296 285.630392480687 161.312913042817
10.6541388902957 11.6478359384865 16.168667058829 23.2047501497689 19.1712876817098 11.9010968421782 197.250937142048 122.041644411278
11.6254673971814 9.0080936344755 27.1521790496756 20.28101704983 19.4480757557556 22.2478796106875 207.749785935725 128.412235724661
12.2314599501655 9.3640252604826 10.5809608385213 23.9973692083691 12.12512708955 8.31031152959039 193.520570179526 313.909542377803
12.5536197910935 9.99911419911499 25.6734836178985 20.2346213465618 13.5084930200176 18.1756869042892 112.054735206791 184.093586913311
10.4023490385943 10.9535875647369 25.6544809002809 20.0927706940664 15.3979572475095 23.2003260014588 77.1464339139936 311.494751898308
10.8413573420479 9.53391663828662 20.7044017977213 23.1235760302075 18.3227876461893 14.94151001998 177.763893786529 279.743247866801
11.6711915528519 9.03405364790398 23.8937948359908 21.2666647632079 3.9447545689455 16.3709817952693 238.246940823735 161.150140271433
10.3301699396344 10.9969748239423 26.3391883742912 21.0048779649136 22.3816590497563 13.1211840135076 126.420538590135 309.180616489767
10.7903927160878 12.5771296732668 24.1996351978721 22.0509175604206 23.4053545460395 29.5309592252131 21.7869773819099 345.736360997702
12.253528785133 10.8113429494602 19.562743115004 22.8284382730153 28.1111034297318 24.5645215301693 187.200646640729 147.275324923194
10.6993562104831 11.3529419955254 14.4663807950676 24.9899731005773 29.2828978770984 21.0691232146486 206.983028436689 147.611898229025
12.0607629603359 11.6804756639118 23.2630795363713 21.0484536215764 28.6209416046904 14.9927258977012 105.835017815759 260.355291370753
11.2078824855612 11.6683423284645 23.2687195998228 22.7195628966116 10.9046541821935 17.885111371894 193.334576853059 103.274783039893
12.3873663545402 9.95279301506906 24.7038773757535 21.2548041357822 21.3561805640709 7.90810717053272 200.433290234978 143.798971679677
10.5704183636064 11.8307094864139 19.1402052498143 23.853832961471 27.0758410797177 20.4652672087708 175.571254356779 233.48320977684
10.918082789617 9.38025106814007 21.9203619839049 21.2833930258317 27.2996712416347 14.0963011951123 228.029386350396 254.573348771083
12.5877802086718 11.1371357563135 28.3715125254548 19.1050013036842 18.7655388906964 8.94616433199501 300.698273003538 104.415385490255
13.8950766155581 9.97923141533908 26.2233276102388 21.9412232922679 20.1412625947445 10.602309956297 200.396569615677 254.555416831419
11.6200502409916 11.5828102019679 23.7873863392814 20.5441966874841 24.0232864958805 9.53944445218185 176.262659564323 184.0019422065
12.3032667842237 10.9829175032247 22.4570183817517 20.049633039318 28.5048391135604 18.7314655182624 209.252903643691 188.642982950702
13.2843901644951 10.3154469650086 15.5444184794081 24.4883067553697 28.1272531010004 13.7167483302282 185.611718781809 299.340774683772
11.6154338377412 11.3074554790959 27.1499707322671 22.6092379161039 3.70129494282274 21.8853257660902 180.444922510103 295.389362705321
10.3663108116311 10.5457425866871 24.1178820529431 21.2537483554126 29.063192157599 9.35467462143329 198.256165833696 192.108286919449
12.8442418950097 11.1481969647989 22.6853745958422 21.6284602885064 22.5976146213429 23.2338316584293 217.458633152281 159.698393703347
11.0185916310872 9.8333678851573 19.9726326724323 22.9143854250688 24.1597611126469 12.4992129676015 234.624479111293 128.19497485691
10.6766466058138 10.5442021359011 21.9374926190801 21.3033327368492 28.5585489593979 9.5108999351673 202.033700739078 135.352960938474
10.7557455464282 10.2174007550278 17.8434984357238 22.3612275966592 22.6614996236494 27.257189513412 171.640526102319 290.404357517067
10.7403712061282 12.143029850979 24.2275155922451 20.9027690535647 19.8705326915814 25.7340801658462 205.164156018628 103.77531272884
12.0907817996338 10.5909532299695 27.0921516408117 19.6104599410842 28.1083055190545 20.6582987946773 287.25252266872 40.3641087909134
12.9912049834898 11.1844120625446 17.767810739045 22.2834252600946 19.1758397149706 7.6454934788449 185.7544600939 181.29122798829
12.3174395927297 10.1017006009807 29.7063441159338 21.3658297323989 26.7553657887608 24.9070712449413 182.529423522787 209.004637705278
10.8494518182331 10.9100200004899 23.13042239312 20.7034221311088 20.77053451014 17.1822985006921 104.748183644668 348.573502776727
12.616416765871 10.6855695073433 23.3013566270276 21.0879663994486 22.8011668629363 17.0858434539446 213.999572965633 216.232408294927
11.4107850081294 9.51201211941125 22.6821194637979 20.3836697515881 16.8474053332414 29.387314067083 198.335348040145 269.732641539017
11.0071209415364 10.0998097318214 26.9664170664244 20.0028767145649 25.8315115704606 6.77281358153732 121.236444933966 334.046034716477
10.8346499399822 10.8124812018957 27.4160734898748 20.1810409987103 17.8718637200041 23.9355755149301 171.922819609202 184.686307868676
9.77679795759888 11.5830741146088 24.2820397417705 21.0110822244098 9.17958409651405 7.16813195920092 192.949461802438 194.161166892116
11.9663753540416 11.4639776284725 22.9664185990163 22.1551228014009 28.7983805265923 3.43278355916726 139.089068321508 199.859813006217
12.2570547395286 9.28407642849679 25.0070639693127 20.4140013274096 29.3560157262463 6.77181050845885 134.690672698217 248.534143370761
11.079198935928 9.49500177527913 22.6099815721813 21.9210363651842 19.5603791053765 24.1221446790449 221.037720842544 228.13334812908
11.983887146688 11.0871452404512 18.6866112329278 21.7784070304784 20.6891520454433 17.4533245595996 240.033131036643 130.751601368743
11.897644755494 9.09912071294571 22.7911316983094 21.7066958765295 25.9255680913106 25.167260644328 248.463820400426 150.965441111401
13.7719225655891 11.6866910215959 23.3875205360909 21.8005034551169 27.5939224906479 21.3722829013889 186.595774591381 114.509835106353
10.4372864006541 11.3555797246426 27.4662065671953 21.2537168353327 26.8770350567443 18.2493376511605 117.371039254042 304.067344803356
12.5928290860743 10.1406639819346 20.7406266147763 23.9640496741473 13.8012049876759 9.27885416312641 242.783573784904 73.5060866959625
10.7179164393765 11.5275627498929 20.2211091474172 23.9539049697275 10.6855440199127 24.414169622118 229.951939492851 151.903623827362
11.8188937791811 10.9939127699111 21.3367701252342 22.4644478582807 25.8123641065223 15.4298948153972 86.5037356953977 283.870188561101
10.503848551081 11.8801439281164 22.8952249567702 21.0284725522607 18.4707618901256 28.0359820409516 232.762923502539 31.7655372674798
11.8571976769774 10.9770826670595 22.0008875843715 18.94023777801 27.4416972208321 14.446470838688 155.546556340356 234.72531666894
11.0810631629925 12.1648496151324 27.3110886671466 20.1658343745389 27.6900073984753 18.2240936983841 88.4844903535142 287.155705965617
11.656524943184 12.2184945033121 11.5609298768184 25.0745362506732 17.8449767703235 19.4275819653136 122.735895656574 292.171460166396
12.7096905901153 12.3633591493426 21.2150262865366 19.1911006717023 29.5082059135338 8.53049549030946 186.965282035116 144.766070368813
11.73186755389 10.5952049423222 23.9578964812983 21.0611757558388 18.2140801534929 10.8691674847173 185.800939163724 128.331747598828
11.8665846476277 10.3525510092672 20.3821850863411 23.0656175110814 25.5790280943759 27.9504445389448 269.510418006205 111.746834415605
13.5388644234126 12.0865868319109 20.3692786513411 21.6517987386523 22.390796078701 19.903528177077 207.287906727534 54.4196233345476
12.6539411134293 10.0588549901058 29.4652968413935 20.1913831859984 22.596979298282 13.7483458611412 177.552199202824 281.714425411284
10.3466804593364 12.3357187912283 26.8144646265112 21.124119967422 26.938081791094 15.7813144201885 161.174979860237 225.504284893458
12.1599786238978 11.80302117494 19.5691099288406 23.172583828085 20.5058609762402 20.3745125994343 205.831502255394 223.17668433876
10.424498332255 9.61247739833411 25.3594912418463 21.725316826836 20.149494168836 4.84747007531482 146.675193109324 278.989954981213
11.0232164114851 9.88287915305647 29.6803311160864 21.4563637259217 18.6167589874559 14.2361915690086 236.106375573306 201.808478056143
13.3197434591881 9.73451179401892 22.6015423090442 23.784663004474 26.9456560372271 12.4471986057462 133.867876502729 376.774535763447
11.4535963299184 11.9836014227746 25.1816789215218 19.771776677706 16.8335114156546 27.9200001232375 205.567250857774 183.900479138361
10.7310640483854 9.80684895308453 23.2228066051282 23.7830395025533 18.5501499796751 24.5770483097338 42.4878007918068 295.867633313788
12.6867153831361 9.87415889858442 26.8228701500829 19.8389400454422 18.7960906949246 26.7127882315574 33.997111956021 136.381708846432
9.98245179669878 12.2096294091315 12.4667678511951 23.6799951580527 22.4692322495582 23.9994972282831 173.6652644168 189.227614598866
12.374108247273 11.2762013188837 27.3095585289975 18.4292517855153 18.9017538694431 12.0060967209084 131.78975251708 282.73753144621
12.4599464896099 11.0644157222657 26.4308281172202 20.7136773097419 25.9442478310729 13.6887652104704 169.896309231275 274.76363483255
12.9362880812487 11.893349865596 28.1708046017947 24.1754328728193 18.1692025407897 19.8948249832186 174.050460938866 99.371192318514
12.8527673575892 10.3824515951822 26.3992642180964 20.2793812079261 26.8285531188055 20.4098511160554 128.541198420922 154.227286369376
11.9557510611097 10.0028471540213 25.6714168481939 19.9880098262678 16.6180740103761 15.8437370714641 113.020647706736 223.984212284063
11.9458860049487 10.557529386331 26.9394550153988 19.9535719871631 23.6339485700866 21.2630125371471 129.837265973818 116.694667874303
12.9908130866638 11.145751946436 23.4836706542978 20.720646717562 22.4704827657176 13.3919924270632 230.496832572266 76.1471806070325
11.3985917731307 9.07443668566432 23.63013297793 20.8069682716306 28.6595503021203 17.6664511834969 96.8793675573902 368.852761486194
11.6005602361035 10.5529629696563 23.2741515007755 21.0395233117662 11.6243754786626 8.68193870766646 47.0447524193019 226.594107529655
10.0870118692589 11.450299012939 22.2605414980812 20.535178912379 27.2676871270089 18.1713149105544 200.062015437116 149.625812954114
10.3075172664423 9.37484538162993 23.7508592933997 23.9962149786393 29.1323808683284 11.4563613294967 95.2971979170266 317.733581861398
10.1331798013424 10.5173140733139 21.6290936551312 20.9888221639842 18.0686467050381 23.4939710384193 208.926863277716 152.786158945652
11.6503533306836 10.6049065298851 23.002656658031 20.4045056653873 21.8857314386274 19.7598736539494 104.049744243085 282.068899442569
13.1035771228907 11.5244581624746 25.7214653490676 18.1979292578992 29.4154563294774 9.90672795480667 19.1180568048924 417.747712412608
12.1423757724424 11.8078635949895 26.8895934478961 20.0458584821198 24.0084622444733 5.4212683341043 183.147391662134 120.169300806708
11.5922975352732 9.62371893937282 14.6141978154431 23.5599725955146 28.0175999943883 14.8526150097136 133.719340285017 332.722323555785
12.6837213573603 9.21798324990605 16.273141528419 20.9618451386453 16.2925152550389 29.8818758544121 313.324464105639 192.033851834404
11.614694298822 11.1809034770893 24.084607931585 19.8180187927158 19.3465423531224 24.4905263232112 125.783787337813 313.238728240412
11.6949867845108 10.612745279132 26.5476075912038 20.5088696993424 27.9353179444275 18.2318443375458 198.566708574906 172.934297391744
13.0508294215685 9.0402863202419 16.4857351356575 24.3345305615052 21.7878505459539 4.64246445254814 166.894892177054 339.187307247576
12.057721201524 9.74289355416891 19.2670297490776 22.3793425084201 26.6636649549861 18.131737926061 123.779537535052 297.347487948189
12.0977505038704 11.1651012173735 25.7024423425671 19.3008419797797 19.6636068159283 21.8758364882325 253.041292261727 116.025870389454
11.9747177358058 12.6967451804575 22.6732560032092 21.4486765516622 22.3822439046879 21.6468547049773 68.9424576595009 392.020281847404
10.6661763523551 11.5629438664708 22.4629195928816 21.6839827836986 28.0863272845548 13.6104211230461 232.300265549004 146.953835824852
10.9810957992064 9.45563824848898 19.6718523987974 24.1654571534896 23.7574722659567 16.3669348114537 122.089522061147 177.794345957347
11.004345935873 10.0110769706974 21.2512334074895 22.7978545441811 13.2214620555426 11.2755283008201 101.937795390268 276.267444274671
11.9896733128899 11.1822348158599 28.1187043101002 19.4599670444609 8.42159782995345 26.1218014872078 199.622267049077 283.030355725573
12.2293463183304 9.92360609033329 20.6178244758069 22.8966765730946 21.4520070928245 17.3725802198223 116.901968873379 205.628741909133
10.4552278862884 9.1408464984298 20.568719247973 21.6199647983238 8.50429721706482 29.1892646606347 180.238393225526 271.756737426041
11.9178844861007 11.4180074200429 24.0797400800312 20.1052887857382 13.8405632032406 20.6529215238551 205.922110785709 86.0717757311234
12.6283029220202 9.3504235495747 21.2595905664661 20.1799376177181 23.9165311240046 11.9107742631226 82.0038330242808 373.527345258628
12.8182943186924 9.81201501120278 24.2354234521498 20.588343334803 26.4524882838715 16.2137186923582 133.358206601828 247.715947252901
12.351557015455 10.2087301821289 27.9367856116401 19.5193921031451 28.7090609368863 13.7713711405537 173.253837362611 277.445805581699
10.6309783791004 9.63964965209823 27.0918891712992 19.966801238623 23.3266310902879 10.9491208504439 44.7548350448955 278.388653478036
12.4270964946444 11.2495461418844 18.1302137791968 25.5349427502319 27.2327768577973 13.4565148300395 174.729294375668 294.929835873266
10.5762919446174 10.936904560363 15.1079221704001 23.1350382106457 25.2523936652057 22.723745694409 260.328864197271 162.72104808661
10.8312285984966 10.5058553373779 24.0759194661423 22.8736782054881 23.2626878219108 26.2571538092139 141.39757464364 306.945827131435
11.3166516411112 10.0120488063058 16.6063740418355 27.8575292533322 13.6343361591703 14.6562933639704 215.013734203422 104.838332373547
11.1040109754606 9.74633066385734 22.4155069013404 20.6260075418154 26.1862529675086 11.144005121432 132.150930817725 331.517425129071
12.1448377257739 9.41139013264676 24.9436333099592 22.87029170615 28.2433165314343 13.8116455531644 143.34500675428 369.715192582028
11.4014603115242 11.474808786536 20.3144072772262 22.7755588354148 20.9724923449198 11.7591146315785 96.5119590158193 287.05509646598
11.1463100654296 12.2321595126827 25.4106097030605 23.112673265347 11.5395696283686 20.4059356381492 178.448134126573 189.004096723905
10.8391183993645 9.22883878707689 20.0112326972284 23.6599669024231 17.7444082674255 23.6621403772904 161.886559825108 221.565029868995
10.3151522301208 9.82213609619757 26.5431436532528 22.5338282120825 6.86851675527126 26.0697968036002 125.353887393835 267.644417629993
10.2393822896962 10.1262805971126 22.3870041411683 22.9216281703522 21.2981797275488 15.6039079402135 150.239136669987 292.347640122371
12.1310994876228 11.1836997552763 23.3434628769339 20.9058621407493 13.0568534503674 22.7110782879391 165.466904206537 313.882795404884
10.935925219895 10.5577306291436 25.6607387714262 20.3582526391326 26.3957133848808 11.4926579609253 184.773368089565 163.839638132962
11.0114454246574 9.86843284761277 23.6782031901899 21.393727796365 10.6954284665375 13.0708036565083 159.627742654305 286.977759279969
12.783216401483 11.2498806002139 27.1616698751366 17.3395607612349 28.2099573950496 27.3860173921992 227.40444419584 56.219461804007
12.6773130214388 10.5338475808652 24.6031863157227 19.2774080253016 23.430028171164 3.98322665640875 91.8823848940871 310.705320822355
10.3507891458596 10.7829184263854 24.3195992757725 22.3543956692378 19.5462365554405 14.6620173532628 116.368384742697 327.562839521628
10.8917340833937 11.7736474756749 25.7215215193102 20.047006989794 29.9884379501074 17.8318642484565 180.278621132055 101.971733454202
11.3334352770419 8.63136313505465 18.6179826157613 20.5297106409952 26.232794381291 22.1242994163685 133.359048975742 264.237860666108
13.5477494673246 10.3745169935817 24.6695366843647 20.5205289838312 28.3681671489384 19.9127882103622 126.846346219671 231.816040481619
12.8129406965551 10.7444973997594 20.358703977306 21.822740301033 19.7076740501629 10.0533589293618 146.066106249217 242.697608169325
11.9311455468141 9.79388557765533 23.2697261896142 23.2330815699503 19.6094585788413 25.2304679976325 196.132753990904 130.521757126079
12.6922036193922 9.51243030946261 22.9014384317558 22.1445391089983 20.0656561109799 10.8002850921138 177.441584274956 227.320502096659
11.018771118356 10.3235500969293 27.4732725753517 20.1831560130539 20.5971953572153 23.4387485784932 210.692881910738 106.030776722203
11.7895103569677 9.28673720493257 25.4683184205597 20.1376925555849 14.7360057542604 15.4686455460028 134.709116158665 353.237201966743
10.5099876967529 12.2494301443273 22.8760431744648 23.0349874156715 21.0409282089664 21.5778121881746 182.390503650523 227.545922307984
10.1757039486286 9.56714647109656 23.6839679388902 19.8623772568272 8.10334245893469 22.6616041328228 134.678727638397 328.285394006641
10.450351368484 14.0868842045779 21.0848865337483 21.976475835197 27.7800608596402 15.7726234677801 63.7122794234619 297.212136922537
10.3715276094986 12.3884623737497 26.6233664892385 24.9727104787882 12.7358201261591 26.587951775755 168.167388407277 234.077087684536
12.1093118436792 10.1634408675667 24.2715473224644 20.7572164810056 23.0659851960668 22.3364734195895 108.917744066356 229.614389024885
11.4890894666493 9.92797612999198 26.9996409067029 19.0561423744778 24.8209772148161 7.74196350685368 136.611267771375 286.620158479475
12.1315960215102 10.3111460341026 27.4501035045149 19.1584613331915 26.8303708533759 24.0515739171672 178.811555548915 105.589714506614
12.0735458148556 10.1042648505092 23.642189135317 23.6307549726221 18.9680925394181 23.0163188878146 143.56169767159 296.340470061865
11.180385551409 10.8845228448338 22.5764647005343 21.4770115270854 23.2035838190941 17.4298416564388 98.20430729449 296.355566226429
10.8205876541919 10.8898466310586 25.7875788606174 20.3585554509742 17.8859522989909 29.3324969679356 127.067455598801 283.59143719919
11.7629338103305 10.638912072786 23.238366196872 20.0275697965827 25.2827055466142 28.7215351628053 195.829145329393 126.290247154797
11.9167144025678 11.2322962088077 25.4764262325485 20.6168165365193 22.3625544796613 14.9310113215738 153.866159755887 148.5538845239
11.1143085831587 12.053502324185 22.1135116506128 22.1992760178274 23.6150650489069 24.4178663851605 120.052566906072 220.588347377079
10.8181315211221 10.8876721252118 26.0872761354762 21.2420330276392 28.6732775399557 21.1283005603641 332.308398909249 84.9666594719277
11.9728852342248 11.3466346291189 20.9820494658261 20.7828743549571 24.6926583413379 25.9548701840831 205.509699950371 226.676316021551
12.0143373336561 11.0782177918265 25.2598062106969 20.8380898980906 20.2150282597565 7.89765221050705 200.487498797141 149.856478582303
11.8140132606789 9.97437858216491 23.7627866622927 20.6314905048278 23.0271697174791 17.723979641068 183.567762616043 254.006643980884
12.6571465585764 11.1216894124194 20.3171289412318 23.9796804888773 25.8516971971791 24.5353840748322 183.21094415751 178.372808832215
12.6760615925492 10.3147129942612 21.8214151050114 22.8663301720832 23.0308042996778 7.21904242370808 65.5837849531591 369.889169445687
12.6356510747918 12.2075706203562 20.4957889749947 24.9441775908916 28.4908274653851 8.82190313234149 221.127369627883 195.260839840045
10.8758062017007 11.6655970409397 26.7966434865268 20.458804970685 5.64331642710378 19.7285482960936 126.024301793867 296.131731642621
11.0018061411736 11.2296147649884 28.6397710687268 20.73055903533 22.2909179626011 28.8223223691313 78.7158745465341 319.778176355641
10.9621295783377 10.8414284915845 26.9329598459761 21.9713076122719 21.4411665412306 12.9349763635879 143.480809362792 25.7970974070472
12.2909383582157 9.42746964330627 21.7418269186794 23.3285262082922 19.0076624508022 7.58663130699442 223.733972098223 116.050607411153
10.497599659777 11.3609667548995 23.9618137456229 22.0557845400047 19.7225307990663 13.8683029752291 269.945065178673 69.2014194092605
13.2488619148728 10.0250056341969 23.0524154938018 20.3519581902725 9.65647754801722 11.0868393841007 232.573819435768 185.758800664623
12.1323742300412 10.5573686326825 29.0513596333551 17.3405058682628 27.1972933226206 13.9130057211419 205.38164019636 157.377174142073
11.2074122829042 11.296505604565 25.7950296020741 20.075239749905 14.0857659777683 24.7159424219972 186.018211403938 204.344321849219
11.621316377814 11.2128382968526 27.6647941079636 19.5377238992017 24.0293676828221 16.3116211812733 84.2124355302494 275.399133611463
9.88104907310029 11.7910569908578 16.0589918769038 24.2970451853499 18.7259244374111 24.4092966871231 212.212982135851 274.152412387664
10.6525234758398 11.7017948860507 25.1321948530181 22.3417579460555 16.9190198743964 23.6385985505706 223.342075340694 91.5040030045427
12.9700388081876 10.1606477830198 23.6051026071744 21.9063846753793 24.3735347167554 12.0967752555749 220.359609933883 206.085785399134
10.6792157555908 10.9415828813685 18.1835799365701 22.5394968701181 11.1562037161035 18.9677950469246 132.347278020257 319.705470113603
10.8424505517214 11.2367506718122 22.6996259464728 22.6884362978762 26.7657734500999 19.8962632277372 204.212265011125 49.7374811985397
11.6063041394814 11.3314628865586 22.054970778503 21.272618274336 19.791586554648 28.1781602154355 178.298639501834 264.289732534448
10.4366178217746 12.2524563029099 23.8459399466874 21.3987863787292 26.6489167050563 3.50763930124573 238.222910703064 84.1883503402333
10.2647681968019 12.3374436211829 18.8930549704312 22.8390229520597 26.4570767175669 15.4006171036902 252.697479456106 74.5736529743017
12.009056267804 9.86613625616854 25.9554068728971 22.6918681428115 28.2388461920331 15.9311477901281 65.1731651349288 320.324765193107
11.208838558969 9.85458618625396 28.5829679388322 21.8311722962445 27.7172260030925 25.3664277546608 87.0766463010089 249.780817425041
12.44451691852 11.4902630655252 24.8437500725422 20.1155713674197 29.6957433027772 13.0837358137646 64.101249253277 312.334437015224
9.67176796883633 10.5199343928723 26.595038526687 20.0652576204851 26.4618993886297 16.3820301258247 220.596198969959 168.626793361392
10.4583243241467 11.9974725279628 25.9062753590256 19.5655225251047 26.8696802472858 17.7630827843599 235.369246793127 80.1569036661944
11.4423791897789 11.5912330745247 23.4362670021232 21.0447296382432 29.2686882135818 23.1770806224391 65.983170701925 348.488016434616
11.1384151298002 9.57469788510159 23.8790095335225 19.4122133026516 27.0617131775276 26.4210556704424 127.16347483966 259.030738874784
11.9001702312375 11.0108187335097 27.0062689947347 20.025861784571 28.059169576204 25.2773091361338 203.098442692385 40.2234589289741
12.7596702542481 11.0194007847869 25.9079937166837 20.0618871818295 29.8880508661362 15.7180388772735 217.69298139506 202.683243058739
12.6372250167188 8.77332853997584 20.2292415826007 21.6674106882851 20.1829094908441 4.9702728259595 214.028157027956 176.215910747298
11.037095570058 9.09336863805958 18.2547782625568 23.5678273074078 28.893220785461 24.4959529856662 216.367064973246 175.721039442007
12.4862090527446 12.5332020317142 24.6958657927583 20.6509639503823 23.7378464674369 6.66309592385966 207.658592448506 142.482724851416
10.5851789131509 11.7561621247761 26.4452625397319 19.9783524445784 25.6579441447321 26.2095686074761 178.159711332778 245.177656497952
10.7180637964472 11.6563073163273 23.1819887109173 20.9111486714677 28.3966810626471 8.44205921985187 184.461190728299 166.866432845257
12.5476758457008 11.077675172236 27.1634783919817 21.4591459364611 8.81971156832882 21.2780810245381 218.289155477613 110.988262177369
10.7562239286039 10.5161522438452 26.7121499786601 20.1789097660442 11.7529399595361 10.4479526422993 226.035957447853 60.3335394298059
9.88336187124284 10.9870799350454 22.2128540038677 21.7592306631428 27.3405720086348 24.6443130234058 198.279682065769 141.968802517779
11.7524559276675 11.079340051597 26.2735100765847 19.2818917462316 20.3937073911261 19.2504067756502 233.722305225375 129.063198185664
10.6828904246266 12.3060349901529 26.4414324909787 24.4278751776223 24.7460162069146 16.1305803599164 119.359274178922 268.210712608624
12.3856949643232 11.3357446590199 19.0457143259701 22.2217243456453 25.3900266037888 18.8181899989235 214.269631569983 27.7438614256116
11.2610164393619 10.6728653381916 19.7033173516391 24.4953668399799 23.3066900139256 9.8507532731837 261.234315392082 235.48572823748
10.5926669187188 10.4157581771035 22.5621727313181 22.9781165198427 21.0402105933436 20.3095087191966 170.120018574501 99.5050528745995
11.5940962866206 9.99571388394173 19.1990956247891 20.0510063549369 19.0577982519474 23.1606439655851 199.771602454691 63.1014279754186
10.7054500118434 11.9261174507805 25.1076643286363 20.1628284275598 29.5678454990797 28.8065911121943 30.557795945075 445.663578754224
11.7085049698489 9.64318888140135 26.1112903158994 19.9981381920631 27.8805569598467 25.3306642427548 190.345397316903 58.5143238464162
10.644354020914 9.47899041306508 22.9129510157719 20.2316427812417 12.2487097709476 25.3540406793948 209.290649312159 179.796224384437
11.7899315469025 10.9293021302389 21.7049752593107 21.5610048735063 20.0460988157395 14.9405331719259 205.794100036863 179.22116551608
10.3329648660927 11.1050406815805 20.1470726600904 20.7990156983672 13.6030288555398 11.4702321486162 168.276388821253 250.913564900801
11.2781388283361 13.0694418165921 27.186792511162 24.9030662951307 21.716771071806 10.4410627646649 228.480932152201 178.911039363045
11.1625802937041 9.8513853467962 23.711081116053 19.2220252159682 16.7695671177597 27.4089918682039 92.8370957772711 308.199740240035
10.2775355118756 11.2999115520669 20.8418037925548 24.0443175490894 28.168458938339 11.7678737080538 160.782173987421 286.145183715415
11.0294427091181 10.6876148349638 22.7866466221818 21.3296685686678 23.3001501969388 25.1336352667083 212.264781536416 100.247758547843
10.3849060812069 11.4465991416776 18.883526480691 22.8722479979276 27.5434059690848 14.8496699544074 169.95373610863 226.387183417138
12.9077942016564 11.5217491660173 27.1445659140126 21.6964207674959 25.7674027182146 21.2823089018746 57.5717206942473 259.473037811357
12.0336444483512 9.76936770522742 4.31986020073811 21.6791737595137 9.24883633028444 17.8136451071459 228.396565523348 80.6498425019299
10.4719178829054 11.7855552968769 21.6793598303597 22.0402601264462 23.0106917460089 18.139680154075 205.325603543578 140.005591201981
11.3608899875261 11.8371653292324 23.238343480401 21.1550283057089 18.8471427055307 23.039592538508 94.8132439493502 306.628605020859
10.7396560323651 12.1334179885567 26.5633703269944 20.524925277215 23.5270025415907 13.8209119745235 195.376074396854 144.710127974494
11.6367746686931 11.9023494905391 27.4030711875695 20.227261368789 16.5306390159489 25.9978056216675 169.172927394084 252.317827104544
9.36209849145767 11.2225681532574 18.4388597396449 23.3089014595903 13.5963368128671 15.2229716939194 213.483691573525 154.084083826506
10.5254373795475 10.8885641794058 19.0498489699373 22.4809619585027 16.3979621015681 14.5362691036561 299.188100640522 114.090777973426
11.9877698645813 11.0949062560683 24.028652969197 24.1210809068491 20.4385670958098 12.9905660032299 265.501973019265 95.6621963760626
12.3657798791855 9.48786219329104 20.7768659708482 22.8156356162749 24.4430561078445 24.9200619399362 237.895638743591 133.94935212096
10.850483486296 11.253983283566 22.0644287825552 23.3133008729479 24.5455573615408 13.9588253107426 223.174999339078 150.882351894508
11.3638431565106 10.2270876868928 24.947911077421 20.5420934137014 27.3321739415999 18.52339056652 166.148054056938 235.993754092153
10.9879973621851 10.5837921227052 21.8900204303527 23.5497783150365 27.1259876547341 22.9177998032778 68.2127679170663 330.125815572876
12.2865208648898 12.2147338158745 27.5169686397472 20.0325905026064 27.2006226108379 12.5086651614231 231.076927118268 74.2190122410229
13.2887906478064 9.81001470347974 27.7315905536995 19.1739204634279 17.9791028273725 25.129519841423 193.470904062271 71.3847162298891
11.1886593462936 9.52374135650543 27.0135671538173 20.1430810437854 8.67273133234817 15.6751162855174 44.5463525416096 262.957665473095
11.6677567981121 11.5091386940107 28.2876577916943 18.0590739745154 25.2129616088511 5.76649150230235 145.930980906924 281.947899441946
12.8872047361927 10.8496697750496 22.4757110596946 24.9912394666558 25.0185817772959 24.9703281993934 58.808458226417 263.667463175404
11.1970348664089 8.79210606549072 21.497914122403 20.3609144994884 22.7108811988014 24.8300383899365 35.6574941390312 317.194155680749
11.2603928764055 10.9788847769257 27.0938577826667 20.9699880025051 22.2560607108842 19.8040185483548 239.358479104808 6.64331243408334
12.6006537903134 9.7471608627263 22.320948670611 21.2496171446879 27.2090873742688 12.3467561687594 172.009861951941 270.543263878979
12.2815103860923 10.1135950570048 18.4775125292944 24.045945974173 29.7615805817042 25.5259423291383 208.641875093465 138.008820921523
11.6312267032915 9.79898594920141 25.8532646403456 21.2800761785332 19.2816684325376 8.14396933458713 194.596062844164 251.468027837513
11.9884758067103 9.4457829691436 25.0978198463719 20.9839492684496 18.1373860546202 18.2952929655706 189.417167429593 220.861305944519
13.4231814494328 10.3733113584085 17.553129078192 21.7679221165881 27.7546611498255 14.5914077403592 169.783117064903 261.117590696741
11.7708938046877 11.4917090849023 28.988639065112 22.536700241671 25.2783360810641 15.5934282495011 188.200258413843 269.701871581436
10.9629040201833 11.7628446395602 19.0810790984283 25.1730797099363 9.07780270407882 27.1481909521817 160.037520604161 267.427554142515
12.0189359444449 9.45933551122018 20.6971660200976 22.0692004676756 21.6373513152768 23.5142507891947 159.019334919423 275.642450336688
12.4597522823563 9.41247011386501 26.4806348705416 19.8195427461257 14.709885457645 7.75246120418254 285.24011554144 151.310547850982
12.1260124310057 11.4107455794211 19.9445643386315 23.3986836680777 29.9226710484069 11.332360939512 109.604407849617 301.866517877423
12.0889924823921 11.2822265227987 19.9668895393623 20.2376961407375 18.333877824369 29.0083469556737 61.7289365220939 269.301555673521
11.25857337692 9.66329940389577 18.4644744730434 22.6002214874317 29.1953197495366 10.3161163755119 193.553054988715 317.93944186874
10.8735285855096 11.0070851762689 25.7302221651586 19.7979324048613 15.7712592991066 15.6566539710554 172.120048335744 192.278812680433
12.9512203917754 10.7253281379777 27.4828758706519 19.2873044014786 29.9071212531056 25.4662402956296 95.7291357906337 252.572442204752
10.4087537330228 9.45741913930152 22.2286666036477 20.6529854913373 21.4463583076925 28.4481304231143 226.333625422716 234.776949782691
10.418982356047 10.7652284587669 26.5296270830641 18.8517296179463 24.6825181599169 6.99086325898328 180.787089537353 204.197119797188
11.8253951097758 10.1772870166753 24.2430443370408 20.4292686725057 22.1474977128698 15.3311016980659 213.626367184766 216.264916345855
10.7449841971419 10.073794898303 21.6202966026695 20.7355605209978 27.9851871113211 11.757698654147 134.314894324484 329.739544593908
10.7723115479194 11.5844605824716 21.5370217591479 21.593995731393 29.6716316008045 22.3139189817718 230.423515088451 104.37717701027
11.6806055140822 10.8984758051831 26.7148660526132 20.2161723093891 27.9562542405411 27.1435201845966 93.9832706663811 372.468772376609
10.8525230029271 11.9180551394053 22.3106320861186 20.8993878995687 26.1327803013218 18.487701610752 75.6964413777573 334.92233616685
12.7913626579442 11.176673123437 22.6377392129387 21.7802094236579 23.7355522417752 28.8620814475874 204.547026801865 120.070929765235
10.083766680457 10.5018361632445 23.7557810006586 20.5134309421874 29.7585661288974 28.472054941744 194.38395986421 181.462340290893
11.4119929035937 11.9725501238862 25.8451870486855 19.3147809501765 16.9174740918896 12.5378634822692 222.27096199852 124.485542632646
12.9977072613055 10.3556136463881 27.1706906539114 18.9719334083122 29.8970295185449 22.8829615158884 148.830992840532 326.372438855716
12.1957696726585 12.2711039797365 26.5219639186454 18.5948454856802 22.2168025604358 25.8802413063966 207.727376526676 161.022780818195
9.72459207813577 12.0806726165082 21.7983049810671 22.956448488298 28.4132138288448 25.1525950805514 219.936847134413 44.7887374119471
11.5538218187474 9.81478102695788 26.9008867227813 20.178293955939 29.7263992688673 18.5367960511643 198.240695171528 171.970285865405
12.1414209247369 9.60405224988659 22.6533633641789 21.3031279866359 15.5166838499889 8.12695915835886 139.167797586642 261.516104288945
10.9488475454278 12.2180703013755 21.6372221013608 21.9684644745114 17.1696317476588 29.4371535371807 174.658414463808 226.214536756618
10.537387266526 11.8909910582196 17.5167172043809 21.9525260493413 24.6448980924986 8.35474905887284 103.716355118811 351.302462723342
10.7343892234183 11.8612668877994 22.467110809386 27.9975410276986 22.1237020686427 25.7510416508055 47.3086510583802 363.415476347497
10.942100810667 11.4914610767579 12.201002016258 22.6963054078637 25.6575920515998 5.03958988361366 201.59012270832 129.607133928806
11.0140723986356 11.7497692037189 22.9315868284363 20.3229148111532 28.8066253854131 14.4912568088718 171.087134579436 227.050604626046
10.9098612778059 10.2159537468451 25.4820948262933 20.3658147601347 28.063856544374 22.3779669720402 78.1543848816757 285.867596827345
10.8991193986337 10.7892130861524 27.1907790464916 20.1109854081647 24.0209527853824 11.8025027015062 91.3112999781742 342.828528854393
10.0694371240314 12.662682473484 21.2160003363683 21.9667623902376 23.0863820886467 8.62232995351988 181.834917220738 169.477195427111
10.4522857104215 11.9234096276527 27.6764483460003 18.5042883561335 23.3453989531827 5.45437078894534 176.693545460956 197.695886880958
11.746639096542 9.62667855335822 23.4777922639109 18.6170401241854 23.2732818051922 18.4739786065629 66.8602578374786 299.912958170833
12.007122935194 10.4577716145491 28.0282928697083 19.3106001782811 23.0711966082567 16.8058826194764 235.360915628757 185.54638217826
10.6043265185046 11.3328046553457 22.9116521551296 19.9557290243473 18.5288123333559 9.11652360326431 191.07634747823 191.202118926533
12.6318852227406 11.1851233172975 23.0533389375773 20.8528443035761 20.1435071019336 14.4199524457962 236.352954013938 88.7450535110275
12.0415772596273 10.4022478858502 25.7157951548758 19.2311713515019 14.5465779364134 26.4236695043691 66.8508713721036 394.532489089372
10.6475456814456 10.364174936725 26.7034390441916 20.7360327476274 22.9786933741139 12.9756858423671 103.808705504529 298.417587647025
10.7139889586232 11.2143400651104 24.6728300560958 20.3030210468135 20.4690497756834 21.4575484011085 209.590481472139 92.5976583061066
12.7665754208783 9.79691286065174 21.5661670831953 21.9406841803364 25.6985762050591 27.0809840628941 69.3522282447675 375.753328279645
12.061140749011 10.1801111339573 26.9506110009181 19.4532564863662 25.9643958280186 14.03419562331 223.467044871056 181.032595848821
12.4183735571545 10.3780875092456 24.1339389279064 22.4404890108898 23.8649855305067 8.51442412237134 116.022199242173 258.434375661636
12.6968364915589 10.3946476674479 23.6397775288104 22.3539458944746 22.1976517332543 26.8811540977897 231.565875845477 119.352006812977
12.7122249050182 10.7080784001433 24.5394042644112 20.8465320680988 19.626789602856 9.70382398584083 227.59370658605 127.395402382356
12.4576116873888 11.1055621531524 21.5989592918836 20.5796261344736 22.4705375430485 26.0825240525768 151.267053219858 157.673087647643
11.2582874443094 11.9305578188414 29.0701368436509 22.1361084474769 12.8621608244515 12.3685218682195 103.616240711149 271.58562395961
12.16948443753 11.6320936336955 24.2057944149064 20.1232207913976 20.7645678481019 13.9681035348874 202.324154699905 106.656270697558
10.6415318314094 9.33942261776176 25.6798238860077 21.0658000589314 24.955623458519 29.8381736920388 114.60958545525 301.14837315142
11.9645992343438 9.92473173212226 20.8189394353862 24.975666858832 24.3960177057627 25.6199829022799 166.516773429305 293.030526415184
10.7990351737091 10.0939423371773 25.3302039173835 20.4391321887439 13.3472017867952 20.6638895836272 272.003161269012 125.970183289862
10.7598890581891 10.8040447741971 22.476449527652 22.871662198517 29.1151172740139 17.4880963681645 150.790020947049 254.824728478415
11.3416034752468 11.2108051821066 27.6987731811479 19.6981906365857 16.1748118768278 9.94101824281237 124.276518782067 298.055623473784
11.8187837588121 11.9811448500028 18.1845925340285 21.9058126620756 23.4960109959181 29.3597450657897 98.305608250005 294.598922153603
10.8316167141014 11.7294663764088 26.3045653666637 20.4325466377156 29.982092713341 14.946798513734 208.291942136589 146.89839988447
12.1529843937802 12.9162001691003 28.5069504280407 18.2691943659384 17.7546400840184 24.0486033945122 143.721914403756 288.958037383912
9.27926521773574 11.9001559194871 23.7527741152535 20.9333890137868 10.3195354709852 5.6697184252041 226.138756537665 68.5729407852771
11.1110813071862 11.9746167960969 25.5556419097268 22.1603310759478 29.1720358147034 24.4955038480537 68.143461738162 254.155092349936
12.5714745743327 9.93824645490298 24.713889076885 20.8692956467415 25.9308803144675 18.712400918284 228.096187928766 137.252016197397
10.6193476745386 11.0228855524742 25.6992950692834 20.9461936120322 20.9628135683002 18.2501349426088 191.121644433773 180.985498293903
11.635503878935 10.795686953125 22.4014778314664 22.4706609907388 22.1772172404939 12.9866756531473 207.279383068456 164.247204628593
12.8099127680778 8.20841686582945 22.2232588981768 24.282112019487 28.9101031222647 17.4109984352765 79.2180648854515 355.719524400639
11.0261260661523 10.2161610165418 25.0904375883909 20.1766214390899 21.4243644670531 28.5565946739691 163.778048433256 251.419649558645
10.097297906403 12.3985257867227 23.005451763373 20.5349881900464 26.2520272146005 14.622219171071 133.710022436297 332.82514655964
12.617546005075 10.4331473861617 25.8552975371462 18.9080596486178 23.9675348796264 11.1297514524209 216.084812377235 267.911206314084
12.2811835729604 9.36242916484162 22.7647999153531 21.9728126320025 15.7110481198974 17.0417228632284 117.081183478554 324.874437021986
10.0933555222256 9.27556825109355 10.1386394285469 25.3085220373897 26.4321523133781 21.1504828378958 120.384796257582 378.803198104542
12.2927814716339 9.80250375953604 23.5236049075995 21.7219517180749 14.0107971228619 21.6340051278657 210.869808473898 202.19564261362
11.4649001288748 9.63778818982111 26.9564263601845 20.2288593348225 29.3844449164851 18.2136537537216 208.762401481392 242.190536054109
11.6359003101307 10.2002172222757 27.6196054039524 20.2617257513824 21.5156776625253 17.825841857799 195.663744438407 175.406585050723
10.3442841434493 11.4839959630683 23.5024185341372 21.8533545403907 27.4469323844607 5.46077712356416 194.114453399258 241.465521519637
12.9456952868007 9.30835230020685 19.3079314139058 20.9911159264321 21.5911612902198 29.0301795942527 161.253784552439 237.398461768708
12.1181397226437 10.1654292351256 21.9205344924362 21.9926837348343 20.8187681762727 27.9412773465911 206.053455949241 111.093556871504
12.6798599327844 11.0287839006033 22.3608167012224 20.647064467727 29.1559065345937 28.1919225717785 239.192104554158 90.8039792702409
11.3358202198121 10.4662607848342 28.9102205237679 22.3803582771031 24.8419653172667 25.0627716521987 164.767000532798 133.481946611468
12.0334183677329 10.8309701831925 22.1534380369529 21.0520032567185 20.2694222504013 25.3025350869341 114.734968593788 290.620820811967
12.9226316747348 11.5144461794696 25.2263236860054 21.055984717849 19.0840514413949 15.7001345952523 206.991338005645 105.458251161181
11.217598300638 10.7587357212235 25.3343446980671 18.5899577308269 11.5075538874961 27.8694276612322 273.653343981588 151.629184300503
12.6771962455717 11.2187689958552 22.3973956756156 20.1271701355108 15.3462568143 11.0744545424427 170.414943927097 271.992029592697
12.0573885592748 9.8661890842567 21.2865686209516 24.5656332504353 22.5401265529273 8.7059409412503 269.936432203153 32.3222046078834
11.3103668449288 12.0988230142517 22.4922829340789 22.7276952953205 16.3094107826815 11.7451054987544 164.163193859529 226.743372515086
10.8842182096347 9.08268199906704 27.8613613883849 22.7484513641774 29.8120982162568 18.2024760886657 57.6502279717321 346.506189479894
10.6593805609866 10.4808074796337 25.3268999390867 19.9895949478988 23.533846699971 22.9393193319334 258.656483342586 50.280742545963
11.6883522997765 9.51098658829069 18.6086745122921 22.9199245885768 11.0975445859523 10.344024536412 220.581545077775 72.7357639155128
12.1057121633138 10.5653664234812 27.321024817312 19.285270388847 13.4405744845494 5.01329957510312 176.370299579562 141.203963940507
13.7365147533643 9.68274075622907 23.5000628137847 20.3430608262709 25.3263131366928 4.4191649949339 94.4994732339627 183.869668896428
11.2404336993123 9.46763945042099 25.1143895968329 20.3011625641418 26.6793720465985 13.1374292317636 67.2279526749801 156.403104917301
11.601697727188 9.18415282431596 22.0684133866583 20.5606236393943 18.3161970096912 14.0041993172805 141.283893861393 265.394536551858
10.8426377933807 11.1419726983513 12.551039003995 24.6545203149965 27.4392629142814 17.7532270357879 162.016069584088 240.723035154239
11.5033110829794 11.3856713601625 20.4455866913711 23.1745954444307 26.3570274749647 15.595866427388 264.473970620254 149.516076889687
12.5261156658391 9.35032526511726 11.5223245119505 25.2592122409852 29.9693339733328 12.1734769914306 188.074569838946 213.827374357598
10.9821903191366 11.463158127492 26.2382239788382 19.658018680757 10.9951245499467 28.5759501869964 117.734756937064 311.510152507311
11.1249732674874 11.5096080591201 25.2018820374081 22.661981892027 26.7988600952254 11.7244688226468 211.167909444102 170.362754937774
12.2482804059389 9.43086307934141 27.2399888760328 20.5943035908738 25.6885907543087 9.63734174224311 156.362389991761 90.2944324341651
11.0445596062813 9.60185278541996 24.9021833375647 21.7311308621647 25.084015705284 14.5322367342007 170.230747348314 305.332958789671
12.0752334803426 8.88524586854185 19.9636472590385 21.70425056636 14.1872192871894 15.0521969572835 64.8373765324367 148.882186825305
10.8143921809421 10.4775141803212 23.1157203606252 21.059794222335 27.1788846720632 19.2068807107697 186.018663929742 118.147027526467
11.0496895665361 10.019464428449 26.954460867712 19.8419752464464 26.0546988844273 7.42080455179845 223.224741551966 184.055648147545
11.1093553267933 11.896258105034 23.2508214102574 19.6865969285059 28.0911506906774 11.6044362835785 110.850535212098 269.973988821496
10.9901450048365 11.5984432648588 22.6354276818597 21.545866116923 20.1745197763877 14.865101026557 255.424064306706 165.623872494354
11.3596075937846 11.5866672591775 20.9469901667234 22.2837641087197 17.239732296 12.1574987810419 200.275458439248 160.815226795101
12.5306594718504 11.6939149775737 21.3988665846938 21.3692239178421 20.7004610749024 20.6241638965894 73.7975575115577 245.852193593993
11.0080843748089 10.2674121779475 19.4014873874934 20.8907895860894 21.1739885936818 18.0893284641367 74.4074065096304 334.409544264689
11.5868245211238 10.3555914873537 26.8212719864904 19.8316844785301 23.2399414616006 26.7339396921513 143.748541389951 319.598589224009
11.6616984444423 10.2879964480184 21.8221121521055 21.012335665043 10.4708038601726 25.7197977500542 236.603741379042 260.490646365981
10.2387200249224 11.0925006142124 25.9033440634392 20.6388308693494 19.5404338039774 13.8726147469505 131.856239001078 183.405090145036
10.0382552168033 9.88667820293096 22.9260352700998 19.3813513720241 26.6960836712135 17.7830244409716 138.827848523964 343.161379453698
10.6937767406824 11.0923371073563 13.0132681881603 24.8108012876127 21.2629137023924 29.0924986538719 144.525476385 337.826918108916
9.51601323022405 11.6098362982808 22.3184545863798 21.1346679724174 25.2654359348504 15.9104716853677 214.120392321617 128.573381159544
12.7127115590694 9.70061307177723 27.1329658316008 19.6611109419347 21.719971534362 25.9082687073781 137.345011915533 273.803466742212
10.9435794869216 11.0686225262902 19.1663220374135 20.8954285841754 17.1811141289168 24.7367259656961 197.052757436121 208.937688087931
12.7586139502458 10.534368764692 27.9909645001266 18.9073336189002 25.4365653421826 22.0823632706476 133.403456039015 160.200176373558
11.4508666312512 9.97732825673456 24.5086008815638 20.8526916279502 16.3371812112116 17.3866401219532 213.403778523993 74.0425612135598
10.3449756325643 11.7284250415699 20.2942093659926 21.7626107206321 22.426157858214 12.8434215457541 233.324288483526 60.1895719969577
11.121688669788 11.5467741028422 19.3775406899786 21.5885792413975 23.4859521870817 12.806914012697 111.005021575422 304.506797117615
12.8295307848229 9.23697855852173 14.7175501972457 24.274238842091 24.2876195153511 16.3230360911985 252.861985212684 109.580566781659
10.0385424302204 12.7934576237639 20.8614015128332 21.5756303808862 28.518602736884 18.3880061555195 110.696016326565 298.799338083046
12.2780144024759 11.0422827992138 22.5763256061311 21.1353569396235 23.9905813260563 24.6067883057501 158.816092473778 177.211027237541
11.4337891749898 9.11194909140911 24.4239615096648 20.9990606304071 22.4157709891703 21.7846086805116 155.42529211131 256.402875863817
10.5259958583572 10.1382859474487 25.3848426059553 20.6960851345687 26.5826291593684 27.3388167068453 147.205152551558 278.527164060844
11.6507243565781 11.5561208492824 29.2256987498396 19.1218410571715 26.3187489237292 22.5302616160626 71.1644873829216 323.614724409144
10.8503634692465 10.8492653635568 27.4649273163718 19.5415716191679 10.9182357488057 22.9849970334225 196.210939197583 284.661806614829
13.2630795873124 11.6394845899286 26.312629255205 20.2233359671776 23.2683583007016 16.2647185147651 202.779275853612 84.9119399233529
11.390093081593 10.8182054202678 17.3243927194039 21.8727972311214 13.7903261260376 12.9519539441105 186.031369901326 209.019560912993
12.0980621897678 11.481955566663 27.2762702947879 19.1680816906161 29.5671346967017 23.3183358253105 188.958811564956 149.398013378376
12.3509164505876 9.87144391626302 22.827866470733 20.2451843221954 17.6906641147924 12.2837867868833 79.4428668415226 284.935085918258
11.0271348835919 10.2118317363731 26.2670312136275 20.4475672562182 17.9475969403902 15.4934651423234 195.852009273273 169.851243750189
13.8957045212802 9.41815232241106 12.4346034714875 25.5512720609286 24.2199653769124 17.1249253894856 146.354052722997 346.371260383427
12.7628045404264 11.4923820491431 26.9183613200053 21.6444088729067 26.9485641109187 16.2070835009436 227.001403263803 120.214374168618
11.7447048421232 10.3454626017206 25.5851330491618 20.5073391241789 15.6992685868489 7.50486666234262 162.369106463585 259.934370528441
10.5728466368405 9.81343830765027 21.8212356098776 22.4654588154129 25.2701767714732 26.7723280268177 178.807521507277 255.969819217803
11.9977793912477 9.6343267452914 23.0894736145977 21.0356167380044 23.4476045979805 20.0222835268578 149.946549242894 191.079127985518
12.4816918962085 10.3130268381154 20.5939380129578 21.252978067135 15.4413712619807 23.1574591271325 270.467255238195 140.236203550293
13.0362825509784 10.4375682965656 25.9663630735177 22.6428104418014 20.0914430055323 20.1647501226065 143.368344152081 166.157978028606
11.5254224862081 9.98684837246857 21.6054941686852 20.2867408689199 10.8185916157567 22.0943068508574 143.389842973647 291.357248438592
11.7723081372845 9.95389476895961 23.0226609618863 21.4484203975017 21.3315469243274 14.4251567363922 172.718294074605 259.051020848956
14.670788255293 10.3077220187278 11.7543023835947 26.9062549188542 21.7091723937279 11.9857355131495 228.823565178372 186.372549092919
10.7746448237116 10.4539600050923 26.9960698431815 23.4349554186704 19.9261987803443 13.9248403646574 199.863042936295 177.359019295071
10.8259817282616 11.7108182362955 18.9127839925389 22.2583209091637 14.9777543750904 20.5295290786463 115.530553645564 305.910405877787
10.3997049537069 13.0363370361161 20.0292147673607 22.2180282950357 18.1367052490279 10.0226500375747 73.9642158131512 316.029423859318
12.5986311665143 11.1697242444178 27.6960055372219 16.7805913178263 16.7613106958468 29.5649846676495 240.206482949476 52.5339819972587
11.2569766526863 10.2584392360152 22.5176827961715 20.53887380107 28.5845133148828 9.80578640402801 142.205026968752 338.973738624506
10.5510970378928 11.0369198221267 23.6103753134394 20.6262591545031 28.7458110629486 24.7190057564471 184.388853383542 184.787497367212
10.9402345261611 9.58080043096723 23.2131806958428 20.4540116605899 20.2490997847035 11.3909579073618 172.848111878842 186.057732675992
10.3448177484116 12.0772348742461 28.3368712048685 17.6140007396857 14.5739547426303 11.0364926168191 342.555788272124 34.2072141725876
12.4710324066606 9.40751271974742 24.5074021320907 20.7583049183181 28.8141487557838 11.3910447866435 173.038848446524 318.734693224125
12.2967147647588 9.87996047870802 24.3196218401414 21.6660464616229 27.5680258817158 22.8482876271546 229.304514367691 167.638817055273
10.9000060046146 9.36088089206148 25.778989337879 23.1565341427989 28.0429906702011 9.05328182880837 184.263660392213 120.84784128495
10.4495388876307 12.3903754082263 18.0617515649822 22.5272388494541 24.8274175364765 28.647225282355 213.168379209619 144.305697863013
11.1337717784263 9.68231711581293 24.7048040465384 21.5199076370201 11.6065651199689 15.73749953894 109.813715683079 253.562523426676
10.9347430233406 9.48205811012902 23.2976856612838 20.1019870291464 20.0997004703832 19.0736865024793 226.017171533697 98.5976838605396
11.1309368461066 11.5480102481626 10.5057288445613 22.6880024972917 15.6829421276745 17.7214007720447 161.875319200006 185.934360770101
12.4939011544376 10.7259133582536 22.2916015511222 22.0970090459075 21.8985652544228 14.177132484906 224.131743571409 186.662280730212
12.5495149636461 9.25589393610625 13.3844788234969 23.4389170921524 13.2232090321955 26.4809204135369 215.025236066806 187.769245064355
11.1003791154729 11.4228412135428 22.7708977639487 22.1469295175283 27.3381924924961 26.4708414090056 209.15700673139 238.284826073814
13.1555561045263 9.90150503889227 22.9268569730188 21.1005036916673 24.1210866593073 9.94850996651325 124.912005730166 265.818908445303
12.2993992575579 10.4605040010831 28.2921754169064 20.5322620808373 2.91737005870458 27.2024581088715 75.521144430096 243.158808618776
9.64358614113276 11.5649975350997 20.8527068550668 21.675259407067 21.3159458209217 15.1024498808951 235.177489900819 123.886662019827
12.043261659589 10.5020330433099 23.1050387641589 23.9995775998527 19.654559849945 16.8513804779631 148.841955766582 287.781298071652
10.2695853286243 11.2977380606585 26.6092996526832 20.7858522356486 28.185610948649 16.5877654236712 130.32434825308 292.194706283212
10.3296325336938 9.35792505231435 27.7658623579537 18.5866999818207 16.9356499279209 23.6290987147057 175.061191118323 228.981500096693
11.0305108977337 10.8051661764402 27.1898228598642 19.912844507723 26.0314369092241 16.4766689748084 192.057451724677 138.542413199058
10.8510242505043 11.5612617076699 24.0047613405847 23.6303081074189 26.0091794162648 5.51655380842294 189.587970888083 262.376350272905
11.655458647897 9.64961316769757 24.2476354145622 21.1563595905501 19.4939812297958 13.9077979468241 60.7784937897021 271.231600163794
11.8190003220749 9.81255980766776 25.7739923133525 20.1986096446478 26.1601031858812 25.4418084928467 78.8664253016496 173.266051233825
12.0615582525789 13.0952492265849 25.8380337659317 18.5330318966667 27.0732195487225 19.7231164076047 49.7725376807643 305.131577999494
11.1655549957838 10.4815650058706 24.5262443318638 21.0044408300225 17.7705664087965 24.2645929846761 182.247930559913 153.387644462321
10.9706235044243 11.4530212078609 19.878600690333 23.7943198482442 9.92248892138786 10.2043541584575 39.3942954217993 352.797389775926
10.7497273760231 11.2504165984986 25.4693058082261 19.4365625590582 23.6962829362222 14.5443994985359 205.589360418862 163.279263681584
10.8857225994811 10.7577579963424 21.9393066574657 22.0382535270402 26.4665569855866 22.4769103440249 191.298585609663 273.712535658534
11.5091927847379 11.0121842232567 24.4599921214309 20.5659111340473 25.9738829661428 27.4219198992512 112.058323052993 356.015653175781
12.1167372762962 10.0643924774599 25.9985659324522 20.3708760304622 23.6769461383635 23.3328815464408 119.575056530774 250.392514219777
12.6016223989004 11.7610184985178 28.1286558356213 19.3929398649882 27.6645279764134 28.6235959094738 161.910412180262 107.085283116799
10.5429129304645 11.3822314476186 16.6183279549264 23.6730592158973 24.6283242930595 18.6966465281289 266.995879349344 30.7106786315123
11.2262648626466 11.9995519189762 23.5966605383228 25.3021232877527 24.1247865481931 6.50408233181307 202.320207154204 161.083728202832
12.0093367155046 12.1296613827721 21.3965931740647 21.2334519432851 28.4379984189974 23.3167440480917 230.88037195195 168.694965699217
11.3718358904947 11.7203039153459 24.2773148513549 20.2844175398365 17.3959277076903 23.6776526520433 187.344608140113 248.362036588396
11.7092196370321 10.200169912877 25.5621948190017 24.2173098886616 27.3577364577984 19.9504101690286 104.934108755251 322.827810279991
11.9854067205108 9.80372198770312 21.1173890556447 21.1365063094604 29.640169763378 21.8136566666767 241.781228761169 155.093584589484
10.9114337634862 11.2062604182357 22.6343968121651 19.7558027300429 27.9739585688322 16.5978083736578 159.374839203445 302.335229212902
13.1255198593185 11.8375837976642 24.6604864867423 21.0473579859228 25.9685778319411 6.82575974531384 137.519313313533 247.227917932555
12.135636563448 11.2955103402975 23.7485610577296 20.7015642506268 20.4367847711522 23.9534151712974 46.2470267600035 249.629483812345
10.6371740115162 11.7019817971841 24.7673403480093 20.088519436963 22.3472720865743 8.96601714345558 168.844968819221 221.53011762131
12.7498416059928 12.3907307814619 23.7299926077736 21.9460631429419 18.5184737762758 27.2220039456804 323.378099105833 62.535122018349
13.288648912716 10.3564417715847 15.0476659556391 25.7632272285326 29.6750018487834 24.4811250821159 88.1002016476252 268.311925840821
12.3032073184153 10.967230873303 23.0115585849368 21.7697895254184 21.4289355448298 27.6259879311373 206.013319620112 57.4489539721641
10.8768954087727 10.6859065134063 24.5490514917878 20.5343737810522 27.1470814709697 17.977635811233 135.108195777027 237.73915465893
11.7838497467546 11.7862182059964 16.6099038029458 24.0824236355156 24.3482292273038 26.1854020716326 205.892886235279 93.9745098581635
13.3082762569103 12.2458175311216 22.2012096308893 24.638206122244 27.0968461755074 23.7590277294225 234.475656982654 55.3887306942276
10.6491645217378 10.5971804916107 27.3535200545754 19.7501899096717 20.9125861597367 17.1224921253836 45.9944502425629 338.536468401135
9.60666140352655 10.3970636324544 21.6488229997935 21.9372744862704 15.5906655855667 27.1011801882844 332.612955574064 162.43137552833
10.9892367465055 9.76136390685723 23.7704906983106 21.636402954927 29.0270243486995 21.9951030422302 145.603337879884 294.303715914082
10.4786594506677 9.89650346551675 26.8467976053038 22.6682682801461 25.9606261530764 15.3572525053997 193.227864720682 117.85023993501
10.8199477790841 10.9018394298848 13.962588914176 22.2315974124627 29.3044817326995 13.1440568051531 145.095728534461 360.955017792055
10.9974778740297 12.3612581260672 21.6120050748506 20.9994698910286 28.5263644876402 20.3852938527251 177.562063751062 235.679343586315
10.5857735464463 11.9018128094254 22.3394746993507 23.3422398555441 25.5138666808891 8.43323336801876 149.537594817542 302.032863730145
10.1012249043558 11.0219467783551 23.556503937433 22.7587359276688 17.4053109213388 12.1985878699735 196.092593213392 225.521941345883
10.7193579518006 10.3306604927549 12.9265841826084 22.8678793293385 12.4835810370421 15.6921909661095 52.9624680412817 294.786935735653
10.7969501424263 11.1780807715856 24.1413440431979 20.9621315609521 22.6805005178062 26.7490990032732 219.242959404559 79.8884307205578
12.3719806653579 9.41445983344413 19.4806972306311 21.9771304197922 16.6664441114907 28.2082966231258 278.077665969657 232.097378639875
11.2231499407398 11.2073146677694 23.0785146688218 22.6048191048436 28.2839987217943 20.323147682751 166.80218108656 265.902416717756
11.3725990346158 9.9536269183384 25.8770795939258 22.3530918071162 29.4923726103166 20.9605984772868 122.222949254209 285.725789654553
11.3268158688266 10.7371090060774 25.3430083073894 20.4013598497122 18.9997275332081 29.226346322443 361.81973492679 202.396024746109
10.5374385972454 9.9241258388954 23.8341012551748 20.0748624676261 21.8498461741437 16.9173236655867 172.102633332845 321.27128799193
13.128431211214 9.7287338048458 19.1648597906121 21.9444439148401 22.6629879548288 15.4635502790524 198.521937027158 202.039595003193
10.5694855431934 10.0486496091313 28.6676841718922 18.8008865756559 25.0713738036133 16.2897490553641 187.746845182248 159.543449097543
10.300618717288 11.4901941296428 22.1161781449869 23.0788592897351 27.8278465822421 27.102371930754 126.46229582466 308.456375222019
13.1519569331279 11.3865344769145 19.55450358735 22.9569213463121 29.2991638775193 15.044792360574 198.346025257627 216.634477008891
11.7625359519808 11.3628014032426 26.0519843738382 20.6750398720618 22.7391552162205 14.2834704312352 245.709093582744 170.077082080563
