6.84027641199179 18.2674958811264 10.7484522091109 3.86026800336541 2.24625343067632 10.2072919817664 50.7062897563461 429.885822311773
6.85838340214141 17.6216395376396 10.7390138363492 4.74634366851647 8.59301554380772 20.4063846606826 17.563275619613 406.827053646943
5.908959628261 18.5415518629518 7.83199581891352 5.40131523051923 5.79481659319762 19.4024724979393 63.6973382461653 397.928275576112
7.61785035978352 20.9805446094821 13.8627464749025 3.11684262441162 2.34123811113584 18.5759970887986 59.4878425453794 383.489326313978
7.93064221564494 17.5212444027183 12.0947084272494 4.48441744972041 3.93632272166881 16.0266711436213 67.8532771962957 409.732768869448
7.15891380813849 23.8893927110607 6.95495289827471 3.98284434456104 5.07731229537873 15.4517657466226 40.9131632719068 397.124130767262
7.02693471897131 15.4583042233914 12.7176340534499 3.5851417458881 3.04966614305812 24.6094073447123 79.7964593302999 352.897958784555
6.88045468195425 22.2409324968589 13.2565519846914 4.27641683030107 17.7556335405833 21.7995979954713 78.6641716147228 269.639766229483
5.05238201635967 18.5893664795497 12.9253882919171 3.86062839442853 7.92562178461656 14.6263830528865 180.082765419947 384.540111394805
7.48676769452139 14.7700224284179 13.7540974499092 3.17839367682228 10.3814106667428 13.1601411169294 51.2047737374905 420.869198885018
5.00632064029301 23.7278040895101 13.1132552458959 4.54606844619917 9.32209278461318 4.89938685576896 39.2090436344978 409.007023200296
6.82470518776509 18.5616723187985 13.5515827900446 3.33455105993901 2.86560535450241 26.9831578174616 117.848023426369 325.438497345415
4.64201201146461 15.8876184723363 11.3637671058122 3.89923167224258 17.8427161342844 24.527762020546 66.6704912973861 367.4058572011
7.69871126087139 15.4614854269804 10.2336741298946 4.18753316163851 13.5715365771583 15.1217730981043 30.4069475615878 418.407206257426
8.76138116441232 19.244717544534 13.6057882875473 3.48185932083626 15.7788633229478 10.7294612721878 29.6400903683584 428.886085506272
6.43893974017081 16.4119381690451 14.0019816915271 4.14136341287755 10.5579339646543 14.3938274276315 94.183665144262 372.386808942031
6.53538963064641 25.6607294411534 12.9263429125776 3.59137105688744 22.3627741171405 17.7467472117008 26.0088230745208 410.501355365694
6.94438323115435 29.2876634812157 13.1598659838659 3.62954357400497 26.2171493883176 25.361372258031 65.2927639316726 389.696995297998
7.22644911309798 15.9200138960177 12.2845406563091 3.1907524122409 15.6923005973213 18.6237738702016 24.2293441989879 380.730063273004
6.94221537815963 18.2657486883072 12.9371012871953 3.400793651825 13.8462903442599 14.5119307102648 43.672066468422 377.622537570249
5.23310627218974 20.4404930970049 13.1084717126633 3.29056655155373 16.8805538408681 19.4344477703466 50.8833822501577 333.194272361367
7.12585883782859 18.8847259198498 13.4111940151515 3.61997831843736 6.37294082361702 17.0537007113282 75.399811719506 380.31302586967
7.28148915305253 17.4572593982394 14.3323269941374 4.6229234593336 15.7875233626405 16.3312450864145 72.0836649487693 415.130536768192
6.92550662961808 21.4650834715566 14.0555775406295 3.04453589911538 15.4344589349157 24.875635224783 73.8994103169884 375.014981653519
6.62662424172939 18.0932882301701 11.2942898676007 3.1070492177648 8.1946379691058 15.8823235850509 35.5722313622397 380.83974173111
6.1304645087429 24.7457759802118 11.0407965361323 2.79301717055675 15.6302748768112 27.8917851047573 34.7237017445765 372.034976491753
5.99763854221183 21.179169729635 10.410530325113 3.48157649964755 8.42729558614145 14.6205621780764 29.7303249834992 402.89673005077
6.8655560452069 20.2082554664856 12.948694042917 3.36627990448489 5.5685373052161 21.7257367196954 35.7478494852469 350.858699716848
7.25163964295833 17.2648517730382 14.0166062556748 4.29884302516531 4.80724460815703 25.4676177653087 69.8357621336967 342.768713858931
6.35790961808266 19.6199431546339 14.8315707781235 3.76135396439929 25.0157104552673 23.1262241852415 65.5427851634302 373.071129302683
5.72656313130477 25.4272607763821 13.4298799095381 2.37326274234479 8.51972253776823 25.958523240465 89.4947689735894 371.191848044109
6.3651447097534 19.3202580386343 11.9813930272101 3.63401620343546 7.02658524496141 13.3483289682491 56.6712766064871 424.155189964982
7.45494891108512 19.3645429777714 9.21377575476732 4.2892017720116 5.69700203357296 11.9899458161192 27.8425059748804 376.667782839438
7.54579153592244 18.6170406460814 14.8482494641781 4.32781976480256 6.98676128311062 22.9520298472377 88.0352705647136 414.661784944631
8.44623807518092 19.9636101961568 14.2061363678344 3.58815213302323 5.45556656665038 24.1197224082656 31.2876133309549 390.502652029871
5.24440338055028 24.345101851327 13.2092780415423 5.47617360639863 23.53474875197 21.1805744052209 22.3527491888053 427.204026553328
6.9683937013936 25.83326039682 10.2063829661722 4.41313498408572 21.6986997968959 23.1707087425283 31.8882751621995 419.053899263842
6.50175387412485 23.0430661833232 11.3599374695442 4.03356126752638 15.3612224169724 17.2262832030788 26.6563162945933 381.969402087368
7.84148935586318 21.5763243276576 12.9841917633027 3.24767213362883 13.5345808129893 22.257969857154 20.3456597794309 422.762577160397
6.09975799737701 20.0003870477828 11.4206713048754 3.97132821393764 13.0312532753618 18.8817554076262 50.0624822383222 356.422116676696
4.60738889856981 23.1047573606987 13.6286467875322 3.78608514310297 8.0493738735043 19.9588111503079 15.5376064686814 364.464159994263
7.02919291338127 17.1533520051175 12.8815470589148 4.32563071110236 3.80844762413192 23.7744946422574 136.701364484524 401.698585493143
7.42569322859096 20.4770493856812 12.2022677422828 4.23085118111713 8.27846947230497 21.0952447658344 55.5820126706882 360.401491051314
5.91950208789835 25.4498078206707 12.9480351203997 3.57850362734031 8.54669092247614 15.0929802799069 39.8145168919491 391.860906346356
8.09166086956974 19.6776553738141 15.3706375266618 3.23238734768352 19.6490012005031 15.7160245749259 24.54990116496 383.371053134345
5.89259423890083 24.1425417380736 13.1233506871 3.84212860758765 17.1146876039796 25.9700062643515 39.9777224359428 380.938387218409
7.26367328196319 17.4444767967633 13.2366368073033 4.10926901342049 3.0765573762886 25.4944621281979 27.516344856768 416.71677633248
6.73501097857023 19.1776580559131 12.9941849764722 4.28965205284628 8.89127332727145 16.8713334834137 51.0618364214124 392.331445107954
8.65477080658578 26.4194052213493 13.7765267621384 4.26262014306752 5.86050640022969 13.9416744571838 54.8507235850818 398.702940386378
7.27083949689689 23.2853892056083 10.6208187851636 4.16504001851853 0.694290597417476 14.7674097824567 44.0595879094827 390.163304115457
8.4428554539341 23.6940700607289 11.0578019270535 3.7986043666718 7.7640906890345 19.4415514013888 42.5403335583452 397.038911158339
7.20118586315661 15.0207778647599 14.0044551809911 3.60420717881403 17.5243934791601 10.9415975457498 32.4275045842409 421.419432448924
5.07176741679495 18.1701133444585 13.049739716323 3.95680084705922 22.1205842995293 19.9925165851863 91.3431256424898 369.565595552179
6.96689768287688 21.1554013300225 13.7209881818923 3.42436304327187 7.62114567316929 16.1166307438549 26.7165530765755 401.532083507413
7.93673325280189 25.3032000933362 13.9990134186894 4.34260631717878 8.61519253302628 22.4189597389776 55.7726380658762 414.152744201085
6.58319272655084 19.4692139375674 13.4480035834344 3.65572795244734 5.90444390757532 14.8876216586582 10.2603753821328 392.932789318905
8.46437754442569 13.6242943802821 13.8392613205523 3.22551658279476 13.0147691740839 16.794885291066 19.0659848374087 414.049576659515
6.28413764825957 19.1275096506943 10.3898824732336 4.25384366932981 13.9662517499664 21.8225507619983 56.1884115871287 402.526241489721
7.27520683117342 18.8688045897665 11.3991289919138 3.86711299222089 2.00144956652965 10.3667328568558 45.7085568659874 406.832966169644
4.61846522742996 26.0823840956916 12.4773465868574 3.44554202428683 1.22508259185465 13.1888694472821 96.2795194588387 325.186437772871
6.07379020713362 18.4619032011068 13.1027120913392 3.45254732177998 6.40439724322613 20.6376101587235 62.2075609483559 362.869469512409
7.12301381253064 20.4750429308678 13.4253259098718 3.80453168713836 6.63185045671711 18.0154072514813 49.6324573964636 406.394936482707
6.33517510799724 18.2774774945444 14.0466283283007 2.29866183594059 17.5562155754559 23.5508050849559 29.1292928869846 400.944294381475
6.83749226883155 16.8831254871001 14.4690119367256 3.96433883049903 10.778297210353 20.3436091237561 45.2474611927744 366.139208019077
6.01260039887193 20.4273509376701 10.6257527525476 4.17709217490127 17.5631362604651 25.2348235047794 45.0222801293844 398.225791282105
7.69493490819257 20.4127198820863 12.9952665220611 3.62199019852553 11.5969001026253 18.6948670618519 30.6832310853188 419.296663272641
5.57456378015061 20.291915086741 10.8343005366576 2.96695994701156 15.8629015797361 25.1087579652193 62.7884934004428 413.043265421227
7.43770504003855 21.6785058035285 11.4361580437505 3.84336951852489 25.0954425310712 7.20933753418768 82.3228822610698 331.283950011886
7.19191819513728 22.52759013389 11.3468884336743 4.35843355893391 10.6280135680427 11.8026299739248 18.8706399576936 423.446101085073
6.99075657401449 20.0160348762545 13.7070290050994 4.33670462899612 27.673610374977 14.0493969087012 19.3791670388971 400.673808177097
6.46818772681422 18.9868412656026 13.5686366716256 3.10270507709982 9.64131152550476 23.8113921681193 42.7816392429942 415.772482757738
6.4124772349891 18.7415726911782 11.7527476592402 3.26842927854646 6.62340043122392 17.5635032404589 9.11634578263453 420.887229906238
6.93584394129759 19.0785026210327 14.1951869660759 4.25047405631338 10.4890057932838 14.308690268414 29.5316370780996 401.181055796176
6.43088274134857 18.9848827122227 13.5412497598718 3.21154737181799 8.24986944579197 16.8214036681132 44.3614466013495 385.619570832086
5.33276749274458 20.4294249782837 13.240719646818 3.0209646307188 24.5350990867628 23.4766778877979 47.0330536043299 395.064133040466
7.57553934413147 18.8456413512921 10.8168957084741 4.30951215138331 6.92427846097318 13.4405019304836 22.3966950593143 409.506313578777
4.88125831681654 21.3599039417048 12.6511198854324 4.90129672926867 5.37728823802261 18.1071935158547 35.7138832628534 336.922161009724
5.75044165625725 22.8285648353674 11.1666911945262 4.45981300035929 2.04017536175274 23.4720874947151 75.1249800434824 403.080603757864
6.72741600648107 23.0722800379283 13.0449200786655 3.30810183304875 4.95113029781503 14.7692481255344 78.4664529166393 408.333875608923
6.19454950997767 21.1744929282035 13.1910456176392 4.33932780829059 4.24250901132792 18.7730214746393 52.3251612608462 364.715960298595
8.55518464334434 15.1830827697633 12.5663217736839 3.19346794436331 19.4750571221268 25.6088689852703 24.4692904755768 423.029618636409
5.66811474501762 22.6186674623217 13.7050893394009 3.14392367368021 8.88085131103234 18.8935794878708 40.8943669206019 356.28937121887
5.47492311874928 16.4595477232585 12.7933588064616 3.89728006900528 0.962838244132056 27.127313547492 189.045405205335 323.927899874645
6.12855144332469 20.6538422300338 10.8968940419666 2.70201984756327 4.5975384346931 19.8115741408823 85.9685983340902 386.73362356632
7.00768534048114 17.8424730667193 12.9120340065192 3.47697234285549 16.2088668305446 23.6726514564196 54.8747885478765 399.066663226815
5.884451056945 19.4415365845052 13.5535260031149 3.3511321333439 9.60600355599826 26.2316751145933 106.947841819375 357.264562230546
8.4091220124303 8.2265858390711 14.0053520713886 3.65539731351169 0.644133124935833 15.5214150415505 20.799967071338 478.404096824326
7.02692648518793 22.5229290644603 12.9353927560097 4.03819047977597 15.4097614673604 18.6327816965834 39.0333969224541 418.779673273841
7.25588217178196 20.6100348264129 11.4133010649705 3.95206949492188 13.0550246678519 13.625821934981 14.9581299917284 405.198060851435
7.01666908487885 24.8155259149229 10.4765107321478 3.29787518657171 13.9774371069472 25.9739480747039 51.4009635443393 379.105362084276
7.51044596836495 19.6015032152365 13.1781654631001 2.77246173181693 5.59557570727215 12.2321108031616 2.31168324178216 458.420150650062
7.06297629736325 24.5942273353398 10.1884125026484 3.44848828694914 4.64585536915667 16.3314976388858 44.2260483930377 397.375301067722
7.13668029112258 18.3761827618918 12.3016434072315 4.09464136245206 16.091327172532 20.5595458487077 43.0002939147192 391.588996517493
6.51488663438644 17.5029500348582 13.2806280184224 4.08976694427715 25.5655147203328 26.9644725380444 44.4291695541238 402.093753661025
5.99792786484048 21.0193495611201 13.8726402908185 2.90993607513735 3.10719486307871 20.7941035756702 74.1498308697886 373.38858921103
6.297488507675 23.406110594794 12.7478777030545 3.72963521328803 29.5466896818084 17.3356294910315 38.4576300158753 406.011708264948
8.00474405139444 22.6151233477313 14.4987559940946 2.85672233464645 10.271464425791 24.1212353973826 34.4843574564932 403.475413703585
7.21455575972276 26.1868215654375 11.3551391301902 3.55290726654502 7.03346761495952 22.8484332914232 33.5594872154951 343.871250669202
6.6013029421676 22.5290761372419 10.6339937205581 3.26844761290707 9.7938166242852 27.5233190933628 41.7102637746825 376.645261636237
6.12733300781245 24.4061983852481 14.0438623009979 3.62740955735457 23.4939586951825 21.7201808642873 33.7425226095759 435.335157140501
5.3774559030266 21.3592985738602 11.9862259178045 3.8855340413455 7.42515724313129 15.3227859165097 57.6962823191749 381.638610671464
6.30194726303367 17.7517798174177 11.6261720568811 3.63045855505994 11.6462765872085 12.5570804836532 16.2072284452719 434.506180621419
8.18899259202492 17.7060500698013 12.8102417936965 3.54304799568503 13.6802709836357 14.1090249621027 39.5322348767423 447.449071134389
7.29048684835235 23.7950840073476 12.9238391451759 3.43058351301907 6.13167621769577 20.6465831779653 41.9406714321908 349.425175290064
7.20321894493067 19.1527533406727 12.9481493882202 3.48596468238022 1.49379125586615 18.7610782787526 300.800401068387 379.026151947928
6.83136343185297 21.8246224410177 12.2913525482085 3.93873846886587 21.8716922862025 24.7903766252812 76.9676289802612 327.537535594108
7.45958476587125 22.6571447930209 12.5921655751138 3.02134398274634 12.8293994443158 20.908216869249 33.8666078257422 412.789653162375
7.78158006522179 17.9520010485709 12.6282110128027 3.293242494864 20.4528380651272 17.1313993549827 8.87276998867953 403.526816060534
8.53041944767873 19.6447107160822 14.0170076342094 3.35141264276779 8.53437838435546 11.1299756121839 17.593210401511 452.955883734255
6.02502412856671 18.6502920295006 13.5103766385216 3.42473393740015 10.3350277175832 22.1499394759226 85.9143982333865 369.945618489775
7.15252074964065 29.7491131488046 10.7867451019947 4.00305096268991 15.8838685211974 28.9415648242863 42.9490441766088 381.858968049597
6.48911372865569 21.4593274258417 13.1951899569223 2.97155281099041 13.5527826062719 19.8946929936981 94.5631703704545 351.154041878783
7.24153453014476 21.7402834227283 12.5786944552785 4.13237512013385 15.6191399747326 23.2404436244423 50.5460023864366 404.085664070292
7.07528337156855 23.7281687744072 9.90416593915604 4.47539695517569 27.8680945123273 21.3705090059221 103.1689599509 392.046112090485
7.18684813243367 22.8583397478445 13.2362070767354 4.3020233852587 6.1840540033319 21.9109745008732 89.8427314472779 377.121036363081
5.01459683393308 11.518104308443 11.2030149765224 4.84665630000593 14.2286128835861 19.7559787971022 18.4561465131682 274.4442660717
6.76795985805188 18.3597174595607 13.9640358492815 3.37350886103803 5.41575916691682 19.181050345918 59.4964467480507 404.889755143073
6.22487346552914 18.381882306945 11.4190574473611 4.93653025085636 13.580433048141 29.2385674886068 82.2734206716516 398.317057310073
7.23733659122678 19.8716552479074 13.9319587956884 3.58111677079987 17.8741664552286 14.3668771731992 15.926488627927 425.061634284375
5.37107753546509 26.1304134284415 12.7012728834598 4.03827595632244 16.6503052241879 18.0531548311812 60.6941967072147 419.889847273205
5.16023820806326 21.66209403158 10.6943312063775 2.63729596153349 0.706079689924598 12.6286278570985 52.177016709166 409.583768648651
7.69389894231293 19.8209270904123 11.3479388038381 3.361519492265 21.9512263398074 17.2890396402357 47.1603139753302 392.751634160291
6.74646765145369 21.5881603923458 11.6024281423634 3.9552718893675 6.03537713437898 20.1032674586273 55.5515780611978 353.730543912593
5.4474527465687 20.6404207315457 12.810079969175 3.04564215764801 23.4497537008014 24.8692161904866 51.4140867657207 375.600494466272
7.03486858653074 17.6100536916621 13.7853357846982 3.73626413730729 25.2230312127762 24.3769633603102 74.0256359055196 412.29855010572
6.25378208299786 20.6488043142686 11.7864210056935 3.70396012922992 20.2204380921842 21.9494053962082 76.8373334635184 390.403488162797
7.28160199012817 20.2789990283539 14.1221865912166 4.09390239751662 6.39013633249407 14.0970158867795 72.2777768132132 354.100047815596
6.24984094564577 18.8237205611339 12.5860941646138 3.47249413134067 7.39314376025683 25.0233587017411 85.8282265448484 333.620284450646
8.47834889990799 17.2236070417493 11.7883389747986 3.93418070154979 19.3917457712251 22.3268727616765 24.7803646351844 388.927951876293
5.86086003086794 15.5591066417893 11.4775939711815 2.79725818782642 13.4326434307152 20.9579232874334 32.4165649859839 357.155764351066
6.67127520616456 24.0996263355623 13.8199548627048 3.41374044618238 7.8337236447665 28.7721561928662 82.7158421388715 373.625746118623
5.77601965854026 18.761703211123 12.9886958054118 3.87058867737807 24.1571177504657 22.5781073075725 30.1184816885655 412.670989918858
6.53772842400165 19.5809767386956 11.0986330499805 4.56115790698615 27.974597826043 28.2612209891116 52.2353711641801 393.121956487312
7.07590626711054 21.3571809652058 14.4776769463693 3.03442423392566 1.04379904454012 9.62319780633162 29.0386230433058 388.143085628256
6.01625721730961 22.7762240486783 13.1803928298984 3.72238193602862 10.7817571664784 18.9995009138394 33.7403756016151 424.680282103438
5.82806052066261 17.7438461523162 13.7856429451289 3.2964782953387 15.3485314320912 26.4391279470753 59.9736579080985 364.171627380529
7.78133213161999 16.5676018113545 13.5264323504873 2.97819703735687 7.99202159058729 18.1712035291 40.6474289700123 424.120509289496
4.94456512468753 15.73662001257 13.1160206081528 4.23369033862461 29.9910823382345 21.5648813432097 28.9562576248798 422.744122191589
6.190767240235 19.6373060032991 12.3307244242518 3.78318790975778 6.80035892894502 16.7023985065575 70.1911992050954 359.701180497154
7.0844248312724 21.1325823185148 11.6659932815761 3.42638223907686 3.3069700172191 19.9134009375594 78.9853753418561 382.430894711962
7.70810154525279 20.1047926266252 12.1560333299304 4.03162819778548 4.32057465190613 25.0555342314281 78.4493560052915 373.465104484609
5.98518629816265 17.162370028007 11.8748892362703 4.66139180767102 8.47167987050265 9.18994847231719 40.6179755843008 378.766821685965
6.82788193295576 17.777687738894 13.6921625055927 3.21773022694735 8.9338866159443 27.4489302444116 45.4191896522675 338.716948250448
7.45721622945491 23.2632713194243 12.9813770138025 4.17792632575195 10.7646957923883 19.306179701896 24.2112145205002 351.990689765863
7.17732478812972 17.4734255275274 13.6865221080183 3.43731779767179 10.5062250518301 23.0226055017861 32.4251106076832 396.850668718409
4.80776136287913 14.0471931321466 14.1565125475711 3.53176534725597 5.40255119520205 12.5743747510319 63.9569602086386 411.644347401972
6.33654116010382 22.4106725398821 12.2066892713736 3.25616117220715 6.00335476744719 26.1071515413728 97.1167076125746 386.162095858182
6.38124941760699 7.03730081470191 12.0282831078057 3.99847624596805 9.48448932177069 19.1676420548527 43.1118056868716 413.746783264239
6.05132476206448 20.6758531200729 12.7423568438535 3.3032967447971 3.39407639002729 14.1207897248659 82.2941187214778 397.342272936424
7.0792342187615 18.9344482137222 13.7370369492291 3.3648654881324 19.3105115382731 24.8100011630638 57.0511057051476 399.1664631111
9.39909614009552 20.4647335873784 4.11746070759171 4.96912071124157 8.60628580936416 11.6250036307122 16.4166504579007 437.619161035772
8.65206236667706 22.512342631125 12.2174484417608 4.43534160834333 4.6764678342968 16.539771046109 40.9196909426204 418.127131314167
5.70423865998942 19.7197354080833 13.1119530056927 4.23405877533035 7.8706564411816 17.6778055611712 95.6612487909224 333.631431657964
8.0329655289348 21.8466862385543 13.7300908043835 3.82118828978176 13.863683483235 12.8184409908486 66.6961288324866 413.0599028898
7.89439858952312 25.0944799174175 13.2240478932729 4.13356023625085 19.6437068118324 24.6369913985214 11.8742751040761 428.911411778818
6.24037047098265 20.0647622281364 12.5380625774495 3.88800025047168 3.6497601137544 16.1502409870116 90.0437939856567 409.496644914118
7.37461979683193 20.2340261527578 11.2664412958299 3.41061106444731 7.50144973433954 19.9908453762621 86.9031976131272 398.425723069508
6.49516502018615 27.0396059022065 9.65328391580416 4.65825858541555 27.0252950298866 25.5110826778523 31.0076594935438 405.727685572455
5.56389832385347 22.9607806309101 14.4219810699604 3.3621346500324 7.51000021734685 16.1658060902069 42.8945740021021 407.415434949593
7.3826730971397 21.5989959408004 11.16857023751 3.54625076705711 5.4649355667098 16.7860542212183 69.1814052052728 246.096808828289
6.15519690634344 23.0365722729479 11.214459252561 4.76537385787441 7.6362329958023 25.5934019791696 77.3375188031731 319.996103938698
8.95008264395304 20.0219570404659 13.8788582476245 3.45428118428025 9.50354664522828 20.4376215806365 16.2972807861846 431.234628608067
7.19566338408522 17.2064906103053 12.3358227422694 3.67512679341634 6.49765943799658 23.3624305657231 81.5163208832079 316.784933963354
6.42774616087191 17.2077033384944 11.9414271572102 4.07604562066211 2.39539780234551 20.720138911095 38.906924628043 344.306287942338
1.26882444718894 21.0311755509787 9.10741346787584 3.90725566285218 29.9997031334207 19.2920625499755 47.302230999362 255.694674059273
6.10056959474366 17.5286505656671 11.8547762012615 2.97290070928098 18.3655947718429 25.1844568906695 69.6676745316428 367.328743323621
5.54883790072018 24.2108008807064 13.2706174347963 4.10160718636348 12.3809209497819 13.4052591416391 34.5579556600811 390.972623651766
7.60197791076044 22.4269727596355 13.4706662924281 4.37520067089483 20.4585509658842 14.8177179959311 74.614457702475 323.496025546095
5.6688418531348 22.0087578971669 11.8040536945771 3.32661232154885 4.68940032330931 24.626706994694 42.9254183921121 374.374005030802
7.59855586526257 20.5675395488028 12.3763425115127 4.16619012447904 14.851394894349 24.1133412037103 10.0607731803907 422.849847161543
6.07283165008418 16.9374058372749 13.5470635343069 3.94239261177876 15.2079235341645 23.2101804427387 0.668756614186807 430.608473764905
7.03776208309252 20.1385141711394 12.4853607133449 3.19045599743996 22.3733270411175 25.9168415480939 24.4144314127779 427.256409803642
7.10193267113011 21.247578155198 12.94961116877 3.25661884357435 4.30638501702138 16.6357867564362 67.7755351685895 366.763153529211
5.59470401979374 22.5321841448538 7.2555459612635 4.54307273557448 5.16302883659419 16.5424196569457 71.8728412795069 367.374018172447
7.06495483596113 22.9562425368009 13.0643473301861 3.52589192950393 27.2440525873568 20.7593807251887 25.6163082528109 406.081086048491
5.28516294152107 23.6813177838315 11.7346569457587 4.65528007648841 9.77777408769504 14.8160089098439 70.4753195309748 385.986680937906
6.23827368270983 20.2284959600088 10.0618007778141 4.91116116723121 9.01459141821122 25.5843235853732 54.7135071459298 350.630702583175
6.27018584949815 26.5478039007317 12.136538845765 4.31556060741622 6.56149471832826 18.1623268490391 80.8059788058034 414.342024756766
5.66608744944187 23.3730339543237 11.1903271605298 4.08669382324136 9.26392607010516 26.2478364755588 79.9543713158187 333.076098288347
5.71034391283564 23.2421105508206 13.3056363916368 3.70728546483726 11.7519621911023 27.2415314552323 64.0147071904391 401.272439067365
6.74147028687279 18.5889697655545 13.6176532953164 3.26817457939765 16.2611914299756 12.6106102011691 24.8971000892975 448.129170396332
7.1346866138647 24.5373363475203 13.1142973874351 3.36813229311048 4.13307522941348 13.1602327860484 63.9231921598712 404.676709380985
8.30044421227771 19.4210201451073 13.7160519605438 3.67239672597388 3.12948496758074 26.0813344504004 41.1847207368236 441.773507711339
7.89020775935828 14.319423963303 13.9343712228395 3.31148781373799 22.4870486018624 17.1747410304464 41.6465676418393 428.370830754
6.77967800754808 20.4598848788165 13.1923301390313 4.58238550618254 6.60838655178386 22.4558025206841 72.6219154908435 359.916694885922
7.05203886666239 24.0258049976854 11.5487304094527 3.58439425293878 16.957541928238 24.3151509293879 37.4410646440974 398.140084940659
6.67679797020434 19.20044527086 12.4216274768353 4.21468396596829 25.3871442867345 12.3583785188078 4.13561283404187 448.198912211105
6.91043792990762 17.5926652123597 13.4679486117354 3.39542533909373 5.73895023924925 13.6423310402093 60.3921155143734 416.726509712405
7.70768370366593 16.1246719507529 13.5781582730118 3.058938689722 6.18026160845593 28.2912330740464 35.0278464568642 403.287982529825
4.3624205422266 22.3290894634861 13.4400282385709 3.22429853916914 19.1995030398291 16.5835910433567 84.8975974895284 386.372740796829
5.42154375396156 22.9558658948964 13.6241721115276 3.71730409974064 3.23806433405987 24.4760705832393 66.3933802987801 229.20872795463
6.47116423990542 18.9847898324268 10.8872425579781 3.40927518016031 6.43300051884324 27.3165460727187 94.9746108945794 334.006456239304
7.98384222393812 17.6806484984881 13.505762201195 3.91366054296303 5.6917542778796 11.8583169852627 19.7975723423599 406.157519974017
4.37535961678773 22.9020535177799 11.7994397598637 5.6370559640855 18.4508734475689 27.5899596688289 56.7633974162256 369.708413647923
8.10114230173117 23.5279764702226 12.7097155220717 3.52554311383761 5.8160347121577 15.6702222607918 27.6150020362182 429.121377136001
5.95330748435164 19.8409827978585 11.8127067559781 4.34207387761638 7.67305970370516 13.7999369762484 41.5778551127178 411.76786709804
7.12378025042099 26.035372739953 10.6436147601068 4.29481818402522 4.32934714797904 14.9156955317233 69.6776327652667 408.037712201018
6.49387509161347 20.7656991313751 11.3721535592808 4.28522729373567 2.09312741866167 12.3075661756736 162.164272531007 356.79030606208
9.33315021177621 23.196772481994 13.6855267457066 3.46100661906406 8.20072328135234 18.091742998913 26.4314302068169 415.328631411627
7.35420814009937 23.4896694513469 11.5711726605325 2.76011469469027 15.7644908447368 24.3022102119771 25.4574614720479 300.952922397283
6.92975773966768 18.8444514596543 12.9549320660926 3.42126416554484 20.2799877630492 17.2405663900686 66.161602938974 398.867720080611
5.95392435079917 13.9872168007492 13.6596275456679 3.06328084292999 27.3145853815642 19.8937579155587 52.0935598900856 417.253761302842
7.83252341884568 18.7803767765521 14.496179435516 3.52873612131315 4.50745529232934 23.6877231441063 38.5329763062362 412.16421974147
6.80398088215491 22.8531022123549 13.2749877865752 4.36607747073054 6.12338713782401 27.008942717413 67.1914102396045 371.348262006822
6.70942714700989 22.9415352331799 8.45590314917623 3.71081459712605 0.110611823666011 23.6485421275803 21.3095601955214 322.704909344858
6.41105628892461 26.9443327786134 12.4679615926515 3.39320895990825 6.02889188311682 19.6580433251011 25.9750896110798 366.170378302988
6.9016864119618 8.97154901334846 16.2112443230267 4.22852213144721 14.8995862914549 24.4972723998978 154.758272693032 394.225722167649
7.23045949871566 23.3232501150578 15.0803426351943 3.47755268606805 3.43339187247014 16.0971593706062 24.3824219100184 381.668994095565
6.26859451558553 21.1790145562937 13.3093881198155 2.85110998113944 6.22056351613437 19.5413381762446 68.9284254205169 377.820902738655
7.91460232167424 19.7309689316258 13.1697885493064 3.07510804758916 5.54430106163994 1.19014221815785 46.4697933458731 337.585171183482
6.81204611689887 15.9843274476136 12.5123333294654 3.51641124515127 10.4028031289933 15.5179517348256 45.7673789878392 417.49882807458
5.42585709876776 16.6595508308578 9.62116990499725 5.01155295350738 21.6485308462284 28.6355688516836 88.6906033946306 317.572783753108
7.14414085101913 22.9491713304312 12.1422859800309 4.17280195316399 7.81299596146516 4.03298505270673 86.0281894136589 305.82299741902
6.16164852907737 22.2182966446197 12.9067509722534 3.64508074550165 6.83710776300574 19.5056706066257 51.6393502590443 351.927706405194
7.28878016570367 13.0450385773526 14.3207167501078 3.49774063635995 15.0364417445633 14.8883205440266 6.58811878208224 407.674191679464
6.48345302835718 19.8818718282112 13.5238283958575 4.23894878838894 21.897213058201 5.94150790770855 3.7948219941903 423.387242622587
7.22563327906602 21.5959215790659 14.3718679615024 3.85139802862149 17.2351340157721 26.7393302280159 46.2557022752 382.479626146836
7.35043751027387 18.2010488720267 12.3521812996333 3.81494046624019 4.08075598867699 21.9573002023104 120.114902198102 357.626928684565
5.7888234800353 22.5359110355117 10.6357238494875 4.23866051931839 14.7096182005911 21.0379895985065 23.8575399644105 382.642321195358
7.67911945375334 29.7978560254173 11.8717785340271 3.75022678959559 12.1123754397077 14.9856196738809 32.8144243355082 411.149085764747
7.53934764729664 24.0522543155506 12.4399020058608 4.52477004113088 12.4460062444024 18.6800538579464 60.9298822986159 392.962705510732
6.35012161643497 15.5038674788198 11.1980200006331 2.95468346295778 16.6063955158718 26.6948113186948 79.1928326093318 384.858411382102
6.11064610718428 19.6823720463372 13.3381810709567 3.95177022409701 11.6644859645423 23.5163074006528 30.773536501375 377.417981077891
6.41930570403535 22.3383370999611 10.1361018414969 4.26798389332922 20.9179702842771 20.9580311120586 56.885599822808 412.803998909076
4.92716765990586 20.7699639473686 12.9061056979743 2.23538830277606 2.77960103298865 23.4289712295527 111.574846811416 327.442570055828
6.8132166614645 18.0339455570604 13.2462908201794 3.93429057457111 8.40267222048865 10.0084513224234 22.7327949609876 406.485192655012
8.65164332140214 19.9315591317999 12.1100995301334 3.30730370559731 11.5531316030963 13.9180015153392 35.415268355795 403.395730344237
6.03875016033057 20.7861536736196 12.1616959287243 3.89208147653476 20.544451972987 22.1001427571794 18.048378862087 407.005083693195
4.52305626915185 22.7065876006868 9.64146458693517 3.54044639348784 12.3215524521273 13.7116019091555 50.0190942273539 364.250485931271
7.76363560405328 14.9823514916461 11.9630974505835 3.25061535841006 13.8752564417218 16.271636212417 26.1397447186956 399.040741789632
6.6344934285302 24.8249936437573 11.6592674691116 3.57700148852383 12.2949345496939 22.487494710497 57.6011636278089 417.830995651488
7.35970987394718 19.2953426224048 12.3431782352366 3.61975562480794 12.9336908811943 23.96034452297 44.5721523860763 341.976851957045
7.74128374643169 24.0166552253077 9.85797237898436 5.50739765922464 16.8490520636423 27.3456277465591 56.1031352653803 439.155887690789
5.95016201827111 20.246027284912 12.9195626188503 3.81585350778669 5.88948410960744 26.4811452988318 4.12591043245831 420.513685686561
7.39816900377068 21.6847606675955 11.5317803196187 3.64351177695917 4.23242194432835 13.4095450878341 35.3789679812161 389.8866673937
7.89227396540105 21.2930976513673 13.1003930927603 3.84589948436067 21.2361082985236 15.4054477809318 49.9019945541886 387.880715440691
7.2892941487786 15.8460848436815 13.4486667147046 4.10482675629397 25.1271717632019 19.2972786808923 42.6430734420871 412.015704194879
6.5262409232875 24.1094834281129 11.6433099628478 3.37510893742877 12.8428513236501 18.7890365840391 57.3532517904114 331.397723866267
6.70673798241226 18.3654775073065 12.4605303085212 3.66663333002432 7.1049348431343 20.3854726319306 33.035813108055 367.817383224858
7.2388547361347 23.9371072987839 11.0622923684058 4.62400507902109 4.31154785547285 17.583173641122 34.5208421741081 412.83037036989
6.82598233708656 14.1991952447855 9.78361181772132 4.9751076106256 13.3242242738156 11.8266411861469 28.627502854339 447.634594284519
7.02502428263737 20.6793896179456 13.388957142162 3.59323817874034 5.01294374968424 23.0635048310778 66.0662245613818 314.837771823752
7.47677905859991 24.2135790521978 14.3136640950817 3.43722745523096 23.1248040364703 20.4746120537307 25.6483207328105 380.49590576604
5.27327409476571 21.0060182416392 11.4168994704414 3.38089549895598 10.8298730604756 17.3552215867449 144.303804265291 345.44075674039
6.49151476013577 15.1694528644416 14.0745477447483 2.75806267897331 1.21825960944098 24.1951127856115 136.509393482262 324.413403486596
7.91605621805969 20.9452079593168 12.8728306740141 3.80913988536321 11.6054653716875 26.4143348161022 51.4790963116751 397.567417808164
6.96379150817802 20.4031729798965 11.6644533208861 4.26211495846539 3.10231845488858 17.1278349901906 40.3494307281033 362.320158746592
6.03029727981446 26.1425288394809 11.8611782553047 2.77130496584037 3.34345207820006 13.1655543075954 48.6436851202294 435.160692051886
7.2912124535342 19.0726526222697 12.8570835696351 3.23529024719289 3.71218039115126 19.4103788285925 61.8358537229112 357.858381895923
7.01093600492481 21.4089599833653 12.2458374295059 4.28546694445559 2.18612802571153 19.333785114961 71.7727757273708 359.420942434069
5.09750259105464 24.0255642438812 12.3738597593845 4.94817089011729 28.647569144663 17.1162772371831 25.7925203268081 396.205344312683
6.40923516633037 22.6556151935797 12.2086187088181 4.51114365490423 15.088158513592 19.3065923319859 45.0163967749492 420.180023787708
6.30780395486703 20.9216807836821 13.2151631272979 4.37532675646588 12.1223583995491 16.4946896744243 83.4071102190221 340.826758877928
8.15317895311038 28.5041271725137 13.7924477592833 3.92755369085276 17.1936690510467 27.3203530660871 32.808343283068 420.75251298738
7.77399246941527 21.5563536816083 9.97889039404965 3.92216644485808 9.37609295295023 24.1536746841765 37.705256899301 404.822332932672
6.29226571818214 22.6587822762823 14.1473529307047 3.93797442990656 0.736333910161552 12.3286730002331 102.228179057083 341.276967141982
7.55734430251249 24.0680512387418 12.7755435454955 3.46493521192872 19.9938815988105 22.6394773255095 43.5431409838526 391.773064277509
6.39448888110536 23.4941602829185 13.4652971690333 3.02119959020708 3.39906579998861 27.959208015679 72.8093535307433 326.775482212341
6.53775828640844 29.4606353622559 12.0698367076447 4.49868199719328 12.8439886873118 23.7085405704464 39.5508652366619 381.054288209537
7.93344030327713 20.8262156360005 14.3558692058694 2.99300322815734 4.51812566953374 23.5558733262546 55.4276687618426 334.650871035488
5.90058439237752 25.9441460868739 11.0719759511932 4.07735230326327 16.0877925099366 21.6470487679305 55.4020471507867 378.165322489777
6.87792391449166 23.4585316991744 13.2048215942788 3.49914043186765 3.84490898997045 18.4666792238942 54.6551786798056 291.294568315686
6.44953068685422 19.483276104173 11.0665786144774 3.86657044488606 5.96414422782494 20.881347745611 38.9233681524387 391.80008200277
6.27140717053781 20.1358093908778 12.0185964569465 3.96114066022024 13.3150505339019 22.4394550446409 72.132154275362 361.493631196508
6.02465193726153 22.8324441604442 13.4309919282804 3.13488110222755 9.24305760695364 15.3421483331174 38.958011825726 412.449301356421
8.23552657892075 19.8911833644397 12.7836540155455 3.88860872390782 4.26323683887544 13.3034934141439 8.56205397989897 436.766639041327
6.20550732761367 23.1237081150377 12.4215489861076 3.16777678690344 7.30948674013666 20.1126835302051 64.5077387496362 347.072658156911
7.44223701626098 22.4314731754224 12.4509352538496 3.38938746562786 5.99591462004845 28.7894262520698 24.5435983348254 400.465577402404
6.2458210273102 20.7206263226415 13.3937912563756 4.01023895057757 21.7356912435789 21.6055294847213 29.8819683306139 412.890042753638
5.84401788187626 23.2634683910015 13.6975184624656 4.22032719442734 8.08659880795098 16.5776345997473 119.56650821258 406.553148750516
5.89791097148969 20.2965136154169 10.5090937499612 3.87325704620227 3.21398810421939 15.1460244454014 84.8151241611933 360.554863934628
7.17194218984068 15.9381633510888 13.5435870367734 3.38242517537972 11.0158561791858 22.9345363852724 57.3547326009814 404.965560882207
7.38141231230812 23.3943941881735 13.1393127228041 3.50870059942745 13.4469388475395 22.2388558701621 51.8829701648623 405.330422657217
6.12594961585712 23.7527881526919 3.93247851204084 5.45376108637894 8.09414701669936 16.8951476283193 54.0441816323514 418.90551188123
7.39266497708101 20.1338471809326 13.5227465598402 4.13061489795956 6.71739971023065 14.8703079556323 26.5707729872154 413.546601387205
6.88323143716364 19.2050293631493 9.94203444156157 3.99636805479072 22.2460418062443 24.5927527085447 98.7715757912119 346.332954647539
7.15110196612005 18.0194371955285 13.7274962442496 4.09193387878664 12.1948832777254 14.6232586544867 33.5424165771131 439.933142887735
6.88094931916897 23.9301761412106 12.9902102194207 2.59491611663709 0.37303461625622 14.9170602539587 74.0191720710273 375.782754978627
7.69612216277106 20.3238725265067 14.6870390013543 3.53461136001114 7.81344621694378 24.0914899044784 36.7914205309518 400.0172299864
7.55055275862237 18.9122626669324 13.770908338873 3.20567814126627 16.257076810103 15.8241146436046 25.408418500169 395.376638896778
7.11616727032833 21.8254978144498 12.9371522395771 4.07880279457346 6.60875509294128 19.7272647538083 93.5944871636269 282.65225982785
5.79285645218426 21.6003093257907 13.648178887026 3.26809594544677 17.9396472695124 25.6416302034584 44.9804754480483 367.450537932831
6.58776466401463 16.891264908437 12.3816526606023 3.5084920089869 17.7574123056274 16.518732070731 24.7165304675317 403.852770034384
7.27725974616315 23.9607880381173 12.1495237601134 4.48061837123338 8.43785756333139 23.2497443852566 67.4770239443274 407.040941346274
8.09639693924687 25.0721807381019 11.3727715905645 4.79847143878083 4.06726978210727 11.5589333287024 48.0331248009604 396.663802930023
7.2194938734017 27.982364860427 10.1897493888346 4.03349904622108 12.0849291698233 17.5208263182493 45.1915459316265 367.454857558789
7.67470623115417 22.4208354092987 13.4915381065943 4.2661030955661 5.8765896223693 15.9816841154721 35.5584657188328 405.162173427571
4.73092297026676 19.8997624619411 10.9439145020084 3.36999552260594 9.28646456059709 28.3316797453583 140.54440143643 306.770667540671
8.46938424753613 14.218130062016 13.5667266903443 3.55916420610816 14.6692168132769 17.4860122547531 28.1735993625941 431.514001851932
6.66555744972352 24.478884507615 12.647682812322 3.1587738468328 28.3073929395866 27.4754935069208 59.3327860408806 374.736831316689
7.21823916343473 18.9216413974405 13.2654921877357 3.78908494849508 7.35251830174709 15.5407636067161 59.1298292607325 425.715915456233
5.94373525202532 15.3996921719121 10.5781708992185 3.95399416459802 6.2585438181318 19.8128730753252 71.0704938041064 370.739068857523
8.78743309903322 22.3355252036152 13.569704489868 4.08265483431482 3.46828813645488 13.6915346631658 34.5879304216152 408.524611124155
7.15270007291035 26.865779024249 11.5845625474554 3.27034693017328 11.3882471707899 25.954014444214 54.6247046822133 401.931463852472
5.94597681519662 20.5802384282953 12.6554257235378 4.0750173067572 17.9035898808664 27.5434729025191 68.4262997559275 358.966832720018
6.25050794542787 18.7900811187677 10.0322291312505 2.87804520247069 25.0809991427475 21.464846848697 27.5683476008285 398.752776686169
5.19238965954606 18.938369206417 13.4830821119192 3.83320521747695 5.07920784437562 19.6148924364701 84.8228268454242 382.802420515007
6.17342019816673 18.2185966995836 9.46775579969274 5.59062543810891 15.1887988146228 25.6136420023591 10.9568024935725 362.99444571618
4.93459981769333 19.8246055567816 12.933146733584 4.31218576609266 11.8169570209938 21.4364385128733 111.784871105362 351.510353656683
5.21497112814475 13.9772977896565 12.7177328511893 3.67410460590143 12.4923506770565 27.7544383175887 109.480695529931 313.19007758985
7.86553175121916 16.7052748981539 12.7918460471954 3.49846111665069 8.14555576208649 10.9787901867359 47.0005159318135 400.647895652738
7.04641090798398 12.0711869374944 13.4592447175559 3.46360679966032 25.9936340287018 21.9320613270163 111.275497808892 355.655688228261
6.20849535865684 17.1476215236273 13.378785373287 4.19738123653813 19.0783957282026 21.6076903879525 50.3471279054778 373.142051608643
5.7707105101724 22.0028289225191 13.7539295579081 3.8451791101951 6.95760875132428 14.8500318834894 52.2057641456274 370.852682293429
6.85755021006417 19.2399751102841 11.4029717853731 4.72971629470654 16.8824162332737 17.2625014185305 120.041031464805 393.442742478277
7.27243448864364 22.5299469316308 11.5938663762525 3.69038663386636 7.78260285956139 8.95445585453806 46.7108293980326 423.977958953686
7.77401934050677 21.8015739402722 13.1371726082227 3.73182386026736 8.49047029237421 19.8546645927912 73.2612294973865 393.692357900822
7.75025808570162 17.7730575435228 13.6659109506081 3.30256594254534 5.04919698713902 9.09173238354698 34.8861087050163 392.374669396435
6.41983605895989 17.2615211136377 11.5610575616661 3.5605555784241 16.4964966266371 20.3284163934018 72.7004007567571 399.623050357116
5.85383548327425 17.7381606081892 13.07671649862 3.23290126720712 7.60579446213413 14.5936394274866 26.493063452013 370.581423269001
6.59414467254403 20.3754335665028 13.0160188390543 4.42524343563379 16.7291502549444 18.3050694545333 57.181788879995 367.844694476183
6.96830561925627 21.6359703571162 13.5649964619944 3.7876244812905 6.55428941795827 11.8045172433689 20.7826563992601 421.269182872043
6.0998196962003 26.7353895462436 13.0664308014741 3.4212960773644 14.921437794162 20.1178694953639 32.3517009385341 397.065336888262
6.94812898153654 29.8358404037131 7.80815868280659 5.88667905384794 0.844429404722135 29.2980708478623 24.4459571814024 393.680456108301
6.92324540017298 20.1664966285785 12.1377560889362 3.37544920280165 23.3561614255774 21.2018260522056 39.2146318397695 373.816068886101
9.07622817943655 20.1763852384508 14.8630798615034 3.30909401150082 5.93483139411629 12.0652618212728 19.9568214180742 400.802543883588
7.29859498093679 15.7674443402052 13.0491471454846 3.38789961596554 21.8288333101093 18.2966426469077 26.481666149617 412.828648400143
6.40232957128792 23.1289228675079 13.3459285705417 3.27327027542046 20.5332896236607 24.6606988021502 34.1138534315106 420.972030107336
7.4779792159696 19.6541857789415 11.8764549160044 3.79603121500521 5.01362936708519 14.1740618044185 20.2535839862672 441.717719601569
6.2800757633426 15.1882812970148 14.9581268736006 3.70692233583276 7.68534435797669 22.9978332539564 46.004360336864 343.641004570473
6.49224645764216 17.7367421934332 13.2754921252177 3.64477748771646 7.42202799319179 18.3761085634977 45.6259149395713 406.925644856155
6.17368126168794 20.9563455734062 12.2592975182471 3.41429298427926 9.54127792475876 16.6719443516231 79.6129315267715 381.625208875292
6.26898073665208 14.5518572079073 5.87168319203739 5.48840176378574 1.64110303922347 16.3920499040192 381.436989449824 344.080583369876
6.25812844523419 20.2818490573461 10.8935740673317 3.48789026649269 12.5211385337193 24.6066578919326 80.0464077433233 386.553817752323
5.74666205151244 22.914599099282 10.819970444089 4.36585139927646 19.865138372438 17.7265235604026 77.4822003964545 334.964667633261
5.47825564828804 17.889075902779 15.4209171323897 4.84057453285042 22.0835401311491 14.1661812357042 49.8969308243273 412.255907321874
7.97512259930379 20.8099789689457 11.0064700003329 3.90831962993222 14.13970763541 25.284091781309 13.4405501701416 421.175334621909
7.33571427852431 21.577871794071 12.0089665998177 4.35475274396406 7.95681893077836 14.6530020963745 20.6452878930323 424.022637075116
6.46817368790641 20.6889026766433 15.3666191531594 3.48730470836936 8.49627361893615 14.8998407828311 41.1788210033545 314.556659899036
7.16649533096805 18.9491232843838 11.9847627462651 3.84582566259109 6.21087332644086 12.5501712458833 68.1936691822235 399.074076835935
6.29643566084591 18.055155143602 12.8158801222559 2.66836040125855 10.6968339869494 11.2910754324561 50.0535281022483 401.580405494399
9.14947420039152 27.3398613050819 13.5013438953015 3.91054623514992 3.1089650282864 14.3441510997571 9.82304388218925 448.462498570266
8.80076086098547 18.7482597857348 15.6871795766934 3.32732728235314 19.2111647539877 25.7933540824683 21.926392862652 405.270145823644
7.14261704456804 18.2453648176661 11.7348642409859 3.95573736645497 3.93386573650727 24.9083117468144 156.682421887374 284.067434539256
7.56995604411399 19.8529256190033 11.4301276394479 3.93355333826589 8.49589748382726 15.8211253654483 74.6576130425879 356.373473067102
6.01238486620858 20.9956530712332 12.9173186290073 3.84450331553626 4.57392624925504 26.1194719762514 129.90084529876 347.716288986316
6.63673565494625 18.1616091762975 13.789883385052 3.79353008411622 12.0455022631159 27.611173430499 24.2172914422926 385.097169994323
7.58723762658035 20.1418537785931 12.1577226781931 4.07030426113185 8.00501219158362 25.2891791973974 78.2261056330767 401.22910942294
6.59583299806153 19.539113383834 12.7858000801331 3.51021681626186 10.9010821212329 20.3384906199387 23.0878823387397 378.486684146282
6.68944745300718 15.1903343356126 11.4010480788059 2.64952647427237 26.8634552801563 13.2915350067022 54.6494504547001 384.337076947239
7.42562196830487 22.8507146850165 13.2139968282591 4.51184055872915 11.4758601877889 17.5757701877562 64.5888627974472 427.741520397833
7.34879459009783 22.3890002307171 8.45044550258099 3.86051937205521 6.9043875491908 23.0253831082049 25.471632109608 403.83717468883
8.40539995300779 23.4351063779779 13.3126115720128 3.70840999865903 7.71544240751273 19.9030325577089 51.8845446615162 432.293541089179
4.70225647721916 19.5098563416772 13.3762353125213 3.65842326101885 27.7106381483583 13.2704110772869 60.0333345651033 345.005357745244
6.28339442376688 19.0753948111521 10.3601760420929 3.77467720248777 15.1402002654533 20.6276617313679 39.1456722424229 407.644445350479
7.90757447983395 14.5873625977727 12.8959596723355 4.01584539795511 19.5236486596983 8.60551836232299 70.398197273015 426.015087977722
7.34798645561246 22.9653791626214 13.6040103017494 3.85724857431605 24.7995781728951 22.8088397155795 43.6318183002434 433.444776386533
5.70776762255171 25.453446671854 12.7704905348962 3.82446758009568 17.8427641772428 23.8054013023657 20.6875238680421 373.561930266016
5.37128302199579 17.2531873273508 7.65411244075531 5.12544454650232 9.21447163005711 17.5732078459389 58.4702423951253 342.308563834888
6.11392315245602 19.6989746048627 12.4102539707112 3.81613495927674 28.1442482697791 26.1742219948011 26.1821301458112 411.505382036825
7.57003894999092 24.2134502309513 12.793520337676 4.24740164185593 7.58943011886471 20.4100445349604 36.7951682427113 359.505965315714
6.65986497272949 25.1013696792812 11.8833675031773 4.06251011880873 3.45726086567671 28.5908107629472 99.4185928767958 390.158983217977
5.57875512544167 29.0982665511197 2.44517595799889 3.4302589691883 2.93796606339991 17.0276728907866 119.120402564275 360.131241047091
6.15402556625184 15.668460709652 12.9421142795914 3.19401995214588 21.6552267031375 26.6598800296758 22.4727953558856 380.812050407728
7.70249599762373 14.5972730944806 14.6034975766383 3.66546604738548 11.1649168064197 7.94636459119867 18.5364725672497 422.141756494235
6.38711972200603 17.3283281628603 12.5694831832696 2.49270289114308 10.9377830797484 19.1147041624692 29.9283811325629 369.35767061642
6.28682548872032 19.6478820627236 13.7682728565555 4.85376954039718 6.59350827665977 21.712396860485 125.037599033157 393.567545968821
9.31270444047878 22.4742520288303 11.0705157449154 2.46871340490722 11.6941954234235 25.8672200123716 55.2378763119654 314.796288102576
7.11830203245315 24.5385754568164 11.8041147999378 2.74605200397353 18.5518669463411 26.6596482265313 42.0687259882227 314.886058411415
6.20590933587268 19.550925422979 9.2784486124514 5.92347033344281 23.098584065304 19.2905835740346 28.0060290030251 400.886638275539
7.11040428811582 21.8421580119166 11.3569484428127 2.6748293066215 26.7804310868877 17.6887472493991 39.0247714996823 345.446074882467
6.68794705577876 23.6636141220622 14.4479718431193 3.63327703371646 13.5809301180636 22.4516352291479 8.02223154451365 388.291079395337
9.15723882369375 18.8258099291083 13.5426861915914 3.88013681018661 11.6876709271573 18.264083899423 28.2967796813602 385.678937778124
7.47062597594129 22.2294636693047 13.8502087864616 3.88477931117352 2.63928016062134 22.9924202010806 76.2016431265235 381.211300097975
6.85721510819406 18.029746256396 10.1300738075682 4.40224275565588 2.40442884284204 9.41295961575269 72.7477355018813 384.23618557432
5.10613675996559 20.1022173787475 12.2357595688245 4.47367638974246 23.3753542316972 18.1096404534503 96.6113296517089 379.433753821483
7.18548293185573 21.8828885300048 13.243778759007 3.21299727222108 1.2385004973157 12.7466281350713 54.9456259108457 374.761967713674
6.72106453421943 22.1634198688767 13.2182792493284 3.87834060990782 17.5477270352751 28.3603748545727 62.9858667322637 430.434625747788
7.4507533124696 20.8913215888272 10.2114578868165 3.92556271614857 6.0508928556183 9.92840241433595 72.3222152865936 399.412467548549
7.03576313245421 23.4608634992558 13.1597407225902 2.7362442827619 4.99176796108304 18.2920975162377 47.8541631196169 411.405443270725
7.20895275712595 24.6323222601901 13.5036878721481 3.40813806214776 4.33583368330807 16.2817174373649 53.4709594831245 423.059400902576
8.17220005862335 18.6399623368011 13.6815904545774 2.54373891361631 10.1145618695038 19.6325093794903 47.6426122230868 382.083758221614
6.19401668351835 23.0387071898597 13.7523488381881 3.37395443203178 9.36812345244198 10.6816679152171 57.0076008014431 355.160079396893
8.13225765747008 23.8173541752821 12.6810723717316 3.8636094426448 5.99765942051119 12.3944751269792 117.147240750451 350.559430992754
7.20852286196569 22.8899868003997 12.2834784194754 3.25011800416263 4.43341741479791 17.7612984207294 64.0888354579686 338.96690311731
6.25438756491087 26.0373782627762 11.8262441886643 3.77517647652295 9.30764601640069 16.3654076402545 89.3170372428689 397.182508145414
7.20284960685757 28.5358484901149 12.0111821171747 4.51141360977783 18.1105056870454 22.0334121105229 47.0136085750665 449.507316325007
7.34490079705102 16.989017850937 13.9633950017373 3.24538573461844 26.2082574823031 19.3862071776374 42.020726954971 417.066832374152
6.74938259361659 18.1109476656623 15.3977583212183 3.66184132723221 19.1290067578871 22.2522997480457 35.202180371457 401.097493073089
8.01132108884399 26.5738262226129 11.4772007842801 3.87557588790314 9.98044020947034 19.4175980655306 29.9535215391834 364.519769603195
6.77163187164555 23.2197318330108 13.1857187990148 3.45849977121622 19.4131185628171 24.3902914738113 45.0758002176551 407.864782278374
5.8784481853309 18.5439276062598 13.8290501138017 2.99772156757794 6.26588665982961 12.3756390651628 34.575718316648 409.884826222428
7.53334646089847 21.7999301455646 11.6113655817284 3.92539028358902 5.61401921821762 14.2138209410304 39.0284550955915 409.017755146432
4.89596749363614 21.9616852114144 13.7394789312589 4.10542087851379 16.564976224116 20.4773774668525 94.0986814615189 417.861443338609
5.74657359072907 24.3597827627987 11.3930387947268 3.8967411160185 22.3962671911257 17.7946655759391 81.6790576302926 381.480489203422
6.40460588442243 16.932932999232 12.665701226617 3.4660029426459 5.12870855602141 14.8538801773207 35.6005556233144 404.208676778218
4.94476509726708 21.4167577814607 12.2591549880863 3.83731461017226 15.4852529265236 22.6671648911816 30.7815913872996 376.516584014595
7.69715207038143 15.2918460537258 13.9928810790809 4.40412831097868 19.6114579144578 23.0067497934635 20.2591905350518 410.433679828711
6.41475091287564 22.3110168586402 13.145662134893 3.52754499651739 15.4335207604211 26.7408369759842 62.7330430384697 360.697728483547
6.44332183111539 21.628455739151 14.019522846529 4.72061374150286 1.6905831007287 13.6307433455971 52.3640186072101 385.609942833162
7.13066907064743 20.078132431916 11.5656256078764 3.8786566880168 13.842376358487 23.0621384997524 31.7730003884764 421.920706482565
7.94777434838016 18.2461768659 12.8323215957133 3.57105619437245 5.11612863318649 15.6423116028296 39.6696097014517 450.993617369462
6.85260626979313 25.6895735173677 13.7656937944858 3.87913202974031 5.58958890672013 29.4868319250545 32.7759758553246 333.020722015637
6.46882432996876 18.7536736640503 12.7123651459575 3.52276542504609 12.2140682206578 20.9033755899184 70.5658710150227 370.874534610714
7.29708922285861 18.1643157643238 14.2852905332595 2.95473020997646 4.03806516076675 13.186928249016 23.3275021561942 404.795272079097
7.36452558265387 22.0765144634812 14.3469870622844 2.90147905186795 10.9541131407123 19.2435098418519 48.4325287502411 384.749996607644
6.78884253072202 22.9461259906494 12.6340589139558 2.75904277878151 4.98785175290064 27.4215846385975 25.8293704668363 384.23776023257
7.31144560018743 14.1248629509737 12.1466530246303 3.71966336893121 18.2612713134101 10.7084103690549 38.586379927757 424.050491824971
7.30129140591397 18.2347980009604 12.9224866218667 4.00842252725458 10.378835159155 20.9398410382345 69.1709728637963 420.329703611026
6.89543075699695 25.7965516348782 12.2515318650877 3.43393200564846 9.91246766223075 20.3717727115497 19.1458492486729 438.60995308314
6.91032980012525 18.8515006305323 11.2704562569667 5.49272663229139 12.3969553102361 21.7372462384185 77.1984848287366 375.697728494028
5.54977742333414 28.5634788000845 14.4477519109001 3.62503227081424 1.42275391382434 26.3840564818045 64.6373761719548 331.104918381681
4.92994248504826 20.3841704226614 12.5004829981666 3.17100031797013 16.0367975583079 15.9637765159773 77.6570880561918 357.012514273297
6.08791629174167 21.6399455815477 12.813034150366 4.66683769637288 17.6741418576427 18.8931738510036 61.0471532741309 395.338233864882
6.92093029378253 25.4985126277163 12.1218740855948 4.21245712406485 4.91977553960159 18.1604876041206 15.308754700435 377.656445587472
7.51824405417434 14.3879670475214 14.6834035603197 3.30959439813662 9.6591395070784 12.1753208546031 14.9715218385007 380.781425745029
5.86480216444464 19.2141809602411 10.1636448013569 3.10457006934774 5.17930072731823 22.1099545839494 40.7783156180827 363.712289587933
6.34555402030595 18.9551016111664 14.2722550731797 2.95506170472633 13.3375122176527 22.6526040597059 63.0020470580279 361.920448547994
5.86878691955446 23.8218019448941 11.0148585087689 5.10428122752851 21.6807564331112 18.1262170558473 57.6319616017047 384.701922503095
7.03936957545662 22.6552002356494 12.0871645095294 3.34985159478775 4.2395329185284 15.0941627410573 50.6299438237913 367.551573162725
7.35106032746372 23.3832100704732 13.5086881725657 4.95439732139339 22.3122912731039 18.4805319256882 47.6092501626139 402.95570294075
7.19811437481007 17.1114212857374 13.3798507074114 4.44709040477909 5.47915983165242 20.5630043564487 39.8391425632887 450.52347105506
6.69595916755646 22.7136672543403 13.630003843215 2.89163580356551 3.09966634879187 16.9503186658761 116.068471892249 268.069031561474
6.24488588872434 11.0361720548597 13.8535636488931 3.12148613923961 5.95626038139904 28.9696674306115 59.20325477319 356.710926842747
7.4300721425487 18.5307864070965 11.6784419757478 3.79794986876824 2.58022307421847 22.2519263101539 93.2289843142479 336.284305041542
6.78009487230109 22.6041647859675 11.8910731236417 3.79694745167824 24.0556561313732 24.8847190275707 23.2397822940766 423.272431627279
8.66770372824869 19.5047256292366 13.0180633901564 3.47290546146306 5.27183594389432 10.2523663387751 36.3102336532679 379.13783397399
6.99525303060193 21.9261219969498 13.49636554117 3.15702653677919 22.155865716008 28.3181448190475 124.618154570346 390.552302284322
7.77154066525967 26.7353265623101 12.4245107408648 4.67356222177576 24.5900549324986 29.5701010511304 38.9223131384395 408.138884795949
7.63289517488669 18.0476134866643 13.6181258811528 3.45533986243682 2.15389567241591 22.8267960560172 60.1052991312916 359.959261511348
5.56921130980963 27.5292072493252 9.15879147427543 5.57838753616768 15.7883483130712 24.0155267541258 62.6464464734388 388.656669825663
7.3764944106553 25.7206229870456 12.9060768929735 3.04189983593483 27.2979208643335 29.42193964755 33.5542047954643 393.918392079151
6.92859534350092 22.7768383878836 12.8365943124152 3.6331933033132 12.9608333102135 20.0935835024954 60.6202420482693 415.257506338166
8.20614913856134 24.6801585069898 12.4438104332139 3.6920918636105 8.32476927042372 25.1584489082311 28.6684782518566 420.041281955134
4.56030436794978 21.7092080617062 12.7488433756186 4.70237638976107 14.6159831277055 27.7157503731019 57.7110299644651 332.778890376282
6.97169242597479 23.4329435978611 12.3690240130813 3.97872283419646 12.2836759729059 26.5867222209196 65.3206354424572 323.059358630176
7.30224529794248 14.1252796810076 12.9832231823261 3.16730031110033 25.5769204221431 9.59859841937328 49.3052821613352 415.806848463735
6.10975376529786 25.0940949090668 13.0385411423982 4.27356436683948 24.5310591324775 27.4076052136532 27.2462842751479 381.4726614117
7.83224854843288 20.4476815357628 12.832814747584 3.47863704688038 13.8166603599461 10.1271050685229 75.462793566228 289.697904762422
5.84362001515069 18.8487222481786 11.0337994952233 2.67531374483886 6.73031783562889 19.2087008832371 54.1152625719406 442.998560243027
4.21801190294131 21.3681538992854 6.16205792700505 4.44865854413295 12.0317909936155 15.7295598065502 64.2618996913038 364.274221311341
5.70316277567923 19.655759669852 12.8501856655082 4.21781064035664 12.0790424524021 15.075182239119 45.8773975742847 413.981967420728
5.68438931439543 15.7944859051426 8.39082205677341 5.24598685976655 5.56352246133204 17.4700618212746 124.207414955686 372.004259116542
5.3521922649693 13.2667514563877 12.4376031888501 5.29419757691785 4.09084770540014 7.52342439247963 46.5026063258415 404.812891949595
6.79140596427261 19.8843468844555 10.4242784718286 4.09690215601664 4.24273524991994 22.1433593763414 58.6486972640342 358.211510500956
5.84924885791362 19.0134935736411 13.1059096630652 4.10425572779279 10.9074012582394 16.1178825219812 59.7028791346516 389.597937211018
6.20261674816644 25.0957995089364 11.1782891741687 3.86199352611679 20.3699848298407 19.0613116213967 63.3107468367693 368.459520195734
6.78623350099913 17.4326378655646 12.1477002187179 4.26067492217182 2.29229752017472 20.6070072568979 66.1856703035185 363.570806503292
6.90834674109688 18.8003399113589 14.0185439997032 3.07556215784519 8.59332741061886 19.4777470492096 49.6594790290232 369.086724145692
6.16237486169216 20.8945330810204 10.9615564597923 4.64619433294394 1.90232584510457 16.5415187765241 119.654875913614 379.766014419632
7.55838148432651 17.2387195198068 11.5421509165609 4.00653673609067 9.94959763220964 25.5621013088857 56.3123807300157 397.892692042529
6.42801914957001 20.2104680670663 12.3545462889882 4.3353077009828 9.92086274977209 12.2733396565192 44.2678459452229 427.934744176625
7.67633358545964 18.8173608230377 11.5346418910914 4.76263432999129 4.37809591537261 25.1737839920437 74.3850959229592 415.476877577705
3.73433251046716 23.0076063265193 7.37404615915001 5.17415049949826 27.1195377707748 24.8388160862534 62.1474227631339 343.877254958803
5.91746064513989 21.4774724036441 11.2171103025558 3.11573229442068 2.95436673228535 25.2098698623204 213.093194623111 345.111285357294
6.85218616701721 21.353801639346 13.2321705724754 3.64182615920277 2.72910557305327 12.7127465792308 36.6908615595626 404.297299595979
7.37934836023547 21.6751653949858 11.0688891031331 3.83874072445145 9.94740792959729 17.0011470404605 40.3823069145637 380.935739639682
7.05390262632711 25.0802689578124 9.47580866864421 5.3549954557871 12.6778163203014 18.8362469985092 47.6489002745138 395.161590425121
5.67893391347905 19.5162458555459 12.4362180159773 3.99356129529656 4.18934388057104 18.405566265215 54.7515062902163 313.431628204122
4.7763981227785 25.013122402347 10.9812576762621 4.88014336142211 6.28034496612706 20.3665055285522 43.1671605301088 369.791040926781
6.28438118074729 21.4705578405018 11.5357755618141 3.89103351564883 2.01501796173139 26.355307444397 54.6719756292903 319.466442446604
7.4233065517243 19.4692663997706 13.0841815874204 4.05335077842439 4.95875590770156 10.7675109949407 41.5940424060241 440.118295708267
7.61146046871368 24.2595832244362 11.5844723341544 3.79185226633698 13.8552485127412 18.5225391086803 22.028518404246 407.377342682822
6.90113614814739 18.702378600525 13.3236691107773 3.59811672067072 3.00573999899087 14.9531322107871 81.6291002679824 364.018765111455
6.61679201081809 19.3667926280431 13.2074896790258 3.44184221096519 12.3293872802723 22.7443289475946 72.4086997825294 368.85548343737
7.45465511885827 17.3794465622122 11.9419198623105 4.30325243189542 23.0942270050542 1.9484469383594 70.7581469690998 475.961661474426
6.43194435257676 17.1053125150356 13.4033244575487 4.01831170124162 17.9366976037475 18.2585191322563 34.9538793049125 439.740818623936
6.27207269838806 19.0785498431749 14.0084498092709 3.81512208628308 24.3129602002314 23.5904226100831 65.4055480791053 399.223045296498
6.70906583317055 20.936621277647 12.2937080431097 3.77712040391138 2.99514062088926 20.7678728850037 245.437708678417 336.907983190849
7.41964645943704 23.175474811667 12.9797548222276 4.08422610135738 14.991151463166 18.7128970369224 26.7381328909605 416.461896412235
5.80525275864496 29.9909993127948 5.86073294831797 4.63319752124219 29.6225303607448 23.6234980151885 5.6799612542068 394.461194118323
6.22963301992987 15.0072570841574 13.4212787110876 2.9878079702498 5.69102435271726 24.1429589727381 65.8925311629379 329.762679744125
8.96382426018747 21.6193246035728 12.5975959215732 2.8636431019746 26.5336284528671 10.0773269769624 27.1729016382966 462.223711951929
7.32168502131979 23.7532902645787 11.7278865234589 4.10714161689512 9.26618213406691 18.205170216069 59.5576360492993 396.422845871848
7.08004287760839 24.512285070192 12.5146598636813 3.8766491855379 22.1338915786376 17.4459140797901 23.7328399037875 413.626322267907
5.69215983349543 18.4051082485403 12.9423685950244 3.67572800343806 16.4191193784213 24.807230222636 34.0048498542519 409.995004615366
7.14838500904517 21.2179447356615 11.0231745495851 3.22818516938864 13.0454178359939 22.6249768767357 27.9967227241401 349.379160615142
7.35733441342277 26.2065183069118 10.3431929803955 4.4193674168977 23.4217367272297 12.9121990012151 91.9648512489307 392.834303158283
6.00556776319554 17.8343903527939 11.9751960987344 3.43133302518295 2.76379000361788 15.898318467323 82.5360872668793 345.034192041094
5.65617437351314 25.1169026846026 12.0946444880243 5.08593379814264 19.7065372500813 9.23377926904503 17.3010595593784 417.786441721536
4.60638710831 18.9224626118559 12.9847949141431 4.26783931978193 11.3040822580859 14.8283232895459 41.9640662524104 409.954245959917
7.99311745567701 21.2828381718529 13.2197605131226 3.60125596868697 5.64260843880084 24.8763980746057 25.6423935583496 384.597263961538
6.17773926944305 16.7254541213644 13.1514168029102 3.39334415367076 10.7894604358449 11.6524994155995 71.2584166390187 412.936139984984
7.64830604715642 17.8583021551482 13.1423692954587 3.664620285583 1.26490544030638 14.8717691104825 37.9383727639129 402.555345695096
8.49010176196022 18.6009768092089 11.4122296013461 3.87062918763247 5.09822788769866 9.78972317355085 35.1835358657052 437.420280329022
6.1635014377426 22.4103088503764 11.4225212102067 4.18627261873034 5.21494930887471 25.6631166608733 113.479217005155 307.936387773768
7.27903207098423 20.195672597914 11.4420828936536 3.44970474666172 26.4025845803616 8.47643902302778 71.1824189984682 370.925325370439
6.46179025186711 18.1956286440389 11.5245747119398 3.89024479603503 14.5415483214228 15.0836420091056 19.1618659267584 374.958228261067
7.95451680323518 22.2004608878528 13.3722267924287 3.09196385968428 8.56651408387176 24.0244249518808 33.3026672875203 433.95927661435
7.9100854751406 23.4268455529187 13.4340821619559 3.34624947578987 3.71145378246021 21.2985141337766 37.6277562403113 352.433045841421
7.54795736250837 25.7956144849952 12.9765448643872 4.26387790105102 8.60599012579851 25.921933994231 36.779971934029 375.284076297299
7.36656806261631 16.7801977479006 12.5647173521507 3.73453184004982 6.833441644191 1.77841069924896 68.7639832410471 440.374183218466
7.02788961639461 16.708436760803 13.8993821720715 3.44984300641262 7.00779952982842 18.1495261816413 78.8191666834922 381.767135583047
7.46029534019867 18.9138954579609 13.8051298903968 3.58612559333115 8.70009504632501 10.8378576536264 31.9091665072585 422.857900622941
7.02887448459829 21.8329895041906 12.8117587507096 3.88446111865854 12.9871176507711 18.509843883046 17.8982859771376 348.194555272071
7.15304402282706 21.0102942479133 13.2056312262873 4.60724798295826 7.31599193515802 17.5337091097736 38.0210324466184 405.184676970074
6.24521159102247 21.3709898116057 13.3380929965631 2.82458791164867 16.0166728994149 21.1541636732779 122.293594376242 358.114088663137
7.61884879920818 17.052157784219 13.930722927058 3.03858980237558 7.86694320578732 14.2680301253056 35.616706205504 415.934591439954
7.20508965127717 17.03758513229 12.2536100318219 3.51198092483833 28.7581662364687 10.3600602685257 35.4677523081152 446.55263561463
5.96589913519603 21.7567214268534 10.987261420044 4.39291079033787 8.05253809920585 24.9016004304594 41.3142359100427 325.609495134793
5.43015759617287 19.841912641263 10.8626604126238 4.15707767871687 16.2611971718191 27.0242862137386 79.2624377179669 336.606920247824
6.38484492070159 18.391692100314 13.3251498504397 3.26748178520475 11.2467205764377 27.652258852171 54.3219451599981 369.120733917331
6.33575218086756 16.8804390459366 12.8504403892634 4.15737476283776 13.8655842891957 28.2526805320101 62.5970853202449 277.983085614901
6.07341702803562 25.9911714067102 12.1449369335978 3.64279939477898 6.84586758105321 20.3551495181319 3.98683094899704 368.14304502967
7.04976400547553 20.2265473047406 13.1675428362733 2.90108535666458 7.29923747122561 16.7310940215793 53.595637037641 404.980397603584
8.34182282615464 17.1063487312924 11.56961975419 3.7040856666041 19.4034553718935 7.91362919094917 59.2431846194051 432.275401571366
7.34204324907692 17.1650589416933 11.2110661989474 3.93126076699306 4.14329881827078 10.3312711895845 33.1419106447375 427.284330965561
7.05624498655567 13.9844770389142 9.06843655602825 3.94009073552619 12.3993107697527 19.787472396661 51.0155546246077 389.25094833408
6.94191607159572 23.751694035675 12.9385483086798 3.35144286799269 6.41481521985526 22.4069647355784 82.8253063849865 305.3162476629
6.07338398757177 19.4459620213221 10.5704882263112 4.30521210417732 12.9594374708694 18.5017539364966 101.576247120858 344.057025658493
