7.35383479575898 9.25514918126711 15.8870498218283 22.1202705415967 26.0423173097109 28.6305213234467 97.4534534475241 217.48043658187
7.49033891557804 7.10808455148057 10.0442231856477 25.2535342345525 6.5451475627588 13.8276852775222 110.719728587361 351.160756358669
13.7086672449656 7.77072627699393 8.65719439316774 25.2921766365979 11.2562522440815 22.6752718368755 99.3784894770273 277.158614500371
6.78005840174085 6.56931199716805 5.39528576172035 25.0683903876483 10.3465480990147 28.5368283110569 145.113010536933 485.523339485564
7.41840243065905 7.59862394822302 15.2233504820626 21.8798677287885 20.1278344679516 22.8051482630092 134.288168254006 236.726175407425
10.5976842212823 6.76769949205089 12.1942434561968 22.9638764344687 8.10606613136024 13.0507728523079 150.781446884032 429.172807091893
6.92088973795597 8.54933326809875 16.2770899968686 22.374520269724 16.7419306515976 12.5007518164177 74.878027017282 60.1194960592974
7.57576623954293 8.37028917112285 19.0559387246145 22.653744711064 16.2632628343567 15.1935233662432 67.3239631377104 208.667598472334
8.93706279035863 7.04407690668129 10.8306980549145 23.8142859267723 8.25585792971603 24.060817005824 232.868103319492 178.843252111504
11.1810942549525 8.05307312523642 16.6447501269478 20.1495179576392 12.4927271071287 23.0619277011721 149.304648926423 105.484499341777
8.63124703892999 7.42643649294085 15.7678960219905 23.0506801636002 22.8960769034684 23.8615760338495 70.3103643356052 279.491806736912
6.68557955096688 8.3221744244731 2.72530651420226 27.5655424796077 19.7497981862569 14.4786025076737 82.5451133699322 302.014303609504
7.32585411630292 7.81669051478246 18.1021180184545 21.6596168904441 19.0799646645185 17.9061566415275 113.613131091071 279.965876131636
9.30434448599732 8.14010804312906 5.60191134056601 25.3079507028551 23.2149834271182 24.625936735275 91.2825006777627 238.992095382687
8.74447128721787 7.95219365018592 10.7439498386342 23.3714900995239 18.4558200860737 25.1938695829807 95.6756136357774 178.731385596697
9.55058237581303 9.09584862275553 28.1170704149065 23.0673861755915 23.0932489127118 17.6258313488933 44.6010177248021 243.972967915906
11.6930111141737 7.46952899225822 14.9236300245042 23.2225807679355 15.826967240785 3.19173573967289 83.5961234550642 272.17740263806
7.46628983222697 8.46482283734382 18.7047899473513 20.9046093779905 28.9442839355032 20.6683090400238 166.049165150052 156.142981486565
9.08328383240089 8.56926580546665 15.7074909557835 22.8983842684441 13.8350678757837 19.007540810317 52.8743648136666 17.132422597285
6.86776796295786 7.25996665341102 13.5848622925622 23.9568888922563 13.109974360655 15.2604410333861 129.07667310937 154.22041163582
6.81767861152427 8.81219156227779 11.1536040621075 24.204575461868 19.9562591334025 25.478639318636 93.2026853615612 199.957784565616
6.30159230278248 8.37811339071335 11.8227525286611 24.094644113165 12.0507043255237 24.0943099751091 186.629836075694 153.089592121661
10.2992276121121 8.58200030939972 13.4870801573195 27.2065212536179 17.9586374552392 27.8525949770401 199.826487869033 6.57075415476953
8.37480546721492 8.83848593273071 12.9683512877119 21.7097604199109 21.7700574830465 24.8362452968138 134.759027576312 102.509669423145
7.89821647990131 7.59415493445572 13.0361246625214 22.5840915675977 10.4476968084055 18.1758728095456 167.478377677065 146.539347223159
7.48175090766407 9.04496011657001 0.176484674618586 28.4183433641985 14.9241069771852 8.95695886180216 247.533088589591 25.0837560713057
9.49405858826983 7.31815891872292 9.16631884703329 28.0234587987152 17.626283548252 24.2761905337252 137.472484403293 201.064920946447
6.44871034199147 9.12739133006404 11.5035028674633 22.7601731418784 15.751409691487 21.1827465915509 47.4554895579038 163.706713169899
5.29771102410578 9.01221541725448 7.25524083576374 25.1350335398524 23.1764399355922 15.6162403733373 168.209141682834 146.495350451117
5.80647148566236 8.29727384825983 15.3201203472146 22.0238669695073 14.1997609056754 22.3695055237922 126.476584301826 54.537418076243
6.23580220000121 9.1942414380621 7.27054325232472 25.1778501221081 14.1221030480223 28.0688071988068 158.722269392581 85.6052619045531
9.89636219928876 8.35690534483071 6.94598490796539 24.5160616892388 26.1445096086389 22.9388161477775 132.894632397882 144.869747994983
10.9863793836948 8.71274850161928 14.3580639747751 24.273581735447 12.8353244625218 17.2613922864812 73.5928088795757 235.736808336692
5.95723442342219 7.96003821913037 7.34294603514864 22.4891741786639 12.5123641887733 18.4223942271749 149.969818315613 170.139853986221
6.38312238201136 7.65640145523085 0.316925143417589 24.706246501172 8.6061408574711 14.1020579316584 120.884681000707 41.646911294575
10.1094190922235 7.12166079866549 8.68694683067734 23.9602696950776 12.1773364905909 13.6128227579302 70.0789681115438 273.184565270634
7.55352709036891 7.76138586804094 5.62208612541433 24.6129704896267 12.279427730341 26.1064533489831 97.1326536944612 199.471959163922
9.48311977273873 7.49177666897683 15.3392868090038 25.4977428361251 15.743188693302 23.3238165802108 186.606213140065 172.027264563271
6.61792548534156 7.96600777592387 20.4145359951773 21.1734366976836 19.8726392734145 20.0781357647207 50.8081371732513 232.462675011472
7.46933711778762 8.86475240495693 15.2848989224895 23.575903893731 8.34163619853136 11.4107452306659 207.492492126586 1.69722201336656
9.5419863923964 10.31328130258 25.2360808756587 24.4920285152087 28.3086785883761 26.4216847886603 188.138056235639 15.3142462541549
7.05773746482354 8.9341895545509 14.8766707985814 21.9126867255304 17.8633111114454 6.41123308310044 165.504889238305 42.9675928548269
8.70336519810128 7.39820926530443 12.1181660147301 25.2001429126597 11.7046285395158 9.41724761867645 145.302341616669 272.995978135719
8.07731555115109 8.64699010458033 15.0458503017724 25.6241021296256 3.74709522372666 25.369280355438 114.715255590631 237.341617451266
9.86521585004663 7.95872499107393 24.2073581066239 20.8034025603884 15.8064212333514 14.0737467122359 99.188597929861 184.278862469281
8.89179740801957 8.21962355888908 13.9881997583662 25.39005353538 25.0405929538742 22.7561765769254 57.3127038268868 296.382677055061
8.96181541295573 8.6838570395663 16.1753223917095 22.3269009174419 15.4080792257968 27.9004358087309 150.298503947765 262.466818279454
9.64838052114532 8.6035170146736 17.1280789557495 22.0481395550379 23.0190704864459 25.1682759047125 14.1441056815764 322.316081113615
8.73702061783216 7.51979507442663 6.21404810375399 25.5488433379939 11.173577906413 9.69599228972655 96.3337683553719 234.270895429137
11.4404072003342 7.61687852135282 9.5533473039876 23.7510581749066 19.9689712426556 18.5558813582177 79.79329491428 415.358645245128
9.48143735564438 8.29618728840893 6.9759987254557 24.6221768516563 7.70404627619334 16.2482924481539 192.369641454769 237.235171894493
7.10174321115744 8.79385171085704 13.6627477944959 21.582876753848 9.90436656657772 23.8652865574011 79.085767365205 7.586011163893
9.09298641914337 7.11336705936652 6.85078858184373 25.3130454925327 9.08326779453343 16.109255654134 84.4492971607173 161.285826160712
10.0347738792589 6.67702084555562 8.48151645977335 23.7398286570643 14.1633780314599 9.93295053003476 118.086659333258 454.020263335174
9.02180441998766 7.50883108818856 8.61221695190257 25.1444835197405 20.2921318104659 18.0351795851542 96.91366215227 227.229341934908
9.21286106230678 7.287139233589 8.08351627663304 26.3835776986605 25.3306160742573 19.2953186746408 88.6029884174176 31.2235615243961
9.11061669629784 8.5011651525729 15.4342800098686 21.9909820510569 14.610642061842 23.315975576033 148.603953188443 169.240942125822
7.47596743899349 8.70495801124089 13.1631741805316 25.4323039914049 11.1230044313481 9.95842319517413 138.248696021971 129.862423236872
7.10897881605498 7.50332978258247 7.75243159911505 27.1461741471734 25.2310023734142 16.9805715483664 97.9440959501417 141.543105771318
6.67501957152089 7.06951912518786 27.6417741767283 24.002467760196 24.4828665616426 20.4720854593646 70.6829923880312 240.865159914901
8.73531484332439 8.58309235549626 11.0700300895687 22.9781629209334 12.8284786113763 15.028073163665 230.54809273235 142.937990002724
9.05170561423198 6.88038535447749 11.3352336485458 25.4820410498253 17.8283089842495 21.6308485822425 101.057526840251 220.948223210837
6.5602323938993 6.84602843807962 24.3825895224223 21.8985226856649 22.1848393626951 15.4735962719649 3.4035330808422 261.125623876499
6.30153748682088 8.21349773048731 8.8208477152366 25.5210134925649 5.5794003088584 22.7447414498408 101.438174821913 317.433755482475
7.2093815001006 8.72421618872083 11.1580911360615 24.9906786257701 10.0467971034226 23.6770804375775 219.969794354678 61.8556010734911
8.89824907330719 7.4496694875642 7.94350804292406 24.0827402057453 11.8346806844473 7.06276846938935 98.7798356510609 232.235305581769
10.8672187358118 7.77254436716917 11.5610884900098 24.8139810121847 0.402463319770823 19.9243401408774 53.42962000605 304.552207638744
7.17893680287198 8.25981585261036 8.45045431314691 23.2538572407367 7.95334787564259 27.453908838859 169.682243082845 118.511596521101
6.0180725815596 8.44642957999398 8.21593920199863 24.5502908588307 10.0266923097499 25.2339835943816 176.358619629593 115.774084995435
11.9226738529038 7.35482961204716 18.7398425133793 22.2165152173475 11.5981659571806 8.00453303295313 83.8192545681973 395.792051917745
9.13809740289504 9.08795210931133 10.3862423255092 24.6868935581913 6.80889852708806 22.2980621897245 274.483514734551 40.3814850086503
6.80544240330709 8.13186450496925 14.0953301290256 21.5217522943003 17.8784573742161 24.399995500011 100.817992504064 211.031951743369
9.53054482067649 7.68304718956284 15.3490135331538 25.3813051069853 6.48386740650496 27.0865566325805 92.3631373472237 191.215025107237
11.1122547641382 8.56132696376694 18.8456129374476 21.9460967364747 9.19549413260801 28.5555523575897 127.503487224348 113.992018598944
8.55829601870173 7.91444208974729 13.6406598943239 22.2660011549272 11.3822193572431 24.7645141731799 130.844881108211 78.3451130868707
9.56618228015083 7.89444274150258 16.23351813185 22.904951345371 21.7859893643983 20.4467679225265 27.5653377823718 333.191623705165
7.28688501647473 8.04105558979966 11.6144785331886 23.4966261580607 15.5399825070561 19.7455984399172 120.54765918921 235.295068110926
7.52187437667093 9.16998724337956 15.5457051870388 20.7252042455045 8.27219926796782 7.9821814079904 142.351602296562 85.7771119620411
9.64287299076008 8.26045883580434 16.413026856631 21.3760807537666 18.6204657858918 16.1171766397273 125.091096923748 226.526106684836
6.78816431195674 7.84156868162408 14.9086899320747 23.6013589631675 20.2669741279124 15.667657895081 52.7347507460337 361.731160307145
7.05131074561109 7.46867511450522 11.7867971917757 24.2730820033471 5.5246965955815 25.8034299410449 190.082767170699 58.5001068687323
7.06788188894202 7.26139754446022 12.7183474975261 23.4578271842871 21.289073373679 26.2141569135899 193.350969311689 3.9439414816188
6.97494714352728 8.42093022445689 2.37888442938087 25.5367233093422 9.15477170752643 23.0790967963666 183.966429618832 46.0698604613972
5.54495029117365 9.00588566978138 7.68912406316466 24.1316216941796 18.9334203131694 17.8149655029371 95.466549494047 391.044996148838
6.64266724235041 8.81203934344986 12.8256601104397 23.0447122945006 16.1326947217927 13.5424758194889 117.615182619022 111.797605926467
10.2501159498327 7.15220749878745 14.3818084347991 25.0459161959377 9.28205492738321 9.88915532471641 141.569261074846 499.999252841109
6.64615973396876 7.47325990306684 21.9624059173254 21.1952808909457 9.2155061706296 26.3265302894125 181.120095012558 157.010422897999
8.47824382330644 9.05679489938699 6.54648844857166 25.8615495405074 8.33378247196446 23.1201360963845 89.4534852285769 71.6870731897613
9.86757764294659 8.57852726450408 9.55113198402835 24.4555442004056 13.4104632900223 16.9520260844315 28.8990684923416 244.803576996357
8.4772220347173 7.52824879565891 18.4836163354469 21.6942449903268 16.1342913930811 19.0902399276967 190.387587517754 102.825326345061
8.59302711036841 8.50985872828831 16.2465593561954 22.0367742810357 16.9068978480356 21.9760480205739 123.989055456526 89.3503109581722
8.58757970574344 8.55963579790069 10.2293128869459 23.7959709876605 10.4537871038513 13.9824498032482 144.309631581008 204.435813809487
7.89118794102976 8.45715960297064 22.0104120913896 18.275324040298 14.3363221037704 22.8286010912864 60.9638510410716 13.7397882830352
8.76799948889598 8.42098820984012 7.74957475053263 24.7707290693558 18.2620309436795 25.4878203021972 101.982593088894 53.0575338664455
7.42536811064051 8.28982948075066 21.1805081689844 24.1086972307122 15.7038635429873 24.050155364711 125.380195971004 223.804620815069
8.32996591779101 8.18981562983014 18.8800587625698 21.225494591948 17.9087109412365 15.7791068324706 37.2282382116164 218.848828302487
10.5331842794714 7.32117812323505 10.3582657676979 22.4542071659314 15.0830396573709 13.3125954332705 80.3374747665915 28.9493886196956
5.96354889345776 8.23543783362663 6.00311512291163 25.5977042171179 12.234371727775 0.885095118499577 155.669204474536 47.1791848899869
8.74627989944102 8.58789648483981 18.0369213726136 20.9624415574023 14.2558152267504 14.7284142086127 131.188134592546 173.297468802204
9.73678824173234 8.3057564259789 5.6562238556797 27.5327257059952 20.6052227754247 20.3838083072368 88.2203490011824 236.341672301748
7.06707631106999 7.84330179488995 13.2144397955137 24.9239957542594 11.5423837076775 22.7875837210579 79.1824931049751 281.62210855732
10.304898019287 8.2813380474469 17.4387734728452 22.6958368184246 16.3443546596987 7.51440157836759 90.7296338303989 224.660390091282
6.66897284349833 8.6140375776378 5.67204656635021 24.0530060087596 14.188880109166 24.6921252674766 61.0154838558386 168.231597508428
11.335578084462 7.87517661437784 13.6543150203819 23.848485320141 16.8865733501967 16.453553590021 134.804470945352 145.648916873865
9.27294459435765 8.4928148352566 15.2794768085951 25.0938618514783 12.9164400050327 25.9411679873656 179.336757714737 69.1934946697128
9.3433973438846 7.75313927015918 13.2262209261371 28.9607660640962 15.8324317280606 13.9112153260223 160.055999593295 221.185217434031
6.40628770958899 8.71826050127185 10.955571022312 23.2907574517868 12.3000765551607 13.13887093072 135.719565294505 190.343992470451
10.9839433219453 8.33597880852018 13.3498995939186 22.3108827757744 12.2608150762087 15.239469352194 89.2286435661859 101.132246583901
6.72188038782353 8.96814138243066 12.2990462281273 22.0770645149514 18.5832027870747 23.5698173483475 77.9517083506057 307.030925217714
7.92444908319573 8.77562062104581 17.1871118348054 21.7113937715549 10.5636138175694 20.2393143300188 146.868524487049 211.809399234993
5.98641285933127 7.61393096853669 13.3177269581882 22.8770627951967 21.9987801509 10.3581881646108 102.715485174116 206.522223085537
8.38929849603086 7.56949902111806 9.52637510645423 25.5737776910668 14.5968254566786 19.9225300445128 96.6321328975777 212.910536591337
8.1534608098261 8.56070787907227 8.7733117043059 25.5980215898215 17.2692267726853 14.7134296796247 172.882576694499 23.9729880225321
5.6904353375243 7.77457928361472 10.3025795093709 22.4105301077594 12.7007226666716 21.6712580767985 198.553210045678 0.590191787573474
9.89311835509719 8.10362723410407 17.1834425052218 22.3258092136121 21.0138531294038 6.90931415670908 52.5554169249216 293.489591509989
9.16146592672208 8.57736719823993 15.2783099342544 21.5228272441824 12.9583009872647 15.8477843441507 253.129312236046 61.081038019719
6.69875961821417 7.75188078577181 22.104614180165 22.4553630306024 14.9474178516407 23.2846775157161 76.9703729478334 193.636540960053
9.29470812327071 7.1507210097181 11.7595183044419 23.6085926700987 12.7223920772047 11.3415499131051 48.3845255745189 354.106781464477
7.76609079683035 7.41447080971539 17.910503303315 21.9999011594023 11.969321162062 14.7623362202782 82.8767551852127 287.6595149415
6.74763839956886 7.91967361177327 14.1532887391618 23.4247442905647 4.34089772790725 16.0872948778255 116.362366923114 146.834476622781
7.46022195849049 7.58502391955436 13.6202287890657 22.539672653705 10.6341461984667 19.7970375425577 143.701020451588 66.9302113739343
6.69871820571693 7.59056405712428 15.5666805684779 22.0990392792818 9.66822121189621 18.3703856458931 119.763302624883 81.9836729299641
8.76807673865732 9.1308189137151 7.76233672829525 24.6563877817752 24.0348662084075 25.8447793816219 135.460903912195 18.6907863902078
6.8908569015863 8.34921235159718 13.4767922723608 23.3001513222532 18.0354922348311 24.4736403266046 114.827260942031 112.41782615561
9.35199961427417 8.96479189077102 12.8628438615015 23.5779568229101 12.3228617696361 22.874128726016 106.583514585034 169.404872172253
9.02599536616095 8.57131022778202 28.8182058881719 23.6276230523411 6.46314014336002 23.1120144846003 290.573572574521 45.2640016413026
6.93821905046068 9.21664615198766 6.73507850957019 25.1028759796218 26.7357608328879 3.26972895024174 81.5919390645667 333.475864297534
7.67283836160713 8.87465924146847 14.1115579389263 25.4305316221875 17.9658479230911 23.1180646713287 53.7789014418713 160.670173531553
7.55846054952814 7.57520783250437 11.5101705558215 24.6549009094447 6.40312951372389 23.0433153449185 124.301551077277 104.394312371223
7.04362230009962 8.48603320306264 17.2801184062016 22.7339814319584 14.1607196205594 17.6788645810416 45.0885335103886 159.901783537936
9.86853941238612 8.47359246276104 0.946310818349649 26.1665294291241 18.3026272567068 22.2736764476636 290.919023293606 20.1079440367359
9.77703757099416 8.51350958760528 20.8064478186596 21.6597722658908 8.79415609965845 9.2120929909066 217.011108793501 69.0987681203365
8.27092931233223 8.16956349441751 11.7943134658057 22.7651445049469 13.2109344091991 21.0238717769136 139.936159370596 86.2589646904628
9.11131285484978 8.94466818139242 7.55492747853563 25.2328144825224 3.36521117232853 26.4373823803815 171.115557783037 147.659326557809
5.4974785643815 7.16238983807685 12.5744892898767 25.2408465495395 10.0522331428586 18.3272822379096 135.237735024135 51.8670608519574
4.91920405270176 7.8911024376919 8.71488488974331 23.5173558350391 18.7437199337616 21.2190420814699 215.290109990869 66.0607533971005
7.77746982797849 6.10059703352036 16.5366463494608 24.0243782693343 13.1064511797673 25.4624499086998 150.378235769802 26.1584267650735
8.19450383182574 9.00756754082256 6.86265799334738 23.9045598168827 17.5555569074443 25.7380582800483 75.983387210131 42.7908766649202
6.72528172505071 7.45651822943743 10.5547458200648 25.3584203804175 11.7160199455802 13.6581857116694 116.806523195553 214.524980810886
9.19060824083506 7.60770144662387 10.077205667152 22.9507595490359 22.069453814671 12.453197496253 43.6138646283463 498.5466884246
7.03888477543396 7.37370532256571 13.9066666161772 24.72078574442 15.244852805109 25.8031910634762 93.6071903124574 223.783540238372
9.09922584714029 7.47675050107443 14.1037397659449 21.3509732859295 5.94329601534818 22.8684771148335 87.0909777045477 399.202983850165
9.7335209131302 9.36466518592383 9.55890428149583 24.2749043729311 6.74132902360243 23.1458288920168 166.113431320922 203.176157606286
8.73622087513463 9.14425762616335 7.40650522511608 25.8806109311457 17.9315669254959 23.1777872745785 105.899116311745 235.694082806669
9.49226748819793 8.57660893375338 14.6374466288264 21.1570640186692 17.4009737808161 28.1706908633994 163.566108333174 112.445162539326
8.91239510841605 7.74589753909299 8.73221324898031 23.3062591080194 9.3090268325601 16.9451872840468 107.282703601926 264.954009110511
8.60133042945504 7.0084659428796 7.37807732797673 25.1065253697614 12.7883486938884 29.2095358882236 137.636439762054 202.163454799046
8.64060097993726 7.0018662599033 14.9421599430169 22.4252405035136 19.4752822408353 21.491799784981 151.015755651793 128.354350024203
8.83190260376333 9.56342866421852 8.94367664448129 25.7924465728213 10.0700056059894 21.4095251285894 210.029208412856 17.2891964552881
6.51118952900355 10.1195024793549 13.7775376243849 21.4807445167681 23.5486810199846 8.27616553231761 97.1046590274923 15.1052024961079
9.41572252386816 7.59269643984547 13.3402214938247 23.479280087076 25.7138469613444 29.8947247342662 59.8231470200817 427.36117793488
9.89474051519016 8.83500442884231 8.33226081158968 24.6665492300457 5.17378376507877 16.1819228244663 153.151555437203 172.670015264586
8.41590051681707 8.33375775752435 22.0832519352185 22.8933321318631 18.0047880405528 15.9093661103231 192.800819257571 37.2107855868548
8.80689408985182 7.29449244536922 23.7280791164797 22.5094013049921 24.0751158112044 21.6275993618108 140.816094978679 221.798040517345
7.68361768325035 8.22088846119642 12.339562528721 20.0162498665607 9.45665770574007 11.2031464311709 96.104944389278 217.673090926688
6.4925732119612 9.22402316765682 13.4259341587007 27.5572582246007 9.70657667478459 22.332940484566 199.99252717467 31.6319104906467
9.80761151126062 8.43178783889913 11.5018264421114 24.3864509496695 18.4410850433268 28.8117614141697 44.5064339896704 217.223556060908
6.41072950359858 8.56650462381546 16.7165686404987 22.4947817320429 11.2397717956044 13.568302548373 127.211501391756 66.6261520294373
6.78599052177326 7.47293685533045 6.79762224325227 25.2919675358773 14.9681077931349 28.3254551362411 224.135259990532 77.8949021991357
6.93076092267074 8.17747110171377 9.05963823558653 26.6206236287299 7.40432202285297 17.2297254957259 80.4082038520288 303.992837949095
6.63018217282737 7.93152085241116 20.9404732591696 21.1092927256676 6.90250127849818 21.9803056102954 142.458764128798 248.011700393733
6.43575786119486 7.52223808609215 13.1969640065006 23.8853291983476 11.1507713772364 15.5144368602457 157.067078205438 235.128912457042
9.61873417925487 9.68342933055877 17.2449935718252 25.098799209673 2.96931772152374 20.0168494830733 119.869883623491 230.518711842622
10.7523761738445 9.2198497443137 5.11920252879402 24.7226900407638 11.9816489374093 26.8869569284832 200.05194671123 20.0395752962915
7.92850888491056 9.13827638249292 9.80661241976949 24.0370312924527 13.261729635355 13.5490647234619 70.6926831349658 289.992828889632
8.96174784510742 7.3665110974328 9.18607993178467 24.4463833886579 19.3768232593288 6.75277878707186 174.549710755472 95.4273355864769
9.75353887229328 8.59949856364261 18.3687181781759 23.8295798119139 3.91081346792248 14.0845904166007 52.4573912643681 279.467410989759
8.8642680880728 8.93830230412689 10.7707410772004 23.338444818397 9.72081522942697 15.2470050086161 23.9239122898096 242.878817917561
8.39155630047124 9.25595301391366 7.04229385695884 23.9448034787411 15.2352222839783 27.2921721093393 105.927242902543 173.646231183929
7.09456235485984 8.60493941367472 16.8929749635783 21.640361292338 15.4284155792307 5.64328517061829 99.7288541375574 114.232474759321
11.2138214951602 7.61671518702208 20.4143751823791 22.6685145338711 20.2669122660772 26.015446996895 93.6575247444623 67.3741661775165
10.399698375047 7.45734981022096 9.10961326906322 23.5474513145474 21.2255631527433 13.7845954671156 60.865229527695 429.843901858402
6.80358082851897 7.26972882209984 13.4065914186438 21.2070800019834 14.9573101630078 24.8425052082396 142.197181205213 55.4049596259785
11.7212184255164 8.37987790038473 11.4475047916058 21.5487560726505 20.8203282103258 16.06280586148 160.5112363968 4.27966087024353
5.68008483044537 8.12502552829408 14.7021670828826 21.4318553348739 8.96728369683658 27.8793440785701 131.289469810433 54.1383006733714
7.98021168535267 8.62365413527318 17.2961392073767 23.4306815658528 15.4080573172843 24.970761801478 133.747462812834 120.822320014644
6.27389461738043 8.55286026959377 6.36714336008821 26.6032457856747 8.7522122699132 22.6862626923147 185.17658153506 115.438371916876
8.41412074538886 8.65669420178843 9.21288720740733 24.8283524941326 12.3373966376216 22.1798259717153 208.524254240966 108.59722039708
10.0834866007133 8.5315981306015 4.03038798522996 26.4049011832327 18.5273647353598 29.3378396601425 227.819460661324 74.9458067159789
8.90114485816986 7.23260260761979 20.6715821324 20.9295919122791 10.5906353018504 18.7688641653071 16.6957568908621 233.066063767851
8.30560293958312 7.14770319864756 15.9009225369446 22.2378273617828 25.8333653310525 24.6431357891906 130.465466562368 143.767280757413
8.88943230757896 8.7601661457905 7.96917407446992 24.970360076206 18.6603283974238 18.1252990579576 73.2749373602627 204.836664960431
8.21701988434011 8.7384327059547 15.3750549133422 21.9139912409669 15.0671406460275 25.6310294088635 119.501683182208 195.95663022526
9.3037668670476 7.24233197277087 19.7565952707359 20.6415736738651 10.1770086979243 21.8415724539498 75.4375215857952 86.7724511198262
8.87644187272578 8.90451002980322 15.451106484305 22.4233442542489 9.23076316655562 19.0644667021463 16.4209135602723 270.752512518389
7.490434437081 8.22076744362013 15.2380879652814 21.256762579742 13.5956953732348 14.5596763514697 119.027677866844 109.449515750882
9.73983183403664 7.69360409438528 10.2754534852383 22.7831446936046 10.1319272133565 29.1785980162052 115.856427128441 214.84016663447
8.30089560872819 7.3232985613007 10.4301544062634 25.5937124611916 10.444761052993 23.3070170219464 167.446411160511 44.0052097416497
9.56532886996622 7.58696097956074 6.5721273725063 25.4660794497358 12.5460948498697 27.4532265021506 70.0720099577105 100.04515954775
9.46248960585522 7.73678748021636 15.126245462749 22.3195133790155 12.9671676347233 28.5617125516513 133.893912131137 210.598290968091
7.32607941496213 7.71944084447578 17.0279883061387 22.0420407897297 17.0366774891412 17.5377143481869 60.1835130481748 343.682304578162
9.00435765700685 8.248954445233 13.2722639117348 22.685140748084 23.3763942340339 19.0017559777619 101.045477135557 400.216115028666
7.46193187354609 8.43177318514984 12.122329484028 23.5876665308201 10.4810656092791 25.9489597139645 131.55316798259 181.48982044231
8.82847955984059 8.25052597944961 22.9297891300395 23.1156314205095 12.9935936900972 17.054400876399 42.1686288975179 110.697416104017
9.11748206576237 7.79120573485177 19.5155038006209 21.6316946944171 23.1830285750367 18.2211693002582 96.7536348912188 230.158774140395
7.64350758941183 8.68103528623671 9.7562743420807 23.6561968846031 2.06809695743996 11.9600189582836 84.7802955035962 263.397394714697
6.68763755358827 7.40428417659747 13.4740574321439 22.4365146445972 20.2426152961165 25.3390992958568 209.077280364672 18.963085194222
7.86946750928717 8.69305099177027 9.16285681930748 25.887615697844 12.0172207179594 10.4195829531195 137.96074912794 200.891217417739
9.74038280549249 7.82610438326996 9.864551696161 23.0125159869076 10.5437978223254 15.4418401529809 114.830766877991 333.637700253832
7.77827298827286 7.29944828613518 13.6660811512177 23.7234077135233 29.7451286965689 27.4702956715228 50.7134130498257 259.948154273821
7.94067339397466 9.30234060121043 6.82657338416636 26.0174823264022 10.1633351274085 15.626682071055 95.6693919772746 150.26780027241
8.74357808411355 7.81893163060623 11.2604914292726 23.1484509160375 24.3281925640357 7.82873767572759 66.1267625690007 250.920018949757
7.77858480122011 8.58073953587081 15.3229000102895 21.7787460876933 12.7676637442235 24.6615978113124 114.70193984782 198.66843339371
9.20856981104556 8.98489315212971 14.5995325168635 22.2359710401446 11.946841442576 26.5624070858805 1.63123048888996 262.590134349353
7.4723646755197 8.41504590071215 8.68992113206573 25.0328387244705 18.4820880801529 27.1654401762973 100.031670871942 219.249567089853
6.77687472421034 8.67758673911021 7.98252698586433 22.4697939528742 8.34918335599816 14.4561197040843 140.443568024672 20.369150294331
7.92227521036348 7.63091197968464 7.41080133854733 24.636909276598 14.760912751434 11.2478453730639 177.352701646614 109.079747525448
9.15754989133785 8.33557165577402 13.3345868070205 22.5419972744085 12.7813807852938 26.4394468435146 185.047211657672 234.614951168905
8.60036810237865 8.46370832580372 13.2500060005624 22.5604397964342 28.5372879504443 17.9695946918102 234.396842939963 95.6248854159521
7.15633376787316 8.74260217454221 6.24429213213525 26.1690297503864 23.9958565578829 3.0485984846651 173.182330111154 90.0013430982821
6.9163195975884 8.64721683064451 7.33204233785346 24.7300981597083 11.6259456144918 15.5418977361219 93.5936899186153 221.187399647583
11.1538072878856 8.23996619910223 14.4354601770032 23.6382837099275 11.6927121997156 14.6400024796609 200.719081521208 89.7448824060248
8.23780875549877 7.50344424155425 14.9006352314054 22.316102941652 11.9130863632752 9.40086751416233 137.856745337063 189.825987520073
9.4880675122177 8.56412003153045 13.5391899857887 22.5911415377383 18.7883240522718 14.9451194819187 222.296778756688 76.0289830794439
7.62724989499675 6.94293448574525 12.8156699948102 21.5685619486741 17.4570307788163 15.8352088661175 88.155711677684 227.252107489266
7.35928323401062 8.31518530904963 12.7351612318084 26.1207635429067 16.5742503179848 24.1051001027766 135.633375128392 33.1861106202189
8.05567377305135 6.7957907049235 6.83436308461742 26.2413641197674 11.9877983463535 22.4704306285049 167.97270118498 392.948958439608
10.0022148527829 7.01407686004593 13.2843497405537 22.6704960872034 7.74677347830664 7.35928178409775 158.084271908949 113.231606611179
7.0206285564928 7.12551729342081 14.5574850001807 23.1194665911634 18.2716198238828 29.6452033409304 150.484889497675 168.057812096397
6.87036555155349 8.09791976495019 5.57217934556947 28.3164857841611 9.78558076311074 27.5367216821106 252.76427639011 1.20938434404838
6.88046416819912 8.75340248630063 9.7790730683036 23.7195736538855 14.3663876239748 4.34673448872442 84.2612331031797 311.733521734603
9.81040517818407 8.36119565893144 15.0400667090161 23.4323330121575 22.7635473190965 17.2920610177114 86.4503587974562 262.129081158579
9.49080309232658 7.39786298404913 15.9282444742866 22.3767359884584 18.6657469209398 15.3700306388846 140.768373526591 202.615590666673
6.91730239720361 8.04851453660757 20.8776647005032 21.7244365713489 11.1212342514449 24.3048258080746 85.938951355131 181.715671211878
6.49077828564577 8.88839924102514 7.91719926508417 24.354665595946 12.3079432788978 25.4405353974008 140.710355817721 58.5151309325773
8.52471392397721 8.4825237920719 13.4166607416361 22.9633730579366 7.17207333759257 14.0379997822079 99.1842297056038 265.073965376614
6.9281833294372 8.50255672833209 8.56001310026523 23.9322864376927 16.3204448099908 22.3189496079349 10.9035668126097 380.09001459549
7.00941938192663 8.44703395857938 15.6064585775077 20.6969877743412 19.457296276958 14.030813093217 116.106508774182 415.021905151287
10.3162849495318 8.8945811208111 21.2196555131007 21.9365125884687 12.3461274167166 28.2290334574569 111.167307218458 341.636957016608
8.48110428475527 6.90246481293715 16.4100668921856 19.4636856254722 8.21550136710941 19.4635647412099 181.917989411824 54.4853750001628
7.28121389419084 7.4925463465084 9.59509050953868 24.3434049831168 12.9393729047848 16.6128527621769 58.6254386799293 201.688749106793
8.72661576030278 8.38829227858584 6.7633201776689 26.1492678919951 19.7780699609612 28.2812873022968 254.582121382465 37.459809472035
6.42370391963453 8.00833790282476 18.0172410087279 21.1020921194816 13.4692229131982 25.7482887123296 66.4459281846514 38.4608202526203
6.39896338441409 7.75906512739817 9.35230955771253 24.2561918249009 15.1313902361458 25.1746650122606 163.992055505136 64.7487987506535
7.45187778362816 8.81800550621544 11.6164312531742 22.562196197602 14.8213305729081 25.0883381266148 181.049102334599 30.5944433094756
7.7477209461344 7.30494544147478 18.5210342447551 22.4073805287169 7.04911974761345 15.7352634851229 106.0824140326 199.229371690897
6.48164672801637 8.16232841758959 18.9470859001213 21.6073173696224 7.75165976599009 20.2852539026878 211.221045344358 21.9128643748805
9.7272304907753 7.29794402476225 7.10910605124982 24.6299897031152 9.00591122655636 14.7535479095866 169.130838570706 363.194860967761
8.82105849721426 8.14537231539165 10.8127350812032 21.1836170163371 17.3275991231952 23.0070294477149 98.9170913977299 244.210893046054
7.99895783081762 8.67921059330442 13.94481396166 24.319007058856 17.9301591547695 12.6239193129481 110.786381171013 20.0333728793347
7.12263401903242 7.61728946963233 9.65663672199049 24.8246903191747 12.8764761836128 23.0681163053055 228.832698374862 20.3678028119412
6.48010109491103 7.55291793199579 13.9004055473876 23.2652527697171 14.7235799727123 20.3989579161942 132.446542614564 75.5749043427766
8.80773780496324 7.27948813077858 8.18890240831041 24.2538968236644 9.37373977405112 20.8293469568321 29.6291770125595 108.868312344562
8.9259336045208 6.52628299419945 19.3912948325774 22.0083499090128 22.0517435552416 15.7016730593267 21.7702202653148 255.883861853853
9.92198126915819 8.38096342451661 16.7492765141835 21.0005806110017 11.7150961654118 13.2175636504029 148.829026058662 18.5716084059665
9.37257588803283 8.55100440788556 17.2445048848177 22.6542292449844 16.3517014334879 17.039173111622 92.7087895470356 276.473982472355
9.56422267704083 8.48251536903593 18.2841842532808 23.8714396603316 12.523147574037 17.829353500691 131.572685473337 212.539256402733
7.40955394079874 8.53068111588336 17.5004611111497 21.7472745192111 18.7174323025703 13.9288859919001 74.4515785049902 87.7100157017961
7.32526989781675 7.49300705172862 12.7874671745459 24.1342788897878 0.147299645432316 24.382368029865 42.0001909307091 89.8856939309568
9.82859345748968 7.49618695787654 17.2894647876213 20.9322539266008 13.5268729955737 29.0359630227518 65.7018947872753 241.272252012069
11.6558120995803 7.5874356595326 9.4076043257106 21.6468055162879 18.3599000791515 20.5222524918905 85.4919024470393 129.683868264122
9.24471784287071 9.41042849075427 11.9550877915818 29.5928650709867 8.74465931281006 4.18588159119148 116.338461517816 323.148683248683
6.72258652047915 7.92733936707894 16.1435507637088 23.4857472180523 4.18658639901966 27.9623487613043 222.753814075917 92.2240702658607
6.86147251358635 8.99076083587115 13.1150494996641 26.6188264100538 13.5670589007613 13.9401887178047 173.194189221274 236.917461212001
6.07151903118227 8.09153676685521 11.4287367828239 27.8493118161272 12.8601255545084 9.56387028076158 125.93627215868 249.328382350431
9.6269029077915 8.7365681275473 12.9006294144863 22.3930604260914 14.5529639737282 27.0690680284401 265.732427766612 6.29552502562102
9.40739406340736 8.46132865592366 14.9326354418922 25.6417580033159 18.5634362271905 24.1479387402191 130.069367039432 30.6475687195025
8.36011816838478 7.15735669112147 13.5118760332901 25.9313758607201 8.47372664404852 7.25513495575227 144.438570681081 212.884968003126
7.36042490886413 7.38595679398851 15.7355809326557 21.3863029150179 25.4859710773519 25.9438730027924 74.6916591696638 228.140814219069
9.63284477950308 8.71687584163177 6.02677505560187 27.3629074285645 21.3249758839523 10.3968292164327 105.869175521613 285.626683125001
6.85315513454475 9.0074125816843 14.0575438771717 22.7076646200451 16.5942665347241 19.0425453019819 139.522642566932 263.755945046329
8.79378293832757 8.19529795808044 7.28080407100823 25.7228690896011 22.917329144862 5.44070105340415 173.276612124481 80.4926632637719
6.80853069021107 8.43665505529787 20.9152893009491 22.0314588295835 17.2154720070711 16.1029844472613 57.1042149953037 249.338448182508
8.46727186858325 7.54770056301673 20.2194600338401 22.3489377927953 14.7387975158871 23.8913363674166 74.8169073674654 84.0347562823161
9.46522207450997 8.94761138946818 14.0051649078881 21.3396866323647 21.4113164086471 23.2460893709444 209.193991073693 191.32887415102
7.1623336131489 7.3734585808641 15.831769664394 22.2147902067882 25.9839693831659 22.9028659843257 70.701107028838 252.966709490444
10.1686088336027 8.99483584050699 20.8790604079408 20.8438092811682 18.128973359202 13.7320158277826 207.681880339536 94.8990140714188
10.998796659609 7.23550744702104 22.8473568990882 23.3832800855131 20.2392246068156 27.1699734927358 140.359346324179 329.821738734231
7.12812386021438 9.78815868310875 6.31683515346561 26.2342447772643 10.3738907818721 28.4293708726275 90.8660283985347 258.277457817688
9.3220844453698 7.64637853981722 14.5753416712813 22.65563291928 6.70919555997211 13.2209690983325 228.314302143373 61.9110300939424
5.95900368848424 7.76825641367397 19.8047987359662 19.8182390021379 14.9980258929995 16.0621466615514 137.361241381718 25.794321072638
8.79412023846589 8.6974817622187 14.2632469504671 22.9917188368058 17.9607593757865 24.2203814184539 135.33833991167 38.5304195102683
7.05967379438925 7.40035358966736 3.54512327983243 25.419269602203 13.8079254221067 21.5046387275033 134.395560734575 182.156722441422
9.00259107905957 8.09419646440502 16.2201848952124 21.7900365446727 15.6186537813282 17.2085145013884 40.4647196003622 467.679006586393
7.66597115929402 8.13741580879898 6.37652348852933 24.9089239237094 8.23875615471211 8.50433124551906 81.2390147069278 315.201748659148
6.53156036470096 8.04594815701856 17.5525452818814 21.9673177970546 16.9909895079337 8.85709902725252 52.1540668264528 311.942045058212
7.48198273782113 8.77290135355616 11.6832085757358 23.1841665319485 18.0960954507523 12.3474254244283 125.230991039027 229.460996653488
6.47120020754889 7.55400332843551 10.2762928732492 23.0630010999176 15.1741398861236 9.18634418439272 142.489658618078 58.6158254384693
8.54090602068205 7.42463302039859 4.86715228783922 25.7478279064461 15.9010205398007 12.5321852512979 252.481871894995 56.4959592583923
7.38724693588438 7.41542815159927 8.10810210481501 25.5336444111391 10.9983338302931 29.0033410804903 119.984385091163 7.68928039756279
8.20835242896241 8.73097890314084 12.2175655157614 23.3791726696578 18.9329784281601 23.2927020505668 40.7175876909954 300.820325240058
9.87184533323059 7.43893548974825 9.61451355804132 26.1577635434656 14.0344313979101 10.2402670779212 126.929588689089 247.431648652397
6.22100983358912 7.59279947308162 9.86171920812864 25.6681210894903 24.1104103932335 18.5056454375828 38.9677675247974 352.587407428577
8.2532857173136 7.09764468778426 14.4289373291879 21.9946601147789 17.4921685744275 9.96526119671796 116.459509967657 154.216443435704
11.3367117675345 7.44589304326888 5.58811469020475 29.0144528302527 18.7689427372872 17.1258943933384 101.553976829616 296.73427734322
8.37118133068111 8.41051173887488 10.798897075394 22.3389453630479 18.6595490871103 10.4381044507958 92.3987926064124 203.166766143837
10.5987991473694 7.96256618564269 11.7386798510807 22.7786919777286 11.7126962200525 15.0180081425854 169.138467025001 77.9853520482683
9.1510564817055 7.57598499923888 9.15568772408386 26.5032337261789 19.6729640431689 17.6809545175876 45.9812550149533 303.333469863414
5.75443074507314 9.20211970428049 7.30193139072135 27.751516023272 16.1693215726037 12.7550584774273 166.413131162705 131.276411221817
7.42730729774269 7.70535470307659 13.5724445205835 22.2947472024886 18.0426370944459 15.6799186579215 196.085641021086 289.470541335616
8.94813430944039 8.59127476221327 17.3539087986792 21.0600162055072 11.0649978254321 23.1579304846956 163.421874838703 210.031474253742
8.89733709738696 7.7877175213671 6.15546553669954 23.4702533553901 7.61117711942796 29.6890965789626 116.097183308543 236.521505385546
6.70851436851365 7.34573335654972 9.69339893840397 24.5044492617385 14.2268957412678 16.3980578699795 129.805599737476 197.999045881678
6.22207459591283 7.81671909067201 10.16641714275 23.8475126506995 26.1467595554963 25.0906843395543 121.549350011932 181.228683489425
9.21843332040753 6.84745150533537 13.2299283476017 23.7424052602418 13.0348454855503 25.6456102136872 117.618873090182 426.156492429808
7.69838227311655 7.38450502203864 13.2604207577626 22.4573945194319 16.3632743376696 23.6518179227993 92.8545239594862 253.60396987602
6.41215116807168 7.5212604404584 13.1344932704816 24.1913020349457 28.082657756272 7.42534876080318 95.3372049435457 403.185146525293
6.80541421702261 7.93096718357327 16.1386237519362 22.2727128529173 20.3702201676932 19.6350971396139 175.748015289253 27.0501269636164
6.91315770923664 8.34539760041455 11.147751879461 27.3243779336454 12.9155518329666 24.3280352603198 162.922621464434 35.7015495644918
9.78354666850546 7.8796227749585 3.40381925721781 23.8378218136903 12.9806230173138 15.9043664598091 139.360858961405 91.0475107656715
9.73595069782245 8.45472864608343 11.7954808548256 23.3694462914605 4.78962060705589 17.3472873688808 1.54670139556672 253.702231053701
5.85147045995086 7.95546376092816 10.1212409103489 22.6084534002047 18.1224934339305 29.1677713198906 177.452556731852 144.471030076128
5.33451772931723 7.69420926146692 12.5115312168253 22.0330102403553 6.32878886538611 19.1285226098072 139.6803835452 115.245812519556
9.5988207326931 8.05262895494605 13.5057859294117 25.6120908267547 11.3227787221867 27.0177356620229 183.010821133542 173.294598289121
7.57037773691117 7.69970665813863 8.41910176522842 25.4927775765681 12.9403714809113 18.50811207326 64.2762620787975 208.241395867023
6.0360667128391 8.4034898128978 14.8633694325262 24.9835355592001 9.72651240059105 25.1724200365418 203.037227913346 247.926102044032
11.2883979097274 7.42199873621329 11.3346880482265 23.5688943932372 17.1878353360713 25.880386637385 99.6654000326608 21.7181008794429
6.15463346905188 8.6352416608669 6.24033356881744 26.9424832624139 13.1515124642099 23.9472236563072 226.677032535714 2.51735695301819
6.41978241601279 7.56916272446142 15.1695043842723 24.6454036598303 8.26310169758409 23.383341593381 150.000129070238 146.425814653522
9.2920042395267 8.88340445828963 10.3873748923847 24.4306077166876 21.632784795287 25.5761739468355 177.070621099932 6.4442303629424
7.61105563408905 8.00145572066084 8.92162994590015 25.7108770946833 19.3322941744748 4.53975534689447 217.013967847923 120.256911094954
9.64318725257633 9.1980570559462 12.5204714753397 22.7797809137808 10.9527269546314 18.8623995994457 170.326712003321 146.470468378942
7.06722596478642 8.77222821822197 19.5765969115901 21.4564493164371 9.41329901740525 24.6623808877404 103.982520335532 162.28043060683
6.22031852826037 8.20427692436683 10.9185494319539 23.0873215419691 20.4915085471066 21.5354639650862 105.111155873737 227.763569394779
7.92441385493991 9.19191780095637 9.24014008683078 24.8964138634568 17.7935257301685 17.245206154686 131.506295432728 51.994470148718
9.18865838673813 7.25007012983561 17.5761260536015 22.3223443808655 8.03360089949077 14.7200248355777 10.0395734678159 187.00689226546
6.74864821559515 8.83222850539661 9.03548406888473 25.9554843271459 15.3387966632197 10.031330533115 112.733306273655 144.23598061454
10.6240520104263 7.75374386632638 8.29622291818519 25.4410394964552 20.1228128388563 18.5406789690394 116.749830989476 168.360393602412
9.15800822938776 7.51541877265723 12.7720125183322 22.8009215827718 17.5652779217224 22.3861169149783 79.8085154140147 192.435545796436
9.90124047965353 7.69440313116412 15.2312509078509 22.9683865171099 13.1564677396889 18.4900140077683 139.286686899861 233.44210552413
7.04997465507573 7.40732837367054 25.6979598435919 24.0981490540627 16.897461665171 28.2955872264096 233.434057134461 27.8496165022621
7.65666342083345 8.83382707438614 11.330283903057 24.9720380834126 14.2188054451711 25.4703439435966 108.341661663855 32.4638696615671
7.44377323493425 7.42090187202049 14.8490566423383 22.2950205583292 15.1411719283634 23.4557696794499 164.10897186716 292.47406946631
5.90794008074806 7.94634059680784 11.5199918926531 22.9283770841391 16.3729591623583 23.7599054625483 131.566334697587 125.172875734105
9.00823954420435 9.07155092420859 9.30677887253806 24.84342849437 18.5679780341702 12.6512259853759 189.776299860616 73.9719473578022
8.90109569877839 8.9920202819932 11.7617999750594 23.3689983976568 13.6696839132632 23.4017375915511 97.1417225463186 288.576202778787
5.91567748286593 8.65801363106216 11.4971396002911 22.6918715670269 13.2897044822615 19.5658823867648 94.6423503480761 190.405773622972
8.48574257843769 8.74051694967254 21.1259977377524 20.4576919672849 17.4521442951328 26.7658293850048 281.593050225961 13.3213691759854
7.17177525576926 8.17313955943802 20.8125792967767 18.3845499308067 13.8880585400424 23.2259737267978 92.1322728983531 166.811663048837
8.51425768163277 9.18930455668439 13.203180747571 23.6928201980239 8.57062468957745 17.200146722137 93.2188278470624 39.014683832543
9.55823832138151 8.69540555008412 11.7817783552457 24.6921633203635 19.3448388227518 12.1923733462303 160.491892907059 91.9493499162126
9.28052806014486 7.92872211045733 15.8282397688011 23.4284043394779 8.22739648614486 9.10689569746155 95.8212858559919 125.638555602315
9.80753324533107 7.76927775964851 8.66732216493836 24.9687623371209 22.2777280761403 12.8438755188921 141.232296895067 223.057330418449
6.74822790718247 8.49391662450693 12.3996276344286 23.2921857943242 23.4875977760947 15.5624188022328 168.740687682193 2.48599654952419
8.25627383391155 7.74036148630952 17.09509795609 23.4599376761624 15.087712500125 23.2822489756276 78.4945934601837 268.077411968843
8.58718971730273 9.25821535843924 16.3959931639339 22.0166006953486 16.6149805346519 13.3031263595782 92.6292445358081 323.573554963103
7.16546256992913 7.76694387960739 23.9164992102601 21.8443369182952 17.7319345398962 26.6279207675519 190.929396435392 21.8158305435793
7.57389061404345 7.52636893930389 14.512150899573 21.9604195633908 10.2618650391454 24.9316255755994 174.624602730762 77.9863589771655
7.4089021590526 7.12778014439969 5.27579203280477 26.8182955979657 15.878085728058 14.7221710712462 172.183501726304 180.429997073319
9.00236200252789 8.81692550597219 14.0690714688967 21.238850037755 11.9742458549164 25.8675917346683 145.529069106067 171.028660111842
6.79561593439094 9.65856339386296 10.7149763806607 23.8751579848445 17.1447608861376 14.7351408932904 90.4232565635927 216.633253914859
6.37329165670631 9.07170678739446 12.829171763266 23.170444936392 15.0560743639411 18.2699973358508 16.8245747700223 164.598872839175
8.04221713103963 8.93683007661083 20.4989520313798 23.4329707477123 21.6444257185184 23.4979042144846 65.5982399322858 244.632030246357
9.05759877163489 8.80040516217582 4.26469080846222 27.0977270871307 9.01975578308712 29.2754030534914 150.65565467714 57.8786234725566
9.44792863188334 7.5993022340313 13.691508324309 24.4400752270567 14.6889325229458 25.5779297404442 49.5375932903097 291.651527199714
8.03895553225707 8.55928563753906 5.69994812827167 26.040278225468 21.1836612263025 24.2087620003618 12.4958801921894 155.002619659996
9.54141474477002 9.19310222983282 17.0736907191007 23.1658839271708 5.5444271677298 12.0478188993343 100.17118218796 30.1277264791918
8.61469542795369 8.55956990872018 16.0920073368738 20.0785247270997 11.2807882501528 21.1264111734802 96.7594120941459 270.394916113652
8.63483660631381 8.53795717321513 10.168886790123 23.364415489679 23.5291375764856 19.3164876636008 175.717696056537 70.3266742814147
9.58013678170286 8.00400794616386 11.4486662931352 22.4750506489511 12.0999351517341 24.2053340340344 155.163775066226 74.1881961940856
6.92328931549828 8.31361804869393 18.3250223381492 21.2774853278827 22.9688009162942 21.1405175277496 57.5730175977015 143.975132480627
9.5904792989292 9.07321341789658 14.6140113852047 23.289053186022 16.9797463684373 22.9142830425959 84.8888802302585 205.47479758282
8.30573473766785 8.22790444389616 9.90226968780396 24.9238680261647 12.4615718095393 21.6247834135349 140.552445157233 156.928941292917
8.10300576157278 8.40173226320553 15.6118104589319 22.6259551855938 16.1809171225738 22.5683388427 47.3369806070505 420.76461606993
7.06102007526364 8.91007284147159 13.1712068630368 23.0849430946169 10.7257525629939 13.426236935975 151.366399602043 114.266103409859
9.07874200287831 9.03595924279732 17.0771308667649 23.2985070349253 7.18408826679804 3.85948992495754 142.913864811256 106.721036883779
10.2562354957603 8.51513548747215 2.53332763698248 28.4393754374785 19.3226096106203 9.95098848983808 104.630456180422 206.675058485545
5.7650688051645 7.82508280222501 9.75962637208951 23.5100895619765 15.8087827334255 16.738181304464 131.063298780576 147.361408683422
6.22688734897503 7.48148042004881 24.8965402064937 21.6590471969947 2.53233788554478 19.7918308829691 48.0664330348684 295.725793031572
10.5369353300843 8.23511708542294 3.15238570512801 28.0402333578192 12.7900391251127 1.88333621485145 247.686656304141 77.712387474641
9.32310559477656 8.60209640903829 6.72902660598127 26.3177810553504 22.7484651116937 18.0009494152357 31.8610160914783 216.432790149321
9.35462966542407 7.74720335552746 16.2334664606621 21.5715669191193 11.8054867477223 28.3312907537512 59.6396051977584 91.741350954306
7.33309228578188 8.21569888172016 8.07776256418517 26.0921011325614 11.0453920518521 24.9940984894718 29.2342202315318 208.591387048047
8.68200528485112 8.43023441380816 3.85164096366468 29.8137361136249 12.4345481432359 29.5794154465953 146.095429267494 205.215748041753
9.97412179290755 7.45242048699102 7.10072823108844 25.1924634488336 11.5747344164656 13.3020038819659 214.557025083168 152.48779607935
9.18543906262054 7.31352249457176 20.4564832535195 20.34567616299 19.8423898638853 25.1772631302272 138.228757525664 202.048855662146
6.5250558935482 7.81813253580495 14.3784275613285 23.5368061117906 16.2916098633746 19.1943013944953 222.448996636917 140.538957780691
6.16362120886741 8.96505773500145 6.22780293827719 26.2463450886207 8.50793543301299 8.37722978712745 148.552026832482 211.692310130602
8.94471919746195 8.04601898490085 11.3439250927251 25.0268142531799 9.26439568055517 8.70185348742664 151.946493794434 176.634504755019
8.41620698564419 7.63839054686243 19.1263997628571 22.4949738873273 13.9890056125355 25.7679340613711 135.005495300192 13.2659165552139
10.8672100780328 7.79774301837934 12.2555220471998 24.0718897254714 16.9963292346699 23.1342955003015 185.520463899104 96.4118062004178
8.65413524418146 8.85794595526341 0.0188748394243329 29.3599225864912 24.9962536425458 8.05322120757608 31.4683897577113 419.602008272228
9.99209418332339 8.53924685337722 6.94018711315774 26.7970751792628 20.3745780370956 10.2682112767342 31.2594741615628 295.621676376397
7.98375026647605 7.27751972786877 5.54636430984616 26.6877497892235 18.7175543814999 25.1726593408439 39.8838228956398 285.472461526649
6.93824594470711 8.08376104212625 16.2709100297911 23.1963600554438 21.8987417655716 26.4318700830423 73.329256069822 156.73194293349
8.15696834924121 7.90027690281802 14.9818414843731 21.5882513038989 13.4895870868792 24.3957696790579 170.411294470576 12.2159579279665
9.58170794853591 9.1540366642995 14.2637618068084 22.2193403732136 14.9622304652003 10.8006766979847 87.1753060044491 218.34542144011
10.3496795464211 7.74831629990369 12.8695395296014 22.679202299415 8.85509165672558 14.9605457923819 75.2908321914833 195.033882184562
9.46957478841698 7.82431616283546 16.6413400848507 21.9400240205372 13.7233887228721 20.5527588299806 105.585279847824 188.198138300602
9.93877692091853 7.10788324166721 5.90836598661205 26.0775516558453 16.2544692824244 14.5334988778905 82.2327806838115 428.110591627565
9.07292596126821 9.18832275196374 12.0018024373891 24.2954503340177 9.52250493256303 21.3471232910799 94.4300160566719 199.014333426469
8.53771036082952 6.99177565123338 21.004073199552 20.0927925937612 14.3323884593459 20.2014278721088 64.5862146931309 94.4522956014417
8.40408134931439 9.08378112526437 15.2091428727656 26.7289893689394 28.0348898756524 27.021585331219 25.7966903063804 479.660340680482
4.39710268204034 7.81477569250083 3.12322189324854 24.6723943946217 12.3386130875019 26.2970491306369 286.964994874172 0.955761530381562
6.90011683870356 8.9694044650052 9.61224360635256 22.5410894687107 6.57396253970471 25.4850293100364 300.619807436996 2.1928359629182
6.90388495729473 8.9074760987377 16.045992927639 22.9290296764704 20.6651986200116 25.8120402047598 68.2003699531948 22.1264383875408
5.67946869369046 8.56911735700997 8.64343905291899 24.1315185739769 9.72099324384253 17.1086040996913 107.343301348123 272.03328265596
9.4010630936366 7.11556427205794 8.19381687350149 24.9431238517553 17.1820913925225 21.374303755526 140.096616377168 376.991430063277
9.95853457077123 7.95149931328891 15.3262001895779 23.270018646069 21.5197460543733 27.6487092079751 121.163201051896 132.17780182101
8.92175584011508 8.29816993407497 9.37031549616372 26.2257275591142 15.8806788713431 24.6172461701208 61.1012388628639 268.847150191968
7.19580217680247 8.39954330564304 17.1698545531318 24.2815261872483 10.2046804432887 21.1815935159095 185.129541412557 29.1263943799386
9.42860099305393 8.85580547523615 9.21777051263383 24.5169691882138 15.232734767397 2.65014088185658 151.792173784264 84.191675083347
6.9772862689116 7.71796090586269 8.4363289833009 25.8123458975377 16.8655780043591 20.5980362325014 168.457883647943 205.194455700119
9.89795517955979 9.40315137236329 17.8345742712285 21.666468779636 8.48641280515269 18.1981146542993 159.849100490575 92.7123862490372
9.17804620906682 8.82636381786401 17.8797462580782 24.0045565092155 10.7569871723166 5.50601533119022 143.676478307041 66.4075545604602
5.95227680817262 7.65296656863902 5.82023302047718 25.3137631810512 9.38042338242017 17.3068772491991 232.736267180162 58.5492936060255
7.27160463844883 7.9761757518843 19.7922989361986 21.2386598534818 16.2265749865722 11.2727912951063 87.8249066311017 192.145059679219
7.26814115370417 8.43856217417211 3.95374600481464 27.1229451495723 10.6006673240421 27.0591347815144 224.801966729801 7.95515753727642
9.23439779059204 8.84222908685405 9.91867365085848 24.5597936241078 11.0097791192095 22.482255962346 164.790249938835 144.619200146305
9.48918243667747 7.93934491959805 17.2769427618479 22.1788521658284 17.8258852890622 26.9386723983274 28.5594385665692 155.625599123324
10.768622976695 8.50335733284522 16.5012082959144 23.4931746248586 18.4134276442415 21.1716798154367 7.07676530223682 217.354317980343
6.8555271583332 8.00547621528042 15.2266151313459 21.9324503866994 17.887889748023 26.095512542714 77.5734647892497 206.653079026498
8.38530573798185 6.89738340698045 16.1284176593507 22.6087810558795 24.6253948293288 24.8531251468239 40.0903861359361 105.587093858493
8.50185081829182 7.79582545069897 14.0024518357295 22.4880230613146 17.7728391602402 21.4283891369509 150.66641690085 91.6037111308612
9.72935767068948 6.04242651629536 5.46537027674845 25.8065629787827 0.82272911982075 9.65404132712655 69.5328474553753 144.18712836065
8.11784820226967 7.37518281676875 14.9975739736449 22.9839778115679 21.9226784034658 16.5221476911603 136.934539363785 278.449755081134
8.51847392728584 8.62766074512662 8.06980219079258 24.7180344488434 18.7685763107642 18.0057823246217 160.356802595417 216.604849326885
10.7544557289686 9.18451101615005 8.83703858979261 24.4902189673328 15.0054424132805 8.38753209829753 182.506341224638 115.934847264527
6.65071831538735 7.54167180372795 10.8981732015211 22.8174595024999 10.6444551154988 14.9494719055878 198.505764285765 84.7491675775562
9.08115421339283 8.83048982508835 14.6530445227441 22.3047717598421 22.3195131599539 5.42889238218155 203.017585473552 115.789493967885
6.67933636686479 7.58766353704168 13.564163883108 24.8517918800722 15.1823269122969 18.6027268719205 128.926748301307 148.688044899984
10.2879166552921 8.76349102377401 9.39185011934101 24.5137551163164 15.5297040395282 10.9114805002791 198.368583514966 98.7246624398152
8.43015326760931 7.88761827622457 7.31196081776903 24.9215756415732 7.37296579387927 4.21076259687478 79.1102428679153 246.466952708729
7.26547628270586 8.25020666807441 23.1017250020663 23.1289111897906 3.17990088401594 22.393829627105 84.0747398410535 280.524964609908
6.71045635924519 8.95347262121057 14.6948779200329 22.2824017563376 16.7680894502052 27.4340855354596 105.768177899287 144.708879445226
8.5707612140271 8.4718418709061 12.2370317347411 24.3793093367824 10.4602863072621 22.7831114440629 149.329655353406 120.642019294415
11.1900245924806 8.38219191491895 13.5418329152575 21.4046403442026 17.2130924947025 14.3530831861576 77.8368265459681 268.73704197531
9.2281634407332 7.4931243703353 19.3931266210761 23.5405079121732 25.0718671103516 9.8351981577127 28.1705502123954 273.998471178824
7.1370152236702 8.67144657735729 15.512006890647 22.4965981392801 10.1083466412016 19.1937556982104 107.703119663326 293.920240694633
8.81579636357933 7.03352716403277 13.5654656323863 23.2361747153685 16.1655112460883 24.6468087000701 15.9144074331951 430.731106540954
5.77367659079644 7.55017170339571 19.6124204588553 21.1960441785714 23.7478433658952 25.715032476795 82.6692183272066 315.14009666173
9.17518111713638 8.73925746514301 15.1634665649466 23.4841812013277 19.5662060354398 17.6311266682985 66.5673356157619 276.714558702135
8.01943768409666 7.71201700792707 18.7845181363345 21.863450398926 9.87133982112354 22.4527397276646 143.715164597695 145.866686518205
7.32237442745413 8.97855645549614 13.5284111213488 23.9955857844745 8.20478116511081 19.934938073314 105.010509535217 27.3052990048867
8.42016053374394 8.74897628302954 18.3075129597262 20.8520936435396 18.7551673250205 12.7832128296 200.429414046433 5.82995620202092
7.78306106794754 9.11132878642606 8.72906788828204 26.3187931736971 9.90069735414772 11.5430433543665 59.0496021520993 272.598129779889
9.6591053751541 9.12206612612712 8.68743488647433 25.828754914111 13.9817528589433 14.07952805102 144.793240960551 198.178077440488
7.60672754930425 8.49645999964971 16.7414191979769 22.3658772438583 12.2836760215027 15.9150754677334 76.6282347037163 269.528162665053
8.12336961656961 8.46363262911445 15.3902978313944 22.0783466494218 20.8427353208789 8.80827698344855 136.715549552604 163.622973611152
6.38429415834636 7.84397506912937 6.84569724049852 28.0324349787612 27.9296286830815 13.1895187892846 87.6158458460318 269.073863260101
7.13411459661964 7.61389436650728 1.01810318472105 28.2468682333388 8.54642220361592 3.28505385614618 269.287098221655 13.3486717900561
6.14758327542432 7.62682012163882 24.8492355166887 17.8418399755938 22.7125298972017 22.4180698299258 181.761550303928 301.79086833455
8.66201010252236 8.96976871826594 7.60747722652437 27.0053404313624 4.94070908635712 9.5300859646422 159.331817163334 75.1099898710782
8.75009455166186 8.67658516090226 13.8592505063267 24.1138657420185 16.2099836752956 25.9814412885622 183.893616238755 106.974357246027
9.12129820589161 8.14810927824973 8.44756045156871 25.3761385297323 6.59165239866692 20.3541627260296 65.8396753413495 252.383083319127
6.02023026713141 7.8707874246444 11.9105330413589 23.5959712872736 8.91146152922612 27.2903981003442 195.325469824115 72.9885162568672
8.37889908033093 8.98947084400074 4.95993819967155 27.4526564752998 7.63947607725104 6.63308868089447 134.653266259961 289.443845881641
5.70827857088101 9.06079441217605 13.8401765852727 22.1366320018314 18.0962978969289 26.1427632037828 95.8056871820113 51.6833313598283
7.19828681482264 8.69045544417305 6.86295731691057 24.3168657713359 12.8002555613746 24.1912021433068 94.4885848482355 102.727576633081
6.19009085484848 8.01363818384301 11.9123818958407 24.3929012666556 19.7341556538718 16.8613971555726 138.530172311212 209.178345193929
8.18761773337981 8.40188703067898 10.2133728905201 24.4789315314624 7.8214130623018 11.1496123947439 101.146700504906 121.152644085998
9.15072731537023 8.36275181274883 8.95231296567654 25.7052423523137 17.0844543542355 7.39599885613462 122.560919165863 232.458318278265
9.39776892479434 8.85846970864169 1.91043159475299 26.5758512294283 10.3441560854004 6.11741080603271 124.856377334636 122.225561610527
8.77057444315814 8.55249131302374 17.019110875379 23.5222255573616 22.9252475086842 8.04314662773852 75.6152534501871 390.634778883201
7.05136013928174 8.69273277177957 14.063524955126 22.9145060159921 13.9118642426909 24.6616608316692 158.314858112023 45.6680942650226
7.77339802614707 8.83504097271865 5.8597974746246 27.6675506724546 18.6714190152889 21.3188068503609 122.225883501373 10.8479581576261
7.7776216760697 7.53973783305193 11.2149187515791 23.2441866790037 7.68551310212271 24.7070782069492 116.218031500915 149.324085167368
6.01580609382574 8.91327763624093 12.8055939253607 25.1845083002057 14.0285703353741 22.6899379262536 129.939532293547 23.0401290630227
6.74416274978281 7.72298020542104 16.4810195415253 22.2065805698304 18.030110168485 28.5631695017146 46.2888126733629 99.1485950632504
8.2200014582708 7.99537696306844 10.7120939921174 24.9386307914068 8.86377745125379 27.1834090031673 120.400017859668 193.054178753228
6.32796551581771 7.59425817108684 14.4743001979677 23.1806175461814 21.4221326281192 5.71242858986948 86.3658036268127 210.335072448464
9.49363063599909 8.98491321696608 10.2242905718988 24.5233126140935 15.0810639939768 24.3681990717171 74.4189645618278 62.0628620562894
7.46324422031567 9.46361942365592 11.7750493399194 25.136995984593 28.3433271281918 21.0180479416943 137.019618828468 45.8513550189134
11.1111217127784 7.31549259433483 6.95920979444627 23.1112119428623 17.1523595602155 14.9298476706599 76.762222474686 167.548905416748
8.19533193176319 9.51294679466614 5.81822516626216 24.7517784906733 18.8841863710886 24.7091361521483 117.53607364395 188.344785709598
8.65780674956071 8.16826762212752 16.5660434338121 24.1898284109312 10.7203556914505 6.33633357411985 127.984053147851 204.945649589309
6.46509831294491 7.46262390416742 4.17951975143753 26.266264529536 7.2128370783381 12.3481511114206 64.08436917661 288.326954213636
8.73665966391854 8.5341649628644 4.49265923257254 26.1733238196244 23.6181503275692 27.6241238753657 225.547481042547 18.3478609846756
8.79677884065569 8.01149281397724 13.0114086559419 22.8785282432963 21.5188741674193 17.891489780365 123.182906042715 227.42587384421
7.67361068568583 8.73802519142104 14.5906886079065 22.4359381166622 12.8806401472523 27.3574830185743 113.398961822882 34.9562282664232
7.34561962483762 8.99885650552546 11.4886634535288 24.5434716169066 21.1560793607769 15.5224361795239 16.3298496089975 107.863267735011
6.32093519800713 7.21623591330727 6.76567242736417 24.6773421842897 17.530668392267 11.8599653578336 56.1814442628181 517.684214916468
6.81670593045719 8.63448452690922 5.5386168217184 26.1638354588032 15.4315679552263 18.3124366020814 115.40007137197 85.999269997285
9.00438369034978 8.71629278652584 14.3267521596409 24.0631468563103 15.3329601295134 20.1827888598023 155.075112771889 73.7498785777323
6.45193342587511 7.81990023446981 8.39989455348785 24.8642644377805 19.0644569781458 6.45139260539861 192.822795120203 25.7762303354774
9.31708473120801 7.86874030244309 10.4066011780908 24.9142255171246 12.0380194969879 24.8998270158413 75.4507740214972 199.472579765894
10.7014500511055 7.35653804343109 6.72256297608665 27.7904180836521 23.5877694881942 10.0224702685632 157.41227153889 237.97757354666
9.45223753895057 8.35373916940864 18.3763445029554 21.41830268903 8.57883371846142 17.6782665753023 101.879916140454 119.586742180936
8.54364613781935 7.61921720563758 18.106905340733 21.5967002312505 16.3860170017552 14.0064065212074 122.395856118184 292.82492795083
9.44088015202436 8.31077571582131 7.85352066434788 24.5061428038598 14.5747793629325 20.4949214640736 54.6776005558422 178.537435788583
9.13871479614526 8.33196917869696 13.075666415239 22.7274801765421 16.1184843581678 19.300128014954 142.539427239108 103.07886077741
9.36215735531766 8.37688079234646 16.8469730188964 21.3382665449749 14.5109371860401 22.3219776951009 58.5216833946608 285.615661098657
9.08734590373622 8.71170552720781 18.021148524633 25.435470852024 17.1244676853031 6.6915765083386 116.388201665925 142.409995430624
6.53487910058763 7.70480173782715 13.6632635439586 23.0091667227289 10.5353011687498 11.9894658048848 63.3441860884006 60.2683461357547
8.13329431031658 8.77138994683698 12.6169542290468 22.6500264616083 21.0248613385597 18.8950987858393 200.604299235403 66.1325076068269
7.53142568812539 7.43457370452011 11.0718308634125 24.1484730174255 10.7608042717244 14.6275038147473 220.129537622289 122.873105886026
10.1616693385076 8.69371657950203 11.2885614347647 24.2251108884713 5.16658754707551 17.0591507179492 158.263905871296 369.446584629812
10.9025801519943 9.51563939436087 18.1713927702051 28.0783912061504 1.22866122796463 25.0615473119707 74.7391849450411 334.179547318894
6.13722027261749 8.98974792068362 16.70705069375 21.4917574432832 12.3534757392039 13.3589407224219 59.79188703383 37.6603898213018
8.20107663991248 7.77470466892246 9.49952055308221 23.4624554827769 19.8273767613017 16.0413498628259 144.189329148228 45.4525529920269
9.49597508914022 9.0183206536953 10.6339010596966 24.6665370312441 20.0397162826042 21.4911148134289 105.832106757143 246.379628327983
9.61342545983557 8.90861296963083 18.8754605899652 23.615035838049 19.6633552688214 25.5003522497085 160.491134292312 132.034398013736
6.5732553763664 9.29259895013314 12.5208370107081 25.1472233450961 17.3850257714635 11.8762851072821 103.399673753117 37.2191350998122
7.69059608705336 7.19558313624336 14.4032925120476 22.1082609855549 17.3702029971286 16.9919248644498 84.1185561261952 234.060867737714
9.8437414757503 7.26356444214174 12.1964999265325 23.6811210735596 14.8961419706485 15.7024243469705 176.17387076727 225.605557073877
6.79721289723963 7.38146622809568 22.4902005121304 22.1818173725713 17.5933063887815 19.7349816330775 111.256208036061 329.299095980025
7.1216317055273 7.42437090300864 21.0632030503008 20.520644683412 12.0716143055835 8.7503238703791 157.995676943003 135.00161595381
6.11945718262888 8.87776889665469 13.4328168652431 25.0507382169595 16.1418059385073 27.5430666728267 136.379847164329 103.68102775851
6.98166250136498 7.98137501658101 9.65730087445839 23.4794301417623 11.2326575076822 12.8931400301899 132.67959919828 147.203994348741
6.5624912075483 8.99990397800289 14.3560457938403 23.0113497880534 9.53365019864643 8.15001296127976 217.506953442806 272.833287594417
7.07557197288407 9.05249479036013 7.25577035046437 23.1493134297824 24.1338798924548 16.085729897873 210.396117254201 46.4514606016105
7.64412990485678 7.58143874556195 11.5471653111872 23.930953260834 27.015673123916 17.2033062587704 123.035049351232 220.465777943425
7.21695370642262 8.09374570758314 22.0960938221531 19.2033686424705 10.1029616675704 20.5926509830545 27.7125734542087 223.796715340386
7.61686509526757 8.92987564743724 8.284948902477 23.536801978505 7.20648147764363 24.8252749193174 182.313420081474 164.768968678114
6.78906156460808 8.17539112608684 1.97639630691223 25.9803136528842 9.27716254393534 23.4216174628942 154.505519696249 273.948373302949
9.66864343280409 7.26194196711009 16.6692252046224 22.6953343445335 8.96159371909872 17.4357974001046 3.55887236507235 79.6740153874993
10.1328118834294 8.78778308566744 13.8644776612597 28.233760474238 28.8124057322224 17.8470275242436 125.214080258764 107.495946082414
8.23725487415941 9.1234276752915 10.7630283072949 24.452105921718 4.52200537364874 19.760666278268 149.397496428599 61.3786786312959
8.40398256899256 8.49023619296285 17.8166708033595 22.3005607083516 15.7942401947071 9.77944359290308 106.448131448651 253.625106158469
9.91039484179308 8.09537772334754 5.58417772609638 24.7674278583752 16.8380651153855 29.1664415479833 222.963894043451 35.7948178750154
