1.2852124088774 26.4477735713148 1.48528577761636 29.5763833428648 11.3396708079442 18.744581415741 153.387164971058 414.372243520161
1.52634014751896 29.1139481644787 4.63564639722035 28.0200098592329 16.2531153654991 21.5642706701295 120.148208050536 423.430490363462
1.26875059600053 27.2635104081939 3.43546959359541 27.4503345336438 15.3288335554994 18.591040315073 146.521786775425 423.233768179458
1.37921435703769 28.06957471615 8.72645250322689 25.144178825098 4.23456405565341 21.9004025295279 149.429194092488 427.572815209695
1.26038782616989 29.1734266045759 3.4565557247223 29.4994959088546 13.1188273717061 18.4550249080696 137.465853393503 409.48614277297
1.58200924780577 29.120551677761 11.2368288454567 27.0550330557187 18.2150346374734 20.4934066832959 149.859288650914 421.543026087348
1.31776168401318 26.0577707606776 2.05444819557611 29.3881994241153 23.0358362401956 18.3934858948055 101.369755798463 425.427208195548
1.49259958389964 29.0003448643621 2.86293519284345 29.8780736111317 6.58238353351497 17.5777516716325 161.374881159706 416.044967188882
1.41254911485609 27.8680277314003 9.84652137584938 26.3510484260323 20.4210923977676 18.8396867669616 119.243563629004 425.688109095172
1.35920535917608 26.6104852990606 23.7836037251367 27.7068522753668 17.3718869228724 21.855206248851 101.412426775218 426.743640609378
1.28722677174656 28.577633856088 3.18965443075779 29.8148070388996 3.825698730376 18.0305930962203 168.811448374518 423.362108499205
1.47379038787944 29.2856165808255 9.83279856641106 27.6819967594099 8.48468956601952 19.2619107777349 136.209872609365 433.6155137712
1.27598103634325 28.661272886968 2.95686724679082 28.1926002806365 10.7507770368515 17.6898170018058 152.790424830942 421.237156478203
1.43757833090757 29.3200310872462 3.96001214504601 27.9407492005257 7.91668046622702 25.3575700988151 164.497634209567 423.646006545629
1.44978848576414 27.8959124699379 6.0447485860571 25.2927326784038 6.86129099693042 20.5326762647996 147.712803417639 424.234385875628
1.70554402467507 28.5989450325245 9.98548674113924 26.6919481992297 4.57916947952909 17.5163679857477 147.44219567647 427.257984256105
1.30838309918888 24.4789280790911 1.44187478850007 29.9962528004215 10.3460214256561 21.2675810738711 139.876033650329 396.502806350957
1.47387086260236 26.6847516490649 2.43974297246355 29.2073993582183 7.46147666268573 17.4238475955599 108.633738282887 426.390305279466
1.31215650636487 28.1847964386089 3.11104071949657 28.5781072267499 9.73756146689456 18.9152543617629 158.356672528798 412.727787298434
1.52653325091932 27.1968014421569 2.28840512928157 28.3248585718455 3.59328782514445 17.233770538865 164.920569087276 413.652468249429
1.55154568286113 27.4797173072718 10.8104519471979 24.1703833265782 7.09841291554907 20.3575239445552 118.973616387448 416.948542808794
1.4089831306678 28.5358649162047 6.24602816364847 27.2071714584895 21.288852335721 19.106412806324 143.990018742728 400.709437516162
1.44494766343956 29.5316262366759 9.51167047065673 25.8606793727057 11.5434247340284 21.2522625428438 160.159024098208 416.245283728994
1.34157157413192 26.9240904198538 1.99915368624774 29.5121704139757 3.58909941521782 19.5983017844169 210.899922172313 424.845699268198
1.37570663672903 29.7448133281946 4.59912388733215 27.750377979171 5.31577154741441 26.1996591353693 141.161330346188 428.215785636762
1.30863530879571 25.7303537594984 1.80747827688673 29.189598595778 8.07282401251042 18.3250060450471 149.643089874576 416.434964918831
1.33178595597264 27.4760071867069 7.13752805305767 27.2176855741696 3.83272332523687 25.6179980445346 156.154839969014 418.730372063035
1.55314516409156 27.7447771989965 4.23383675125907 28.8759370876993 25.2585283741293 16.8371868126436 82.8289187034085 444.184403755197
1.19072591162953 29.3126756118171 1.14218758317136 29.7443918013715 11.7844976513184 28.1369562082858 138.688860011312 436.02201839254
1.35583084705196 27.5807281921037 4.30886090949654 28.187662538683 11.099991884883 24.4611076342298 155.013756708795 412.234846600489
1.52974200405388 26.2747677689004 10.9518134561543 21.1390322211481 10.0182163970292 17.4948260426403 123.434304908961 408.601690763716
1.23227770525126 27.8713560169912 2.44135124062923 26.3726035386154 11.0947702395344 15.4860241028464 151.587166930132 415.986787682625
1.33069005135068 28.2926924811927 1.81185231864485 29.3057138468591 10.3819267217873 23.2194854697286 109.879912151514 431.53163809628
1.45768487547726 28.6873768061375 6.8605532580201 25.3456980998968 8.57169653876265 25.0101382041765 154.141490915651 406.677058086813
1.37170804892045 27.758907284534 4.62055445492169 28.0526457386342 14.5951831580963 27.3096830183849 169.912084905918 394.654856782887
1.33990395554843 28.7498027824227 5.37768951195735 27.6299768397142 19.5742336323824 19.0986958023865 157.07147193845 409.564908633047
1.37000644346901 29.4751328211283 14.7023155463853 25.6695282082249 4.44199433647719 20.368361774033 138.793746766612 425.254610449278
1.36797977674832 28.0804738270512 9.56026629071975 27.4469781984173 14.3942084544609 14.7807289609684 155.08734688585 411.934087596885
1.35292265342666 29.6223367767417 1.19791129909221 28.9278001919629 7.26432947301934 20.2173182572413 173.585335910311 427.308164843202
1.29979206166278 28.3734865494439 5.47421851521572 28.8393478816389 8.38710857744771 15.4659427702894 119.385613119236 418.385705347742
1.63550233288851 29.7205240824732 7.26495599000191 28.3183619177076 2.99952733251913 26.0154219614226 124.706198959395 439.328298266445
1.4353839272168 29.4454832879116 5.5417442886012 25.5228300848354 10.8050300322426 24.3301124420327 111.223434902699 425.460738379157
1.35255401944672 29.1238172540625 4.5650608036336 28.1703515229184 11.3400433010975 14.362768059627 116.405012850613 424.460663690122
1.38675504449081 28.2436479194307 2.28010313648668 29.4250739568821 4.11358060254306 19.9942000408985 155.338400658753 421.591542063548
1.36580061766588 27.8805340004908 7.3210619665685 26.4375828016655 20.1640500752317 24.951529550874 131.46681174585 405.761723396757
1.31792336304701 28.1826132759395 9.88903195210318 21.0343951957689 8.24810654023063 18.8045429712074 174.317311368449 408.227134345647
1.19696775512479 29.6027811877827 6.16702350583457 25.3369282955305 19.4547284896505 19.9599443751898 129.616077605983 406.658757643847
1.4489629740179 28.5803012534329 4.96092992082158 27.7017768148297 19.5465020841196 23.7492476689006 125.644217558398 432.726046568913
1.3010240164634 27.6548445650184 5.59809288767926 26.7572242361335 4.85423218059276 16.6561068975367 138.063977420511 405.647273763903
1.3870214444128 29.7869958567974 6.23505468184004 28.6923134519627 11.797654223686 20.874872795461 104.819769755996 442.705698748896
1.37698488009557 29.188351570139 4.58962251513211 27.9715566461374 11.7822581517923 23.3517537390901 159.69332825663 408.420818898668
1.40114031654466 28.8482057950039 4.80657529372301 27.5752000389697 9.85576197309147 15.9252730486864 144.247038197345 415.071456815362
1.27342851449747 29.1744456428455 3.08344689420611 28.7377911392406 13.0890006512459 18.5140268140108 168.811929228306 422.774887582288
1.51781600156757 28.802343763858 7.95489175672495 27.4058963194366 14.9215797100963 16.8931808733292 114.224990922445 434.733055140208
1.28331106103481 29.7091123015264 2.04505574876423 28.8450619565282 5.9277091125499 20.187869515236 152.683409424305 429.949594765422
1.60604502661242 29.5560620702303 4.91642815613038 27.6407688356386 10.25092112951 22.410343040162 139.040170683704 391.84105463602
1.52653378578044 28.9611498457208 8.16279029439866 27.3112754030298 8.9074508497594 14.9524258645613 126.667397416548 425.343886062964
1.40043200991094 28.1794356169094 7.91784168261357 27.9642391769944 4.27809162890933 23.7314469002348 179.480645992583 385.128353645926
1.30788274516248 28.8600954427517 5.9799815527547 28.7395199875718 8.38542481027861 21.8653275318785 180.678216452684 406.877644928643
1.39922020528044 28.6465336922151 4.11961025814048 27.3295732363345 16.3510550244458 17.8571381472418 116.518763827942 432.005095489412
1.29083496240679 29.6758216360827 10.31870743562 27.8164151218054 8.53798004263849 20.9092815275691 155.312541960037 413.214243526361
1.52687934391916 29.2526667702882 3.74304984985676 28.1084883884125 12.7717210387396 16.3265825116273 97.3272389266202 429.780121807981
1.51241758878249 29.3113585030699 5.47958107728604 29.252898351531 4.64060224329276 25.4270610389875 161.415872496255 417.281959583844
1.35756188990759 26.7394945939633 5.36922768214772 26.0249833307601 11.0775140730202 20.2108789057139 142.990490980866 409.701108043763
1.6615280638938 28.9593807482653 7.02948289533128 26.9342571371962 8.15909160369357 12.5497288537631 116.295575712922 417.21764337017
1.54335884037949 26.2191604482642 7.78854866719951 25.9131134105037 9.88976613046708 18.2261258444701 142.589144440754 400.449183892112
1.3090224036275 27.5016472178399 4.96513299362671 25.813684151861 11.3716960064218 21.3211598367481 157.927539346787 427.733691501193
1.39618715219955 27.8525059133131 3.6066763374175 29.0698315178354 17.5976888122922 17.6563833361443 123.650971765457 425.832013488874
1.36964238592869 29.033356228532 4.68129442658168 27.0237490169401 15.8774814884344 20.5453401134118 117.758794736008 412.293670698584
1.2336724479811 26.793552771294 5.25990050630982 27.4025074745204 18.7755697641358 20.7598605499243 169.062382721233 414.815705743872
1.508975568588 29.4588333615264 7.81102079342792 26.4396538657262 11.7923525864103 24.2651439216612 136.777974171397 426.958348109352
1.25500858431538 28.4453421335634 4.17481937820481 28.3373893787864 13.3997338178769 23.0073829947763 139.600038740951 428.160318257805
1.1756623490745 27.9432013443504 7.65000628425812 27.1671049178351 7.91118151118981 21.9180894999203 155.619738546842 400.87400047176
1.23599205385788 27.8187708311258 8.96321612986248 27.2224614459053 12.1170789681081 16.2549911371959 135.21454936506 408.349640081106
1.41309358423383 29.5155315176961 4.85076915235718 29.6951359846506 9.3792373960816 19.049508179481 133.5055623553 423.124886168151
1.29424015104373 27.3028718438344 7.52205182048297 26.9613391320605 8.3211202308481 18.4016518845102 151.508372898215 409.537386773024
1.33306194186764 29.6127353648072 3.3964222616837 29.3648384424338 3.40309151778145 20.9229643243803 149.50754433457 416.908915883562
1.5790573570223 29.3226771155077 3.88372068848239 27.1744731255532 4.30970754430421 17.430638189353 150.187752879429 426.007200273356
1.33152876795437 26.1547913793285 3.83812847381109 27.2123710800158 5.86235865829985 17.8989300683499 156.649129428273 401.23332665753
1.14723943936493 28.6176591227986 5.82152164123281 28.8510366417469 17.7414270985006 25.0419949693459 159.310234542513 405.313161294722
1.45672127687378 27.9516485381525 3.40732786950716 29.0824748571921 12.7477506866301 16.7031686230242 126.870100653012 413.179885258368
1.27889764533734 29.2573716333294 4.99498617884095 25.6244647239407 13.5614972471429 17.1163954931093 132.335507497093 433.136969272725
1.39094354247957 28.3553444332544 2.06913276491371 29.5754236593524 10.4976144365281 20.5473484428084 160.150141801676 422.13154890502
1.35351452934764 29.6286395454579 5.4516436424796 25.5833630663871 6.48244943412815 20.3786851719387 173.31194683524 420.650224563376
1.23285940270564 29.6411908963426 2.63453003457332 27.8418115282422 7.35623888962694 19.2918826570039 129.347721903537 420.076356882855
1.23717899202056 28.0496041039523 3.85095394732339 27.6939759696486 4.49272228887627 22.3666115438353 146.716618468061 428.058124279241
1.41509009744585 29.0974529100636 5.11024140592711 28.4296258647036 4.10483301274024 18.7350887900985 179.125380032664 423.50857621469
1.57665208265435 29.3162850630744 7.62226353799044 25.0842303336306 11.896877733361 29.7125629361473 141.658033397624 423.864516944802
1.50155542071553 28.2917977412382 9.18248527166775 29.3741683787354 3.74612239193272 18.439315501276 143.2764589202 432.828492508289
1.32908396826012 29.5062906207065 5.756225121922 28.0547495017871 25.1678210260435 18.2378744917244 126.199132028159 420.4794458465
1.23914789692459 29.6104031766395 1.59655714620776 29.5662353025276 4.49052690647551 20.0439684716983 109.501474346768 424.449555799922
1.5976321033536 28.3325821176111 7.68011354145047 26.4421434192096 15.3870261787277 17.7902742825063 99.37629950792 426.543686447569
1.38873985689028 29.1745675876045 3.50531565930251 29.3873472446832 24.2147656629966 16.2321499421657 125.198258932057 418.572524122736
1.48315494034107 28.5672476750702 6.2057184356154 27.2750287365213 3.22296153296872 25.1077126620477 169.409815532262 403.504830312993
1.37769537293422 29.3781758544314 3.62796796584979 28.245485323315 4.98079834348018 21.0762794736373 155.01754715653 399.780561004018
1.45139262503873 28.1378485897143 3.07905642134028 29.7557698681175 12.7954971957613 21.343887252055 113.347320835627 424.951598180534
1.36928685660611 29.1413725693174 8.19508490941513 27.5841646329517 14.3609435126342 22.5483453087434 126.666372788325 416.006645651112
1.4098908344026 28.8922578521898 7.7947762836279 26.3423035490326 4.80575353164205 21.617353176285 155.25633705475 413.086768116011
1.32779574004272 23.2720122322941 10.0924509103404 26.6894462663409 22.4571306281985 17.6520273140745 111.249534439315 438.00702157034
1.26180979621004 29.8887729114298 2.40266354639021 29.4689828811339 9.52249362507393 13.6855832734173 130.888945605349 419.062675751932
1.34133346265332 29.2688575852194 1.37190881285958 29.8242834200235 10.5856030022907 11.4070346188468 156.212070452221 415.412103128094
1.44350860341413 29.8345423609249 6.44846950447403 28.0033294974383 4.62376789055382 21.6672668825138 172.291385399987 429.534928193933
1.55817186175389 27.7785524983253 7.30372588233408 27.3919055784438 13.8154562286481 21.1184869760531 114.487681230867 428.885327776507
1.35884586665785 28.9317637961778 12.6287266138045 23.8104130892897 9.75623403105579 18.7289141080996 154.062392921247 404.134296978596
1.40168512009527 29.7195424002521 5.87848864772208 26.9980370399233 13.8894816724822 11.7798718509169 127.156193484836 420.858613788373
1.46058125784625 28.64676887795 8.63025656796313 27.1134821487528 7.2825572989322 19.0418400385646 184.735545018603 419.088893288123
1.3282578089778 29.6670286384657 4.83982541448368 27.6895988098732 11.4553486576898 16.2654987271694 124.234447094203 422.14165956088
1.47735008427577 28.2340159790711 11.9920913762322 26.0014203083447 5.69355793104897 15.5488426444618 148.273058916761 415.095450851315
1.46965630692106 29.5085708792596 7.58406911863691 27.2824822553594 3.45545065352027 17.1723186937416 145.676088521781 425.694945267226
1.36419922513404 29.0334344910033 4.77070626704326 29.2957140723549 6.3338378358125 22.3237527710998 157.394353030896 410.841129660772
1.26074602865688 28.4208953842889 3.14114912015802 27.1403301285364 10.2802344304046 15.4669264735823 102.821618016059 430.263395115481
1.23894468770634 28.980767806466 1.71467287137592 28.9441230164888 6.34981980332282 16.3742912302441 140.463210085073 429.015223503633
1.37256101207598 29.6737300331747 1.48850289185905 29.6908954664618 5.16942834881119 29.0852465998087 178.685317334101 382.862160837474
1.34602042411107 28.6148115312756 6.80846385964637 26.6742048957964 8.3142334932674 17.6310366883221 136.99307960916 424.78463585474
1.39719065500949 29.6420751808378 7.78242214479337 24.3393416913713 8.64966662169759 16.0646330386021 156.591707102848 421.249084504175
1.30409792111158 29.8969504622025 5.02987898660337 29.9918810505709 23.6865211610129 18.0168836164098 135.147565417494 437.201650328575
1.2880715476554 28.8112131257888 8.07970329665353 27.2894422985191 8.43718564140836 16.7066678747116 147.285693874188 425.538845318254
1.19854384563972 29.1253146462521 4.24387854628379 27.5745096100487 17.0958403822099 18.6538857466535 151.651857392819 419.286192951023
1.43885686007117 27.5710905832025 4.44847187634277 27.9531801146316 7.70087029791097 18.5748009850512 132.457548445495 435.292954572378
1.36722892986527 28.2447914602968 3.40855154411166 29.2195129713833 7.43635395834408 21.3458949604415 140.144080119455 405.887807523744
1.42193060313568 28.3733196004694 5.94029330014387 26.7091592233285 11.1334452976822 16.6353445349964 126.925368878066 427.518181593041
1.33170838802981 29.9129702539402 1.60286807032976 28.9692953005625 7.62769803448202 22.1654366513291 146.945311447921 399.056040694475
1.2641131264281 29.2939677471262 5.20187856911612 25.916428922424 11.8123152275091 18.5372195801001 162.554654540804 431.138631425408
1.37649607822152 28.0761668566953 9.09664240710814 20.8011116588686 10.2102087145124 26.5025433225932 137.623643092058 406.788705616929
1.34101267961268 28.1478367587697 14.8790590626181 22.7444142789845 23.2264336199178 19.0725583911871 115.591203571416 435.840093844583
1.27986984572043 28.8289404727842 13.1480716313643 24.2581259271188 20.4107607059351 21.3682697059183 170.431726322073 421.001174163862
1.38952240360303 24.8902157218253 4.25863912494031 27.3284275152244 5.30318234658412 23.9799736058884 152.375464068557 402.915964090532
1.27846263170381 29.5665284903273 2.30230837399017 28.0687648758474 4.15879702468911 20.965670002013 211.602389205013 392.664242499367
1.41392171852203 29.1882474156638 1.30370439871939 29.529697187207 9.0485031799478 15.3195146969052 146.345996009156 418.60458312292
1.43948558665131 29.3478765563104 20.3251731054819 26.3857592040186 4.85087773323231 16.4332818569144 162.000661791427 434.946160905276
1.23347654674914 28.1950687593425 11.7333478589021 25.3843676183783 9.10902125963149 20.9006319394254 160.507016453415 419.73401535832
1.25769488740741 26.451875773309 8.66993457902954 25.5876993673095 8.72527079182466 16.7909716624792 123.214054769119 433.685630992159
1.31501256960205 29.7648990551121 8.89403539390472 26.7294732636921 16.3185133572926 16.2718487153484 141.320980824663 405.724401058594
1.24489779898326 27.8409316111084 7.81189478968164 26.6116476405397 9.04913730334014 24.3960546977463 144.996476144968 408.955551533695
1.15288648916078 24.9040900311676 9.53585723846797 27.3055595357291 10.6002950190512 15.2105134059006 171.234282824273 401.402278196211
1.41587112158239 28.2424907714945 2.94333515828906 28.9880426859412 4.15544561697392 20.0320331220002 144.620758333304 411.105790842825
1.26817595627264 28.3455860616369 10.5323553750961 27.2285761025794 3.10456604191039 17.6386378485541 150.132184388795 431.502838310504
1.25205261097101 28.7271026685942 11.3518947247335 27.5449783074403 5.98109371608991 21.4425825748905 170.619410295201 396.318600698267
1.33351919002102 29.5407766736147 2.98552260191272 27.9541637649832 27.8509777483421 16.927654796447 132.708426217968 420.394906965001
1.45811068416986 29.0659455841992 8.97917765459846 24.3675913374239 18.7779540926991 19.547772228135 129.859577003237 419.186819953445
1.49323031873969 29.2002225343224 3.04255390103855 27.394899228812 14.7740343505944 20.311201108451 144.172423383038 413.71182636918
1.4068732019863 29.4720244618025 8.18213039362278 25.3769533002559 7.68244112567767 17.9499423007741 125.000835574527 435.235706094924
1.33715903110981 29.5607366358097 5.09978424071975 26.3222216891271 6.96203906390873 26.5172556447292 131.79644034287 425.361399541975
1.2973879181628 28.0913373546794 2.49136920097161 29.1829856148459 8.77960789834414 22.1872809781724 166.143728387468 414.289105038095
1.41466837946668 29.7293816035369 5.21383217360116 27.4019400105652 5.72046342798256 19.2183998998186 134.047635727192 432.865724393142
1.33377771682335 28.2601639785147 6.35578387506736 27.2789649173703 13.5546985437289 17.0806930366058 104.03677464731 433.063441301802
1.29080626473318 29.3955115669687 3.29588821721095 29.0530639860032 20.6666760980195 29.1131820333286 142.802823224403 416.528033968083
1.30340683202267 28.7011702280586 6.27268384366857 28.8203559451047 5.80666431427196 24.728348087467 157.310347711825 413.775311240992
1.29736298171197 29.5313552132904 6.35679465875024 28.6729225515318 17.6388377657501 19.3224636544929 153.708662992758 433.938136524722
1.27431150803158 28.8488520801856 6.5522642609862 27.7542799802047 9.0200980963564 23.6736231151897 172.725508245333 409.195260187636
1.27671839945641 28.4940259695404 3.81722373584707 28.5292664266019 6.05722550269894 13.6071845257419 144.116440679685 426.197692910094
1.48688173634459 28.5329795529491 6.80784815531134 27.5474211882564 18.3867264446628 15.3991924930168 131.091469036925 432.372681439221
1.56808504867042 29.3965171183192 2.45643889897928 28.7618809054813 13.8686498720756 19.3233775418584 125.380769380382 420.113594358319
1.18081109609978 28.1415147599452 7.9018040643995 28.3506999061482 11.9947814661492 17.7028668236996 164.058599679734 424.882776300854
1.40202383989119 29.5770667794344 6.09048323206382 27.6573304016284 22.9564103323553 21.291880493609 112.325563810966 413.949984072819
1.2361143099512 28.3183745610937 3.59918298308973 26.1784939363819 9.23893212578199 22.1432993862902 159.586630092954 421.722748824066
1.29285865817559 29.5747273497767 9.764399885681 27.9242420857921 8.57902949413951 19.7834963930107 129.213034794117 440.685893375512
1.33156908846746 27.9540403329021 2.27933606300338 28.2589412708357 8.08590349196944 21.3998668464507 145.215636182951 423.065039398709
1.41606535568112 28.8404803009522 3.4085045434613 27.9630594642356 10.3755142622364 18.9711108346898 148.07578596301 447.557682240718
1.42507705833061 28.7292012288257 2.97931068375616 28.0708061528207 3.59563298148106 19.9071196402445 179.316177494319 396.055280153812
1.31381451566856 29.3518935108171 4.36836082640028 29.342627001619 6.26361541422647 14.619362141421 154.166020618651 418.58858097714
1.5391015232766 26.9218272818151 13.6167571317849 22.5525690800385 9.65146153366816 23.3865852034838 155.500866400867 407.172409339273
1.29079042096483 29.578421109783 2.86231606219573 27.533628901834 12.9914778932503 22.2669195796986 170.170370475812 417.485777665269
1.3629766957154 29.1392362850605 2.66015399741114 29.3611948460187 3.91790626256152 20.6509697991794 164.477375778939 405.90756667545
1.31934194190591 28.1886073440228 7.7931707659039 27.2482215237924 5.29772538934054 16.7953041433299 160.562788718714 415.818168568227
1.46621666454929 29.5201455638331 7.0739374404192 26.8272092287068 7.96598352906065 20.3792267728878 158.091474618379 403.850759719795
1.38186466483605 28.1216984773044 3.5924804933597 28.8372354652766 17.9282146305983 23.0336863529496 111.971253503045 413.287869988616
1.56876038813724 29.30199265021 4.34752550433587 27.4959448328734 6.49534819633842 20.7882260666738 163.135711244519 421.776825899202
1.44756287567163 29.1490712507357 3.34197323272923 28.8868498643405 4.37996458987063 15.0749407522106 153.214193821348 411.242199168123
1.21436241134593 29.1485218629339 3.14400664291206 27.7269715312978 11.8096108550822 24.2702323324508 142.690669023689 430.946123467498
1.25534663805639 29.4512129385018 4.84536929692704 28.0550930086356 6.92337956871848 19.216881350588 147.987005775118 426.430752310351
1.3592556736573 27.8878533879572 3.11344211221166 25.9812192437617 6.59555299935189 25.1908749864402 176.983248169468 410.305330206483
1.30029942112746 29.2547765140053 3.18412606505674 29.5119181555098 12.9103386579847 27.6216462256276 114.717698237814 427.340274862884
1.42360941882508 28.1582635341162 7.02344434306913 28.5850082287273 6.73507890047095 26.1970472972589 159.813512132827 407.874629474631
1.21007071378661 28.207823384164 2.14691391029304 29.481785270834 11.1138429606027 19.2477509070785 148.938355202533 404.002183151205
1.24437087434713 29.9899391766662 5.57810798539544 29.1143427850191 22.1832861852084 25.0945203241972 155.996133133591 425.382526025014
1.41753880683959 29.0631704199765 8.99461528063778 26.9223281485709 6.34486125977909 23.1582757291396 123.820107480394 416.453269645838
1.39226431902196 29.5095246031456 9.72880595583196 25.3363359636659 11.230613568133 15.0258204423462 131.999553204578 398.800697559201
1.40026443038181 29.7941993538586 5.88748122488374 27.7569479287518 4.45985653714414 25.7184343154149 159.350416947557 427.986894871337
1.21472327743401 29.6808655642448 2.51931941903021 28.9186516490248 14.9000743908329 17.289563826192 151.212017830527 403.959483394185
1.41023390509371 29.7125432212322 6.670899231275 26.9298969472144 13.9590662379279 19.592861724992 132.106190023994 434.496955169571
1.31251844686744 29.8873487801296 11.9704152535173 27.9048285954478 27.2975637973915 25.3674888364561 109.547264435304 414.974118407107
1.28709086226306 27.7993933565918 7.49861010370449 28.0286328284155 9.86983752328213 18.5434982790737 158.507895185015 417.59523317682
1.42366626264368 29.3043254076497 2.94245512996479 28.2484787009259 11.890901259012 18.4161871660994 137.364061354165 427.501907487227
1.12032467755447 28.9425021171763 1.30499293610668 29.6296265452084 9.94580984647452 23.2295667378304 183.837357122853 391.940147858372
1.17424262170355 28.5501348045565 4.51028993248982 28.9201942681187 12.5942990598455 17.126739059126 159.100010639627 421.232255264145
1.28135081664996 25.1814124814308 8.73268831835934 23.7520894500225 14.8514958975254 21.2878297349777 135.714737602023 412.323312790879
1.455263228572 28.6553190652307 2.50682161458921 29.8404582439851 9.19806860933488 20.9915617823626 148.492611568014 415.015039430825
1.3971904701521 25.9068349783665 11.849277771809 25.4306860915308 4.39490916528259 25.3047965335124 183.199429889242 385.212277341561
1.47819309614547 28.8631715552285 9.38375628566429 24.7124135917873 8.89637388802233 25.1201443674397 148.002057859728 422.656940474143
1.16935040917291 27.5056979867301 9.69399776172573 27.2369648049308 14.706200485196 24.4445462708728 125.54759898473 417.004557777413
1.49718492841403 28.4713991787551 1.11080620213435 29.1692097205867 13.849115301061 14.4971373913096 131.224451898377 439.713105710116
1.20073654034607 27.0450559599136 5.16614314807713 22.8701690939528 15.8394249581834 17.9375181423808 150.387664032205 427.188925981647
1.52612154019643 27.8010329149935 0.21776427373398 29.1837392638018 11.8376154462234 25.5682193660124 123.376379762466 425.938590658535
1.47951653973438 27.7567473960138 10.5874368146493 25.9690699923713 8.49926210205792 22.0212455765965 116.079457994637 423.873402536006
1.48815618291743 28.3764934785982 11.1537858963448 27.0218027415827 10.7137348902989 20.9748638504918 123.900317761808 436.366207360089
1.42159051422919 27.879287490941 3.45159938899524 28.608900680491 26.223942978909 21.920693341739 105.737648685811 428.065757807851
1.44680537376448 27.5901316462426 8.81236014798257 27.9332522993101 7.93751968303194 21.9127469973248 135.044612364982 419.433592773096
1.2458564217359 27.7121606139253 2.49462720388194 29.7581207587865 8.8764098341078 21.203712043228 158.371966064732 422.784962275368
1.44132417503172 29.7197106847019 4.32257105766373 28.769338376675 17.5298437998045 19.4649756318664 113.803112456645 428.161671082818
1.35667639001986 29.3281020982479 8.94254858621803 26.9806340653629 5.26905919647006 19.9968366461143 171.536780188369 421.582566428911
1.46785634192985 27.8959360990437 3.45094074625472 29.765295996049 5.50332305859587 19.7245679383365 124.36751383283 424.761688107234
1.34055509745083 29.1230319519199 4.13745699718238 28.3140718016053 10.2232629350415 23.7136658241801 155.620358956431 421.184475017576
1.37193743129845 27.7208824499231 3.54113337770615 27.1535888443635 7.53227437251061 21.478127045153 170.288288515565 413.78646093355
1.49181295078126 29.4507777332245 6.46637834166463 29.3763453262229 17.6169827082524 27.4563065623484 139.127856127812 429.480730165002
1.45018369685034 29.2290776089455 5.14843040829939 27.5638386795467 8.14134840851476 19.6938957066471 114.320261472116 417.347806165419
1.48901263086683 29.5794446409058 5.42500724192618 29.0119398907642 7.5276521237906 23.7970306142653 151.009425188892 419.5001548319
1.21862193995388 25.3654760753434 3.06978460147899 27.5446972046741 11.8518247317502 22.4456572750447 164.286378355053 399.231101420244
1.41215508705826 28.6781868068643 2.40914071638056 28.6711670792528 9.75593064506361 16.9578358559635 131.519224358431 431.584694817449
1.31144909766751 25.3260307030195 6.1122432340901 26.5693563051193 8.35757764368169 18.9684080920706 185.102088748922 394.068001239654
1.36988539304846 26.4265462593484 4.56749176094212 27.9044025939654 2.73783155239238 22.6486050074883 168.507358427222 385.697671587346
1.347759173022 29.1305214793749 4.57956539087369 26.7754096990306 6.90334766840504 22.4918050634373 150.145112879465 430.386415231923
1.44708371907581 28.4625297838922 4.422457448063 27.2408634682171 5.03608586580235 11.6774954155587 131.031747787252 417.843378732601
1.19075488851842 29.6693295673475 2.35251028424071 29.1240552996276 16.8157452429316 21.5604205315562 144.559044815973 425.509873746908
1.42742518769475 29.7500099605378 4.58788974911988 28.5294011512602 7.04604770163598 15.6594685373104 145.852005438531 416.927217596449
1.32680784461286 28.5064372117946 3.48769431724899 29.0506711215889 18.872902142696 19.4815374084617 112.224948300822 422.610406251689
1.31490361728652 28.4573279010123 0.843512033464659 29.8704994622064 5.36252443572651 16.1304509472854 209.798715923864 434.257679393208
1.21638870193356 29.2086411934813 0.128369205392307 29.9990238907682 13.1844327523021 22.4025099795693 159.26062521896 423.452119948964
1.22598230062473 29.1100497713163 8.94657495657035 26.652699944464 5.5891239675668 18.150682484688 134.132716361598 425.990593439432
1.1569262953556 29.5557159644898 2.72836275262332 28.7204605316522 13.3586303665623 18.8910954760991 141.126623856966 430.888379652088
1.23554065816368 28.4047593610705 2.90725857253877 29.2682999342216 9.04593368586332 17.3841685622304 137.807654702476 426.702717226992
1.30658575834509 29.8527233452398 4.63019112372959 28.308039438357 11.8731692697276 18.1155887487073 148.176464050395 415.826709222301
1.42320221732099 27.3417306710364 3.16367379954619 28.0015364470902 0.324662575397847 19.1734687071392 142.529943923626 426.783634355317
1.39296270404189 28.6989374217853 2.4370078106576 29.4072131247202 29.2223264387204 22.8191564560822 120.192496500876 441.530883773011
1.24377071995468 28.951972247357 8.90121098958757 27.1039756344724 11.7992051750967 22.1593785898709 116.650967221889 434.877484271714
1.37216781620481 28.218517124139 11.1602987081531 27.6608937369154 3.8879864578989 25.6676400155771 162.220723692499 406.502361779796
1.39696317052332 29.1388311453744 5.27564512712067 27.1772120737967 11.8799761471019 24.8500667072666 110.203512327202 430.334988876264
1.30725386828951 26.355523417464 6.94704102046666 25.8910955447255 13.2232353502409 22.0487006624422 149.054812556256 428.322993286144
1.26626676024295 29.1103393536811 3.11818656661673 29.1403770940915 13.439859797407 22.2334740255941 145.112487712247 414.30164932434
1.44477101120846 29.4870364408361 4.42560735164619 27.2938770581022 5.04408944105516 22.5974898852726 133.354025683202 423.555743737022
1.41947197723544 29.8337312161916 3.64493700594734 29.2627944547145 9.53541436339809 17.21822481397 102.157241635828 429.709776586711
1.35448951894286 28.3299971860476 11.7797110898164 23.5534601916755 8.4547883159239 16.1601094500632 100.121437400079 435.559962074123
1.38018212104595 28.3152261568661 13.7270882805417 26.7696982289535 5.49283242895665 24.9932307871441 148.169663959834 408.446578286406
1.4161683434417 27.3514199712688 7.50713184854837 27.1050282424798 7.64504356807947 17.053270739629 124.823860397113 422.852084522294
1.39586723425341 28.5099032150226 5.43344266641452 27.1430090381466 7.20444606083677 19.2685727236486 156.614828277794 417.364668369594
1.2238376085424 26.6586593643899 3.15876964481104 28.6771614546848 8.12092899460058 23.8415072865208 144.190236907613 417.214073980793
1.40444986163449 25.5081829419203 5.0961417028421 26.9218974245336 20.2178466696271 19.9224160065865 136.330219237079 426.086742109945
1.37610537070775 29.4115449756886 6.75598862745029 27.8835042268078 24.3991311757238 23.1458481311104 105.866111762934 438.907933826346
1.49453573819815 28.6192452933754 10.3549343594011 27.7456515024944 5.8063971814048 24.446771179494 159.630564089461 431.589653275093
1.38852177498198 27.4097868113814 2.43696059325832 29.0170100334202 2.61972105824658 17.2526910833028 175.42856615898 414.684379526589
1.34598570526428 27.9318774684437 7.14462132847687 28.2318128300723 5.42787879882996 18.8571417568211 134.988831459214 422.840260579601
1.33439949746834 28.0439639175124 7.37926739937907 27.9805374985025 9.53267480487067 18.8485824051832 124.383787898806 432.990769960279
1.32138115838521 29.579142799119 1.9483679193795 29.2119265965547 13.9835876686859 23.1892853937279 152.483487893929 409.707301897226
1.44047952411357 29.2189898322993 7.12700511374671 27.8561977475151 6.31596406146785 22.119850420196 138.694613027779 423.191323535695
1.35949870475591 27.4575052909612 3.43579340127803 27.9802002230915 5.88442691100453 18.25483488062 137.983818690542 423.611554619295
1.39733521938709 28.692408499079 29.1469198303425 23.5016150277191 6.74366381934227 19.324213282146 161.829332081127 430.670566000336
1.30616627002245 29.7291061595545 1.29233553892888 29.6807900774661 12.352083035842 23.2635651154308 128.280358902594 423.336874666056
1.26658585184186 28.1791813730029 6.16538593222542 29.1720157298063 8.21807649608626 22.0941187134903 143.135813619636 416.626413517159
1.25405117662663 28.428028325288 7.27313159446658 25.5744673556977 16.987453841841 18.2349315863133 122.697171683564 431.42256041056
1.46780827795186 29.4959339988116 8.42227197687499 25.1214028917874 7.12043548262826 20.5854697885219 144.017493984739 436.2881959624
1.51238312250426 28.2476333524035 8.09132025562799 26.9578049066233 6.24658451881951 16.2139385050977 121.049190210993 421.319108931265
1.38753124476913 28.7912988360499 10.1527195842302 26.6881432551664 6.99309693128401 20.8018174319898 161.382527451083 419.670109661265
1.43819069899346 29.8225395572424 1.78369489920556 29.7787321985762 13.310324871922 22.7263015892661 141.892869484042 415.306348420377
1.28727563348083 29.7383229920199 11.4114116828563 25.8097031163959 12.9868587829301 15.5712167908547 105.178085178433 415.902484874392
1.3923303189636 27.5699339898634 7.80628828847814 26.642695846821 4.7673080330736 22.8727466204911 138.819250709493 418.81108497131
1.09884828413696 28.7064670525927 0.844416368081064 29.6456541455054 9.91252794174568 18.2981779275978 160.718814282497 406.784034403803
1.37830245115706 27.7169461421193 6.6137874728207 27.9638985120499 7.80498167731608 27.2283188048582 144.525095002432 423.21406980386
1.59104470618096 28.4054595494226 2.59175099512729 28.8573375217635 4.39888257343091 24.6506249731833 125.131832385005 424.692693610934
1.28431773146492 28.1945425801441 12.2534086424382 24.7356285999191 15.2566987610331 24.905550558323 136.634757781818 398.237548608459
1.02192270598255 27.9696448150957 5.27902580075733 27.654095736658 20.8981896546656 19.307584153396 145.807289411689 428.52962057138
1.39798390943868 29.6766658027751 1.88062190728213 29.9027764369583 7.39963981226226 17.8930930788758 152.506193310363 426.416743881768
1.32302954316183 29.3686890429689 1.9772369442247 29.3849723476345 18.6473361671648 19.6765045236743 147.745304818071 417.223644168647
1.43989974320183 27.1681432549761 6.4846762579199 28.6258724447058 3.21651541823802 19.1665388616011 142.146232842757 431.699066002517
1.50695623962484 28.7604216271901 1.5351530240311 29.5395587738159 9.49196263913998 19.6723242268048 115.102797374151 422.353035232863
1.36853277554138 28.3779535275844 6.6119879154212 28.5549722425652 9.4552912304282 23.8377834393768 181.711483904012 412.959821792609
1.26362681832647 25.9859728005437 5.91049831981303 25.4523937225373 9.14809613793566 17.7349443235591 160.120181888128 409.951548581989
1.30287807837825 29.7232061424752 4.77205935591484 28.4568835209248 9.49746460571997 21.521703651311 149.075647436741 426.381206082996
1.31986983241156 28.8504649783181 7.79395683961638 27.5349885734349 9.72482417433878 24.7807432611085 154.694821843537 430.724432643854
1.39297529110306 29.125615999771 3.64398979720412 29.6207775321 9.03240245099061 15.7429642086124 144.411801595249 406.575946020317
1.22507676034166 29.8421625313695 2.39351165903919 29.11709512973 14.3794872201287 19.5921212971707 148.017742079841 420.218653364738
1.30897736655733 29.0699436181711 1.98610993250098 28.0805535689342 4.4265413826868 18.8511987622632 152.552252275699 427.291441072858
1.4191687679801 27.2783485011519 2.40470019156661 27.5409139326279 14.625716071054 22.6143526253678 114.100917208195 420.990123510237
1.51740338414854 29.6119589750729 22.6728299286808 28.667623240845 8.32231715367194 21.11889358727 127.123192120599 422.09797384333
1.28400353785597 29.0307756839858 3.05148200785344 29.211797671938 4.9230633140203 18.4394756080275 162.520524689345 418.264834401079
1.41824513278319 29.7453053170177 2.88112129096768 29.2721623816463 6.80749158821148 17.8107398947908 134.929288229766 427.855606747801
1.15701665598047 29.6660706518074 4.55401966705946 28.5444487078663 15.3918351792261 16.2762859185046 117.263278864915 419.130666776139
1.38725593184193 25.2883233384044 9.30375252024599 26.712986577514 5.30271892827402 21.422753499595 192.514927094765 394.644028614586
1.30608344200843 28.1851629055612 7.11299708872277 27.39229149701 5.8597584107908 19.86139716971 133.090047491167 416.034914968408
1.60046296690682 29.8605077579872 6.1910940554277 26.471550212585 12.7267986552078 15.9438670520829 98.200597492618 436.541365569432
1.17720902219137 29.4503233630714 1.86995215381462 29.9310729435001 28.4314946924537 21.7495509872209 131.797339398748 434.74447935222
1.25466271492256 28.6056593357031 0.656483594249976 29.1089506052 5.87509397257211 19.2820860040348 143.748708410539 414.798953248478
1.58233588679068 28.0118698300734 6.76366032176873 26.5318962715692 18.4312379938987 15.4685047739074 106.622417563649 435.634983920679
1.44131699227907 27.5388441088584 3.60352316166565 28.3585765786064 3.97913206923563 16.6044883885024 139.316648620404 426.397708462393
1.57657854781451 28.4864599121504 9.33267774703653 26.2892388451075 2.69964560868467 21.2189616726731 134.158479819604 401.402572192106
1.40003695795852 29.5430681412876 3.30184317969025 29.233947571896 5.13427654055658 25.7053208181079 120.558440923407 417.723855059939
1.20086815603617 27.9530891471641 3.97956680026702 28.1314237500886 13.6412099505355 22.0699897115202 149.673401437548 411.058259287604
1.46947843943946 29.8378712309507 1.3578358427647 29.4363896322095 19.9542501631231 26.1612847562398 156.520667829929 420.254389366206
1.32486088696109 26.489859443967 10.0145033319784 28.8711078516555 10.4548394521217 21.516941158186 136.481300119426 431.013842027669
1.17849063551627 27.7147277049463 6.80850274466756 26.9331148136054 11.3423516095227 18.833302781502 167.19678190571 413.847687853121
1.3183551421596 28.6687394681568 4.22553256270577 29.4816413966802 11.663568319993 25.372215796807 139.991606049073 398.974755188241
1.20846941496897 28.6842572157082 2.12374493510806 29.1024893369343 23.3721616003189 19.9592827296884 144.105530881315 429.830124640613
1.21558698211298 28.1399369070889 3.79634694959207 26.9343606497706 6.74551552063528 21.3832326499879 158.893053227477 408.560027783545
1.2923150429218 29.171215825013 6.33221042562465 27.2117327250034 3.86110321012687 23.5358093139352 156.756061597823 426.85894294546
1.52968301655883 28.5689190620487 12.9683789636927 25.4854870766105 4.58402810456068 12.2454607895889 156.281562298857 418.021924915125
1.28385450138354 29.2898372416454 11.048593691886 26.1004422637141 12.4433177862005 23.1614428162473 161.580274220989 407.494476950267
1.50636217643979 26.6541906507609 5.57464537653452 26.4930964709271 4.69716137019416 22.1680256377179 132.931021095742 425.344386277265
1.2754039653113 29.6422886695537 12.1272889062182 28.9885357854227 8.14304598521723 14.8324218805269 119.632937242697 422.098648989375
1.32318385345092 29.575645238764 8.97462132529622 28.2868658234022 3.34409572567484 18.3727687465785 136.840279117247 401.646917867996
1.38656703817056 28.1681098891173 1.68284135751148 29.5582068279939 4.22210051103966 24.2228626702742 163.124548116949 402.837788820426
1.33585776540357 28.2784024611985 3.86414994140923 27.3268695021801 13.2220486485447 27.6053906456025 162.598112055432 418.021327606011
1.3810392795324 27.6382477433778 5.17140909104187 27.4499897302811 14.6814045206808 22.9459683559149 104.306974754692 438.932505486591
1.30852268880762 28.6998922558068 19.3495132570151 25.7447058536613 8.02940427949009 16.9214052937021 158.239523218079 429.13683221937
1.3753099882762 29.0733611850621 9.66631739407586 26.9669425761557 19.731126329155 21.5445854743224 135.97319171569 429.552607904827
1.19173018966315 27.7325896622687 1.32863551051852 29.3628241820582 13.5992575574823 22.8028830481769 165.803534510208 406.133648113888
1.29109390679652 23.4373849812514 7.8110779317905 27.9178028806774 7.81474992993787 25.0963497389208 171.013128797542 403.169111098935
1.43742445134773 29.5243432567391 5.60161296978854 27.3718255270039 6.90466070517797 19.3154190839082 169.654711487318 415.22757262921
1.18948352630239 29.0051544293195 2.64983366066919 28.8851260530573 11.7464180408294 19.4921770300632 149.689919864412 431.357632968392
1.28067394284114 28.9849186965878 6.73747205146758 27.4994223675524 12.9094666199693 16.3370691402701 124.553165354319 412.111647837469
1.35301525282444 27.5927143553913 3.2017747224482 29.7649876354458 14.0758385961583 17.0306566406692 164.260391550835 415.602379667188
1.24342984582957 29.1006245653667 7.17252301210342 27.4632547138122 7.81855575495706 23.1242383449089 157.659758675463 428.593228556945
1.67848725170097 28.591783892071 1.87473793748603 29.605117965846 4.85595032381253 19.160411542039 146.190604957928 420.308204311174
1.25334452749602 28.5077265692217 3.78470098230308 27.9560027697218 25.0088603837106 19.0372826392508 90.054384231311 421.371050580302
1.16030756515867 28.2526007724049 3.17802395916687 28.3442348550295 6.38485792662237 24.2791909688128 150.303442232794 402.43455575226
1.39680110191964 28.812420884963 4.08787999567238 27.9323726583055 4.76343485314383 19.4263866661484 159.597430687726 425.874076865165
1.25403985280312 28.08873727766 5.86741197314851 29.0017713369669 4.41107925625611 16.1611950114161 144.648101380129 407.271857749563
1.36492464179386 28.9790184849954 3.30966431848819 28.7191372268912 7.70229524029331 14.719961275825 134.102599860451 415.941802155967
1.40044832552476 29.5947713062471 10.4650669430556 27.5852811243409 20.8835525522214 15.9973345822961 96.7419858047089 434.186868459813
1.2046376327487 28.2151497403214 3.75427851429173 28.6273027905031 17.097489710196 13.539955179538 110.150198335117 437.429208503756
1.50169838499674 29.6695745427303 3.88102582048942 25.2988084495017 6.15683219502425 19.9289696497867 128.059653071002 432.345865519257
1.18395177582847 28.7576602599444 3.91875728031556 27.1603217858749 22.1421193842721 17.7958524371646 121.900947900982 423.44389351128
1.38267617164516 29.787096316137 3.49717505890701 28.7503191137591 21.5039261013976 21.19968640755 150.137339598471 412.529752230362
1.30856053608858 28.4714953008834 4.48072118546448 28.4784391884496 19.8639820447465 24.2773163393063 117.557782293514 429.610489568743
1.36632997076867 28.8378091886118 5.20046342018941 27.6639341574143 8.46252077883567 21.3678948425935 141.915305409329 415.495282295735
1.39614185336245 28.9564473424064 6.39798353380541 26.4551983865296 6.41292055402981 18.261484335993 137.843548501457 423.956820704023
1.45275556356638 29.0842070374299 3.54478342523598 28.3977457718568 9.23647733563321 20.9239178141726 166.503590021506 403.844448117604
1.44844429384972 29.1400630975039 9.51064402778714 26.6304609598916 10.9024725383589 26.1628825573116 125.986678145562 408.845982094748
1.41557677102773 28.3121480454524 8.09709630117078 26.8816445613029 3.85547618464494 10.9117760701682 136.87969745115 420.816604812413
1.30121967675208 28.1601632842655 7.529274192225 27.9781897086093 6.63420509121752 16.9416810475346 153.537532807649 428.069563509781
1.29078087645755 29.9681234491199 3.94921122640336 28.8323106153869 16.3569530509883 21.7586831088006 119.11177001029 435.569834311365
1.37874328331323 29.5002733399784 5.00381935053382 27.3560470164789 15.4012045511209 24.8456554706157 155.893793640622 420.873334282652
1.22137644395055 29.4429222206297 7.34107698544553 27.6450589783796 9.00890732448047 21.8933771563296 145.222397796649 408.937742742276
1.33622452227337 29.1679253319057 5.91873172259335 27.2303950010343 12.2175268834083 18.0428242297676 125.267998726945 409.922210662648
1.14082876083385 29.0585114563226 1.32682687821864 29.629954484196 13.5137320482706 20.1410773073444 174.660118093532 408.075640865189
1.35265609358887 29.3843417315777 11.3600007837114 26.4468297479846 5.62131776681649 19.5020037840786 114.998566419588 435.578606549366
1.31377649013275 29.1308091667363 1.88746392946287 28.0410583166953 5.64785781402781 18.4188351868004 160.622786825999 419.492349851618
1.25643316212681 28.7069433614057 6.12205943970397 27.4377625101608 7.38621820620324 22.7163213704342 161.927029470656 404.679398964675
1.20147346658386 29.7223370283408 6.33891396129435 28.5873176582546 25.3950042870856 17.7252116274702 129.860059799741 401.993560186205
1.2615972520516 27.4254835502318 9.17586181166001 23.7372093047147 12.6110457041661 17.4862007537999 151.717994762736 428.633347721572
1.2495763932708 29.9112605399159 3.70210567528518 27.4008189087004 8.53119617436453 15.4329313273401 180.040574640671 416.229206455887
1.37885258751206 28.6450929671425 1.6042121843542 28.5486552218775 9.67817699596998 21.8217342465553 102.073327907075 416.030220542464
1.43492900639083 25.0945927030898 5.08037108950699 29.4581770027684 26.376331950816 19.7742678199863 111.661824566763 416.571632632222
1.38847591257599 29.769364819273 8.2803302533989 29.3219854486483 5.5156990386976 18.8253316083812 160.466995930893 403.550794771634
1.22648882662736 28.361898740908 3.49964349296296 29.376579960659 13.4886175658404 23.9989944608772 153.157143078654 416.567607492453
1.44698240220239 27.5149028908309 26.8763084591917 29.4009664561344 7.10574735572405 19.109560684427 132.451327915611 417.106140606192
1.34353727736276 28.0861108396664 2.37504831216405 29.0507917024532 9.2088942716997 10.6731111449149 112.605768070405 426.642004628008
1.3485137255233 29.2016176892 6.5841239821165 28.5916944877619 10.1840392457438 13.3761364756085 144.096511468398 421.183699385233
1.48976447530114 28.738888088556 1.85892729252476 29.5968209819324 8.63878355239218 25.8304564161103 137.368513908011 413.458835643538
1.28416450095731 26.1750687021335 4.91765843688086 28.5282899999139 6.30576667593491 19.8078820477178 153.912047207554 408.732458276525
1.38777345588097 28.467180409176 3.32473637682176 26.6956665040783 13.2642836259095 22.7976795381073 121.801662130257 427.42823468175
1.25610239322211 28.0328197229551 0.478782866192671 27.891799854495 17.4537796242305 17.7240663258079 136.160306825578 407.077467348702
1.14514358995186 24.7312419297914 2.90922213942871 26.9607774601189 17.0799525860928 18.9966803738465 151.064075219437 405.531232365186
1.42433420094315 28.7545927916989 10.6900321138123 26.0223208358371 6.90859375933039 28.7645608897811 135.15849609833 403.851255452684
1.17420035944448 29.3390432785166 4.72950923098262 28.5713121917804 10.0965051333484 16.1158107735627 169.081409240635 419.95558923367
1.40831194710699 28.1637385023519 3.58572218701444 27.1682746295427 12.9856616047665 18.1477274610715 152.907381886694 416.587855153412
1.36241774329446 28.2888715795925 6.33651090271556 27.0371024656607 13.7456374967945 18.0424708878165 138.691094024747 427.226643981324
1.15781120083666 29.3999184841181 2.57990023609913 28.9126797243949 13.5268755699641 19.6054645390563 154.731010435766 423.919547430496
1.45417645363704 27.6834137765262 4.82368277367698 29.7815649939057 8.11292280690034 20.3979711952724 147.636077383118 395.680955002971
1.35562989325495 28.4266114939758 5.75288981453289 27.1104387192645 7.23832837579377 17.8749948680982 128.38459058599 433.169944774539
1.45368962645092 27.4847406465902 3.21648613391195 28.44765250738 2.21206311645655 23.6538562076116 161.087459603378 420.528098103181
1.36267607494421 29.2887602040672 1.83269408799467 29.8815178090284 11.0951967666297 22.677126439355 153.112824020429 405.532909717651
1.35829083653993 28.2390415645159 5.23057878299412 25.4829110866943 8.16822311098697 18.5758760704727 161.071440042448 431.414841434432
1.35587653369792 28.4032274462388 3.1084785266746 29.3404613975269 11.2214957370319 19.1684217600548 136.59799405929 413.720117973354
1.35816388837017 29.6195577427808 5.52434075868778 29.3989142176575 7.25301143460246 18.4832271891821 164.893217904345 420.554467345887
1.73224513628008 29.4851463690889 14.7074869915108 28.2841692241927 16.51988682102 12.8041258658313 94.6903920982482 448.966309267467
1.38906978792225 29.4984975944829 0.783773857042684 29.4046538404285 16.0186693136569 15.5277536386938 116.454372173289 426.755044342504
1.27591334524774 29.0122375576421 0.108220305236071 29.7274526216184 15.6592939643427 23.9537801427047 157.7031296636 427.36161939453
1.35077227353467 29.5002218835163 2.28214113940393 28.4494238422132 4.49717023996914 21.5600911595778 147.409732974196 434.986419857916
1.41185406090544 29.3385841349955 5.42445568610084 27.9904279365223 25.9080532673572 18.3822273173521 97.3308086052696 428.530485865155
1.36627610619171 29.6881430245528 4.47025783878024 28.4246479754132 29.4585635177581 13.5733593991452 117.308226631718 413.575420745192
1.36177920450233 29.2885675656901 7.01271706372576 26.4687300297338 11.1810813446355 21.3707411379537 153.136671716455 429.189015159557
1.22366322603999 29.9544242579975 2.58032950216151 28.4064795097371 7.84526212934424 19.8624939886511 159.083333037851 417.757208438183
1.22564805024271 29.5360094944817 4.74070895997579 27.9243528622788 8.9035619444936 22.8525922777708 171.387297299432 419.60493328068
1.02413915586734 28.4655115715059 2.39979898594392 29.0161813908924 17.6741221436874 17.1932069864507 160.276584306559 417.864258114821
1.42816201694487 28.4672321789161 7.321903852892 26.9325681487159 5.98972643659403 24.9324360180083 120.593618702116 427.179932776635
1.11401945378489 29.7739501262504 1.23609404600739 29.8727543716802 22.76135523425 25.3283607674778 143.328349401762 413.373778972754
1.19709229572044 28.4163170824923 5.49003330966332 25.6857346669888 8.37576855917285 26.1523551645242 154.241197511797 419.142063864022
1.2619627206852 27.4282966621196 0.384768858873366 28.89449956562 4.40705020235073 16.5994133341602 135.252748816045 400.612242609361
1.42577476514672 28.4875216199362 7.20131404828051 28.1846468457092 10.5406553957781 18.7028533381417 104.203621857898 420.323669086015
1.33844890826995 26.9254471485343 11.5240996618833 22.7830153519019 11.8243117907482 23.8839023366486 159.377800196501 400.680624949597
1.56213996872369 27.508999729764 10.7643763141621 26.757803221571 14.4153055268843 22.1505874366962 123.517488155755 412.326408405193
1.42596509540751 29.750075541862 2.2881383108167 28.8328118066203 27.2122990902539 20.9919671735636 67.8659790500778 456.720518882397
1.37302632840328 28.5159807890427 2.47487406279038 29.4324192930725 21.1869456526207 24.1148157319297 140.16185257141 415.785539450769
1.22881672375462 28.2747212806107 5.65959209014074 27.9249699412372 7.47781775838593 21.6481031300565 132.411546271038 425.490794917399
1.45935887128425 29.0736620832764 2.84282616218687 26.6550399866745 8.14858794816252 15.7542986810305 138.574784453202 420.879689140375
1.36002036573432 29.5874210552171 9.8110874446965 24.3724414637171 25.8604311737 22.2662269265033 103.44477449677 427.858033550137
1.232837173444 29.9658019830792 4.64098767510638 29.0675767643736 19.7040535393274 21.0656723613279 117.416716949792 433.764682547564
1.57514345445996 25.2557256555117 9.45674729101052 25.1039319819512 18.0490348057104 18.649251152471 149.446140635781 400.515256479759
1.22505717596442 28.9537736319407 7.31649405833961 16.1816095687293 14.8531524864491 19.9403295295706 153.468747829731 393.547501695832
1.18754148607252 28.7666197201127 10.5161660179315 26.9144353844504 11.4356496631948 16.9243991208547 145.186474313621 421.409611205108
1.41080914582432 29.1247181626729 6.97906884243793 28.0291636470027 7.29808087613955 18.5078393119453 114.785232428273 423.819561122747
1.41671443532701 28.3056419975585 10.0340627513768 26.9088220580283 5.07337387234112 15.2135876965615 171.621973861382 408.834477016772
1.29612821694856 28.7367138148334 3.83260084905996 27.2626954918257 19.9608723297413 24.6170179860074 168.003267533276 412.47584298337
1.43768151488996 28.4549381976387 4.19925263304627 29.4323823115073 5.65334534238485 19.5236375601653 151.921490468055 427.56459439508
1.30299114377264 28.9663907537714 6.72024002067175 27.3112205377497 5.92343321968104 19.2907214132656 176.379946269367 411.746441882824
1.4108744201521 28.7166726380917 4.40305813279584 29.2292085311437 6.11744306281051 21.4885434014141 120.598943908737 439.223866031615
1.38973399251383 29.326552816004 4.28473861062898 27.1878728485408 9.29767598768961 25.886587663395 160.437252920711 423.461626409163
1.25439721451248 29.1421368329913 2.39121849096838 29.2574337933601 5.95420704900103 21.9124771396227 148.587901053199 403.71526508252
1.46492598999572 27.3052374414984 2.57492039442527 29.2104402815794 12.5245226453114 21.1966396952664 168.863309539522 421.132188625811
1.12254124420997 29.17297005089 6.58296368622772 26.0720769591223 18.2675873759905 15.4365628012866 156.426378117095 414.492346020181
1.44331925955783 27.3124873223228 18.4710966931283 22.3719330082464 11.9151125578834 16.2492746932885 90.5536504524782 434.293327676988
1.13089253119159 27.5683712888411 2.26856909372334 29.3829174407107 8.04194127034988 19.645218977992 161.61125455639 409.389100934339
1.40456412247161 29.6672830627203 5.7913094289739 27.4944022264118 14.0880446208958 16.75357050705 123.211311302805 430.727972188742
1.23314148333715 28.8775125883853 4.85918971068286 27.6882372187063 17.2975373562951 20.73343871622 141.495805430171 412.828964904961
1.35650974527071 29.1394862762109 1.61533777792896 28.1107134849799 8.90667848800476 18.9967951175071 176.801866095106 423.247513666144
1.36681906244966 28.7067764575913 2.74886026940042 27.3788732526235 7.56294221395636 21.9846166167307 165.159871888439 428.822176415049
1.44042971179065 27.874342033975 3.55677180064372 27.3115927757703 19.6403916101038 18.8470382605436 103.906391709094 435.895717743694
1.3134333212779 29.0638303932714 8.9655690780019 26.5353326730006 5.56539713156485 16.1738153611462 145.668559607737 425.940018726815
1.39933230883841 25.2207851646944 10.8892039765025 23.4935699823611 25.3687766779225 19.8757255667683 104.675141097464 433.29918186573
1.47554692283642 29.0746755275626 2.80358909383459 25.3078458386405 15.4116458629713 14.9958940468081 130.195337658989 427.963382213475
1.4593945127553 28.3090552034208 7.26543804028534 27.1482413963455 4.1070735865519 15.7519450601879 159.764293343913 417.299419167526
1.24251060766455 28.1906635555939 3.81681690527277 27.8512072367709 10.352291613493 24.2980757921798 146.130234767765 418.437266224994
1.318808563297 28.73780142116 3.86766101295431 28.7431301308203 19.124699717994 17.8032615111622 133.487017553647 395.171070731877
1.53507698232779 28.974278610154 4.53538128461044 27.7405800262141 5.84883172125799 13.0259214946369 159.458572788352 419.637326202873
1.34465537302659 29.2166840284341 14.6307887022262 29.1681659993262 14.3755169997715 21.5105179677707 160.355276377949 424.931218641694
1.19218830200605 28.5824026877339 12.9704557066439 27.6115444791801 18.9538764453185 21.3088542697644 151.594996790584 415.834291466738
1.28065557221956 29.5462066056094 2.37787767878173 29.1318562938207 8.36791708168599 13.6562847248436 134.259452172376 419.600213324669
1.40232002984121 29.771751274061 3.35696672499336 28.6126592772624 27.2859591641952 13.1909717194511 95.0182288355017 435.265238850135
1.35891022062577 28.9971974943144 4.02863154137581 28.7086393359458 9.54615642286805 17.457459555311 162.147951167053 423.250988180293
1.43570458202632 29.1246729455849 6.71085687962891 29.5332947280165 8.6450492474844 15.7081775150039 134.826747050623 429.878566108334
1.29543449399748 29.4850711756722 11.0093720169697 27.1250633790304 7.51913306113913 21.722011742554 131.247066164997 411.560196784644
1.47009438110191 29.4940644668684 7.30045550646406 28.4200585313118 8.79490350320452 29.2272717127538 149.906448151489 405.499599311382
1.35109553839845 27.7268780449408 1.69182736449028 28.8416950913719 9.49221737497263 22.594078009795 133.247444984298 411.369634550325
1.29933294259332 29.6628446745368 10.8271735795024 23.9330594542406 21.2762133187252 17.9390584872848 99.4922193802736 443.786965105432
1.40957909860659 27.6170470839038 7.29786303996818 26.9761457880519 11.9706924115393 20.677750311965 147.705648800612 423.601509678844
1.58740119862822 29.7504174659963 4.86987978624207 28.1321989569856 24.1029073368284 23.8550727954652 137.210489143705 428.513710750249
1.26957890552864 29.4692145980746 6.05980273422499 28.6735698885412 7.06064643505062 18.1175762840571 170.1289975582 419.683664232371
1.41855698182908 28.1689950209982 1.58630568259011 29.0167721273058 10.4264675764664 19.4702410982034 142.414719048094 427.961040082785
1.39773416000202 29.6537456493099 7.2484080932339 26.7861334860438 9.63840596858724 12.3302248456594 118.923778049399 430.142364686934
1.23656892934167 29.6514294484416 1.43730308379591 29.4720092874694 7.33738628309182 20.5571765376346 146.43430780109 406.902866429995
1.53677551822959 26.6619390160271 11.7027466960649 26.6622627348252 3.58594238304767 17.4195063024791 126.822619293144 417.385077294572
1.36200581335997 29.9329117219919 6.52282326803268 28.0602868604105 9.89305221592153 20.9795763727782 136.233387088897 422.589938562717
1.3603828649758 24.2292658740047 15.9875033370967 26.0115765259371 10.8141435260473 16.9107319185823 144.692440119835 394.953738448259
1.30631966186057 29.4391776584397 5.36969020570181 26.6914099138143 6.97899681935401 19.9868532940626 145.789434009459 406.632983610548
1.39033114595536 27.8364555808003 3.51145480227339 28.9258699570987 19.5644361472905 24.1632235571211 161.474271366478 410.755397238388
1.31990904322867 29.6405462853212 6.83453502523573 27.8526145654692 5.07997506911231 23.4267908810276 180.157425573655 395.247987579823
1.40045084420878 28.070727919061 1.47937526500263 29.290918049034 14.5699429341262 23.4088063026866 153.975921690024 413.387315293091
1.24580136668215 29.2001638310326 1.49680117940064 29.2689378567051 9.38052501147922 22.7680970635107 159.535556080224 401.362202029051
1.20648662000777 29.9075100418365 2.23996281541127 27.9506684670875 14.3012730303958 19.5707853466008 139.022027841387 396.450312628018
1.48006899542124 28.2428806422213 3.18239701651332 28.753985479695 4.8064637838292 16.5594201910296 149.649898211274 408.612111767161
1.33391586474975 29.809581675716 1.92674545243534 28.8951098618791 10.8752645990661 17.152457937903 134.883655681454 437.18536417945
1.37590535375238 28.1444780485524 4.48012628211062 26.975614056072 15.599843067156 22.4215208526887 160.264709606219 422.951582363316
1.32709516456553 27.6666935529068 3.42958635498445 26.9952887428928 6.87012540768129 25.8472316143257 110.355903349729 438.232018819742
1.40104854046731 28.7166134686046 3.5600147769403 28.6110248661526 5.5050197984952 18.7645970437011 157.721054210532 407.293466073273
1.42271310573874 27.0602777393198 7.79004282827148 28.9071257293766 8.71095097313364 21.2586235722129 162.524870549501 402.173913175817
1.57175117681259 27.7489227539635 8.8999598263165 24.9284713116712 2.51638429582306 19.0245065011793 185.820832661572 404.055315085208
1.58615099097517 29.4023121864736 10.4351925270999 29.306037242972 12.6177059461455 16.5805166044376 107.5118038671 433.719335948784
1.56680442341532 27.7637234386898 4.45520961355721 25.346851221386 13.6457417239571 14.6155385500944 131.657712887246 417.274545485342
1.16800045087641 29.2987685997383 3.60400238805004 29.1351269949786 8.4392011861278 17.2968909500016 154.566157274061 409.966904444454
1.45727812322983 26.5246445018902 6.14961265816665 29.0957862654996 3.94198306180867 23.9213040664746 220.194847921441 412.559767982113
1.38467602572675 21.1642576532319 8.04075321064435 25.9510871522067 4.39839447502676 24.1220149426506 163.751353557034 396.755955338892
1.29345943864821 29.126510573952 4.47563017361208 27.8596905367076 8.32705036524056 24.9882942933006 155.677205174799 401.575430569674
1.22130427660068 29.0663116957416 5.30035381393147 25.866752532445 16.7064624356684 21.6106302641877 127.094641906031 434.985131719241
1.47062350591286 27.0407304341212 8.62978340517698 26.4748846417101 7.93678597352309 20.4526286170911 146.168358536388 423.186919987454
1.39709993766601 27.5267986239812 2.14119759410557 29.1626540886575 9.58506782668846 15.2236542072348 114.214763386671 429.012772316474
1.30912537736267 28.16817172393 6.73807177814857 28.2357081064577 4.77461587264226 19.0257837752804 142.320651606339 406.702122455073
1.37746819611264 29.6416252979749 5.7174045278235 27.2972824950432 23.3078211538955 17.8243506591306 122.486245863453 435.051717235101
1.43064181937468 29.0660184077165 2.27891240119484 29.6688863727897 9.49764498490177 17.2985160901525 161.609398302999 411.911071414354
1.40304855320424 29.1902743149466 2.58691780164573 27.9403835399109 20.1363377717737 23.5581301513809 151.239430300121 398.453561574256
1.30227536895381 28.4058131526369 5.78328684603179 27.2832678181541 6.10474340606657 20.0722809063605 161.852345194846 406.270515707691
1.03584034774271 28.9703727078933 2.82326148421159 26.7400237113134 19.5567371818311 17.753369280177 172.564244213176 422.82115008262
1.57403070221132 29.2375444301903 4.12659153747815 27.5292755672536 12.2756738490331 28.7217192534597 144.832455083411 423.795471459515
1.30903756235109 29.4151732686771 0.442671417126596 29.8685499902686 0.606339644126353 21.4769391874273 185.007394412211 423.443661927934
1.4375828764358 26.9202048354948 10.3304672587972 27.0345045090478 5.42221359837058 20.9281613731278 178.34222114191 418.85866437155
1.20393131100662 29.419188975353 6.28570880259906 27.7232906336038 9.8547437983246 24.9325586690232 162.484621344319 408.829121450188
1.29365843645306 28.298663201968 5.34952398213303 28.0006962882585 11.8998837139841 18.4319255661385 167.052719091524 422.701103057744
1.2727639061788 29.1014783438512 1.79790847244883 28.2177455843949 4.54676191470786 17.1347057833164 151.637487215356 419.299102553962
1.30220584100788 28.3550067058653 7.78328382457412 27.8221021564313 9.92229147306732 18.6161714449071 122.277453629759 424.063641833247
1.2656880537965 27.2294739740591 2.54819200300366 27.7912121814048 7.6875001639865 19.4807095580044 172.599752201164 401.180332515843
1.41593674421606 29.1979702000227 7.59579263308918 26.2742284644606 24.4190805126153 18.502570143348 123.711665907877 433.380283300638
1.31511752066786 28.7886590393434 2.72508308855137 28.3789190083161 5.87934909211292 23.2285789353282 152.676809879413 414.659985616859
1.48119965322438 29.6465722414987 2.76555586410567 28.1414688432122 8.8528943439179 17.2555983541395 157.389115781891 425.560425151067
1.18871050794202 28.3147144495725 4.28523609519009 27.6650690102578 8.53718248291965 16.5246886729198 159.062330192508 407.288149402592
1.2924233998857 29.3693968193131 4.2705700363275 29.1754201789706 6.12738450252192 21.0710705235257 161.040113371384 412.618680204813
1.38007559846994 29.7762759185851 5.65985122672907 27.8216373460024 17.23282868627 18.0087807232127 112.281729489218 411.208067078853
1.32005895920127 27.5227675733372 3.7147856454717 29.2470005753224 23.7312524213353 16.3690892491074 72.5582353494778 434.047295874246
1.173955808715 28.4083730851677 12.6666275793688 20.9356097788698 10.7611958564429 19.3364597169252 152.346245219823 427.784831703279
1.25121430663144 28.5028135971135 0.690648999657171 29.4065856959091 7.58193069759052 21.3060416927026 180.976477122094 407.444509112222
1.40090650616986 29.0159472990532 7.83419742557051 29.0461687822617 5.1601164064779 20.2131181748963 132.315962756931 442.376929036524
0.982300015689182 29.1704444304865 3.7380966595465 28.9862783455114 24.5592321021225 16.117302946499 147.681500836205 406.42890709341
1.23441475622038 28.9795870806009 5.08142900870008 29.2042824153274 16.3518432176809 26.8488649095784 164.949848087822 407.004192904091
1.4134190383081 27.5246706352064 3.60365784747807 26.7433764217183 3.78626304127247 18.0050287870744 138.19962089025 418.546738114727
1.19723484083337 29.4415088778194 5.15629423954373 28.8195313537912 15.9536031218788 21.5640432516486 144.134611874054 404.445487062051
1.47703221293868 28.3988145260893 12.6289053710128 24.2984680546916 12.4571504778981 18.9094266451702 123.005285229846 437.420089627058
1.42047383173 29.4161468037822 5.11863306564985 27.023972503792 17.1057130313181 19.3441112027711 123.057598533668 428.316888079417
1.31691610718296 29.6995769756962 5.97710302460002 28.2026116824341 13.263436540641 14.6037249241285 110.282108985832 430.952395540635
1.63592686761595 24.3129821127878 10.2715467816061 24.9433768411911 6.49700068066204 19.4474380073608 162.619702104866 401.457324823204
1.42012489726076 29.381151915451 14.6727204258109 26.520060449099 21.7136537233089 21.0313655250014 119.689244873153 401.029816337665
1.10009867265303 28.0722167591354 3.52616435846533 28.4745148349374 14.1347688402304 16.642001557459 153.359745856025 427.406928926005
1.4509238929813 28.5602834736451 7.16503750964522 26.6324227445347 12.7124110179077 22.9613825824086 122.114383024319 419.007793092396
1.33475192143552 29.1695025994763 5.7440440223841 28.6285591923826 14.8139844884507 17.8055534118608 145.75259267067 419.922788440605
1.49693067762846 25.2098298976197 2.00166862789444 29.2821548779674 3.87655198603742 27.1120499325354 190.361741369374 412.195069404636
1.41524027794941 27.0375487762043 4.33385783930122 26.3443160017283 5.0641165977375 16.0801526635594 163.812936641613 413.949779923711
1.46194277461345 29.0708527468346 6.91441707909061 27.280791572834 5.85486506595246 22.5820711615251 154.343623277383 427.692859028527
1.46367107558469 28.4226283666566 8.14750803594691 28.6138493704712 12.9231701172868 20.020300339493 115.891161420092 424.694615685543
1.46946977280009 28.8142603003798 9.08439173682336 25.4999208889366 5.14541076046858 12.3906104279731 133.677880485831 426.940203147191
1.60516801627493 27.978444574368 17.3216975011559 24.3288681450135 16.92014187742 17.3257091034414 111.643941426545 427.673457222406
1.49739877435417 28.4424786066133 2.45735172537186 29.1998797157654 17.7338925327683 22.6236577973131 136.439804839211 430.250716346948
1.25786876125992 27.5065314562006 7.04393097422161 28.4902188227337 8.23904766743107 23.3353754707894 185.004734985263 421.880738431447
1.38829632377595 28.7632517179567 6.01288371875983 27.7037154162756 5.27746034619164 19.4627201133745 129.837726740905 418.735343693361
1.51023191334995 28.7695272460839 6.78231791663316 28.3853060088569 6.94962674406583 18.5162740738405 138.978050700447 419.250093916963
