25.4090649839473 24.7859466029487 13.5369914806834 7.14653987548941 13.4816288884192 7.14304271124331 303.14738089265 364.492084159602
25.0426944848059 29.2720514465431 7.18192358961244 12.5996842694339 6.25713907904544 3.2157740798002 327.919913571269 315.281280120004
25.510823222288 28.9468314482014 8.32978350855694 11.2352603170184 7.25224437844716 10.2533387173003 266.844041412375 377.747817363702
24.8241400295925 28.4987181723906 7.14711238135198 10.6679951638719 4.57822875095257 15.4037438692199 315.003727730588 350.807097406494
28.8695044699869 24.9084400454212 17.4884083392835 7.82904458676657 18.8839624811655 13.6445307901278 235.163149547167 390.507021093007
24.8759939856851 29.0642632851476 12.097551804158 9.74287162277975 5.6913257093483 7.16595655539994 266.196667563054 372.368771076137
24.3047578914065 28.908371967442 7.3189880593858 10.8616561164252 15.6594581901275 11.5095527661755 295.776385017221 387.389323947351
23.6130292796323 29.9542028220463 12.1274828080278 11.0340057907443 12.2073683007373 13.1647389372946 307.818016889728 327.50468810895
24.2573051613823 23.3523455153528 7.49239351474709 12.3114544712801 10.6528963142595 6.5919701847613 283.676894945813 376.67186150078
28.3907230337753 26.4777341167827 10.3370436236258 12.9851949495202 19.5372195503137 4.03976985302107 286.419806740448 396.41112321796
25.0160449972952 28.0804377524332 5.22190316232608 14.2343390518528 12.6737348935249 11.3569165818986 331.480869201763 309.472204835029
24.5630420404499 28.8393338791605 11.6416012540407 10.1627782784114 12.2569857636482 18.9105037987151 318.442741121477 318.243411911541
22.4090153953934 28.4220208843799 12.8020249302961 9.00196259166974 7.5775007148048 17.2561282622369 298.450546396194 383.966291701011
24.3744714153849 28.0265590651756 8.95127350579901 13.4752402708784 7.53894071470071 15.9688672878663 311.911041773899 330.816670329916
26.9037996098594 28.9763267515862 6.52504456993329 9.12809107673974 6.06645150299609 1.93304316625 317.655780951024 313.713666089392
25.8075890632804 26.7650627419788 9.75487786620302 9.16983632772961 8.55451647055193 3.63497586020985 251.746476315818 397.651375941037
26.5367943468715 28.1950071145605 3.0718846318496 11.897884242443 14.2226722815699 6.10370346032934 313.822289361368 317.382860802857
26.9855475079216 25.9862264905174 11.7645749737883 8.21366784657427 9.19390382196284 5.00891166523841 260.155172487851 381.200345838196
25.1217698123088 29.9422625641707 9.58599870279253 8.9782808183869 4.80297940510295 3.39269563266536 240.474135975106 390.822426089282
22.8013300701581 29.017762975203 8.34702604038405 12.3317709020964 16.0906971893224 15.5008024667732 361.645306489441 310.641252357635
28.4775921525043 24.1211734737665 8.01768631738483 11.9432857824666 2.21044010734946 2.84153298426173 243.043556090733 387.68297803128
26.2842949143877 28.0630182957679 9.22358862716991 12.907184740821 17.4078184773449 6.57988080908664 317.937175242715 313.934180434503
23.5734384044145 28.76073873901 12.7231584325923 10.3472691504563 5.05130318565628 6.36864474928119 322.147918651072 308.482093279224
23.2043221224359 27.2145636043848 3.7075487539456 12.8845775926218 4.21912367416654 2.15781772353869 294.525162081214 336.712680027448
25.7020305626885 29.2749793437171 11.9874049550908 8.17755133484613 9.06005939163093 4.80276866853115 311.342154010371 325.825336395207
26.7316370917939 26.7235800191751 13.2271059704402 7.15361406283766 11.1315527278827 11.1019574770797 305.260579495492 377.678330493402
24.02910218364 29.1522165185143 12.087529196078 9.02793590508681 3.65480200182845 14.5143064264457 324.843837761784 342.663424953508
24.3965917547648 29.4686407242752 12.9600038274791 11.4884577002606 24.084897715903 4.69895523504619 308.194602708527 351.1271785103
22.489390698067 29.4336265438638 10.5558959420774 7.08696445175795 10.9567966890219 2.59938116928638 284.869391694756 366.569286366937
26.1364254521361 26.4521912938453 10.7803851341335 9.37919209102128 6.5378866466128 16.135599901864 272.727903453537 366.628453497718
23.1816420878583 29.4673844257799 9.73300902394384 11.1134600578687 8.45115481813684 9.70497628555686 317.294741134784 306.825148595548
24.5322137957367 27.7177273746999 9.59453434144843 12.3577836205667 2.51484681716542 4.47822282441012 307.507341760864 350.09401780143
24.9837575677719 27.5444501038627 11.3491720567636 9.01032067917933 5.42080718843141 15.7112435315185 284.946336040823 390.407870607678
24.5732054651576 29.8419143307968 7.40476294420659 10.5874187639504 14.8912453657896 3.25286437764516 249.078101653037 401.006126296573
24.5436330148248 28.6597915001043 8.19228749736902 12.6974226050659 11.2834490818929 10.9938719884702 298.690078946173 367.204243606737
26.3436391051047 28.5626299565052 9.87447814918984 7.57732124363282 6.86873879826928 11.5675181465578 338.733260851257 272.784947545296
26.8124900331239 28.9623288599174 13.8233581880351 5.40954835882717 16.7733079186301 15.3958859600145 299.203209118306 324.345472247376
24.0872261554968 28.2606064405102 19.1241785607824 7.79924679109139 20.3934166205212 3.86447858800268 314.559042141542 309.957118446505
23.9959971293935 27.0740421707188 16.0709137497212 5.12043541752092 13.6751997145104 2.98016013913793 260.497839881197 377.1683779748
28.9183296398595 27.9202784418312 4.32127859014196 13.9793066635333 5.07788228707482 17.512392685933 190.803052662865 412.028215984553
25.0067402674095 28.6891878634462 11.6653626825558 7.52505137273995 15.9938962790982 12.1728264603369 255.786534861567 368.139653277776
24.4248624896171 29.4937815065089 12.4303207003545 9.62566936355919 14.3115712076816 14.5242140336966 259.927850464363 403.140793038704
24.8473572472366 26.6518793159224 7.57759579067433 10.545383219081 13.3265144245413 11.5983603769099 299.688401950664 299.424417863628
23.9294171384835 27.2868741093899 10.5476282285783 12.18671611416 9.24506468930006 8.91191777951072 315.830490712745 362.713206318317
23.521483418636 28.8565546171949 9.41206971202402 11.2996490627738 3.82582794030083 6.87372098236161 305.534709214639 379.717090909996
23.9555595663126 28.2834867887082 8.04208736310294 10.7522577690672 16.9291367497891 4.0391979469564 324.874862667353 282.378439082971
22.632673378012 29.9724992721229 10.3539741246999 14.395400674416 14.5861852199329 19.6498732200589 331.735631915231 281.826066082422
25.7306031812157 26.4266374481445 17.0714911486075 7.7270715943536 9.50843238748548 5.94528486409049 290.495954324697 371.376600147594
25.0721697337885 27.1568436551689 10.9880736292582 13.4889871280109 5.64749539775902 11.8179976915601 231.757867737629 390.646781941586
26.1894717226725 27.2382483929186 13.1011019460825 10.8272527438506 14.6836733203908 7.48157134173882 187.785382868961 402.083375505959
23.905223373345 29.1891129401068 7.72427915394854 17.1662977357458 2.18275230206433 8.67816930117093 302.610258123453 373.092354743012
22.7396835509527 29.1895560741452 5.92961777158321 12.9914591036801 21.3944117754857 11.4696448478484 288.361360721051 366.932410086324
27.0503532540682 28.2227601623134 12.5431393965039 9.02676573217937 3.89582401683561 4.87945739169033 299.423230433454 341.835066338411
23.4037867615694 28.1492515692003 12.8639217105311 7.78655109621019 12.1727538004936 7.40922536590158 297.940082973375 356.576019370652
24.6557846702782 29.3524009424167 11.7341409308278 7.86121506314847 10.4216861536958 16.3547736538998 262.492270957321 409.475843805539
26.0095043339715 28.8654703946763 10.5857435948326 11.098181486707 6.79455888893114 8.12827364303128 328.929349784562 309.187786271125
22.2484635121486 29.5627070641685 13.2018009694399 7.83842053140993 14.2657337507067 10.6690474345945 314.313917635103 331.760526703336
26.5323983032436 28.8420870258195 10.0702423631534 11.8086627175537 12.4278622990434 9.1371192003022 332.689212807852 323.720931197004
26.3978548904736 29.2078900997278 6.20526212273623 17.4168485828313 1.05113522958724 22.2548941149146 297.98679293419 377.076890467387
25.68846297662 29.2972552381034 12.3850291143357 9.97983570639125 7.24882846602882 12.59569576224 235.419505761037 402.202080461872
21.1128485695799 28.3900618088327 12.2845191537065 9.25532633156907 6.26738805972007 12.7885024636991 309.258416177577 380.095226900221
26.0492838753692 27.9958424510255 12.9844495328533 7.98999854640909 4.39596716423674 6.80428068801487 317.24511446456 322.823150059524
26.6805457804999 29.4778563912862 7.81281758381435 11.7565615680195 12.027000627522 9.55504487930515 327.183652140479 325.668026030452
25.8921018095885 29.7148908200875 12.0318440491591 6.33000781186968 10.2680222250965 5.48236984040646 293.710641014723 373.221781500174
28.4515992548882 28.3559588716729 11.9328608477802 7.74216594271779 11.4983684508585 7.55833671009773 303.248742115773 319.109971575384
28.6162525376556 27.0676929340032 8.85817199428986 12.5604840554086 1.87723784627504 7.88340465862496 277.50010954107 373.78300335514
26.2152498786967 27.1850336802601 11.6718753922893 11.0251951735705 15.269050037034 15.4447880469797 251.76821721743 383.982180822514
23.5861255790784 27.8337994835962 12.86395336497 8.2324425986063 16.0645962107594 21.2953626374578 319.536279632659 344.868587309925
28.2328441952271 28.205757070578 9.33797717953987 8.81967848615712 16.562872692693 15.2413292350714 308.257080782508 297.182754727268
25.8326109920829 28.0313134014565 8.61588464565062 11.9510990371195 6.30310210484152 14.402138444333 262.435310124638 402.23539733534
26.4745148109923 28.0336223011092 7.16427370820604 11.0243850553303 15.8203765279372 22.2727902536038 271.226916183664 398.473385188648
26.1786686962691 28.8177713281936 12.3503397304422 8.31094595503472 11.9812773250773 11.2296534674313 325.551185621138 295.242336855688
25.723825438969 27.8199069396458 6.56704752462503 15.7245151329565 8.16797787162246 4.25934280682072 245.726288466138 409.931701373491
27.282702649962 25.1314677398612 7.29533972758433 12.9308687881672 5.83261870104855 5.10027562077617 308.225760330653 385.89995536706
26.1471204695206 27.5470411287699 11.5344194044266 9.45682031395446 5.09948227761739 27.2912337521321 271.642355791256 378.867369980409
24.6867717459736 27.1057737790553 10.9529722359708 10.8598175707224 5.19736212336195 2.02507686906031 322.59606664922 366.553530227681
25.2194914751688 26.4518415320662 8.92215413581613 9.59774940446315 16.926220160416 9.33618705342382 304.145558349926 369.299686543843
24.9415386259874 26.9690064003219 7.33896367556255 9.50998775654709 13.7064995564697 6.17026026959858 296.466936525014 349.699727149816
27.2734484065964 29.7547920107987 4.67339354592084 13.6141319636138 20.9591211473877 10.6313478248817 172.195453943778 418.377944507864
20.3267947737724 29.1929893572811 12.1642724991462 10.0909148919465 9.71848123807613 5.80508900836354 316.447068398693 325.376284634589
25.0513999833359 29.2523197329738 8.85398674583648 7.05805875340661 19.7868191994988 3.94875913748226 217.817087852091 393.132078835292
27.8530199807091 26.2604532681585 5.69288944072805 11.3388097438758 3.99886330912997 11.4956866556037 328.12579492237 354.093682559213
24.6515609547661 28.1634439323123 12.0691108582459 8.24805762222084 6.2358032523141 12.5039041962483 313.499475546545 328.70007541708
23.1195835731874 28.3240446596904 10.5113360131924 11.3915216762213 8.21558187229816 12.8135409145499 319.682537171201 367.074413401162
27.3572927790585 27.3132853377963 10.8093004813845 11.4834914827968 13.4158197799575 6.02567835531721 215.213339307042 396.407229976667
23.4473318361494 28.3949801718659 12.2359560545643 8.01659670400758 7.36100244293368 6.6092276377357 285.341676118125 404.967674654627
26.8540478888168 29.4427001041883 7.51020629725675 10.457221252353 4.84245962638979 2.79620274526008 248.407877416781 396.235465957959
26.2045542707456 28.5554904019273 8.05553437110117 14.3512092908441 7.26936722776617 3.79626662320803 239.08369558361 392.904192111063
27.0256795209733 28.3147646999413 12.7142818311151 9.90129537144628 13.8112918838106 4.55766071845478 258.834954485852 391.681250380137
25.0201782899876 27.8803291700959 14.1985468268429 4.39904074498053 7.90215886285663 16.8065560412694 272.443597644377 237.684663923409
24.6494309273802 28.2610906879165 6.62408801060949 14.2552689583286 9.47739917197437 5.93097546941428 318.393209145087 339.019998552517
25.2517847933789 27.8305506882676 11.3155515998184 10.6382502173707 6.4144257296049 14.0826443822582 264.563817079599 388.853849717625
25.0590485168142 28.6249953059287 6.59476623138853 11.3194740677065 11.2678200075276 6.43199388385834 264.252741310861 400.345269796345
24.7319927641533 25.960549495776 10.824027953239 11.3477001175308 6.22746890055039 6.0924112154189 302.715677017417 368.984799003114
25.4584369477766 29.2442576300303 0.032262126330188 16.1677663779129 13.2377386898433 10.0908360142817 328.200766110815 265.528308560554
22.8823775755637 28.8487737093257 12.7904524345494 10.6883104314308 8.25585227634562 3.19466067058625 297.614555342456 354.331533738632
26.8148839377799 26.7980591624592 12.7279169836573 9.38955607611751 8.9465234623436 21.7425476826794 268.242672251635 383.620210866849
25.2442022437353 26.139790442313 11.0937594625931 9.94587138604705 16.7519907383499 10.2085932470189 273.873476023209 381.651593071974
24.0881162068174 26.3983887162518 10.5914597286595 6.65006366468687 17.0808473555234 11.6985658952263 280.149691886438 367.066325000725
29.5605211287971 25.760048881168 8.00559080407541 13.2516120386543 3.22656600032932 1.93527975010861 322.552021043732 359.298467147846
24.6226321093346 28.1874679044849 11.0087276214748 7.76525580871672 8.27054494849879 11.5750331165449 288.359305090753 380.231380575408
24.4270985616106 26.4578465347652 12.4344616970548 9.20050085464393 3.42336741952213 12.8234225564784 298.584495579731 358.765644848931
26.6559792368017 25.6093077280812 13.0939629630897 8.54209091710724 2.28374059922357 0.64934859865105 311.653852033356 365.77763307565
25.300595013181 27.5865143708081 4.74374681238911 12.0946124467558 18.647179028177 17.0968474462505 275.777124273847 380.714170111369
22.1746874185571 28.9742480768189 13.651621662767 9.46996883999566 14.0331481195125 3.8303213385233 286.206186798558 400.811338115566
23.0762735475061 26.2710244593521 5.69353909314143 13.8573654011281 7.44219605406387 3.19946255345912 301.661616184601 378.041489731443
24.0919844724763 29.9618184466395 14.8921675247277 8.11858919611101 2.80948516639595 6.31911639819213 262.416892515587 386.533696889782
26.4588090674776 27.5172756529242 14.2498109997656 4.9664229445236 4.76680311799279 8.08546600061068 267.245107109874 406.969613020019
22.9232263833231 27.2426526287517 7.32065210339453 10.6919461431451 11.2718460210681 12.9442959474253 289.792999525466 370.786611163681
25.1589914731081 29.2932017095357 14.1550568826638 6.73931838719265 3.11757704752446 9.22552500730371 265.673255829545 373.536071832989
24.6913866579481 27.7390255400143 12.6678633164063 8.51686168782185 12.759219659151 10.6571504570775 252.074992111739 340.117340909287
25.0198872147517 28.9263592221166 12.7983480291493 6.82677753335061 5.36406356886206 26.128343652784 284.704940561469 379.044175926577
25.4109801860645 26.5129046122769 13.7625820064846 8.50481541030422 5.17765746406766 7.4358841480693 214.551102968449 394.903520919155
29.8802990581406 27.2463351855047 13.6101449170636 10.082395608268 3.50409660145634 6.64468841547702 327.973604520732 324.355077081044
26.2192406169971 27.1959454380529 7.95598607179199 10.2877448201427 18.8262521165528 7.06322034548791 312.584567872145 338.203152214808
21.3179951427855 27.2000816903285 12.9809459600483 8.25705692740792 9.35794090771448 7.63006080708361 301.262520703851 353.995539022241
23.838043994676 29.7896048330187 11.0535217317105 6.14389346555644 16.6770853005202 4.39688981676914 280.75009221929 294.505333771712
27.4038110475728 25.5279403056038 8.77605517075385 7.17596878415432 6.94671981905984 9.84829668672121 267.726326824709 388.273767527804
22.1740993955837 28.9262834924916 12.7790628458786 8.79198871391093 6.60478266417549 5.87340250628162 315.832486052942 329.983811141166
25.503170705867 27.4514417096465 11.7544472825891 8.93087870805897 7.29230122556083 5.76491178914536 293.413098897247 372.575892426789
25.2403366339715 27.5037339320277 6.05603658026278 7.89885879756022 7.74638365762925 7.57895871735038 289.711888232169 349.716050760737
26.5897267382312 24.414464635997 9.68076489116396 9.49415031990263 10.4706550653621 9.46314611622943 283.467349599848 379.289774527516
22.0099559032021 29.0114205485886 6.68023431073185 16.5081427455907 6.46956133074158 11.0858448818508 353.575010365434 321.331376733784
23.6933395804912 27.8157319775729 10.7358906528248 11.9315548716303 7.59774557936296 7.91665697828991 265.77108222172 377.713925099549
25.0573046636904 27.3714365648168 9.52623518584576 6.33065641750241 11.4169144025815 7.99169915614201 300.101425514688 347.891318313873
24.8541272002319 29.5426268123454 8.63637850789284 9.50848523138509 5.65419872710722 9.25105301836295 298.873454471753 337.465368008657
25.1968111944068 29.1450193071395 10.4142424342954 10.942138908399 6.26137260652647 4.25168771094569 314.777996293936 280.877260527192
27.3149362780518 27.3250329590157 9.92996133295337 10.8631561385666 10.9098834227344 5.69574282040908 300.714293500588 362.853726358701
24.4934011801631 25.7364378302986 10.8046371967932 10.4150308753435 6.92136582458141 5.57265773048166 287.627055994276 382.616454340861
24.3158347711022 29.3545584477853 12.282630859578 11.8989299766436 5.28842177787447 12.8407038125358 259.959262706146 396.009213355736
22.552701112279 27.6513678051324 13.7751570673233 7.21395617213225 11.1721642566825 5.04767467105177 305.525934676831 343.101271330919
22.9765419003553 27.9758732821631 13.8970664615448 7.85393522662283 10.8282941858871 5.9148908614382 274.096789596092 369.772632616385
23.2526511766814 26.7459356861721 7.34821692615262 13.9554654582996 25.3886077205278 26.6033313348911 323.414653717472 343.548385340871
23.2783267004781 29.8223265768792 8.5264546010562 12.9205023575531 13.0559973627113 23.14440491618 264.121559017499 393.441043301435
28.4498853550207 28.3795397203509 6.32176179878016 14.593736477122 15.297083606744 0.865624060282042 342.067832472922 341.901692378296
28.6347941161396 25.8741015157541 12.5471804348463 8.84767961877096 9.07085211124742 5.3317137957353 286.528087833367 401.837770594537
24.8515731685323 28.0689935928645 5.3596718700353 20.5375927685945 5.36621913567782 4.40115154673466 284.835174584717 384.975104489942
25.1307480182937 28.6821664132157 9.06537674276827 13.9011144491323 13.3117892321945 5.69319494570197 267.610344079094 378.485133392268
23.327556504086 29.9013867072702 12.0373334638554 6.68499416993593 5.1648010789158 6.3320006209613 323.339063755804 336.606419499132
25.9157248521747 26.7058402942324 9.40670761000513 13.8630559882723 12.2620025476315 1.95578859197014 298.018923163756 381.816259522448
22.7213481476656 29.1800095880166 12.2764538963208 8.34508147257744 14.2295618143384 9.43475651527207 311.732682540235 307.55786544309
25.6022738553752 26.9487700575963 2.17259674923052 13.3584411820597 8.67315851943843 2.00242600213381 247.396305617991 409.703725542511
28.4811310100168 28.9484107802448 5.37560125143681 14.2071415245565 7.53174322776318 3.71333524860042 324.195083413638 302.036900508564
23.0507478407991 29.5263881008555 6.96509582012917 15.0225700874081 9.03490264532421 4.05253148826328 258.503373859283 391.440184418324
24.6109161246514 28.1255529044965 11.4825117597373 12.6704880427032 9.63921856554531 2.39059205164597 271.269015545819 383.005359197698
29.4778376482133 27.5296519621925 6.75187136647891 13.75857765889 12.6564857742995 5.53004172181522 297.422489144078 356.860655413315
25.0348173133609 28.9212909255488 9.54159913022896 8.44081364270107 14.9889419183898 6.1539948979896 275.503075298424 385.629303828103
27.8607470247097 28.1120305623131 7.16596993336357 12.6240870527349 5.14131336422197 17.605463768015 324.689366417595 358.988425725402
22.407245736151 29.474836369897 10.406867167501 9.09574609480729 5.0877944080107 3.11377364441616 291.695235545434 351.508538070298
21.3192334949077 29.7185555717498 3.18625909973665 15.1795502512368 6.30809762736377 7.10449984730024 379.047819507235 221.236463723086
23.3542382455057 29.0584529947274 10.0176948160374 12.4853651740084 11.7485483730218 17.173501237249 336.626583935363 293.080549805319
24.2898669649364 29.605884204591 13.2791996754565 9.56956043455563 17.744349260304 4.38885102334309 312.498222976326 318.010094471057
25.4408689016393 27.6578559550332 13.3072551856758 7.77363111991863 5.88336338688606 17.3799397251438 317.178094512031 376.343477694994
25.7112754321543 26.3890643769241 8.57219252019475 9.32449024046379 7.06374856639591 1.17743559550314 301.040906973003 377.031104801569
27.9161547754062 27.628573922479 11.5168706824697 9.55574370699527 16.2120809553324 8.6966992967075 331.163261476401 330.056125357589
25.6735591698113 29.4732011715015 13.1155631799309 8.04666456761583 11.2819941557956 19.7231001434728 324.641428197456 251.294348427938
24.7254979732045 27.0392221227519 13.5035230054677 8.61684071149095 7.43889475009492 13.2713405504759 280.80984497998 353.405161139209
24.9722922613221 26.5930792759416 12.0999777293539 9.17791372417139 8.00422218191006 5.31455319829226 284.13720294661 364.771197305904
22.757611860349 26.6257675338375 7.19755641719619 13.4254694717675 14.5895774071645 21.3330520003399 315.725183348614 359.134710767249
26.1582172406305 28.3366839631998 9.16659324214317 7.94974001700705 7.19801056645183 6.78474185558574 264.369261089392 357.075323798079
27.4251255641136 26.1225827571316 8.3615933068854 13.7517189337518 9.26833452807254 4.67344747070923 275.769237288988 394.15260654074
28.348161109849 29.2353940159112 11.3012719104591 9.69775810495929 1.54909331346147 10.8845036243337 218.630735024295 406.505726296535
25.8238103874606 29.7421100408636 14.6849555180568 8.24517191776973 4.90859534021287 6.68203811930399 232.013791538028 392.865450908639
23.7531475399674 27.2088117003298 12.3410877989001 11.6428468391601 6.13435714223449 14.2601103662359 284.840601850181 378.135506395951
26.311053856223 28.52830479438 11.8403368252858 8.79212600422751 12.6064919149919 20.8676977398839 269.547738329335 393.617021854077
24.3537155381113 27.1963853009281 8.72732346400872 12.8404475708862 9.17229251469035 8.43239382572904 275.347468316356 383.699866976891
26.2933263981788 25.4096016186346 14.0491300182698 10.0654506505307 4.2695838943823 7.98118807387426 265.209305095088 385.325042323941
24.853484142786 28.7336058980367 13.910393342851 9.26177308094448 13.2942978989023 7.34424502816926 294.360529177755 350.724579994112
25.4510502854205 28.8874973984783 13.7969820642147 9.11699353739647 2.36228177501461 14.7634997782756 303.138975431124 358.337535664439
26.5300804005619 22.5933882722623 12.790066280919 8.59642961270579 10.7043934283249 20.4796597545625 280.282631710092 377.046142382799
27.577901981221 27.7299776387174 11.8928014533916 8.79884385403166 13.131586305681 8.60414051166002 321.405477555909 345.001073706509
24.3780041536947 27.9465504920747 13.283233233984 8.72152931195245 6.54207127731831 3.19175532600684 344.286003554576 293.564558278789
24.0716819241425 28.2484184152896 13.0822198218593 7.28029995863913 17.6666199734899 17.4699837244698 315.107798278869 331.302974489309
25.1341268891034 26.7974090953463 14.5165267126589 8.95879215696231 16.0673569129233 20.4788328750715 252.844547527104 394.923680594905
26.0660292844967 29.2803191119568 10.8524864920132 10.2874522642301 7.03750734576171 3.03074029863278 249.521631453725 392.527377501347
22.4479434166164 26.5015542593653 11.5537668944566 9.2126346163295 3.55874962226761 6.29296667880179 309.089769326493 364.839569942576
25.0894259572551 29.2244238590465 12.5568631292972 10.2423745469809 23.3364817330637 21.1035962540416 243.153752091282 401.268020651765
27.1481205100668 26.2177752851688 8.91737514180438 14.9331974280153 6.58150988623915 17.0720839418034 312.379813873417 334.874079436648
24.3460371251532 26.8101153603994 11.6676342371393 11.6166900611506 2.08126882292701 4.61418933923037 312.31469802894 343.128018492482
27.0335942023735 27.3190047003757 5.9907562258524 8.52987783611783 15.8597483466139 16.7669389275666 277.814061374624 347.915160737285
24.4073376680629 29.2415660087156 12.5003811786742 11.1003079520441 24.9997879549853 3.9251464185018 289.448445314126 406.593689081811
23.0717190398063 29.0923350851741 8.73981049059373 9.72369508991078 20.5519179104642 7.517661454421 273.211496262707 387.248203578236
26.7739326137694 25.8940828072592 13.2712740479161 9.5205465195515 4.33090676851367 13.3754986123034 303.26955373343 314.296351362042
25.5798165580973 28.729317745429 9.06111453052894 12.2860429080869 5.64062808167998 23.3613499960564 287.679061665249 347.28743436426
25.013062503305 26.8780798213863 13.657187473944 9.13187143361054 2.66827523559343 25.0562138028053 318.296246315232 309.815897959673
23.4068895281455 29.8067184624081 9.20003484473538 12.1139466905346 18.1508489877046 8.63092646365692 263.353141784197 386.38258526424
22.6002173062224 27.4503288610487 11.4947292140462 9.09437167793752 8.55734557153387 2.03895005797555 317.659594542567 280.560520699071
27.5069647525356 27.6573167817718 13.4278114147245 8.07921794708866 5.13244484222712 9.1743546873687 304.62556571568 348.049438199775
23.9657200094305 27.3694673098661 10.3062061070125 12.0238695527262 9.94052607270485 15.0344176425683 320.055547328116 323.45573638427
24.5770878695209 27.7018487506669 11.590327951119 7.8913978343577 14.9995220861668 11.0125825119314 295.022392896535 370.416589358127
26.6106159973402 26.6479259502671 11.4633614610449 11.0744766757919 9.28264085990952 23.4112490715145 253.272646209051 394.69242509438
26.1364955161867 26.5683659003657 11.2500391774413 11.0223104399442 11.1574154489851 4.93317091069271 274.487315514937 386.198227116872
23.3461712454321 27.75938692476 12.2366104191784 12.1506163047439 10.5697949419246 4.18668886200938 256.152268003089 386.991823681181
27.1902773023555 28.9777186841621 7.79233688200211 12.193089913831 10.8334024736351 7.82820214808646 243.048579731836 388.673027588599
26.1655954057274 27.2138161462314 8.70034962077763 9.16115705290418 5.87617061429778 13.2957677590217 300.751976581608 328.890814067457
22.567130085142 28.6716757396861 14.4452235789027 6.4849570109294 4.22697278045265 1.58803528861251 308.166688501378 336.988818887687
26.2295444192413 27.0930314494027 13.0797811100149 6.24754973056456 16.9168859521475 6.28815298694565 307.806531982126 352.111779561259
25.5126174959465 28.8675361081569 12.9964597301166 9.00508494727575 22.3469655487386 1.57282621078688 325.103514945643 331.576265745756
22.3229282647219 28.0135414754658 6.44308224173211 12.9859217886025 21.3556754922019 8.90200422808122 306.495982618588 360.830966810714
24.9743726226993 29.0643427138348 12.7097549944284 9.10493631415686 9.87286223073854 5.45044512321772 309.457035259378 379.99458084908
24.3764266006671 25.0276109472178 12.4211231116006 11.4590150118447 14.0219682529079 5.68446837610393 319.257732511891 342.496660136199
26.6481157973471 28.6340858665392 4.32163272446415 19.3533244504845 9.32072550334248 8.70983407142112 202.724025314021 415.679439517324
27.8356909466768 27.1728426552513 12.3421416113236 9.51041086209108 14.6322248202187 3.33504542760887 306.096001056602 358.366206183127
23.9770457497707 28.7972294546018 11.7588381203826 11.1313521868348 16.2055039051125 9.89086834965769 298.246233769201 371.769448294261
28.0113082922929 28.8207254907603 9.1386285975388 8.3524108541592 11.8247465896235 25.7722228345146 216.095751418224 377.233616182276
27.5905935353003 27.8780467261186 9.84680334274199 10.7034948576508 15.1568790566504 6.33203958274127 284.671210683623 368.927965581503
26.1804617789883 26.0015250019093 13.5930392633122 7.03289462200369 6.6650493886477 6.96829397603767 237.424474462156 393.313041847055
24.1873964185037 28.6903498979389 7.46181861770205 12.5272532988869 7.149633905716 12.3056785845299 253.518300486158 400.945726935595
23.1426637897703 28.871784351303 13.8012638775029 7.50637211192512 8.44345508448469 2.71614482685656 311.273061324341 336.807415438517
25.4819457337787 29.3878200345846 5.96571959631702 13.0354786681781 5.60107220175618 14.05493526199 220.73601267922 384.013252707435
27.0835368766864 27.278183745163 6.51867772111586 13.5385941182775 4.55421052825472 2.90539715666105 273.889541500034 371.509351249702
28.1041335570268 28.0028966708014 8.83782962936358 14.230722467115 12.5783745928231 2.0842048639843 327.199292520662 327.140377319278
25.1563896034136 26.9614136458976 12.1275115809885 11.0013018013452 9.67669664670621 7.41941978253576 326.534178858079 353.58997432695
24.8620000070342 28.8975762161469 12.0541699721706 7.79186955073461 11.4445535849508 25.0800971792827 252.520645344022 401.901305870147
25.7849301825145 28.7453953924803 12.6987745107277 8.0450884302086 10.2424157356458 2.90737136905738 286.000459656358 366.843570677852
28.3950014524155 27.2288748314442 5.41605645311296 13.3377015368925 12.2220576719894 2.23161994810852 289.886581370844 386.112284421814
26.4089414545702 29.5573850368585 13.0929449197919 9.91794237113919 11.1425885886267 3.94726654240086 246.045085347588 410.371197117889
26.3869068547855 28.7602479430657 9.33298251002182 8.02995199203068 11.2832874304838 7.17789651299825 253.165409928922 393.873145279695
22.0741756846415 29.6231017014079 12.0181082519913 10.8305570893987 7.44942379151437 19.1978729663082 285.919681061342 375.650040181661
27.0678034971753 27.9667233161865 11.7021036548798 11.4404760020215 4.51813412607938 20.3427577915025 309.931146945744 336.811777636696
20.7982432662265 28.4465139740475 13.8661684119594 9.65800850588624 7.26224660927643 4.50592026540985 327.606156580332 328.711109869043
25.5022603225812 27.756254638963 10.4336054675504 11.0252817408056 12.4779723767119 11.6265875448247 279.201470689912 375.748191141034
26.0393653022877 29.1546144744855 7.22343872933625 11.5159963828637 10.3793992396252 5.11181868244647 294.90549572708 389.370795312104
23.7454912536489 28.877288791242 10.74087144289 9.94050426525968 6.54210850862937 15.5374749180562 324.145905287898 303.38269565035
25.0349576352952 27.9761358834084 13.5127319980154 7.60289307917494 5.04310929136742 11.6491022857265 299.399118763324 344.349644266161
24.8893828587857 28.0753294509394 7.95311959818624 8.65318780047151 9.91599674601345 2.27711364045976 291.737472348113 349.111177000465
25.1491449716642 27.4456648552451 4.7258380754299 10.3227523524346 9.55879486208306 8.28517799142178 224.951044404685 408.048642373253
25.9734003713625 28.5003833141371 9.58725436330303 7.95286692412656 10.4184933125217 4.83527427493293 297.295864579487 379.918584846478
26.688135654902 28.2027445520679 9.93298722515947 11.1785539494199 10.3787769497126 17.3888583218768 230.564455666856 408.69699678761
24.1992226926879 28.2566106088918 14.1080971443774 9.2406533937803 15.3708614393402 16.2021858121365 320.136121366047 333.107233468102
27.0144754220854 28.5312258069585 12.3875943505526 7.95244340832031 8.9519055694801 7.59839784593475 313.042557118737 306.502945863816
26.6981163761803 29.1430933375774 10.5523462774578 11.6333731755551 6.06698790301379 3.51947348605285 216.200233679941 401.277374449242
22.1319268340614 29.5710742475836 12.6332789400652 11.9990828524875 0.639515339075891 10.2409211506633 318.218076313862 356.232499813045
26.9342996098331 29.080178865617 9.56140699891703 8.84952652664763 5.35289478517176 6.3202273572864 253.194910352857 410.538338480687
25.9340035451502 28.6862252283543 10.6731038076129 11.11716342938 5.35022726954643 14.1369630559471 347.324600562541 313.362550495619
24.0521226003349 29.4520804551401 15.5133755142235 5.86073365176203 4.96387271145719 8.98791448234818 302.221128361158 352.748359208345
24.724429231413 28.77808086511 8.22780087552405 11.8835412057652 17.4832369030796 8.1530351721592 311.6410357197 300.647418052381
24.1179841313456 26.5585005373645 3.51288498904596 13.4721515228815 12.4219867180413 14.9018834547201 269.706527079173 393.633421329198
27.9749850566473 29.1483279227423 15.067932189767 6.02162472487784 7.07948935723496 7.32014722268112 285.558342729796 370.780136485446
24.6633203726319 29.2698310173497 6.13390687334382 11.9049430370558 2.7227588121528 11.6952412310153 265.000846230249 384.752314142701
26.389216480001 29.8816358649645 12.7138578102406 10.6773524746801 3.54735209340202 15.372750356818 276.683877161986 384.652027471893
26.0230800318675 28.6116554146904 10.170703416928 13.4660691317699 7.05051655376124 12.3873693803759 228.952309728594 409.779583005866
24.8504644445718 28.8223115543501 8.5709167881027 12.8195137673323 5.17502434981705 14.1968929028299 257.366901006237 391.050981167948
25.222626177631 24.1043010125028 8.42871292011484 8.52804485116797 3.76742594920506 8.51846083593085 295.123105061843 373.498289958793
23.5435400603405 29.0656161693086 6.11962094654385 12.679926766943 6.09205504338735 15.4803729146391 325.963423161181 341.398409123914
22.0223509622443 28.8526514014034 11.1289586362053 8.52639578500618 8.41085251698306 4.51168334020968 309.566133951478 345.636507891233
24.9164470350477 27.131697869234 5.2430647625177 11.0148212770134 5.66031216748206 3.43408270609632 272.163447482435 382.989049611192
26.2428856391738 29.2072293774636 6.66932322576757 10.8754624268974 3.39697005181443 12.9360268663699 303.290061112784 345.326998890149
21.6105484535107 29.9892230077318 8.21165199869756 12.0716586014958 9.68403443291755 5.54341108710668 299.571466559938 360.507795596749
26.6986988863321 25.689834914014 11.4925523931153 8.51315791541541 11.6878313324861 10.5454480727873 240.821124662745 412.635913679101
22.7697754341913 28.5524919494485 11.2952672233583 10.8110291198276 14.2836925063352 11.8081224517248 281.215754170612 389.564753488625
26.1131339352162 29.2889922951481 12.2018840946847 8.99037417604849 21.3387247742947 6.65444409972734 273.809327265644 372.236286526398
26.8074955948463 27.5373477928157 14.0895607024841 8.33979072685599 8.82187267625841 12.76540034735 274.954653562525 356.974810094489
25.0973530724347 27.537655630895 2.42976597156928 15.8402534733932 13.3431022897015 6.78662141983927 306.76889347034 358.678819273047
21.4716160432757 28.7458925737734 10.2380260887006 11.9879797079768 2.06990176315646 7.56437380065681 313.99754685009 348.246855063024
25.2525321694702 26.6988691819714 7.75876165738582 10.6360911827568 6.16470381357531 2.01791286234326 259.882930205526 377.613698211913
24.7867245607059 27.7753101256825 12.5236256291974 8.5272033707132 2.62936900249625 8.59273408998017 302.24070371055 370.99751002826
26.8934073124346 29.6976977000189 7.06128015698193 7.4445597304234 5.93207845198517 9.60789659611945 282.614940457399 363.801724878248
25.540520643203 26.8651029731734 9.79936873485003 8.14829362202781 5.62151713294306 7.25946602117914 279.565139946938 384.848375399399
24.48209838757 28.9605576833564 9.44459791078279 13.2603146488742 10.8063522181195 7.52706632417022 336.751404472565 326.749076943962
24.9739082140276 28.5062040087613 7.1509546641371 11.2838807323031 7.88877993106232 5.03326108440276 295.875940214314 371.055482841705
23.6347497322891 29.2572443222799 9.42799559409184 12.1355296904365 8.37077962155194 1.58769273661887 321.52740473133 325.776513838755
22.217920488825 27.5995655673343 11.5926131158997 9.59898536717103 7.98867536325982 4.60763043235777 337.837547390556 357.532558272076
26.7568137495108 29.2344165386274 11.4126746550755 7.19040871892542 14.8060997362387 3.48377782008879 354.214585872877 281.749151215015
23.7379752999309 29.4790595275062 12.8847713171842 7.31563683132696 12.8207096566935 6.5480216789164 305.096867162812 388.433209141022
24.7003935809153 27.2571016069129 12.1704267949941 10.2927719095834 10.6200619410936 5.28298757094852 264.636427045872 377.252193340274
28.089410147887 24.4538394337506 9.2606840139367 9.20787492976272 5.49153807595696 2.06393621195974 313.580677005461 338.204478302572
26.1607775219062 28.1442133143157 13.4880003589941 9.54132413256214 5.02822034011779 6.67671634313677 328.618331337138 305.993434709116
26.9777960310493 28.3050060002944 8.95643332615922 13.1562732802673 4.79717556585732 3.60799154478572 248.650720590047 397.177272501206
25.1782027928124 26.1505734105805 12.652245975836 8.51313346263585 5.5450405019941 6.36416942886969 273.896371567907 389.046333692931
25.626576482546 29.1867989847425 11.4542045445228 9.32520237026807 3.93635282107565 15.2666701980122 260.467251593121 390.045182765269
28.5026977861771 18.1020698914678 11.9902127725572 10.2381404863341 4.89200204227797 8.43346176197347 230.616114823489 418.757194427799
24.335332659839 29.4153719202695 9.92270715249672 14.309142638993 3.62513420124306 13.3336349522018 292.078216567506 354.096499364268
28.6060670337812 28.5041780816518 11.8527680919616 9.51233835965075 3.46211195380219 23.0729826936263 259.453672501954 379.252506343222
26.7639454394746 28.4973320967913 12.4134516440325 9.62923719889336 12.5838696463535 4.02955268786642 287.476974768906 379.559395375334
27.0232355960933 27.5860062555949 13.4584613443253 8.43574156681209 8.79129924890469 4.50812105279339 260.186365242198 399.451510701584
28.8693437074576 28.5533796330757 10.3278765381347 12.9321936881009 9.19072527658576 3.8290030890523 339.459526816481 301.350628775837
27.2377700021668 27.2003988473191 5.48788225399348 14.886594329902 2.3696792265435 19.4801241530452 311.442519918472 359.964499118975
24.7515056268069 27.5003448632246 8.85519750684436 12.9142469426529 7.24691541183162 8.17772808298579 309.635346206612 323.624829592972
27.1956964539611 27.7730995487115 10.87291537109 11.6983242563132 5.01833929740956 1.6831218099499 294.442144593684 366.425485462766
23.8491205452884 29.3659865287866 10.8263285602679 11.0483813112111 3.25569731749086 21.3293865466489 315.581618859071 364.037541479293
26.8905143777805 29.2509864183143 12.6837482234202 10.2136682227442 13.1417210730503 8.81079034313187 249.655613855403 394.543918200249
25.8555639019267 28.7245570146564 12.221815530693 10.3487797316335 3.24686026959665 7.39037897079164 257.535489085252 393.734170073062
22.7893559502944 27.0970785060511 9.16929475141367 9.67379934921476 7.28937526742394 8.53662969589804 260.121034258381 377.686919422224
24.1773316751856 28.3280477910778 13.1145743902328 8.53394778877994 7.80697996363848 11.6889532934782 262.60444629177 384.558704396596
24.2129131793702 27.4277355172353 7.82240808311921 8.69138431746179 16.7668381381265 4.76819083871518 256.112997975681 390.206148499684
25.4826745160447 29.3056983434774 11.1501001654608 11.116323070844 8.76808169707502 3.97269407679627 316.165698840191 314.218434889601
23.5473036736914 29.4386973770733 6.72619903939159 13.8182012339042 16.7361323134098 0.511421411645883 317.02277810967 397.636504535629
25.8316237010273 27.6114645198425 9.30460094917574 9.2923000128858 14.7193934714362 9.23433024961381 291.700215618329 371.948217378001
21.6975737618614 27.4018108298523 11.7982365932312 9.37474028425832 12.7437152859608 11.9396911458374 280.855235959422 375.567220260653
25.7793440841604 27.7820540944347 8.31264273410186 6.39748716553743 9.43164988518168 9.03868256041742 251.618909928611 377.325175285239
23.9985139066959 27.2878779999304 10.453280570891 6.86641603398271 10.7552000021383 8.82956382703809 320.325592154387 251.012086184929
27.3459951259238 27.054377814963 6.51923003894527 16.838070554391 10.3823598138587 8.02643003050441 325.692505288756 326.430535529901
26.4248982081079 24.6615162666938 6.39085808965766 13.5782257415529 5.92886222014808 10.2161686660229 284.386184079836 399.678652121543
26.099367396426 29.1196117939694 5.76052168894889 10.5178994461984 3.60227624097803 7.02503356109408 245.64546982509 392.248709660921
24.856572605145 29.3233101174771 13.0353064402108 8.14401958933417 14.2235499282679 22.7670695226855 247.086966392345 376.765962120643
22.4926965607059 29.3437192388743 5.15431901976779 15.3107757321429 6.62539621302792 1.93963446722205 270.54531585937 392.835981286487
25.5173805728589 29.4046929732191 9.3784142965082 7.85388592842688 5.89662019271461 5.33773735629117 326.199892553796 326.395938056058
23.617653323144 27.9822538721528 12.3680522106837 11.2045905444392 4.00951945235589 7.95060280538013 317.980055102752 358.733213180129
26.3195013135211 27.3723576239799 8.93493931441565 11.5350379339976 6.21185238235754 4.46017909331316 286.697890752035 349.715738442007
27.2032565937625 28.1390829218401 10.8815510559234 10.0626638479018 5.00763552553332 6.1099325580665 313.368766612222 336.122485132975
24.324163446839 29.4196379334387 12.0891761006266 7.98030317781241 12.6289176500788 4.23430356861407 286.753421630046 371.225383743023
27.8065331318411 28.2530565936682 11.155993231913 8.19235927107076 18.4703638704338 6.94015540365743 287.30720991711 340.185362039198
28.3889649117986 28.2028042868288 10.5773138098808 5.10263228151813 17.426530179254 15.6273383446179 297.825465233964 312.703998873491
25.2759332790346 28.4470247309701 6.42973110197991 9.02874753173042 5.85925568522152 12.4931083105653 252.110674811135 367.249957591301
25.3076150163594 29.4779445208454 7.75042101388628 13.9598710733407 10.6338460951577 10.1343672636498 254.73990691687 386.817420182198
28.5727014880048 26.4991157484358 4.93998265039987 11.9380535267149 3.03438595461103 4.87775286889829 258.931373325252 387.968935318678
25.3844199246988 28.3936710585879 5.43500580573625 13.0087450426908 7.04859766058309 3.46182301120341 323.928673229974 308.266004935151
27.3554784748926 27.2567846521772 11.7207335796514 8.66210286633071 7.88119305269065 6.91667909905991 265.214459245289 347.004152573975
24.453577471166 29.6762525573007 1.72992401945896 14.0022863076391 3.68567106487517 17.1448398174966 318.582404559257 352.27629554422
23.961340768093 27.8265695421266 12.6339093477876 8.06576025071349 2.94908211439717 15.3264267659553 261.820344202227 396.972050212304
26.5688539053615 29.5371373048797 9.77394921181891 8.07721559235998 7.35064499061256 20.8571823610361 303.236103204004 334.108275553381
24.4046264142026 28.7376519622548 12.5731432753482 9.96123680701836 5.35771956146797 8.69500131916557 324.904410691803 318.053317714492
27.1496422520476 26.3852525702277 13.6331943740875 7.65388416034581 7.99942094705322 10.1563693144062 227.998744919499 391.077999931622
25.9720577038669 29.6835972857825 10.6115121393938 9.51449342451052 8.58142080662616 5.86704921925943 257.318236124596 368.41148091788
24.7817701075538 29.2418849465599 10.7740069668886 9.41746186829001 18.7452341793236 15.2357219628161 293.726377092159 366.061653827071
28.0072212701099 24.4788044889015 11.9755289286326 8.67682749899746 9.31570777748966 8.13253558432675 271.59362114454 374.668427194547
22.9625194942371 29.8274278864938 14.5028309499177 10.0916897070387 9.5322990388167 3.76808344717329 296.747767848394 359.869731920977
24.0695897714151 28.0717171903573 13.183340140915 9.17580736976548 16.429788641777 11.4497261851357 298.727212709746 353.232644841101
24.583625587249 28.7070900939064 8.91273299362519 7.81941875655183 4.81337721093073 12.4957248298558 304.519643900369 330.411632509093
26.3500011432642 28.8465605861019 3.8364956155663 12.2803057014439 4.69378929132798 10.4060877781035 250.820603265038 375.223206715879
27.7924102055609 27.5714582949539 11.6791778503974 11.7280420638884 4.80828570049237 19.8145843714302 300.00677186809 337.440541734205
24.1463441401436 28.067715532414 9.37883042758104 12.983600252987 11.5712186843454 11.9662406245423 224.225269330907 378.463710237702
25.4730134209984 27.5665915187642 7.9664172021449 13.4689137968767 13.099262101761 6.24986132659375 318.564990357432 330.362456897045
24.368546355044 28.7613995758803 11.8120019548705 8.47028043272657 9.2067206218594 10.7695705992493 305.715200934571 327.946511547025
29.5303400280888 28.4994868964113 13.2334027454122 8.59310271141921 16.4836287296822 11.8321542227705 272.825986099249 379.720847188408
25.4459960816422 28.9921584750554 12.8880292463644 13.0960838105597 7.00356040666375 17.721503403658 314.798079069179 337.566017720954
27.0907191375136 23.664796888857 10.3305363168056 11.7875614505161 7.6449346585887 5.27589291051799 285.70454615597 385.366706511376
27.0698435307749 28.0665921585645 10.7821934795424 14.8850710704342 13.242419127678 8.06221274439055 271.039671810847 384.269037420866
23.9973121276326 28.1644826680295 10.2728974807069 8.89354388197719 2.62859581398647 2.75459944398365 350.15778226054 322.50539641381
23.3439645713639 29.7847967582104 10.9617934775206 7.15412893280797 10.8689594055861 12.5700688496398 268.200021334249 379.711243686974
25.8876495890394 27.9370572229691 12.1036561791053 11.6289267515035 10.4625493943287 18.6939773953396 297.454420118847 350.432693271283
25.8445896023763 26.8267796876645 12.3470053735097 8.49007362938814 13.3416687983403 19.5979196350345 215.157619204836 410.236038045911
24.5928175843832 24.8939358294267 3.46045982805329 14.4732624336835 2.12619212524413 1.31240432999013 322.232382555133 417.560418686796
26.0571143689171 29.3951537924147 9.42169199439772 11.3120627463152 4.2911938891822 8.64080909141253 250.842984451928 387.767595430792
25.4309333176549 27.074338075486 13.5951103716456 6.65908253162826 7.58061895649788 13.8381008289794 297.367733087785 356.922735883437
24.2701010783374 26.3059649707819 9.80184062591469 12.0469619746548 7.65640418396755 11.8766533453321 300.694249745391 353.980855359099
25.0662012828775 26.8001017341784 11.7079292107298 10.1938142993808 9.22959312708567 9.31553106850358 309.378851312054 341.506780484897
25.1892508447858 28.7419553060196 7.05913661360825 13.3199088367587 4.50829386773222 5.63393441230701 234.869701919916 402.267273201052
25.7808486213308 29.5896646080779 14.3787085090898 7.25585739301587 16.3044903853507 4.17296009942568 293.805566033923 351.181763310429
24.209112764618 29.0877537707531 15.1023686091146 8.66927580321561 14.3425025730206 3.11687660849593 300.843807036294 330.275038933425
23.7799132978409 27.2131193418897 12.8863488822993 8.90894466291119 4.64248919477576 4.17653034377619 317.112616036204 350.717839372527
25.9993612720018 27.049126618313 12.6468905193301 7.49414403866388 6.01312752131973 3.43256761765888 265.389489132456 382.270726391326
29.0901341750957 28.1843926258157 6.39456745570072 12.5660688830624 18.025523126598 6.843663573591 326.137192256975 344.341505592176
25.9098304536264 27.5001320205079 10.3242390153145 8.99387552959535 6.9341134227084 11.2482962699798 257.728952215542 375.445123312349
22.7240730739603 28.7027017305349 12.0491127905545 10.5248555938827 11.3930215700473 4.87309417041999 265.96138512405 373.694783929229
24.8529789076583 27.2587216181285 7.59666054282084 13.4573243358194 10.6745409405436 14.2881094544175 312.552085989855 350.376749456347
22.8342699213912 28.9030340125926 12.556368585403 10.0063869358446 13.4275208237938 5.10879503707936 269.772880623431 395.749581092933
27.5351739108544 26.9789242884334 13.0234144472312 7.24401589058728 15.0352917982598 3.04223510795319 300.522832959013 354.673324775915
28.1428577738456 28.1742577194379 6.04275298656642 11.3267206153018 13.6978487108328 19.6699615550961 239.818234590565 374.063061576239
26.3822769623653 29.2167336589133 8.89563004471219 15.0796815822817 11.3403794223229 14.0641637880367 216.057848875801 399.879270147119
25.5341943244439 29.4456769133217 12.6232016924377 8.6269514078021 2.87100359928767 7.1706511976112 333.887607993348 287.555401719115
24.3127624729499 27.3807852035629 12.5299557523377 7.94175399889106 7.57058492589676 7.64585920713781 337.857042283427 351.039358027553
26.0308553087805 26.8952942537502 7.65666578714368 13.9725929310347 9.39841196110086 1.39970241212588 306.464762252056 370.560076879289
29.213088230656 28.2064345610681 13.0449832628382 7.95006155809735 5.59328857018693 15.1779928199595 315.915853208501 333.756024823834
25.3654285753394 27.4894397899889 14.5052448320719 8.66531571420989 27.2309194860402 5.90738029840847 305.470052287379 378.450475429995
25.2047231082772 24.9351984723076 11.3586251426065 12.8852945462233 5.0120923091972 5.38549554425971 263.451211884687 393.548786113519
25.3260132452051 27.8127748165109 15.7687189176993 6.72605529358703 8.06416403892518 2.43721025317265 291.264554806286 350.492752223858
25.4647686869962 27.9923881727514 8.95902058100648 12.1925249861228 14.1140219337428 5.69900177183347 326.714892355388 343.210641299348
23.9640394715077 28.4465100081074 9.10114794839067 6.6891136579336 16.6492542028418 4.70115288094421 301.905565945376 333.751950616452
22.3293118743905 28.5651743526315 7.8888116456161 10.952725935715 1.96933913245344 0.822746974147606 313.28446246063 310.12621858154
24.1422411535977 29.6213570715957 8.43689120370434 8.77659630490978 10.0894836480897 11.5110590714381 332.968774373752 299.975407562878
24.8466704753169 27.0838683371064 10.5789085184684 11.0363006004715 14.6540946216349 6.71992573617354 312.523526591907 357.037199027993
25.2602817555735 28.0021228759358 12.1490697345788 9.48605265982908 16.5248181219305 5.15718295137648 303.665971390828 357.905975026078
23.6313922179702 28.7615172067306 12.2783907990798 10.1392142605776 5.33327520286144 17.4499976934835 292.638336068057 368.947503263237
23.9341532770092 26.2455177488631 10.2937817700563 12.8533434377393 16.9779565507945 14.3796313018081 263.153385052728 398.944814469296
25.0784906342026 27.533937130212 10.6057864115757 8.35571066051868 26.0220563190602 17.9125808605516 272.731976232187 386.12810333783
25.2720096063642 28.1249902613169 4.76092596732024 19.3990350060076 5.55375636733106 9.1413300468357 238.708609520656 389.048179044304
24.463059237665 27.9428875244232 2.77992085573396 10.7348203352788 8.11402346520321 4.07771550263363 291.441954196208 373.349826618926
23.4785332273544 27.2358392889149 5.52637569749258 13.394148257747 12.322149359119 5.46247584542489 239.833640653461 363.032528258834
26.4715552958621 26.1279077923578 11.8390141709723 9.85953668348519 28.1715518778095 4.84702631470554 240.092416402378 398.134267209465
25.4214141707317 28.0303752916516 14.7999458902927 7.60806732977132 23.8083413493686 18.6825031936659 312.043699110525 314.675679431961
23.508949025004 29.0902122416403 14.2399223480677 7.82376679895227 9.21505948910033 2.14458206572798 250.46458760284 361.382732645252
24.2413424268578 27.9643661240268 8.96865172625583 11.4170720143575 4.70005971636541 13.5580106562935 297.484440574737 382.401188446315
27.3536459170685 28.2525903055923 18.7157428649343 6.30244842303131 6.9865550798149 26.7447945746071 311.925812504388 325.482579439836
26.1318219556359 25.3968349221477 11.4891927372789 8.27631332559613 5.89586022611238 12.1718166730645 252.107651148241 389.148504742435
26.6377380142967 28.8874476086652 9.44266343058089 11.4724824830859 13.4910404951485 3.46438760151413 292.935977316104 369.316305461927
27.3020696906063 27.5799304021277 8.98732009978828 11.3458676523843 13.1951955834003 6.84916816040056 298.971352115827 361.934317124213
29.593536056262 29.153525737163 5.51075531244463 11.2895374171733 6.18948501246217 1.26489930297006 305.359567753352 376.229174001476
25.0508349271976 29.3926952284276 13.5591088052549 6.82743110060796 20.7467673568661 5.72141696898676 258.268133318178 388.815302808966
23.3959002672731 28.4488342291235 10.8775998129578 9.17096104349474 7.84523385942073 11.1645067891847 266.151812860154 383.436914213128
24.7968519621564 27.3835478316474 12.444541661124 10.7357510070545 4.00150186412199 10.6959440461138 314.661699111416 317.133229605225
23.994544708801 27.7774164508812 9.25859533692455 11.620839494833 7.47832937307204 14.4531245747542 297.031671405943 370.479676521369
23.1792471180427 29.0011686413758 9.67113430283615 12.7745506803809 8.07672206813551 1.70287718174757 331.290380783942 280.811869934431
26.4180414589724 26.7964224033058 12.6524590766985 8.70115107629278 4.72763110740076 10.8748498479254 263.202053607932 369.42315930253
19.4933186017838 28.566966307847 11.0502191578339 8.10654269246653 9.71037248517985 7.58635954176282 339.064196894224 340.188936567818
24.6265068119282 27.0382936723333 8.72711283410648 14.2925563237111 17.7662861671838 18.2558939934857 264.658281627121 392.128953666424
26.5921583429277 28.3517296173694 11.4761213356858 8.5679129864692 5.67330383697813 7.04210604664016 248.579858486321 389.333559738159
23.1656499132839 27.669863357775 13.3043457793389 8.00122491897145 9.48045044882 17.4602706543404 250.05108665447 383.72725467242
24.6459332556447 29.1401827161663 6.8702500139529 11.3121254851165 7.25926594993174 8.94567919581667 304.708750790344 340.820397422375
23.6693970780007 29.5767645443805 7.09211733897695 14.9533183350054 3.66820577436236 9.49228822779728 293.605985453186 387.501654560503
25.0984229686511 27.1020313288871 11.8242743055038 8.39973057816107 7.44550190869514 19.2060599512309 271.383966979069 353.696561715991
25.1061872254395 28.025013145182 13.1222822944335 9.16621207677471 7.29337662843826 6.91705821689889 335.875289141624 328.764115298985
25.1428567275795 28.6688085585029 11.8375089774996 9.09051206152673 21.0902609999033 6.13105992183238 312.970290359668 454.960527338153
23.5441154911999 28.7124288883727 9.35707777874052 14.8770888138727 9.9092889817862 5.96087421914974 322.327706829552 424.259300764632
26.7984443645824 28.0172720613107 9.78989977288475 11.6249398993199 6.73954536211022 23.5531860473966 326.960854580533 329.854499118633
26.4345963535648 26.2629589300063 8.97750988481641 12.2152550826734 8.83182159089035 8.42800786421903 325.079406724628 341.050863100301
24.9491163512102 26.7271316999334 8.73361859203925 12.6964331534907 2.86347733853495 10.1374775301547 324.424883807293 322.129871126264
27.6604069315489 28.7638953232175 11.8792946149647 10.6802537816732 3.77052529634825 9.79706178451283 230.609452343824 390.744104591674
24.5189895763304 28.2145027508364 11.9606683449922 11.5531593319047 7.55989362747954 1.8306495335786 322.321060168986 319.465756436234
26.559875160753 27.0683526041546 12.8848961629892 7.31552488829915 5.13345248049575 19.3520053398468 297.912377151982 361.781740490566
22.3003645183364 29.4301238941625 9.29962302948543 9.07589385110915 6.65246288180492 2.96668200836339 293.020223039743 391.726830176146
24.4168303609017 26.9021255179794 10.538154020087 10.3292075936185 5.49678967677286 6.61734432918545 274.361593566782 389.975259084687
25.3011330829514 27.4124260093588 12.5057589558453 7.51695041101475 5.892711509108 9.33054415531404 304.538381435823 398.274749107135
22.6938997186816 27.6222922387722 12.6326925638956 9.54486407017905 13.551236826075 8.76728417037457 310.889209491038 359.210453736314
27.3456619795777 29.1436417690708 8.5474780445343 14.848564189741 7.90883365587235 1.18424342240125 312.278812666469 361.256531534023
27.2294809519709 28.3631817124139 7.26591626998338 14.2595584772069 8.25759521905011 4.38931217548514 240.234626419324 403.232113536901
26.8008345956671 27.8118168377865 8.82385046164603 12.5787244225304 7.37299017704741 4.58660418945276 310.619635342241 328.564822367832
26.7026653846076 27.5068538363332 8.31413188737867 11.4278157785838 9.69389847886865 5.27747011136722 319.347657973222 336.316618623182
26.2838805925612 29.2195212480569 7.98299591872235 13.2601536951684 22.2348510652438 7.37858579064432 316.645327048825 310.511831372874
25.5663686860284 27.6136976317056 11.2852175907552 10.8838572324765 10.0099907053203 4.05570552384003 310.61657905115 348.036632241396
24.4738887207791 28.7727805323429 12.8816550835943 7.62863518359923 7.39928193009236 14.9850326803139 344.741461672986 342.257097370765
24.2358581624763 29.0824924570367 5.43481425779541 12.3016532533043 9.75945929530094 15.3190091009162 341.9790553527 245.044839888669
29.042919619176 29.8920401272842 8.43563278602894 10.3518184907434 11.7836642365695 1.76477959781105 273.277358066394 386.292693337958
21.6309072839208 27.3545070487316 3.35710332334453 17.7694938835535 2.9559716604571 3.87693541408127 324.944326471628 335.384975421647
27.00867029249 27.049444015652 5.90643775387507 13.6175291266903 6.26184161410169 9.21762097420942 309.931605863277 307.038987719836
26.2806572305233 27.6506607492637 8.03076268783726 10.9727456300267 11.439464632405 6.65680041824069 299.230534408662 373.31196544642
24.1518684461094 27.9332269926856 13.8014258431129 7.21480655159085 7.82562491677141 10.1672946682278 280.738006959534 371.493530097177
24.6631833539923 27.012472932712 14.8397326303043 5.58595230113882 3.73462432798998 6.31168658224613 282.262946420363 364.671163927814
26.7023093408437 26.0272016062817 6.5857186353658 7.01498356787215 6.81332004381067 3.22801291407119 272.203938547494 368.613161120459
26.0011330795634 27.626028599559 9.20491378098752 11.0265597933517 5.3198388765382 15.1218247615211 305.025089608555 360.6040672565
24.1701784238156 28.3825259979596 12.7570975862345 7.61031927671712 22.7571020585681 5.80980138697456 283.446901642106 363.017268134314
26.691109909852 27.466981714514 7.6378968076685 11.6336230722833 10.1231448495418 7.02732354348819 313.009759308869 337.155684660699
22.5717411751434 27.8905320672546 12.758411529014 8.09477977066199 5.99639803205702 5.96469791195862 278.739340461823 389.467917311268
21.4252413065032 29.5197351888634 13.2603005681397 10.4948866804637 6.81412691001794 16.0442743125643 311.879942107521 366.449121467604
25.5471117925459 25.4038750802422 11.2049424289022 10.3200636353356 13.0292283009525 12.7627468696032 273.903641054033 388.91119333628
27.4022537216618 28.5681843638836 13.760753505425 7.70518583804895 9.54192365171298 17.1659487418445 337.631665089713 324.515374286811
23.7276395603832 27.7512088719455 11.1153536683273 11.8306873938739 3.66496395092061 14.7660154557009 289.010275898131 332.669241737299
25.7360264831636 26.5051681628834 11.6850568019517 8.89610454933882 8.85367482869505 1.78602760802889 294.977215300402 375.199504260554
26.7376412191257 28.9431802587228 10.6603750296221 10.4141759263061 5.63981236429392 10.3847185647157 329.650566726823 306.510500257589
28.1172686642633 26.9994095287803 11.2995846375585 7.9845250290426 5.69926884417508 14.8698245454676 308.540390017326 337.565382388199
24.1756636708967 28.673691214019 7.90065699333623 10.927500969074 11.0864298400724 13.641525016047 276.065651692609 388.590992626002
22.5221962808832 28.784485246196 7.8521743525585 10.4024705650852 3.35377418531019 3.07828608642565 330.29452674429 333.623000216828
28.2395666915975 25.336748276387 13.3029897020573 8.83603770609566 7.80140816696103 3.74544655653167 159.75079400285 409.94686845929
25.0479469754121 25.4186939460543 8.5954919301641 8.89232706100063 21.3102675642807 7.29830920236458 324.59026949688 305.11671049615
27.2392584332497 29.7901780812482 10.987819065955 10.5572795811021 6.34517725352751 18.4294982599888 252.470332820199 394.363715832364
23.7374595095913 29.7197138677748 7.91981320125354 9.31799791143802 12.4053486059651 4.36658550974427 285.331981605671 247.560662725563
22.4228593632716 28.9751156989621 12.7379466516467 8.6159904063446 8.34592932488089 8.29241069808906 297.609083296463 360.283303521334
27.5492532076777 27.1024350826097 10.4625789495426 8.63333677536321 3.60690391009591 3.21222820030319 249.080324150831 394.118765049093
26.1140662103804 27.5075376113942 11.6173070289972 9.91333268364331 11.2644375686314 6.70418330401236 250.059726093781 392.021211026674
26.1975404733094 27.4734230237355 10.9143199634397 8.9871496634682 17.7890665227782 10.8495604845811 311.105533592222 339.017741672808
26.3247208159422 28.9202008672886 9.35624567271291 12.4346948529163 17.6042175310686 14.4299111594459 246.618714416163 390.11833638452
26.7858804240434 25.927858615539 12.3925387365718 12.2879312342387 4.97071596499845 5.11023605708456 210.571148468094 402.910599953798
26.7757034306808 24.7633871713092 9.47497994214246 11.6569632870507 12.3524437538839 2.0081654255476 260.772574008893 445.992306710819
22.9361593028913 29.570181092989 7.54821362325858 13.8267749265725 7.25411692777314 11.2579725544367 281.336201436747 394.659854737981
24.5348972751514 28.8712063564752 8.81579009120187 11.1271286972851 12.092321398286 4.65424835522627 268.114735611544 374.626999438693
24.6711522994331 28.2799528157164 6.58592055020003 10.3747554496238 9.72888555108597 9.12537424624513 303.356547844852 340.689550484304
23.1973755255334 26.8201551364408 5.07721161666593 16.2522748521077 11.9363812315527 10.095744702709 240.777301469927 479.328151214222
26.7845328241449 28.8991134653448 8.05308395038921 10.0840911883388 4.22541511014601 10.4197139769463 256.318427265121 368.994179291177
21.427107289736 29.8166310776028 13.3072760266435 7.66786788602064 9.3812419731985 2.38243778570843 297.019792073325 357.021790476286
28.9598985381024 26.9477592837508 14.100010397409 6.33122137807876 12.3803430473196 9.47505767849076 244.525181174215 387.321961413396
27.0301970423472 28.9470488704194 8.30912444585955 13.2719116973262 8.94794270112135 24.7062313683966 340.892678680452 291.350044463824
21.6347263248412 26.8125639028325 10.7542450019867 11.2448064432867 9.93861993405294 13.6923678666644 317.358718782505 340.871033873189
26.5334946561865 27.4839270199739 10.5028956639674 8.99153119089884 9.81744069895228 4.681094811105 254.454092492588 403.82449738436
21.9358279342178 27.0982632929769 11.6426823511473 8.80872814552285 2.38694525322743 9.56317893192833 299.445163015462 290.446942991342
26.3781117349493 28.3990506347818 12.8734309080307 9.31875065215936 11.0301519736547 4.37941902282937 221.912535651766 414.525938414055
23.9002628606413 29.2072207350033 11.5869848139936 8.61691964983829 4.90475093898591 10.7174683881505 272.053949620847 391.654122657528
25.0649756613024 25.0133578846198 9.14590671425689 6.46769306775618 11.5528760760574 1.36742848711731 245.750729073547 389.977823256694
24.098519609213 29.5517233514136 9.64368125940401 10.4139936251728 6.6134615886585 2.42044211832216 328.521801389622 311.355139372318
27.4070678557465 29.6198343631978 13.5483448300891 6.17503402722613 26.7555313427312 7.6498108655697 357.090276873272 318.787775808849
23.0830827423134 26.5948010155759 3.60086796120304 17.104051895822 11.472930771491 6.53700966310153 303.12794374404 365.926674554487
22.6067882894866 28.7296890178626 5.03107966602054 10.385738774175 14.6416775232265 7.51767107595915 318.33656842415 352.227783920719
25.0862073423474 25.9651287120678 11.6568830393603 9.41884861189514 9.82811655946849 8.5461894539541 304.830706253677 349.700416450682
24.8581154086765 26.6389461751593 11.1774052303416 11.0725729738532 8.63919256417407 5.96104680352 293.112350632253 393.380422321906
23.7446860762131 28.2631823938743 12.8052727411375 8.77606954564201 8.18592978528909 13.5669927664315 303.80016266473 340.893141844583
26.7677512748316 28.1366562318157 11.4744533294045 11.3703818363609 9.02584696692499 12.2472153662294 332.220128630626 305.788934678575
28.8495840392455 23.797087021586 6.64725593390111 19.466246762222 16.2592771295608 2.03527149640902 232.18623304662 419.357697037183
26.0691991589893 27.2054041597247 5.96968427476954 10.9205192938335 9.68980420337489 12.8598675226146 263.771851000656 375.473163376516
24.5922545914685 29.535523792097 6.12580363443092 12.9542659275303 5.19166840578075 13.3390391794641 264.569494863575 362.36777842892
24.9923394283108 26.0729120319892 8.52011697519049 8.58667617033232 17.1454320231612 12.6255098294691 270.091135190568 380.699035203413
21.523239429943 27.9030606398706 6.47828706411202 14.7190139446009 6.44924689231673 17.79877186648 304.910632214546 381.107403901652
26.2906702036369 27.0129574507667 5.44070455716752 14.2169327756695 11.6565341844841 14.7424709861666 279.986194504822 361.276077252096
25.3345512897925 27.7236410373769 6.37258479726378 16.6105156792926 6.14073751744099 23.9741447676751 318.064172021931 335.825114580325
26.4082410787336 27.6590940624715 12.0355678266568 7.14281959808652 6.72548740964364 21.7738122578755 253.429602950143 393.691070588159
26.9425344449662 26.0591127995758 8.26824901327406 13.055975279189 2.03972110555173 3.38887983189492 234.472929975386 390.532906816732
26.4809044682826 28.6236889470218 9.00431601477384 10.4970368460387 11.7646772121694 14.2175340711215 261.713523614093 385.471390704024
28.67431981903 26.994928440313 13.2590267966636 9.42270542616671 3.88037456077654 0.797079154690522 331.998101802151 244.694226073162
27.8068420447746 27.2276277762002 7.83549816637573 10.4115560195686 10.7312217928683 9.8959013422368 278.32335711703 393.554052482424
24.8094406319306 27.6179130783066 8.37452614111464 12.7576044932093 9.54927623574928 16.5062456934473 334.76397940038 322.773176742276
24.8608633570766 29.2038972307866 11.8033447302902 9.17446105090558 16.284076026826 9.03243350053163 253.895384532531 385.504837859573
24.5778060524231 29.4551104597439 4.67397901797305 10.1433449601671 14.961068850259 16.7888770357332 222.079034433464 388.8683610548
25.4220046841506 28.7954650050092 11.9271552232226 8.00705821858258 26.7672947305538 5.89535323549363 358.88862778635 296.903754017295
27.4776288679393 29.1613053359496 9.83073017143234 9.43872525309082 5.67691699111251 21.9427605206934 279.412287698298 386.50372024079
24.5965878484746 28.2959023500826 13.4473309915364 9.71090039723445 13.6367088747509 5.99657650986661 334.054740633839 370.140501893975
24.0641192214723 29.5796058090211 8.60638741701051 13.2062179006564 27.1013900348727 15.0237632216693 293.4760602172 381.424116439951
23.2073296125931 26.0706250678716 12.1087873914804 9.16490120099543 5.75997747540414 7.49346924962051 280.752482546619 383.349504204148
24.0408276178892 26.7403167498725 13.4814784600367 10.3227329683657 5.58704855000143 5.66436325483669 254.639045396926 411.015250478703
22.3146991039481 27.1233932701722 5.40048087076639 11.2879439735848 2.38578993332794 18.7765786566137 317.554367922716 352.864695993423
24.148405262171 28.4812486683743 9.74645508862722 8.81343145760795 4.05964939182121 15.4196880264089 260.719139896507 358.081132916121
24.0746985964855 26.7856791794296 10.5540221646011 9.06587663296364 8.83757679396076 3.91844786462806 270.388469732667 384.743750450528
24.5146153570699 28.9685169952322 11.7312848880587 6.92832373224122 3.88215770223147 18.2553835839903 267.356443412424 359.395032592465
21.3849528574026 28.3816121944213 13.3821603389518 7.70182161209456 5.91305292982542 23.2328467755942 318.971970524452 330.765324126004
27.274649639188 27.2408344004449 6.10103338401001 13.5991228874918 6.30760174679816 4.47738022225297 258.840260273062 379.995840340946
22.9388756437841 23.6689772238077 11.5594701118789 8.49621292655089 12.3156107841979 22.4112347459838 285.903432870207 387.961559923281
28.0399713149623 28.5615162213277 13.8797334161697 8.71930799536426 6.72307719927835 10.6133023822236 322.599052011162 299.132957887161
26.2296113585955 29.2983578101387 6.27153777287641 13.3562066149841 18.0495027197083 13.4182166945909 271.649694651237 376.255231657228
28.7363826311883 25.7519529022298 12.588532185849 8.60154941197437 14.5922640601181 14.3898777768551 238.870543270438 393.578493437042
25.2379851772088 27.6140403954654 11.9052397692282 9.63259345634721 4.81364240532096 7.34466173080168 316.797637000032 334.784229533813
24.3545994205282 28.7337282073477 12.0210112536142 10.7474298418366 10.4704494230195 16.8618899381561 317.877619374929 338.063791943946
23.781151733589 29.3141600585586 11.5857945943302 9.90813188059569 6.4669707518859 5.85551733500425 261.635723496841 394.004591951738
