4.40765263076315 2.76682406936402 5.30432025170887 3.95054414422928 27.3025852118003 10.9286222757203 480.777519225784 436.021411017594
13.1226743986368 0.689451505686036 5.2080626446704 5.97715764908511 18.8440146100184 12.2286302752391 483.5127469547 528.141684630719
4.35742428969665 4.88123738764868 4.54414317222885 3.95612672516445 23.1207245609267 16.3198988300256 511.790358352116 255.782376390872
12.8385149789314 1.79396615359012 4.33546929758123 4.66611671504061 15.8094216841933 5.48882867440052 473.550948836469 455.156662803534
9.80249987652836 2.42502310710477 5.31605497659449 4.40567126914983 22.0390038365034 9.1968356224029 506.351936756299 399.397833005209
20.5241927577063 1.89861432350212 4.56382226634334 4.0866258231399 25.6854995749666 14.4743054423597 494.612186518582 392.849984132553
8.84547745688305 1.69769899775711 3.02519203957766 4.46570016029279 8.92703698164215 9.98270418176224 484.013433042703 501.086342990814
17.1841399365376 0.622503304267342 2.43044974655685 6.6057432348346 25.8186168726238 5.64784540293675 473.848014840711 345.382722740677
21.3217724582502 1.41121481293742 2.70385288051044 8.95417484621976 12.9282494247699 12.4308752418983 447.235488397783 508.169493575747
11.8349051002143 0.444560953555364 5.40622536238239 11.2246001371166 13.7952237209852 25.6702158987756 452.68578490631 438.301371289134
10.0886261361698 2.81868938672968 4.43987326514796 3.5698003120206 17.2620564474258 15.671126966019 459.380677104124 495.657101869922
14.316867761865 2.25418413848765 3.54274726321483 4.53625456447464 11.08795950188 15.241269466985 512.075939410662 466.216298426499
0.286275188696768 9.51465932223029 4.28493175115595 1.38575799224415 9.76421630457707 6.20642714562544 521.890815020922 474.054208424941
26.213746518701 1.15872750669659 6.68967532166263 11.5277416221123 14.9417780134031 14.286145950221 524.657022230072 408.257578482101
7.71751588588996 1.35243623151782 1.83031328792399 12.8338427892209 27.305429015239 16.767975350324 529.254553680214 529.344859416317
13.840414253024 0.865649112351756 6.09890809273527 5.19195944948518 19.1986021292546 17.6407662353468 508.717417420691 489.976410132978
21.2716228825309 2.45670411786391 1.82554111178403 8.99400556669786 23.8463741751271 4.2892765432675 466.186447357024 496.607577478331
9.13726917867468 1.90540771224347 3.51231765508139 10.6068337358738 2.5694713295031 28.465680467443 476.931889736306 474.226017995437
24.4357560655188 2.8643019390535 7.7933236781992 4.47421288103512 25.3446375052957 23.240522908642 419.111268172643 180.156241397899
10.4551417649543 1.55493138933802 7.82436925820592 10.2410400275662 15.1265237884083 11.9038953658508 276.796488006021 523.823718557035
9.9799047431546 2.43966735898122 3.11326850306033 5.88265325286633 19.8767636134105 11.7062791797603 321.471829595158 502.521747322945
14.4756990587301 1.85248522249627 8.18550088876915 16.2773205751171 14.0773318421185 15.5029403789166 507.098724879697 441.559231001169
7.28901164386144 1.65332396656097 2.80472241912923 9.50502657984353 26.8692352101458 23.2365709397746 499.842405537978 442.233631218398
9.52351837921243 1.67049730969634 3.33538288256624 4.13520320546558 29.7459413070531 27.3430514574556 501.280479010494 470.481974369324
12.6570741619782 2.68826001047987 3.84726648890333 2.38979385984513 6.67900371991865 29.8501058708781 522.045223918723 532.776670891336
28.6283442343497 2.64145958230963 5.53776076244215 22.2168648922612 8.95851481233424 0.000363269475508854 537.069188325056 522.215884782595
6.36243349163961 1.6610898546355 4.46612131973371 9.04487347643284 18.5044763271726 20.1379466733892 515.445759630303 460.445290115554
17.3744144254653 4.50611440987935 2.38441208438502 4.3635536623557 23.0645650686319 11.0803733667222 422.519779134997 358.582752229668
17.0163352926912 6.8501005057605 2.8486430146041 2.29680819652582 18.7674312882899 13.9698361406999 432.991202955357 494.957918359627
11.5168209463986 3.72258625459184 2.82807839228888 9.58151566040296 20.3314819476897 19.5582343306685 489.509016743502 520.812720983674
8.31257154805047 7.35563287504012 3.02543239729238 4.33186013559338 12.0303126596266 29.4864239120114 501.4814426044 248.768898428486
9.53949656714468 1.9532927175839 4.54194821190729 3.80336033385068 4.15459976955414 2.67261565684882 427.783260886143 410.919467126952
21.7674553029287 2.47767675743953 3.93921318534172 4.37380828092543 19.2526649355079 4.3345507574863 495.259847956079 467.489297579377
13.336032455724 0.775792010442357 4.82447926432379 7.20240921369562 21.5413542230462 15.2666564442856 451.908902079347 505.59106623822
5.05075762800283 0.867268704549231 4.80481024255915 12.7841171125021 26.0579870837874 27.4996780950637 464.671148198319 519.394998654397
14.3619573002228 1.64231990493351 4.19797347662243 8.70172474662435 15.4521685602032 2.81050407522983 514.313385134546 409.490990846376
9.60233076436457 4.56251144889555 3.05534896423828 9.13624088769598 7.14777755168812 22.3860696627783 448.27900737003 518.382566398927
6.58739327748333 1.13580854730192 3.99300229632026 6.77038478344595 5.4087320345064 15.876386371028 503.165248967177 418.9153121657
19.4377468842587 0.924946626676672 4.85244625806225 4.43878587090707 25.5708157771153 18.0173158487881 439.880026716561 422.486498082735
10.0428195660386 2.14005710653074 3.43369124779342 6.20577477677936 7.48391545186292 5.00900887990964 456.60413419179 532.376397428563
8.96456439420935 1.39113208983032 6.0364110251812 10.2125093951737 21.6504642356755 10.9046023519466 486.813336273981 474.322221960346
6.3052969696491 2.71225616805474 6.02690787080213 8.22944474191605 11.8508303000834 9.97030287471795 482.87372455349 514.953307459016
7.70807878070177 2.80814460713617 2.20671915480299 5.79193837015749 8.88158999039296 14.0684959374301 423.067985107669 484.082897167444
15.5339068864387 2.63125610814525 5.14080590392321 6.34851658793272 26.4164563050768 5.16809578198844 532.289730388279 9.70252155008262
21.3631348070671 0.901914815003695 6.85161594584583 5.09518572250682 19.3323784020229 24.658307308473 508.444522963696 526.548760406994
10.0259138473501 1.29200284781655 3.76132312175012 6.29893434952138 24.7263572504639 20.1093477630402 472.099083875962 500.949658295362
13.7025892794988 1.84010612676676 4.47895443415811 5.43389768685416 2.10242889912993 27.883892836468 522.075629786767 379.957252571442
11.7920030762327 2.94432943832239 4.27862624687027 2.2272709870805 5.23921659596804 16.8227497353354 491.865332285264 435.093966812207
11.2743877538402 1.10983997271869 3.02526731280999 10.312178465874 15.5628140914171 5.80823220858373 423.542379272345 522.939357184364
10.2867844805881 0.862700062993177 3.98714219349439 7.33704258675273 12.7466552529774 23.3963918576019 496.530268062273 514.890894805357
4.31921091215645 1.6289061260379 3.15759831210787 4.17208339917694 7.29670921462231 27.3625475217616 500.883024039132 199.480677882001
6.7259469976241 7.70300015135941 4.20340787627476 5.86348335324268 6.89320573831717 28.3594817470591 449.846913009768 491.125427005877
10.0401563995237 1.33648962623047 6.9790280480243 6.46785034437993 25.5432134741646 11.2450789534457 517.785511123193 526.860859167751
6.5082499475218 0.844524204410436 3.14290572665128 6.0950355750362 22.1420923159648 2.0464459767265 471.639796985508 497.10640248725
19.4658669971068 1.82881512087016 4.35227435014175 4.26919444804687 11.4613302372534 21.6826707941516 317.012442922871 468.302124780741
18.5227371803444 3.28533855299963 2.34587352518078 17.7557822500868 3.50506325175149 9.54478449361568 529.760226557826 485.689647544049
10.8069669096197 5.15756630558556 2.67860149568765 7.49719105310959 28.4570262524157 13.1265260082348 502.58977861551 404.049221290756
24.2889147879695 2.68130912157035 6.72402684570111 4.4923174917238 3.66217270534061 13.1076485555944 227.244800045502 169.516150507476
16.966558629457 2.16936763472046 3.41307377143292 4.74617540242365 21.0428415347621 2.31573827958735 403.221509505228 499.557620543447
16.1873783176374 2.4668767637368 3.27896660962827 7.52596843857213 5.40860508570709 3.56404248290811 521.214683053792 233.487821553643
6.61392477620552 7.2234226916053 9.4291442754614 10.1325974728599 6.40991592533623 3.52101236879702 510.622727628356 517.806726873462
10.9537343675104 2.96379589064191 4.12433067287048 6.16689919188561 29.1931419083951 4.44122201830024 512.266087071778 435.365164570905
4.69967721372073 6.8077680926028 3.84456190494453 7.23178054646404 9.36692519689269 6.28042745544216 511.110402030589 82.5353943632426
17.7829647595283 5.04427081284419 2.92199991162477 5.57860670402815 22.6896015409503 18.8638258593049 500.639153906506 488.686105551472
18.2083747803308 1.37962785718846 4.37222825609367 8.98941943375463 20.7961506445724 24.1606249026522 340.348879695116 400.125191767859
4.54743764575976 1.15676058995957 4.38924310634572 4.55470544209707 22.9375511368233 26.1946637765675 509.667066086746 256.711836899555
3.72493472281876 1.65175357971362 4.64637861690943 5.46455981977741 12.2152245631906 0.943196614815958 529.787456248272 422.275275366193
5.18625318100207 8.55556618231043 3.538950527049 9.27457957262835 24.4881703413147 24.9119974674114 498.482068646153 507.664573260591
11.8185329072566 0.7955532308031 6.6723499889963 9.24873740438963 7.48825328581477 13.0014240785547 506.696650782972 482.259253266658
5.20699131249846 1.10642209535052 4.39773394598131 10.8629019014375 24.741299351175 14.1128191477115 528.418910741783 470.531341073095
8.54663495368856 4.76780911533665 4.95027240343541 3.30192210321308 15.1025794952511 29.3312792711531 492.811953695622 436.848342753194
9.38818850628486 1.54078136420843 2.87478158148854 8.4562598426728 4.92068783266213 26.5343473888448 529.450641685835 468.638565863621
6.36817790298491 1.67579019190695 5.03498827836272 5.91906591082515 25.5634438885827 19.0788820335493 497.810488584559 479.042755525331
11.5842620037811 3.78457026858667 3.49355024716511 8.66848739579811 7.28908215436847 16.7713454385536 523.885445039963 267.253853155328
20.7743632436185 3.12509677000044 5.45443830127694 4.42271312718012 2.60553831395879 11.2994378479544 524.354925716942 342.03508034887
11.2859070168858 8.85761270485514 2.28312797688492 14.2610121166404 12.8820831216278 11.0374088969565 377.958088914822 526.171371489835
10.7658728586789 0.580045611420668 2.16559396698359 8.29926000217341 24.2294364075883 24.6381114240993 345.883240647499 538.09995458304
19.1192861420771 1.2523583708333 3.4074685559154 4.27068064620479 14.077283138428 15.7807013111564 496.979167578795 450.182918371265
6.9651629213768 7.33711604547696 6.45318214409729 5.80733960857188 26.8748790276047 12.3846625924457 501.243011937557 402.21238054555
7.42741937715947 1.86473951678402 2.95426488378643 3.61355415665542 14.3906210460694 15.2715720275025 393.192127065383 502.053178178082
26.9582471280781 1.79532172800692 4.44622738483897 7.19416917497923 17.3497052392177 10.177509953363 452.295693214912 480.968944018742
9.64263566294348 1.7127343069644 5.16635909694868 4.89070320519401 9.47761187681201 6.4885478410084 445.455785057843 488.600313894535
25.1098680149952 0.942452373168032 4.5747085370348 6.87546421373949 23.6189017153219 6.70949121365808 536.013580430855 2.15814162635788
17.3612815401617 1.22172362986603 2.13414471946575 6.10003949595938 8.85031831338015 19.0755496909057 518.102550246958 372.094351359251
14.9074446267754 1.92257842678234 3.00330004099698 11.6868209414241 5.31015337435592 7.26194914517133 495.842307406346 476.30708878795
2.67403201105677 2.57055060363021 3.85730500544427 16.9125242304574 21.6387252531277 27.8569557420678 379.029080810738 510.452370023185
3.11535611267152 1.36359752928295 4.09953123115936 9.55257184484274 26.3727824049474 22.2964292296042 448.457860843463 518.006499342455
13.4138242428109 3.5187738917116 3.27506884716926 2.92391879520501 17.6290150604539 6.96258249254059 416.553357444027 481.105013507058
12.8155185498193 4.81995478627077 2.71916979406347 4.10803004454643 21.8859429753904 12.1423171593071 471.636610021154 485.058976312409
7.65537556545904 1.17463012295309 8.93159052649945 9.19485287849908 16.2047301734048 15.5617043888985 492.47146959461 426.125986090358
8.40526691241008 2.65250809565619 3.05809541381107 5.69382340538212 7.57847575279554 20.247914853982 401.713721582313 528.217854398686
11.4765084843368 2.22727043165893 4.31827676659641 3.87903419959248 26.8670974691783 3.33660287937236 509.949546580146 444.140287831605
9.76429627433193 1.39063070619681 3.24909908555284 7.73401326960753 20.0130564029746 17.2219408473047 489.3062137064 523.041099273444
10.4813943700308 1.80407371019568 6.17671636686006 13.338933786807 10.7663498466086 16.370927102715 520.560302137798 486.354866480759
18.980789960119 1.95179982650161 3.25296519256448 5.3697366234362 16.1448492638168 25.903206025528 534.735682326255 313.58322034607
5.86083372856487 1.8246726166652 4.00944249412949 8.9491450049304 13.8963490983454 26.9189277827687 528.917731481946 362.468624411117
16.6322995025399 4.35334135436642 5.33990453627553 7.58242683588747 21.5494271546851 26.2684552209939 336.642431945077 509.746416152957
8.98425589821756 1.4521354631613 4.00270076337968 6.69134178539765 9.98700699843704 12.2212056165519 403.046617142095 508.09409576294
5.67279702687531 5.28087872166998 6.11076745811732 7.05308264172387 23.660258001168 3.6565551799172 503.243705130864 386.847370217032
9.90376380775833 0.244338577895145 8.0003775150028 17.9906791814606 25.679828637482 23.1894494417502 525.060820060294 525.717818862916
14.0744673377275 2.51967096884791 5.50568295849293 3.98450887840621 15.6394295241676 23.2227150254908 260.187677289842 462.101070342708
11.1199951420812 0.730368592794675 3.67842990000059 15.5942845301095 19.0082416637945 2.45281380912448 530.944136825593 348.037481048187
9.59139624390133 5.38922891947398 4.4571839039043 9.43240389125255 2.50836998578177 29.0481143145006 462.989908011129 525.385230336385
19.7216759677416 1.51063981149125 3.81072938248448 4.47311404522556 20.123309850408 21.7520808404767 528.63461745622 451.386317700689
9.99586050489773 2.40512703077989 4.79045374029623 5.70297583597838 14.9937056473258 17.8826683901096 531.435349898999 212.984530232045
16.0735806963084 5.86246183673341 4.65327726919712 7.70216202413597 13.5313811389688 20.367424210626 417.670565009883 416.539407143415
10.3278905463465 3.67189087305486 3.07717199562514 4.38438272772866 17.5327799569578 8.9776644102068 502.426917728256 333.646219117702
17.8102523193189 1.44929052439326 5.25746366537259 2.88326509880241 7.54908802765016 3.32791674247299 496.859204863193 359.684772946132
9.10221622826783 1.16365839097906 6.55308913309012 2.39481935441328 13.0134518795342 20.9188813481108 510.236022928372 391.014734306855
6.44580649203473 11.2100436065507 3.85490082549225 1.55401963494491 27.6155862618051 19.7289355872257 370.748427651293 441.585739956328
8.68069475870244 1.33950179221055 2.6725788963103 11.9578024176384 18.5266068896244 2.93192599280213 476.281142881415 529.148819938733
12.4348334777302 3.5937101411225 3.7977168951759 1.86744529968627 23.6691734213202 5.11199505885589 398.734716416538 365.816637874506
10.3689849573108 1.61633170548838 4.51062802382991 4.7515269657646 17.1084789369018 7.5581920922721 488.944650661156 467.205604824406
10.5620656429257 1.1167880359519 2.85704616112821 7.75199685582781 13.8508206828002 12.1592258937349 491.438983746504 522.873456129877
6.83088418251521 2.16644743966737 4.70901775536186 5.65226807540194 17.1216927748249 7.26455839489669 517.545083807659 441.206173680101
8.32208339078226 2.94659087906661 5.53051359470351 5.50815514291757 14.5917967971929 20.9757274244259 422.544413617296 427.077758746669
18.6176488971371 6.24523418531169 2.16764890000528 9.50213135723359 3.51792429265978 4.89610716706119 505.150535025659 352.478367324609
12.7561489384701 8.23549964526078 5.14381578333894 9.25331013572079 6.30918711696826 20.8597267290331 471.480458291146 473.593812647011
11.4790341407065 1.83793577914277 5.36989578904151 4.63935172928871 2.78782219258056 0.528530536696205 422.311058213054 517.788199420964
5.89590634096846 4.11886728835233 3.54724171139073 3.11334903095505 17.3187630688672 16.470114426225 504.642001686387 343.842054780923
25.9269475914306 2.1051612576424 4.07787622397957 4.95411038513622 7.58642096750136 23.8112953392988 493.073914608145 109.233661621938
10.6132091325104 1.32660635431743 4.86770573110922 4.4481585726254 13.0595574347053 2.85135605002421 503.484319631086 440.791163953946
6.43190754410402 0.922183268189322 3.270853662838 5.34659657298017 25.8653397585661 26.3479955420323 474.349234182663 482.837935028013
10.9968943650128 14.1417744893717 2.25627293487973 5.91895729336192 29.1023696701433 29.598328491619 460.28125395369 382.879779870164
14.0730190557589 3.34200157000245 9.131162600461 5.73997804901133 1.41296358388552 27.8299573811376 402.702581250055 120.511103071649
21.5005000460105 1.56900365842624 4.86701075694102 6.52885830064664 8.86639136332153 18.9460086302375 495.899119789089 417.648979830461
17.9778128710552 1.59635378314258 4.40598822521421 5.50405632907022 14.9072633995516 3.53564418204699 461.636721840427 524.966887298585
19.8377014552795 4.34292838335294 4.63295533383678 2.27835256362338 11.8351508102286 27.6083333284677 475.820408612126 52.7697530559027
14.5851674873926 3.42495370263232 4.46892995095409 5.30425478404774 16.5012501421007 4.46228883796381 390.869860556938 497.275463508617
8.72242468902679 1.95371610376592 0.558939258055986 7.94721727127954 6.44189599881441 9.86650189832621 486.956013807261 506.46628779069
15.7758813184059 0.842808842021656 3.84363913663701 14.2493395535133 25.662621361525 24.9376533885749 534.441548794152 494.838321530671
3.46169327855426 3.40409683240622 4.76162309988016 18.0441064903166 20.3767108481748 10.6093587530398 516.316935119451 527.25355129354
5.53080351633034 0.948230017985896 3.32979418791896 1.48135040792458 18.9713134961039 24.1245379387447 393.03712208191 247.991805223625
10.7312242441478 1.83958499484911 6.52775432933219 6.55825978325413 27.7681077689682 11.3544826997118 346.104749246378 453.032600791054
10.2794237632104 0.757045857261731 2.35487862510691 9.44431587281025 24.218558413279 15.2462600289788 493.455805048919 524.469513016846
14.9031676819709 0.459263274493673 2.88347107288108 3.76844289632933 22.4401820311654 8.0949321919157 399.378958080418 499.481578360782
11.3330417064999 1.34748195384559 5.24258546661943 8.51171123874433 7.55411879609978 8.73450823973619 462.046194171955 530.434995079282
2.59310349565466 2.58426302219745 3.91915651999089 9.80746384141007 26.6563518352327 8.92845073949537 510.978510268689 511.20160305587
17.6059515765441 4.11089128871635 2.94827765565364 7.5887991185785 20.5337010491066 25.2532202732129 239.03372920044 487.305804822539
18.5618191821989 2.8469101961014 1.82680415360142 6.44617658600137 29.6203409652937 13.1630229308152 463.981571019162 534.83612253899
8.05373074116209 1.28071430698874 2.8656787555001 4.98031932686082 21.3102376336945 16.5712735976135 489.559737577774 480.920080164747
13.913052598912 2.03364128226493 3.63605094898187 3.56823977053997 25.7106301438953 5.53954532007687 493.740753490392 200.116116617921
13.7453309681782 1.35745353572212 6.14507812617594 9.14288837417854 7.30207298596837 3.76234092053262 506.482939794681 382.908516489572
21.0365046078144 1.40562402472716 2.11979211995113 4.23511632772581 27.8773177845935 21.7567050852383 464.705129805739 395.264080059968
8.90858418753635 2.84145477156239 2.30422857921536 5.96729101230741 18.7667664576287 29.7457579886721 525.238625238618 136.574482463688
6.38366671916447 2.10836151540491 6.5338910179116 7.5792172394578 10.9372288847471 11.6863522475784 506.045229273245 522.835074407518
9.82667031609259 0.902729065583675 2.4265641361734 6.66794506186128 10.8332078737885 12.6921242734963 497.863819463106 491.428546420281
22.2501786608626 1.14705362213966 5.45446711794354 4.77802884950998 17.9112126372863 25.0947879633131 484.895769677942 437.552475792254
7.39601321050599 2.89328526087347 2.02402695826997 9.4642843879856 18.7606430158888 20.886592657677 475.599403629029 531.846078684558
3.63801022192694 7.03954635212991 3.490575191837 5.49081944890934 5.6862297549833 29.4901915626248 511.91831820649 421.205871597201
3.96943242090005 0.257226931005643 3.38638105168529 3.8238657423802 27.9432672133592 1.02492706461897 333.044528852105 427.930079399615
13.9974943380358 2.88097786761422 3.04082770069576 8.48653166941272 5.73826260773584 25.002420933817 528.310491584703 497.837720825203
13.2630879983213 2.27968626584642 1.84480641954438 3.31848589082532 21.9394150033384 19.9032074113582 474.445634117899 419.819335605533
12.3329927919724 2.50640548870022 5.50341742309906 4.1699552891635 17.9923172153164 18.889623467408 376.161204897976 502.333055358537
15.4832502465266 0.674300592001414 4.44165936674727 9.54688027663295 27.0497545919851 9.39734561501003 534.187824133338 519.689900742322
5.83212889247907 3.27075283206705 1.29062957614978 6.48425798424695 8.57599895161489 19.7094063657863 473.203084702875 508.754007035639
27.8852022888264 5.28952583362972 3.59931413255933 3.16309615993757 12.5716908955794 3.09747568491735 428.958941818777 136.211036411491
14.8361088644854 3.20766728219192 2.71760131242156 5.7257883460162 18.8964028214888 12.3738827854263 448.401930740533 340.105350776364
8.79868771829782 2.72881314970532 5.2405281274614 4.88867284014631 21.2364843188242 24.680119169549 497.178166074945 467.313546764312
17.1981069038379 8.45908230131915 5.24449941376063 2.22635271205998 17.1092263770976 9.85818983586616 513.048660952812 213.688247741339
5.53578519664311 3.34506138034824 13.2597377740414 6.64411566892668 15.3664716470086 18.7733527699347 505.993893315847 502.846631843147
18.3379307889745 1.77484643656511 3.69050827483854 6.11535549055648 11.1969410515646 1.46746709724307 514.803058131663 516.225754764094
9.87905762465882 1.3550067445727 1.08894612485413 5.58344556280434 19.6461812114727 21.0203858326626 491.392685766693 393.264666940389
20.570843056378 3.20250243277513 3.13462795499302 3.2133887556205 1.77096167848527 7.9368575397377 516.025090421078 530.484118639177
8.45202712638754 3.42107527745563 2.81475539990253 4.73082931848308 2.96960371762069 24.328805452859 498.660718748857 476.018670080747
12.4821931362703 2.75817826622319 4.62389249990282 4.82050323882693 29.4256789865822 12.1008014317855 428.204236351887 452.996313443519
15.0561329242159 2.16866682548881 2.93122537884768 3.43202471942678 26.33064265582 8.44950255215515 441.134189396507 503.383276778882
11.4959862986005 0.720412270601284 5.78485246439356 5.21553981554246 29.0666934687335 27.6012265612363 483.634803977332 487.705373182717
8.47757473347213 2.03255595510834 21.2913258572852 13.3877027642302 4.23922331274773 9.5017302474157 532.173647741152 452.845482209404
16.1580154437984 4.07217108744806 5.88211886908731 4.27234650598224 16.4242472340831 6.56212229319119 454.748008683089 390.41221867013
7.59990548484245 0.89586650809617 3.66326283998476 8.46189672268231 28.4275957315313 23.2197161385547 459.593723019929 517.696969205393
7.03909561829596 1.01133295332991 3.33986879113276 6.05975222772108 25.2924598367722 9.64606704356083 514.623809911865 462.88722439059
5.41776850807021 8.71077513723615 2.36779106399678 8.66704593208401 8.714648871455 12.8477902394986 525.116963163103 510.349058805268
5.56496411206886 2.12229610810264 2.7922889733379 9.83188476451154 9.31706262177173 27.6337986691348 512.011625306875 471.134141384867
3.57842831902571 2.71842791654084 19.7400968972664 11.5748216038718 23.4307599679383 26.0411626566056 533.641551889215 466.707536885227
5.82369993046284 4.52116836636442 3.38871059828094 10.5734170719728 17.450088444856 21.5485865877842 496.379568569373 497.742390842007
13.2170547227523 6.06779821021103 4.44048892469053 9.96913981033571 16.7030696094438 15.397826547595 526.279402397072 279.234093338009
20.6686538306049 1.02827296233996 2.87594003026987 4.36499019660111 29.6017925147392 29.9614577109177 505.831048342123 535.866900846905
15.6042061411664 1.51544483404328 3.14016836610537 3.54644548073607 14.5131054443298 19.8639433588322 451.792230273181 513.09319707803
9.91775150700422 1.17161405076966 4.16061072120595 7.75678911804572 3.76630604891705 25.7384042655177 534.564289884777 383.072060660429
12.2648767359009 3.03404201818557 3.78002732592173 4.13470384126369 29.9026116692973 12.2843999051593 454.19870964134 361.002064880514
11.9679483152038 1.63884655598422 6.13122944246712 8.48345815917014 21.6455670444818 5.07731497552393 513.124874882536 266.565349854373
24.4569760380269 1.11795414508295 0.569342953937605 7.84478335268046 28.5307214329182 8.31423084524697 513.799446592553 385.653581009378
21.1130416963398 1.46395887919597 3.36403012324851 3.13941688713451 14.992184484036 27.2457120067056 511.16186326539 430.282433858706
14.4024170797258 0.960076137464363 5.89827114349825 8.64956676292896 20.3418345240405 19.4722639402402 455.865617918929 521.884491970574
11.7500025274103 4.09956651728621 2.84854020319878 2.61580253536232 13.327090520181 29.0981963633869 465.642724304405 335.683433652507
6.47215231857161 4.26395559931464 2.50666178076227 1.56800649901577 22.1029876084183 16.7600992776973 445.662458395858 506.414763402208
7.1686175114867 1.44803747153469 4.61649710600212 4.51942458690161 17.0057485857952 10.0814159279921 433.919695148057 431.967682526949
14.1421552201795 1.56769583353617 2.99250067985036 8.32982624102104 23.5385229170403 12.2449587097183 474.099637258453 503.038876249695
4.8446395254077 3.5919130400551 2.2451304836588 4.39871929857916 28.6185528960033 20.8188298542285 497.811447053127 361.253993517097
8.66906015942843 2.75945983886777 4.78503282414651 2.74801451689514 28.7075036520447 7.56647117728738 436.583712622027 358.269959964326
11.4240750745824 2.76857751494518 3.71325401929672 4.00307427505914 27.7724864893743 2.26778328499186 467.831060179074 507.984049777893
7.66636750129348 1.93552684748999 12.6129401557265 11.022321645929 12.640097051 18.4769781953818 492.198378571877 481.292495222476
13.9555162635535 1.102453038382 1.38958500343982 8.5779314272018 15.4374871755612 10.3618660553236 504.246590990128 385.51607246325
12.9802216643671 2.80251689063053 2.21349548528022 6.29791055865229 21.1659568769447 22.1097233344492 519.572193494654 244.515731636493
10.1946043281657 6.63043645584713 4.17578852492069 3.42776089146102 3.80409810091473 19.8078268781815 414.922572775909 340.915717419198
10.9470288559195 6.87196413508014 5.92877443804532 2.25102370780433 22.4858044474656 21.6039040345633 417.029929491726 469.951081325611
21.4589706765123 5.62284893254878 4.74409864192603 6.20590332036682 29.0710916436094 28.7727677118749 341.003003454891 482.548461150679
14.6248810062943 22.5327323841681 3.11206544387517 11.3495760484737 10.4171550782988 8.40304538014053 483.005499425673 533.85731259574
24.3902099464968 0.505096877267078 4.45182429348971 7.49298244206631 13.67235585257 21.7318963056402 385.126926265714 515.564704197766
10.2720305501201 2.78245864810067 4.22202133274536 6.00070565534629 17.4677063379993 15.0428095889181 472.128453714356 111.379283868097
10.3293963669262 4.01986394400817 3.85673585061386 9.47520295749283 7.26305040611389 29.5887454825288 458.65426841556 449.220757924315
13.5175706730712 0.66884808842654 5.21765465893541 5.85043926017065 1.98599879224677 1.4954913892238 462.206051284927 498.227794286515
10.3919693024615 2.67162347766766 2.7669021365683 4.06422037283918 29.3737269687697 5.36792543685629 388.3291344029 499.497503906922
24.2558193429921 0.978519378319452 2.98955403546597 3.68775971127785 18.7301607021873 10.4884965021786 504.186388815462 354.542378784933
14.0049011463165 1.00644452451486 5.12064670953569 7.52768402767613 21.7574088733004 11.6277254044631 473.672132578081 511.310225432588
5.60485075481316 1.09251792990708 4.00380410604893 5.7004488551681 10.2166144143606 29.6577208897167 516.234312225449 417.278185468938
9.57316443187681 1.71528973594062 4.59655869108635 2.42886763864668 13.606610771109 26.7300249665788 482.28040199554 159.523252138142
6.40650037036887 11.9423775783141 10.5523065497769 13.0289547232603 16.2108474375984 19.7955423035991 493.854973553333 515.609501533683
12.0821356435201 1.14151369459506 7.75590289430627 5.26167369027754 13.9702295205696 18.7925501912247 486.63873144582 513.102565628795
8.27853565251274 0.897465495274567 3.17193209730728 4.08632571701866 12.4531523967126 20.4017491846908 506.895691704692 504.057427485856
7.03814392799805 1.15637272381663 4.29986880122868 3.77067328257657 16.0791420563639 29.9412730399313 428.777068594484 351.70391472469
12.9384025753908 2.07870721023706 6.31620699492489 15.6016399018754 9.76258772748765 15.7211483986261 420.917283190809 534.716983745367
18.0528065766498 1.53207938729587 0.88438953612441 10.5404397820136 6.23655945859175 11.2055924344197 520.522594466068 270.296121300158
11.7740263956359 1.29168236850491 4.80746837017958 6.15076229294685 21.745351539538 19.9434584181692 527.729408042461 259.97319485701
6.7226287696562 3.8601817013794 3.49934238888179 5.23716669352642 16.8804748385383 24.8244086061001 513.989906064049 374.983449190706
27.0853686327966 14.0289670287011 4.97944139078879 3.91639265608339 23.0677981968355 29.6797163532966 373.970272033841 129.10133228614
15.0313337913357 2.93092211998354 6.44443170789665 2.25519985309434 2.76300431525627 9.24249256927554 411.18663885153 503.149310843705
7.45906962194619 4.71617534716556 3.69624325873773 1.04482153944149 13.7558012017928 9.0735890384342 486.192952019589 421.564956716488
7.24094662511229 9.65266713704216 0.933706283416174 12.7298639832563 12.1137055704197 27.6767858624743 464.573691943396 536.021718360709
11.4399050691363 2.1747419174035 4.30243745662543 1.40112249316004 6.71621592184785 14.8831873951896 382.00867282144 323.571954174188
14.4412050581718 1.28038371070279 5.30746592989867 3.28683831091485 25.420413193112 8.91702076115558 461.968043841936 404.603769099772
8.5404099715569 4.98960863777535 4.35890068612046 4.83910977580514 5.54678594870218 4.11602758154275 516.733834741779 423.180318117029
23.019308538055 2.06836371343457 2.48097799884945 9.11071882269765 25.2017172685938 4.7147296817858 398.753849602983 468.867164274571
16.7437342557148 2.86887833603029 9.85619551666645 4.47831947296249 14.7341279388636 19.7479102678366 481.239989423168 143.046683693506
17.3266738920848 2.65478606942089 6.54941078375356 4.8425842969527 5.03328726653233 23.10805935287 521.176295654401 408.992552947744
22.7455333996032 5.77198461054913 4.22382127392378 3.12891556636391 25.1914221458261 4.95676431695706 419.895696832953 156.591741451975
11.2380636864113 3.1475625103502 4.99112058000755 4.98589362467042 16.751846461418 19.858020235373 453.331671499148 246.582511838839
19.2017621716124 5.43351550421262 4.51026658950164 2.84367377029318 1.19995957686346 18.8944252606109 501.004102143425 416.203189401028
3.39791457088345 7.90145496479199 9.24706602198452 12.5564636824596 25.4007073209593 17.8787880959804 499.535938231514 518.37390752077
6.80540338216484 0.933275633706692 6.32727897615754 11.8484286960753 23.8879020935195 17.8140187482511 492.763119606723 517.318508534203
24.9355857984222 2.61357800908762 1.7936918458978 5.2572770092452 24.4425629932227 26.8253124270517 516.918032269844 114.366492051836
7.42130266838701 1.31074470086509 3.90018191903662 6.80254505400204 29.9790646650134 17.9181079490587 512.538295705128 314.113902682939
16.6095819921338 3.57933294530643 4.48571082256136 5.66954726470691 26.3070337554614 21.6870765300339 362.178760234663 514.214228856493
11.2708758377194 1.60524273989066 3.13299079508039 4.58752805954835 18.0922902416621 15.0868012987488 332.562141838196 512.285376688117
11.954941495534 9.33700400004894 3.66178408845818 13.1811670938583 21.4590423104523 9.7105815766308 392.841998850024 490.165380042488
16.0888410359114 4.13368334452146 4.12038851657358 4.01476754607653 13.1321306644032 16.3628027107692 451.701083418494 369.868075207483
20.9188315111442 1.24380045079791 4.87420335694686 9.00087158054807 24.5758647426905 10.386308456245 304.056923711223 523.429612644893
11.762509842048 0.851170650910072 2.00688136529738 2.68000862590178 2.29188134356595 26.3110643200153 490.56262241489 452.467284377925
9.72968965547615 4.8184107433266 4.57366367753804 3.62571784285415 7.64981341820104 10.5974644457008 473.927518761234 496.457598927639
20.7964539555272 1.1274004550179 4.3234844924456 2.5902187202698 11.9628060730536 5.30882223546404 357.235918121299 408.529085916748
13.9056757034777 2.89097115563712 3.02688517150609 9.77204255994372 16.4129398596614 18.4543835273161 399.589311507158 494.696863807348
8.55262164113838 3.84421527678772 5.45762712238893 5.37292403018069 5.50646711144679 24.9113139530921 508.215193909731 439.864319589224
5.80716819190949 0.92795202219382 1.78636489679563 14.9238520759969 20.3636943241685 5.91246163195557 528.739055796642 530.170850313476
7.44273639581768 6.29623767351613 2.55123796687198 5.96801539056757 8.70505356757719 17.6038039827636 520.088625077322 389.796083284152
6.00450473426371 2.23701614577171 3.27764673018917 5.22863169390043 24.510552999919 2.26703485770086 431.937473149204 489.441585428156
24.0219607175703 2.19549631821669 4.79891188722231 4.45165909329877 27.055097960395 3.90195011574349 503.769520112135 430.358090440615
20.1436821028998 6.06426054690483 3.51468542687195 7.29235443897066 5.08935526300334 20.2202049896223 462.034229634288 409.857875388412
12.0719803460921 2.21789767172699 3.39050078905491 3.57277738657087 6.47978267450332 20.7232255349984 500.466652091832 349.110438577728
20.4021363296219 2.18314320014894 4.96667319892315 7.20209045990851 27.9759769991436 11.3732188281151 477.290113996885 441.139721858677
5.3887731359177 0.736723987465136 5.38131501386101 10.3053460275792 17.8827432036744 5.46788930617173 515.800756451706 450.805361539932
13.7521417585626 2.24632822184817 4.82037177019558 5.59908831587719 8.64045911280374 28.6006116913662 511.579203254204 521.535640085378
5.27062743789565 3.33498216951679 2.74251945649626 9.49605284140987 13.8965585819445 17.3444081459492 505.882593980345 526.300221487999
11.2932375408349 0.867250429421263 4.72142330250732 5.53984458138467 18.2738878614298 3.60489575879804 447.010567732965 522.935025086922
18.8041447239226 2.78819832625468 2.51713835561234 12.5073537998832 19.3811858605702 21.5840553066152 516.202443758663 416.499028818028
15.1101922556164 1.16005712156149 4.97892942157807 7.87227375925163 26.7599313678634 24.681827513304 419.114687390876 376.789990134158
6.96340927917663 1.9711850553856 5.56830148943825 7.33269956091288 6.3695468906435 22.2568804248379 522.099211675656 465.979521684362
15.7897168221441 1.32373351596023 6.09351156633688 3.91685908630824 29.4244834573381 16.0229310888598 478.429755235455 419.722674377778
21.86667401546 0.612843215440753 5.0109849606718 7.47506056563925 23.8751124043079 11.9591850516473 500.286769712681 509.903392362611
8.66901954040264 2.86537322214908 9.26232872659877 2.86451544716309 14.0844058274706 28.1331198425524 442.908090705187 459.417964120999
13.4610891329349 5.46658222769994 3.53123538634775 5.53734136300889 6.06399002740351 14.5382615620054 439.672977340238 495.610067631711
6.06244803856642 1.81005635174288 4.98970533948795 9.11170134191824 23.2661471913277 27.4805355076726 458.225126566916 533.550567523144
14.6243999982577 0.640452136463614 4.25400943254756 2.62888846701628 13.1920872049718 28.97886914197 493.420910119413 471.703247478587
6.17894519833427 16.1275759024822 7.13747328643274 5.9200789465991 15.2879672438078 11.2430907711852 499.639852120301 520.06632733326
19.7537202014645 2.65348100003138 2.16289876531087 8.97835352563617 11.306896519363 1.98220023038296 453.511691178414 524.919665683521
5.91048039557015 2.96677348554554 4.36133765128639 2.95892413073471 26.9527389866905 6.95404130238451 467.079113141827 508.629433081118
9.62088204710696 6.31668814050735 3.21909067087241 2.49519956223567 24.7539787524672 23.7234263660346 483.258987388929 332.014623134242
5.41942019719838 5.79930464442145 2.070392675539 4.39748604761298 17.346152858913 28.9216763506867 533.49904094021 208.826642920968
8.60010102351109 1.56021326734306 5.72975414674156 6.21648291533169 19.6801488746232 13.2451772520938 525.69265955236 313.473846809531
5.96897512006353 1.05547842554371 3.3109388122539 10.3245774246135 22.2533944666555 20.167610246923 456.828780177719 511.621513977064
5.41440667002281 2.43109576227572 3.21054900022851 3.6261845922239 15.7176055571992 5.80343686870331 496.271982293999 418.05150970872
10.8392265228917 1.34359227544917 2.05700777361225 5.97007564936226 15.312412726569 6.75466794521819 520.985014253424 464.397006487023
14.1937412556782 2.07180738019538 4.34300817893693 4.45194076743333 22.4057978199894 20.4987949097082 454.30460614807 501.384680732071
15.0962893086656 1.36021061767868 4.1953562834759 3.17959979258931 25.480015597501 12.8508023786725 436.268191300941 358.534903980237
10.5944400475675 5.19067734302122 7.07909106685565 4.98093638879976 6.64087854676929 5.55095607600225 386.18312142257 372.722932011719
7.44435428963778 1.41690431730317 3.3812998657483 6.29088683158909 2.63313850317782 14.8388554855071 354.315551772081 532.970816937467
7.88105392505157 7.12169318195703 3.45659773612899 2.88038979132041 6.79714021843682 23.4074074872638 475.218164513284 480.043870796576
10.281314143604 3.90768905159185 3.31160061707315 6.39141944027188 10.2598263493103 23.6963514693489 461.005177345012 499.582175322686
3.25326962266647 7.1336064565408 2.76832205137185 3.56914291727757 27.5510634628953 5.04537182460558 418.892425908467 330.850354403627
14.2595449829269 0.937033794105236 3.1290104582498 3.04874025853879 18.5195972040115 27.1147634554175 490.12212554817 472.959259307198
10.4314568551447 0.73443513704722 3.43007884591248 16.1339803428122 22.6021512848281 14.3776160036148 505.219544433093 536.681274661467
7.07458192724943 6.66315586613678 1.37346138459636 8.55855228400722 4.10074098263736 29.017197579344 495.731551321752 451.422658596829
16.6067287012293 1.1924973042719 2.41806180131171 1.91473887920833 17.4647634127123 23.1218496151311 383.422167223444 421.593394975522
17.0076974564045 2.74076730121624 3.70512097190621 5.08342705366553 18.5805202743656 10.35383684556 295.865091644144 427.791477961992
21.4719531768377 0.730568068659884 3.66260683126875 5.27971725191816 20.2504229155812 12.2306889093661 509.58490259289 434.462805922574
12.9516769316554 1.84573444124773 3.11222904916522 9.16150330685289 8.46121501778759 10.4697076243055 435.841337748174 324.254785239903
1.24354500688087 3.26973008268928 2.16247026194045 10.0825388107891 29.2590723327056 12.9186075172211 502.846145827755 498.948224704317
6.5231646509005 1.03574213341268 3.58829334809347 13.2336673104653 3.63019758091948 21.2964396076883 514.455807337178 506.207266351545
22.4790208189459 2.24112046801215 4.54753589114269 16.8069647413291 4.6832526581176 14.3802903197303 353.994239856781 526.448171062664
13.690944677409 0.549808576036741 2.94098766082406 12.8174907858608 17.788717355156 27.3406286589407 515.208859624454 516.321332650388
20.8701032152477 1.78423264640764 4.56968697356003 2.7813970560095 13.7617378709727 29.3583076040513 521.457458979872 64.6204490176687
10.8169724289477 1.1334482443885 2.71054786485187 6.3600155379694 10.7173346310396 10.7243793814555 483.309529315758 506.888269749264
8.36111055041894 1.80504523648848 5.19086841242837 5.49505239419542 25.1821774302868 0.217063832068079 508.159193862495 446.968774518271
12.5890870697049 1.13668849940097 1.98761751087208 9.16546406540934 10.2447187112001 23.1782004705122 473.629263197628 533.457583955673
6.20381296609525 1.34460376520169 4.11575679948914 7.04926895960526 23.4024483019514 10.1887910517665 499.744454747912 504.169425134152
14.8448844957621 1.26643516061381 4.21914951784831 7.27678589619648 20.907684871357 22.1893271111981 530.589416516675 509.914221351697
12.1528860281778 3.27309209024725 3.02345554058601 5.13382147718534 4.30492316190736 9.21056175238719 503.386555695418 223.180956843239
9.81436107907527 1.10738563626074 5.96490142018776 5.34664941277547 9.45509596614734 4.93418098753737 477.863206177238 487.293124528113
8.70082585229104 1.03003193791241 3.76219773219785 5.92863824385454 8.43950619637818 17.4435361162724 337.787936631545 410.923563744406
7.91420086772972 2.03091997069065 2.25705322644681 11.571000555441 18.0275219378116 9.24414090735067 482.636897074194 528.311438245132
7.7813994943179 4.18428937624702 6.21563794546236 10.8612447249451 5.63787776270886 2.4162511191593 523.439928769306 511.287707340391
18.4982442122112 6.07309117621624 6.70918738483514 5.58794047022615 28.8073583583698 14.7258747075003 493.306272446551 188.383077322918
9.23806288394389 13.375018301891 3.00368478085459 14.3430977084562 12.5779316514283 5.27160361117829 501.268640344118 523.828549688911
19.7740067018634 1.22435037757439 1.94485622624155 5.21506331337673 22.5832729534394 24.2434441966212 509.646488261336 478.931609988155
14.7066872994434 1.62773939236307 5.2878499384087 7.65493372548341 18.8736994269397 15.8336223313528 519.609946816474 169.055640541046
10.1423756874578 2.13671538589807 6.62780989983719 8.7456318102542 22.2302850696548 1.99879829708097 516.149865882825 422.53325011984
7.43126521797919 2.62882929206029 2.49082625424233 6.41050561054315 15.8468499627281 24.584525567848 383.7802088991 531.442130371325
15.9022930772908 0.725117884423062 9.63089009902721 20.0805601621064 19.6938614013748 3.14972839251401 532.426937352297 335.260144498084
7.14438593183116 3.37450464743895 1.30933600237759 8.4590523531119 21.7949592747006 2.83706541246833 496.60944794534 451.686186926752
4.9304512409093 2.01306085597466 1.61020514801471 14.7515371714512 7.33012787793434 16.3109233578179 479.835618714642 525.006932794511
9.35309939780017 1.40942540305411 3.12790810206526 6.27289847195233 16.9599370513834 29.3406476523018 505.27589047483 407.689068639059
7.35932171791007 4.87633449563041 3.19190156656275 7.07863257031511 27.5333796634043 9.24732534249393 499.397179155681 104.127092985196
13.9041614067703 1.38370450160484 2.68470805324548 10.9826984646117 22.044281742301 14.3323533693255 414.588704376618 526.154666011458
13.674209818759 3.59759526720853 6.83146338327984 6.92931096230617 20.4009475557951 14.2276123948594 515.018999471071 460.727812515954
10.4425703610607 1.01683867511239 1.30355137619793 6.33048684614458 10.4347575525619 6.28321119818116 424.012299876681 522.41069612905
17.5563049250185 4.86295980552959 3.12488966640641 4.68096148336234 7.5426409840154 18.0018011008421 415.993268293366 529.305363914711
22.2729277895878 2.56252453746531 4.02931010004783 7.07122563039773 29.6540333321725 23.8434461429458 405.813843397572 481.477091445953
17.5268172199187 1.41882143718087 1.19891518389852 8.09110288325747 27.9945586826791 18.8825809298838 477.997084593485 537.12381298604
9.50733946470579 1.89126794176042 3.63421913393137 5.9426987536326 25.4470371988324 5.55137310536892 503.705736651165 396.5761374777
17.6656550260181 1.05240571339796 3.00816290220572 5.33891474519605 25.893432022329 29.6785865083195 467.743290140152 462.236580639876
16.3397513457918 0.82220791033323 2.28954234011295 11.7597165489435 19.8093457741627 24.6825177225855 466.767656965002 485.389966657409
10.0499358747219 10.2610981420825 5.78725801886135 2.17995963675007 1.37950742636904 26.3432858053052 512.666929665713 425.293389404277
20.8831468715354 4.95599583308064 5.30240457737856 5.45171845405388 26.7247986159963 15.3042619114105 404.736787733875 427.934616892706
25.0422797996224 1.86669963338022 2.40018814514096 7.16871675015821 23.9110737998007 7.27818654943284 495.031010357411 504.052285749585
10.0152415296548 1.20055841741079 5.10385414340027 5.66954585417244 21.1604615123285 21.2827848411033 511.981737920629 440.533150253755
12.6514785653419 0.525077251226263 3.82635463817812 6.05528534606391 14.5013672125493 14.8021672020482 443.489135371471 517.985903740307
17.4905103100094 1.16592835364002 6.77800890735402 8.09901545697426 20.5656515241217 29.9831191758475 472.946206455071 495.996535583128
19.4153984163743 2.58731022574937 5.80895949650603 4.18547181571824 22.3138780821469 13.5963052605939 481.251819244974 428.018822512218
9.29917130830065 4.47565917266528 3.34711458014237 5.19369800172679 22.1411296369872 1.68346893167816 427.966759691521 500.087608115279
11.9080277755738 9.80618964043436 2.81043574327809 4.94542938058267 21.3127309286054 23.8101754397452 496.983285379661 413.855969963155
12.1455057904792 2.81840925824948 7.94328819306 4.56915866908148 25.169988398319 5.93246089090672 397.373835100715 494.399373811769
7.76735758413533 1.05964262094094 4.88233693152718 4.24605219060773 24.0367717941509 5.54096559179428 388.923333942433 419.318215699284
7.39665231220616 2.73430553036001 4.51644071386423 9.07791032918826 13.8779309939497 0.83512185381317 480.500706101181 198.082226731672
19.6266805549046 2.01013863612915 2.74132820447044 4.98007424139235 26.8990405164183 13.6566104953518 457.101118650199 463.656326040864
9.03631503491281 0.51718179295094 4.82849500106831 7.60490169097884 29.2333882681839 12.7420498861945 327.347280639994 539.682918089559
6.49341921983333 3.04624328931989 3.48868709948582 5.78430515552304 21.1348027786133 17.503905338286 464.037882684431 472.221962332112
7.56027277550866 2.97324168146033 1.08409640592533 12.6733707383211 8.84019380450638 10.7497531325194 512.316535562016 459.173273177208
8.00387976309949 4.58457765169242 2.53894658010006 5.42627169015504 3.99847806339417 11.6933796707378 509.009774488089 379.211610187175
8.18401312138631 6.60534643948828 3.32897857839754 2.67996163574634 21.4744189496318 26.6839035111608 470.421878653284 517.26544937501
9.46896261049961 1.72631745325502 5.45882458111215 3.72346191543226 22.7398772213763 16.2637379296992 501.346991266047 482.149572303631
23.5324160305155 5.81845153004636 5.62532638217237 5.23508523994157 14.2356635958482 16.3888557106568 489.675891020843 418.770108248831
11.7372860400047 1.00187521286571 3.04480021178842 7.23963457928272 28.2575277600084 22.2008939916771 404.677308109599 504.169209016291
3.25677385510765 0.218846692184343 3.04459129367553 2.57378500105755 2.92197833879652 12.6622495958153 481.143683300979 534.808670580315
8.28112392423036 11.3011265214224 3.24622333807977 3.79644142204143 15.2532645937027 3.65289037753296 347.571558972471 506.231713516775
17.8599748511715 1.3879158705712 5.49463377531821 6.5140380282204 13.7291316132373 14.2547199809916 456.493126533521 449.89888474322
14.4440872350766 2.82215467479929 7.90947312214043 6.72489161141714 7.04893112113081 16.5869328128006 474.033291335023 370.893357424812
7.88074159754824 1.43140248909038 5.05361258770009 4.54292409768129 19.9562622091239 10.5651818872382 449.97810982893 471.906785290396
5.55209668896142 4.57942850486998 4.18289238235467 5.75160784838214 7.65675200315612 14.2376900599184 520.371467987953 534.653766530049
19.0313165878879 1.2084355114438 3.68532611123962 3.40449462418411 16.1141719168422 22.0890008359917 412.596702149434 506.971634188757
10.5089770991083 5.39112981905014 4.91135527231401 4.47288057633674 22.6848342129379 4.39731196595787 445.070838217174 219.47552076038
15.1104820622289 7.89490180155089 3.78113769902631 14.2273432011904 3.27135811896677 2.89382129611291 514.604626112303 516.914157605206
13.0615772049022 2.22551319904305 3.17023941133635 7.50922800450826 22.9707587993911 13.9995047703177 348.192508782122 495.439926382568
13.2919672895797 1.03999399275948 4.1357432889519 9.57393134136003 23.4404393781626 4.5179696256731 517.217521431166 450.591741549943
18.9707357785744 2.23032974116374 3.0203522454953 5.44610632685896 10.2549808699228 10.7941784314359 509.49624699367 494.917695240101
22.4593815134195 1.14450825436148 3.58179909462867 18.236650759866 22.4465290087677 18.3608486722384 438.673649588294 531.386177609503
12.8892241284017 0.876885255267618 5.15289150139969 15.1910209351833 16.309706204459 16.9606110726818 448.491656474601 522.359569332472
13.5345607962416 1.77263762126332 4.75527928440599 3.7437182745016 13.1020346378554 2.65781367966471 439.97504720637 479.295868879621
15.7138465825946 3.23154164855645 2.91271031431123 5.53767227901822 20.239414556168 14.8000674570404 475.374173300199 501.875466903494
21.8433345649843 1.152805299613 5.60154864775594 2.55739930238923 19.5475295316825 5.37238994282126 284.503270993492 523.25420586637
8.7636657826984 1.50639632032196 7.49290095115837 10.0524202949648 27.4410383891761 25.4271817788588 478.987150431333 507.870164841248
7.09439320369716 9.45759353872833 6.38753177036933 5.4624756593079 4.88769648904893 24.3373984830691 511.421386209262 253.013895259291
14.4712498346521 7.55138806382441 3.08299999640217 5.15825008320603 28.6851736814151 21.229142893499 434.777126809758 473.246105673328
22.4156949677174 1.16015805640461 0.802034134942016 10.2178068455296 24.6110470476138 0.83867978604195 515.271531651325 460.955885573228
7.20718359454319 2.13379885507087 2.05124211234528 4.92849522291808 28.1934654495318 18.0662601179117 478.516839541661 449.973930664749
17.5719765749488 4.51097791071616 5.63378539224703 4.88911295411888 1.67254211644451 13.3117277622093 481.447171583404 332.506754329443
24.2329039858551 4.62837932647714 2.90415108238118 3.20800610051525 27.2218520725912 11.4477984591619 481.116737563837 520.225492734251
13.8011958463269 5.21560736240159 6.67188454833085 3.85258131537357 20.0420533291976 24.4424460281082 499.405753754317 517.287805940259
8.49380199819264 7.97604791982898 6.18514115507725 8.8621212454192 10.8247002046358 12.7114113773264 505.363087277651 515.560582096828
13.5609585852672 4.0766266042918 4.65916591433141 5.39373461944113 10.4050486775185 13.4232903090584 493.588127447382 443.25542357172
6.32302257187877 11.4947645682341 5.5017786224216 1.65973747358793 5.10107275295108 29.9598066483566 537.714613269907 303.910987157695
19.8023403766376 5.4710044089182 4.674726969071 3.10106113996656 27.6564718915142 21.0712980629403 497.501012747447 301.074009949762
8.18340453725071 1.38243595430432 3.22266904012748 4.87741564071034 1.66536946264726 25.1325493350834 518.794670650952 471.493705289134
9.74623225186353 9.81706953097028 3.27127217600734 8.96720143313216 7.72265046244077 26.9625532606345 513.765327516974 54.6592424835889
6.66224766042235 4.70913874818303 3.14851451350587 5.33573889629131 0.492307656587385 0.567484379038512 436.961572563482 479.817705399412
8.26640257618407 4.0246057986873 2.49609246973247 4.4063096975832 25.8721045652147 4.05961675677452 492.840175318889 252.258395180431
12.2893735348564 0.935087997048999 2.29249519419802 7.51494258615098 4.89199014080192 19.7673407787809 398.983589132711 500.743898106096
13.0561368714876 5.49439993328371 1.86915262071149 6.57788752501128 23.9547127987807 5.70388469841784 477.271726356227 508.876353691889
20.0429487520714 10.1723994573993 1.64998446620301 7.10886951522361 2.42691934365009 7.02934072553822 514.033781324384 461.298308099148
14.4802025014662 3.29392287064077 5.83997233036387 5.08731617644176 3.75574529642813 8.57546648610995 514.382292885776 492.749094841748
17.953821576502 1.665427683428 5.35269476183713 4.02167272207676 17.9375694377167 17.6517180559052 446.625840781096 449.465102928206
9.00307796809131 6.48743936236973 4.78252343882532 3.53336803405963 28.4539255647231 25.6321099657019 428.348774925864 440.614844184283
3.18950975353203 2.07851978337074 6.96568027158869 6.47219675851615 25.9782914594159 14.8686683620557 526.829917302595 513.982654410845
6.56870474196123 1.73340319234562 5.34437602760011 8.54962749080465 21.2681935450513 29.0895700525802 473.772769033448 484.972298379018
9.3395820532587 4.33052775060395 2.9153546058406 4.70609960973805 27.8513447985829 15.080710174154 498.868620461984 424.422391384565
5.4849288544588 3.10640558336645 4.47429336505597 8.79177811461158 28.392043937185 26.1147035634648 530.086083481045 418.551892025696
10.4150491644543 1.44637893000054 10.6314674135764 10.6168462204946 18.6485757146103 6.46513335121457 471.014437275782 532.943082745604
22.8066242112168 2.20787158673627 5.3331772654451 5.0168588131125 16.0179682665529 6.28198475538608 524.897400441724 396.312804346308
12.5225940821554 2.15442274483494 2.19432159256497 11.2129177875945 25.4500112150838 28.2766045307152 495.152734405812 302.334946931328
6.71670649432177 3.48995628319548 3.16787858243412 4.4682396111163 22.1903937574608 4.18351773403956 479.359192172856 494.047068531781
9.55195890469106 0.891198468478568 7.20361053426257 7.35212242074253 21.8036197483691 22.264352200806 465.361474255916 513.05094648519
21.1356334663691 0.873451939142007 4.23459968037319 4.91425981491582 27.7434528615898 16.9067390391102 513.083803304106 252.453757218031
6.91217392165242 2.42789229845656 4.09545854700348 1.48241461656308 20.2502957185947 21.9672179190886 372.171432412148 345.268830373059
7.52253572573101 1.9745878955956 3.431370719406 14.4735912465278 15.9533813354395 8.80808926449284 500.526257916342 500.099016189942
26.3104339651911 1.06779793294585 3.08736427199609 5.65137843554095 29.8015289982553 27.2635225987892 457.492346578008 443.408112956946
12.5741289402327 2.52544438146904 1.73190543865335 6.85374757331807 20.1566095663558 25.0282660561466 325.199087742789 451.038406761595
19.1281326264431 1.81885978918526 3.44663057913454 4.63598656901088 1.92136856185431 20.5769989305841 496.914287285414 327.511484540789
22.460636787793 8.58952750480904 2.05745527249958 5.67819545238595 23.1979680662423 23.0731976676621 297.193714598478 403.102580191714
2.89453282818843 2.0510896813487 1.58340646134222 11.5837954495238 12.4202125024528 13.4598480857634 489.006948366623 412.360215531925
12.7436144130623 2.13320112644431 5.52279600257272 5.34261968983172 16.4395142978996 7.16645086853295 519.687030447553 525.28597291182
7.98379215373983 4.13804287519586 4.445065296355 4.47884875028813 20.7169726516766 16.0610041562356 517.154762890274 384.713861654079
19.0670697850479 2.18030577160711 5.36103756888144 3.15409007271415 0.353719805298622 2.01985657449444 524.907007290891 354.559743995288
5.61956134285048 3.49186347497811 2.66025320073599 7.96944979339663 5.9633275345988 4.16629303255643 533.604619314199 283.244068671521
14.0182654723489 2.3659347659843 4.35942010559346 3.32090587862083 23.9030041766915 1.46402805157839 526.255724067884 440.283839696827
8.96625121294427 6.6009045984602 2.68747782621349 5.37262715338355 20.0664274607264 28.5552169215099 351.633817387427 460.699435418965
8.606578811044 3.97960569396112 4.3728856646218 14.090368151313 5.28437058017456 2.45473213322518 515.918652977601 524.994616531728
11.2499270988157 2.16724300118075 4.26238227917814 4.60640178408639 9.17470677727237 3.04046270178051 461.650135076549 378.799964700253
5.13463080130184 1.97518280249566 4.02259062854366 6.25077568906358 25.749170408342 7.77628785448422 509.296215400957 446.439373877313
10.8631221253661 1.50952424622195 1.18387387154053 10.7510414503342 7.45838826268062 25.0107176863767 285.958791967794 527.434292183435
7.06235917486654 7.85159858982968 5.31707082966712 8.92431780046423 7.04054496442677 28.392455671924 431.676874804447 529.495376838597
10.0744901639395 0.95031151539582 3.27547351603411 9.6493117033626 6.06040068872236 18.5847024201281 476.240331663167 516.095778544897
10.4452107107819 2.62868294793692 2.94756017235244 3.67505576457056 4.59572502411953 13.1883200331182 500.496291944443 451.69030559866
6.37919967239519 0.827248119600496 3.18863053447278 9.6777941897968 21.2023029606534 27.6974589662963 526.280603781758 472.055096836866
23.6423363459287 6.11624624937662 3.22919409466639 2.37033104953073 21.6754565832807 9.73066649514437 507.596870311194 518.954537333784
14.1875219105336 2.89747613838625 5.67307261980607 6.54468682228152 3.97557601728713 13.1362413443681 529.119501713625 463.359456506453
7.12413898265365 5.53078251679019 3.78590311930353 4.22248504563835 6.03571946606806 22.1608024102392 365.632046946217 229.568761329369
6.55681526663324 1.52953285027374 2.90451538248076 9.99233041150688 23.4753282072273 12.4192945392505 476.585094069938 537.596379905693
13.7988180102836 2.29084635911179 1.77495190426002 5.24522255051435 12.1324030151004 1.98713948076642 532.485220348992 520.018984207933
21.2289369341313 1.50910878298542 4.32350422302739 7.49002587394109 21.059955715555 4.43469199347026 474.519638664361 520.720184511586
3.20970804429056 2.05748673315571 2.56418249474071 7.13369558098088 23.2243486027917 9.67724344701344 515.433161724787 431.238879981392
22.7137071754043 1.31875729044025 5.42628175992392 7.43961236897202 11.9130226208011 23.7151881695522 516.797750371576 433.111623177772
15.9280503052064 2.73038824210158 4.85918103615237 3.33667368079971 13.6147889102949 5.42389370087927 500.452317514723 399.453526321174
10.2426216278136 1.05149024429325 2.97463051454392 10.2025464197279 21.7594936395171 29.7508186249384 508.100888482654 419.085625804558
23.0518197697545 3.48037655529541 6.34220786707263 3.24249105658491 12.8133985849654 14.000276583622 470.762703643193 500.529343019952
11.0432954578337 1.95061666659114 2.48811772966502 5.48701289526917 26.191419261892 19.8739706798478 473.133885700699 503.89573268288
11.2588272985985 0.88621494999517 5.9761705630679 8.48055001558363 16.1964736649037 27.5235516432017 522.066673093492 336.328000801464
6.4385334465875 2.58721556739533 4.45961694875793 4.82891823077567 23.9212854608512 23.9126955366976 449.000432859162 206.559020061972
8.65132919707178 3.53971522024319 5.71544935976029 9.85456943894976 2.73367027719148 27.346638200711 382.982284367025 494.224275338917
6.50739456515506 1.48450619183016 2.11549789935827 10.3160814064339 18.8460755770731 0.288772996699788 515.66720420994 503.578524587904
17.6738885761767 3.30586180768282 4.71732977701221 7.19221971174167 6.40213579841183 8.04493890377479 501.997846895529 416.784847871275
16.7828415406237 0.508731026816242 1.21955498462708 7.46186061604146 26.5172911043861 19.3922458265968 470.55105406624 490.523202512876
20.5850432757695 0.750131297067578 4.42484013288781 4.45180483255294 5.80853025218373 13.5975936354977 434.297074846168 455.260837976714
6.5507153222598 3.01439388926284 3.10269701718903 6.48419334586814 24.58215622421 9.99807528224843 482.604141139024 441.42629867936
6.91983261140628 1.58739515711744 0.797253276420724 8.52798066446476 22.0213035153786 3.52298130986111 448.941576541684 533.228366855423
8.65108704811744 1.26763580186743 4.32968956783103 5.73733520709485 27.1425749244552 17.9130225348206 427.00803961822 514.718339923514
11.5670726877905 3.58330851455636 6.15970799224097 7.99914003916327 12.0390383084414 2.3732653055993 505.426026887172 314.781457154995
13.0843613442141 1.08181239478009 5.86255553953704 6.50738828204182 11.0199840836519 26.3252811254751 477.356375945048 534.471806082076
18.7946487170965 4.46420851206055 4.50915986478506 4.23551511841751 14.9837724657045 13.0933774657558 347.482138805649 482.818600499315
3.02216590643367 1.69885895270982 6.50107100933216 9.94416488428003 20.1623274977204 6.0054498236416 524.599643890029 279.415924408436
15.4321321943234 0.837485602566838 6.16006041346002 8.8412689852426 22.0598120300316 29.9055174251807 508.269439495526 501.743761002352
20.0962749272125 1.56060973291983 3.5981243545748 5.86409210587356 20.66491878095 28.1221534265444 489.333051055802 498.334881368214
13.3088571134311 2.49086424042104 2.31627940962339 5.34822885230126 16.225892421027 14.1717409930341 503.073575657595 508.041888864626
14.4794313597909 5.10043124236931 3.77116828264102 3.51132222841894 23.7897508269458 12.3466167690183 529.894769806377 1.68638133169431
15.0053693148992 0.811756750991466 1.8045829181769 13.1098538076743 27.5493025809689 24.7126005226043 492.231889838688 260.858641762937
8.54263334805189 2.35622513961349 4.97095617375088 8.96736410138476 28.0767242810154 17.8802635117122 407.813988972977 482.54268369717
8.15287398649342 0.716799240764887 2.47236293439656 7.8340599884814 26.2864920370163 16.8795334272096 460.158896603558 488.793429968776
23.1369097860398 2.17049141471746 4.13004672183005 3.22778595737115 13.5562363105471 14.8382038563042 421.913410293302 266.934380225131
10.509514213425 1.11591329400264 3.12476873744476 20.4385808421865 26.1053246957896 9.30502571926598 484.633326810298 472.017838697862
7.05658873919352 1.17399276585457 4.63000202381326 6.67410308380512 21.8208672168558 15.9532834208557 526.522134985027 486.669615329487
12.3534121680327 1.47165631319583 4.02338554299358 2.95079104586687 15.873876564679 28.485106809731 110.355560395083 533.791386413317
13.0289307621744 2.90589775883062 4.85972784803121 3.57764532509807 17.8359428282162 7.91402796761331 415.488826427556 498.472387335192
7.88933746179065 5.80065043485466 2.66189771205231 4.42503365343408 22.1957613580749 26.6240527828451 468.593359845644 460.103462052344
9.28795812276264 3.19885320476371 7.53545979275803 8.40336314107 24.5903773770385 19.8122954791826 480.068237088391 485.60752483902
20.2371009804044 3.50654495381368 2.91327481945609 4.57691055086949 20.9551632194262 14.3730120987195 488.093122380809 312.17785574603
6.60736401968065 0.501325140406003 3.86654374445562 21.8338955841786 26.1008553081172 26.0908795792695 529.977635390052 532.868831825513
6.19710100529316 6.58268328286953 3.69848806694435 3.4487812244228 9.88233997274499 10.2038957669478 393.460494459668 323.294505037606
14.3551201326911 4.59726782261665 4.40785556020621 6.11259454391284 6.75347664170268 17.7078629985724 474.044010710913 492.445703936072
13.6208512302069 0.839325896913088 2.3640154376338 9.0616769670477 23.3352954677596 27.5723909752631 501.145956996611 456.30491356417
8.82174370514512 1.80512608553859 3.53820946213104 8.60614783513846 28.7946804626759 2.92850010641431 521.877571855489 260.562542230803
4.50805426282532 1.89631162099313 16.578145278462 22.181312922415 23.1388558537429 12.5135231498676 531.014608677449 473.131315911654
2.6978996806996 2.68790203708067 4.55346611341407 5.22964952991003 26.8021510124765 23.5973057651116 396.526721705921 473.57215389688
10.7684213980039 6.59009379720761 3.76676368904191 5.3831124085207 19.3580305386387 0.466004323520466 491.853580729752 525.533120204408
22.1772002733182 0.998396334933676 5.8275153314975 7.73879777665394 25.4811631960096 21.4997810128087 515.839834331577 511.212509970342
28.2394780437535 0.571622805093015 3.48639066003267 6.10282157264285 17.0841961421307 28.0410704376663 529.644606039322 400.138773392314
14.4917414293456 1.29636824652063 4.36728550558174 9.97442774137311 19.0474035366121 7.42372868228318 437.853995756876 518.643796687698
3.79485613328157 3.82251376853531 1.8799891309412 9.18829779495431 18.3398167164659 20.5820396057952 402.199713306883 533.770218315002
13.0141296127836 4.1374561189543 6.2420197475078 2.31626817339898 23.4947625241492 6.94502627867427 498.64853429173 416.780988263867
12.8670045684197 0.882987209953633 5.23656029316513 4.95592765698769 4.34804552280074 17.2527612657325 462.843163786297 521.918053751925
21.9339805694808 0.664662928436119 1.87312102627065 4.27732840592103 10.5138737841878 13.3299711945943 391.464222312066 513.453340606907
15.8890670825886 1.84794354403003 3.61442120321266 16.2502992468347 12.6750724624642 5.02763760589098 524.618891427396 461.498423729416
4.83461140127328 0.950477877274467 6.83892754580075 6.06658855157401 23.5225877442699 0.899693444116311 523.613312842536 385.566649377636
23.2639551705259 3.66935903553772 2.60996617076347 4.45630292238591 22.3265310479723 0.319315956230674 494.832424019631 493.553355728402
22.1241101012746 3.69830248480658 5.13347932633228 14.1603265346858 28.2132428790476 8.38480414297377 433.488390841936 514.762687675114
6.45954720444998 2.06164594752787 5.75095332138937 3.83376629369599 22.9688324646411 20.2614939303488 440.969072425899 394.362544217554
8.73996441737888 4.78899901877283 5.05468378696167 7.04854443678188 17.036737218694 12.5584174831843 454.121535082719 297.887387836668
11.2947810765711 1.74694145970482 4.12085530389857 3.64777210208031 3.18522212845947 22.3931286733185 490.55930773714 378.141593190297
8.08985641180201 10.6151171825906 6.20576608471067 3.68306928841172 19.4179937135367 5.92794835911343 501.579306619733 508.832676485318
7.38272166068123 2.11505839686497 5.99784383274644 8.38282014245543 29.5776826571119 28.8824371255262 462.639109841487 481.529121835536
7.08850330163672 0.388993135498639 2.53782410665916 10.2454618268408 26.515281655244 18.8831325810328 493.264086005199 521.910494368524
5.63146545562848 2.10469071774398 3.17931250564974 8.49898726044396 27.0746078640987 16.0562915505742 443.206825521912 510.463661214172
8.56658601946856 1.3754777032276 9.19645491941215 6.99028038820464 15.7414015394996 17.6909986536244 514.380659664418 384.426293879149
6.25697916497928 1.17049372761441 3.74833949474557 10.7276965808023 9.90988064833319 7.66822321985747 510.094913482134 498.984702554057
5.63047763190743 1.20866189005583 2.66659597929265 18.004193020209 8.69446399383262 1.55263252241078 514.846924745952 504.014723336689
9.09506358509134 1.82092394686556 6.76010691828465 8.59246955840541 8.94125061518293 22.9965693129142 507.596044973662 445.818999201051
5.51946201851703 1.46092718876011 6.77117693478213 5.31478230841115 17.597186584205 10.5873241004596 520.711771623858 367.289767646742
9.54073467063513 9.79052022588683 3.60759720325555 3.75221753212856 25.2163149416469 29.065014264259 498.174021684311 478.760368928729
7.9828206091453 2.32923553888671 4.35899306636419 4.32729756586238 20.6037443071015 22.6764599770634 300.791444456049 307.154890060986
6.44913415903339 2.75211667766421 2.22339541755752 12.3908274652927 10.0307420309437 5.25957541486203 516.485751299606 435.928827291573
12.8270693891563 1.46431440304283 7.981669131614 2.84460474986221 29.2569829688053 0.697615982453031 476.195670218296 534.352584539808
22.4667832843583 2.59255200180807 5.5009730200165 4.43416184258403 21.5685183125519 10.0180175441353 383.211531985795 417.010639558164
8.11327364293955 1.95336936969376 4.48654708133506 4.46069304823944 13.0115724610005 24.2283424556441 473.013583809683 381.497945455756
16.2195043352939 3.37111455335972 3.70325693246208 4.66248576977211 22.6214444465895 21.331979906626 453.531348438059 513.677209574561
8.20807683623907 1.8143548651639 3.92790233782918 10.8380826867094 21.5404291247947 17.3562144660235 510.197426547255 443.235289336193
10.7516254250248 1.19263768658554 3.77932257507687 5.13594968352509 5.15755014618131 19.7354685301067 261.694985528022 524.006427696559
7.30386944695866 0.99109464200303 29.9357265783515 20.411222327482 18.0188445555769 1.73916188645927 534.350778242923 534.85213355829
12.3133086736614 1.4432840618029 3.60180926442444 7.22827638786014 25.2449447942093 1.87622374840007 416.428866926821 459.543018839133
8.98508246691356 2.3848937528331 5.78854941444796 8.72932506125545 23.3117407403073 14.6968768890895 497.356455804761 528.123372174631
12.5042147247379 3.26512427817105 3.59052009583492 8.82484839459182 4.95529161636434 23.1298763847633 310.731972520992 519.532380535228
4.30991648043559 2.89678630270953 3.24067085128004 6.15615789879612 20.3448867450117 19.3619184053098 503.970712277228 374.000328367848
14.359547550273 1.24134403765181 2.76197579515932 9.33804431128305 23.0209585172219 12.5099860929305 498.325362067488 518.099003979654
15.7357767845549 1.22877789790256 4.56496057461824 4.54560372848724 15.0584709445443 8.50985351443581 385.428835684593 527.099566069669
