22.6080807559337 29.8668193973475 4.02108018379254 24.2500751261164 22.6322750208299 8.60869296552506 321.718581572918 263.449297867041
24.2486096716906 27.6545765370586 7.29367652965758 24.5419958071958 17.2293965204481 10.1157605119004 177.457089378888 403.633256168236
26.6755209683325 28.428958630678 4.97688392126433 25.0014969875882 5.93476876504349 19.0921525359138 329.883301065648 188.775109592103
23.552498935021 29.3447021712375 0.667518271164243 26.3437825813233 14.3417709659365 8.65145981059702 340.743416408147 25.4248338308351
25.1151268684801 28.2228482270636 6.81184385755557 24.6491141643895 27.6620244152227 23.4990521634207 147.944606811816 370.332933483046
23.2042603710517 29.2823708519145 3.05947687713675 25.5636611351819 7.08216656240484 27.5919459065986 336.421417835653 139.077935025213
25.3765640638172 29.1468518732007 2.68950395244831 26.8013411943184 8.50039681627197 22.3568040109877 365.821385991016 73.2198797122075
22.672443702723 28.346779092556 6.61074278606022 24.2169223657859 13.2360006608427 7.97761135183259 271.80486455115 196.302680690474
25.0370500413632 29.2661111019473 12.5364089076054 22.6561186248757 4.33976345715481 25.7954563465471 286.983132927681 197.083981568804
21.2505381472917 29.4971901817689 0.224695377421646 25.7175458713873 20.9444860974571 19.1141031751439 258.879252945675 221.055849149531
22.5802690306814 29.1594516719016 2.74798732625413 25.9304868968748 11.874330851141 24.5193144561687 315.624529067665 46.0696164868095
26.3946386750257 27.7791900573794 3.44735471243219 26.5059204405824 17.7381821765366 16.3302197588155 380.87300895242 85.2824077644303
26.4951412728742 28.7363804360807 4.53831512812761 23.8331478051663 7.83694699567477 29.329459111148 392.805026671922 146.667644223561
25.2040792608566 29.7945242524364 7.50127622732425 24.4181783528649 6.75339037318311 17.0576918818687 244.922639572921 310.499293638499
27.6500158324256 27.6009275867378 4.12766254363872 25.8880651033642 11.9170349692976 8.82658026570426 53.7071378371979 415.430879276666
22.4461570686388 28.3303340202619 9.08922668938283 23.0709963629872 22.9157961788439 21.3866189962428 340.408165319077 61.8378762480567
24.3851191231795 26.9206860985963 6.77320268279883 23.817749301146 18.7177289551268 7.06814965639424 171.768232026291 291.325050728158
20.7348953533624 28.4168890022736 1.31324579522974 25.8572577313547 9.46257083231286 17.5910055328719 335.150763969729 64.716018231348
22.5041052357032 28.2464085087693 3.18354663846323 24.6109799988224 9.85503646561233 19.0841118820729 346.333200685856 169.328774553949
24.9225381303539 28.3988387046611 2.71118948314946 25.4605408331976 11.9964173405004 16.1098603734542 261.706691118289 312.965659618352
23.4507887481402 29.810820761355 4.17446466323369 25.2661314570372 11.7634392496513 18.7154604451549 277.319918917807 227.95911742429
24.5777490363896 28.6422371200109 3.76751549163774 24.6294502294679 12.8511497657662 10.6452356327269 231.690000903042 255.375719297105
25.7301454421889 29.0536613156185 4.79468957013982 24.6596742686393 28.8119059123579 4.53187539741101 329.350964311306 125.655317808092
24.1950428867063 29.1619706867787 8.64362997437069 22.5424497865239 20.9786692092918 6.0479477256292 390.332456381625 31.5702381495619
26.4451039574047 29.1624169933521 2.88342478147838 26.1719486901703 4.46072974190783 14.0029160814508 295.321564215287 283.358484575848
24.0982995840826 29.2371455397199 5.38128546449487 23.5709525387357 15.5730975128713 8.46521887589883 127.426122869605 237.823511166537
24.5340723035419 29.1678339853542 6.16078592057744 23.799833282951 20.2922198563206 14.4533796390577 123.418709450914 283.866129560274
24.8360935411464 27.6448667773663 6.46033402874872 23.4943908125447 8.66467861148198 10.001927897269 216.75388274429 244.895471555255
25.3285731368011 28.7842464143773 5.43347328504628 24.2488254242739 7.47535711440692 23.0199379352023 266.290845874936 211.461173896754
25.5754244774841 29.3628617148369 3.79160269469291 25.5526994435874 16.2929191003319 4.13140973244971 271.789726505511 286.395762035951
24.1676985664623 28.4772353620416 6.61743792843826 25.0091610458796 21.7338926422313 16.8350207491163 448.198217321366 54.5121418678097
24.8552760040697 29.7066187100531 0.756886169757046 26.63058495593 3.36002987151479 23.0284692574191 256.552338538292 236.587270035144
23.8235050317193 29.9708267137434 5.87658927175808 24.0732689801379 13.1561587945973 21.8555686225733 174.233581914984 271.712219417851
23.5920967269016 28.0760851086711 5.29105107451335 23.7083600290448 19.4479204141449 11.73905356118 352.69893590187 126.860233768725
25.9305217495193 26.5538339693707 1.25036982989657 24.982866961607 8.8637049106813 7.17634532569819 225.608440503208 274.73967875997
21.7731434069039 29.3084411814373 3.01447904675991 25.0412470561622 29.1395006164058 4.2055492258221 322.462621573917 181.657982149886
25.9442807533917 28.380515927665 0.985984555284499 25.1465276028537 18.5514884518334 8.6622110262209 353.134892058454 49.0271189212998
22.7770721258737 29.6489099421992 4.67478945367789 24.3613082855728 10.6152414746774 19.6555556075334 343.71228493504 143.980183234617
24.8783670373426 29.1495772044634 6.11597964739389 24.537654457766 19.8523409523106 16.8437423273094 179.598832096804 218.128758429634
24.6042763836619 28.6967339375294 5.25898264715053 23.852606560656 18.4637258046015 5.12782782590246 169.728440930522 273.968043482368
24.062017414786 29.083060771163 3.40501343349885 26.121404938654 20.021483467303 12.4545727434408 175.859558002427 366.093346984326
24.4087562473713 27.9060704319512 6.81467709922874 23.8008248701067 7.23068675916111 10.6649185208554 331.383774988679 182.48555874593
24.3011837269703 28.9084276002634 5.20003860840375 24.4667475470825 2.3056254088048 7.21756720398252 381.315147323206 187.219364322399
27.2828877634829 28.9123880102612 6.61755763199007 24.3269130380191 10.4494649645355 12.4608049839926 138.990515424465 327.162738454157
25.287611795105 26.9051474880675 3.816797558745 25.3454134106154 19.2166986192811 9.67940808047378 142.913716376197 359.52072324589
17.3231210881439 28.4110793478465 7.4708733560337 20.8720073564231 27.8102679334942 14.5510205105117 411.49098434365 67.692766018583
25.065923659713 28.1204981180417 1.23875645118221 25.0613955993349 11.0553758509001 10.7287112172228 310.74042252052 244.547698634721
22.4671523793832 28.5833805272839 1.91541464424402 26.2560627135804 7.84988998199794 22.1355598033596 270.004816334224 73.1419473670657
22.7068526441578 27.9877952257258 6.83099842575616 24.1336658135082 21.0272000567934 9.8301333778876 270.982760810567 239.116618496766
24.8596947304406 28.6595136919312 5.2088977597833 23.9782823332232 18.815998799383 9.49728972009484 286.878823542974 220.305172874627
24.0262023343547 29.3344232095958 4.58000020965482 24.5866559232787 12.2579626519762 15.2607751646383 254.49746201101 235.521534408037
23.0594069373879 28.9431998577824 2.43778536443249 24.5447133783062 19.260223145946 10.6115651882652 383.529712497661 157.423661242318
24.0588619647115 28.6940985535007 4.51327353462122 23.7082560825203 10.5668667974229 11.1022550086037 224.599795443259 258.193991644051
25.2990356312399 28.6040313640998 5.07577016277138 24.560033660267 17.7429199650002 12.6392403227096 197.704060375109 280.323248376067
22.8765768815824 28.9324305602392 4.05856365486259 24.5000228361557 17.053180463886 6.477736636882 298.891142834665 189.308289531374
24.3211202881525 26.9400219206049 6.16463315681593 23.5907671205261 18.8120961586198 8.38910655311104 314.159900477101 192.344330307585
23.8423602634574 29.4263022599533 3.43882955407008 25.5330649989399 13.8324396143741 6.21914462448653 376.254051185588 70.7101928586086
24.1292468418917 29.9925116697465 5.96137187749281 24.3488313566599 5.69744321945005 18.7955189886288 332.348161205306 237.71562099608
21.8592228742942 29.2041932492172 0.621166089512186 26.5427605308324 10.3115992804865 13.0079253206972 349.601491732324 229.671215913976
23.1674686952777 28.0925934359906 7.09416651975259 23.105541931503 2.80566818365317 12.8397097770586 160.772653417267 168.54948121661
25.8026511782688 27.5434465788951 5.93912671699667 24.6688366036584 22.6886363204632 14.457960044423 2.2784141008993 357.071658623058
23.8796646809989 28.3998683333297 2.60339870159484 25.1296182531253 12.1045964906452 13.5723596680891 385.16404123566 122.443820808849
22.2837356544072 27.430953927405 6.47326997472372 23.8739848633353 9.47955064630145 19.6642581395069 357.954097753964 99.091076877041
26.4009592621258 28.8146138256856 3.2044252889788 26.5054943823966 5.40261267138711 9.42329375492715 226.650192287125 245.720182723858
22.8716993072326 28.6156757121172 4.75830458578424 25.0757598043571 19.3005038425232 2.89760279838257 322.555778464187 175.896902041365
26.2604575923501 28.9047720845108 2.97159237968301 25.9731243942819 13.5701474378291 8.97035093459159 214.163186299092 279.800729148663
25.7607572303001 27.9477543039651 7.2277578904265 24.1305927866649 9.22580955743544 2.74072324511748 115.295289536972 311.522536537892
23.9029061017607 29.2082476379048 2.80828174961019 25.340363068073 17.5940204466812 10.267874866448 237.43456259769 192.486375761308
27.927932185079 29.8929503136498 1.59482547951459 26.3605404525499 15.3862777517189 16.8987124752336 404.766734350583 27.155558700489
22.7732984700596 28.6735099919702 3.54254427505232 25.3323893057956 15.4147898132062 13.4172399492948 299.226913098178 318.331546375233
19.8209207842759 28.9952905543637 6.49900240678759 23.8704031208692 6.07030643967508 13.1020372528938 420.393937178657 14.2800452474904
22.6138529059613 29.8801899094014 3.06448848470784 24.2935126820581 22.4445862806798 13.817527720488 245.067277528819 195.581789253237
24.732590125798 27.8456839344451 4.83011294354215 24.9841938580613 16.6014042895536 15.998228530441 251.377182585965 221.429627259779
23.1118546929573 28.2790024331898 8.51431109794819 22.9489393211919 24.399370395689 19.0112072294797 232.555924868619 242.91535533677
23.4268124518937 29.32175298274 5.9647465164576 25.1338412415692 10.0664926714661 3.77147052222664 366.948482894297 103.290093198233
22.6428517895268 27.8884375247603 8.59028123876501 23.3702546935678 10.074090317478 6.78149323591539 374.748803078933 69.7869458516801
23.8397895103647 29.493380141335 2.84624803327732 26.2076939544938 18.8272603275242 11.300552907141 223.972000859642 234.340533685232
21.6921267020784 28.7637522024238 3.32656900313044 24.2733712035692 7.77534116042612 13.0482284111303 335.092549434546 127.3531578772
22.5828368109326 28.2154049920087 6.87870375398687 23.7340951146522 15.1746095371538 15.6366271352285 352.019929303989 116.417263071764
23.0973437888084 28.3848792376004 4.81686497615441 24.7887975685802 11.1306005188354 3.27271329513598 292.513653731747 306.62463661532
24.3525714148397 28.911339531645 8.09300356490515 23.2885048538938 21.5638235504121 5.7182121115733 266.611774380832 233.442839886107
24.595434390172 29.74060148958 7.6131962767278 24.0364829669295 8.12135662468936 3.14564892058909 246.679279289362 246.180772482663
24.7653918514561 29.4090895136481 2.70538895381503 26.7960094918166 6.71511177694673 18.0239717781851 309.820827352673 229.186460062599
24.0745548295811 29.5716505601887 3.73560334198993 25.5027675466791 8.76056961637876 17.9779217586901 266.513516233414 244.640063519371
26.7479452248687 27.8237236534591 6.48705293802062 22.9737728750542 6.43653769969797 11.2688018894016 352.54919507637 72.9811219919541
22.1457427459252 29.5102656209961 1.33989369320538 25.4193315856316 28.4200262339242 10.3742033628885 279.66586167357 189.742309763438
24.3398862631386 28.770358462595 1.15763192846518 26.7478525257761 10.8068820775253 6.02712554920653 377.029958528477 41.270346731759
23.2906515161678 27.8798688374702 8.04754740092083 23.7095077891572 22.3445949499382 13.8142603992857 372.200365799119 117.617909315122
26.0966016597857 28.4869052323317 5.34658933166028 24.2762186457809 18.8856915379671 17.3304061423075 341.928269253786 112.734054260001
25.9263413525395 28.8249641476948 4.20508456943416 24.2554779568326 17.2141014997202 7.56891603107684 234.131028541002 270.347490080072
23.7811748146983 28.4881805894956 5.30472095750182 25.2775527989318 18.0122203011572 22.1271090933182 251.033290342298 342.580645002834
23.7373956852478 28.0735776701042 10.3620539237858 22.0795883422142 2.58891746349203 2.5494586787541 247.703669434252 226.649897847606
23.6099791778954 29.4321354798779 5.00816878505751 24.0742760273878 24.3014117881177 16.0434360912766 362.627042163032 97.0862170002117
21.3178699983699 28.201049609392 11.0987303322079 22.7923173837889 18.0364585513942 12.8750299459222 357.21694864709 127.580196816174
22.3604110754442 29.3533012333105 6.42194862025015 25.0375727748553 13.1131073621129 14.1994615246045 206.900926918696 94.1816403194046
23.9003406735738 29.098489598177 5.09256158595947 23.3704705364901 4.4051909956176 22.5249362354805 208.514988620538 271.822710048056
23.9640141981829 28.9948573005708 4.17239779453108 24.7101399261681 10.2092854907431 13.4380869874552 257.012477854274 238.529461484198
26.2634112783023 27.8218945977632 5.98482201152553 24.2453495950879 18.0943791659763 21.0184980935741 312.658798498799 182.173846578702
21.9105554387951 29.3824019525169 6.78203630068541 24.6943343875237 7.34244463136435 9.63915095535213 328.142087151991 198.987138126813
21.6761062545691 29.2312695555927 1.89120110966042 24.6233403382892 12.0000464708628 21.5574909831391 446.048782135137 34.0067286893892
23.4500661440495 27.2580691411999 4.97047578005276 23.8661553354129 7.63391695021958 18.3153913105706 282.751873904129 183.175678776156
23.1459846411522 29.1792961346461 4.87806345326231 23.9029743581386 16.3584129611911 8.39974079201213 314.258979819521 199.734120896291
23.8336247967844 28.1987374065593 5.86823266325879 24.743441782659 10.9803189334641 4.60763545283373 241.740243570395 217.552018666408
24.0826442345561 28.4698969435896 6.185833157649 24.124299302044 17.0193148531098 22.0045258671865 377.18649564124 113.346258277451
22.7249304064972 28.6960340397658 6.08624748036683 25.436136829507 16.4005939403539 21.4395132881485 383.886644061437 156.839452844066
25.672947108212 26.8263187072233 5.52995206092043 25.8353170041626 11.0305579711575 14.9702784954211 177.251553625113 262.265017789459
23.653921733835 27.8133288014182 6.14049101285874 25.2971272901318 9.28726186232214 8.16314794406044 140.757556401109 292.810542563761
22.1430724282168 28.4324604656953 2.2213335686261 25.2952409174784 17.8841306317939 11.3401830699646 333.635470104083 153.743550250974
28.7396213395866 27.366963087051 2.99517046454981 25.4761129898888 7.41456000735086 13.2854269643181 332.051009627331 292.808183122992
23.2158539113975 28.7270930673204 4.81896848437797 25.5150534845965 8.4085614242563 17.7738384743279 376.411097576304 161.741203744064
24.6367418842546 28.0134845764686 2.37385409153482 26.2927149807484 27.9258677434016 10.3409400846662 160.256443835734 323.88934588168
24.8976585728999 29.7031518251189 1.29247220425308 26.4946378238486 14.5125412386342 14.6956679318926 94.110427322211 331.970130716175
27.5794470076866 28.1708397430944 2.76759532536101 24.0563994905413 26.6679436728489 7.76530760109497 318.190196268997 173.030321869827
24.7763544655676 28.8869345163843 6.99225385049436 23.5571109484163 23.6502348660471 10.5806746113748 349.019837170739 86.2437781765716
23.6156185382732 29.9697597659149 2.84122316698389 26.0962100483566 25.3474516457412 9.97214780965879 327.155422556678 199.00258449625
25.5772925850814 28.8396265907253 6.9992834785188 25.0316241522885 12.679931818252 23.3876259936419 97.0617618000253 364.665899785794
23.5866383859168 27.2492781096581 5.46891932258924 23.60891998519 17.3313109020135 12.4553208533803 382.724176792374 180.664934939015
26.3212568715201 27.8019800106166 2.76625791498862 25.0845146422461 11.2617483017819 17.9482488579434 397.682189192724 134.182206375974
21.5256916355814 29.7915994429137 4.59916223060638 26.5665405824731 26.4328678578123 15.0858583920877 350.726477635829 165.586672944852
27.2416241695209 27.5024775481709 5.00056046440135 25.03464812972 25.3031838155442 9.10108561809597 206.185386788506 328.245086718487
23.8162426931093 29.2435144746212 5.20764861161133 24.9273654925168 13.5818579169713 10.6923955966597 386.11293910618 39.5010609506489
25.1620940280491 25.5268898763686 6.66077427724913 23.2271681158529 22.9978768173513 15.5135463447026 286.773495414631 227.522951613687
26.0303902289297 28.5665737962295 5.59177291801412 25.7215754580778 16.7213539802618 15.1809792738849 388.432619641253 58.1600691092201
21.6357852250226 29.7883549903177 5.11911367808431 24.3990638985381 14.4474558910901 17.9484807898306 384.704306098579 91.3408515486795
23.579908099628 28.3036757320774 2.63768732117259 23.435152312485 9.92489764681165 6.8237753169581 355.19597226188 191.29320426835
25.6950673178793 28.8894099444828 2.76279416398507 26.5026132882232 12.4859195953086 18.2002322167037 176.603694583635 369.601473096714
23.0424187189114 29.5054573673741 5.36785838200788 24.1928833225026 18.3519686545776 8.58209636231966 395.053880606132 158.179216872618
24.7018929563568 29.021871253715 1.43332055443364 26.044641585789 7.14215673513169 7.87064761892736 214.626077232375 280.0838443431
22.3914362232591 29.7415886383898 9.7054785146355 24.0921656037723 12.7553419725954 22.4057331477819 351.340675167571 5.40006525498623
23.8344441270681 29.0985147129706 5.94562678000933 25.2694518263066 9.38057015244481 16.1587825532832 218.232150626705 238.816399726622
25.151306781246 27.0993885038476 6.96055383670361 23.6991683809745 12.8856144321848 21.8098673477947 308.680960165756 174.734412828315
22.785793642033 28.279735791118 6.07885577529639 24.303552892074 20.9281407486292 12.9455461351356 391.678657458469 116.376061895983
25.690286264088 28.7974543114188 3.88472894362105 24.6577088135695 16.1255987126182 9.89076896022127 402.722135886783 40.4157551023536
23.3000243360027 27.8626025129566 7.26960958065187 22.5270132384849 9.55053264693064 7.84303734415688 325.981034725256 172.439342078295
24.3797406690795 28.1106745397291 3.88302196110984 27.3126663126302 22.1319177795639 15.0253494390948 414.418215480501 91.5945114411346
25.2445797705503 27.9049319794617 6.24789149311169 25.1190604026806 19.1661974005222 20.4948585905823 394.091246401158 27.4494561459306
22.2650793931211 28.7205554474158 2.99972566789965 26.0779058985833 11.7180643731022 8.89917486797017 277.667162068631 239.479446366183
24.7353484438248 29.0563562817997 2.97980972895204 27.7275553150615 25.5627864412351 4.14378634605957 299.876092438363 277.373970945734
25.2272765852494 28.3544245222084 7.60973446504387 23.7625393587123 19.1132633902436 17.8407155785022 218.371122551101 262.285648584038
23.4945281734881 29.4175156714188 3.62617267257512 25.4191271655021 11.4526082733767 17.5163323839057 314.853926410235 240.773817930233
24.6471167131959 28.7942214593768 5.90888629556862 24.6358765082977 12.9079681163281 13.5866870701614 163.021036965417 247.152791995585
25.5344563200132 28.3062677396779 7.2732203623228 24.3954644707159 11.5543128250216 19.9625951093896 375.960549825998 86.8408249123585
22.9704714460174 28.0745653612034 2.43422455362688 25.2168581377838 17.7379538105966 15.9474287814879 359.825631113442 113.774875839248
23.4912964531359 28.6874792382007 5.80740168176385 24.204550191922 7.72368074801 16.7224295125361 269.875739751482 203.001178558712
23.2840345098251 29.5999596688836 2.32168735120959 26.2046849395225 10.1904874191722 13.4437231795245 229.746513905678 299.505182565594
24.7037271017997 28.9748885448585 4.27592342972479 24.9381642843921 9.7619846027846 5.32036719001132 373.81523202311 79.1097681549764
22.5301917588716 28.3904428420363 6.77466110572733 24.4659447417579 24.3929998358968 4.37235912624293 275.73776885258 277.059744521054
25.588080898228 28.1569463108618 2.71740415161845 25.9131658007302 17.8885807307757 16.1193104671004 255.844118115423 268.915629101248
22.8554484155657 29.1203987641948 6.90219019756261 24.0135183023904 19.8310340746094 8.44902090133042 238.512790295427 172.50556622155
23.2091606833101 28.2669478443612 5.63657653746285 24.457698954897 9.09177632891839 8.47444718347337 374.596543512244 173.314634002264
23.7671184802526 28.4432386573457 10.1054346554654 23.1591968262066 22.9292297537496 10.9453245795257 409.769651097645 77.4109317384214
23.9689471046008 28.6857293544112 1.91708637110129 25.454544582791 8.51273403093426 9.33286456562878 211.019571931085 271.469349158419
26.5367894568422 28.7072309807404 4.80235158024155 24.2979945193877 21.4858029170672 11.1787837654927 225.847602446473 291.079680331954
24.5993275452398 28.9882219911537 6.51295217050133 23.9509369675081 20.0437034125556 13.5078898126125 356.872832361909 39.8798397109402
24.8939934243537 28.4869535017222 5.84826004644043 25.8421850503762 10.6883450398625 13.5304498050063 360.023011953808 113.576588136632
23.8931842983346 28.6817829848097 4.4807906528042 24.552128431609 21.2833628208237 7.24379522352001 329.021423755791 251.901034469325
23.8156448410453 29.149150083791 4.79848501041769 24.2057130242384 20.2743518320961 23.0972831648705 340.937314496122 106.467796695087
24.125070909968 27.6559455226039 9.72478446736416 25.2542977664755 20.4923158602028 15.9451302106884 392.097513072235 157.213258184888
22.6963900411977 29.1610717444988 2.68316045151891 24.5424547378295 20.1705664916337 9.82352465430589 304.117393209088 159.311602055967
24.4155182560344 28.8322710960429 5.39458538165065 25.1789606337472 5.73631559760064 19.4393969599437 289.782563504122 254.2024548063
24.0822187273992 27.6715132477051 0.356400917297353 26.6443097695616 6.70791186144119 14.2402671456531 275.605053261934 242.038836708299
23.9442058358328 29.3143261189109 9.15913428575766 23.6102070712513 9.29880952842955 20.1570292725766 372.585724219857 35.460874853849
26.9450797556681 28.4725440847137 10.1191349681064 24.8081168723432 21.2106627892796 24.8733294233182 386.647304464543 162.435812231604
20.992647477569 29.7972303334017 4.7415765455848 27.065192112106 4.48682976710386 23.0160466860645 362.455892027283 172.350464255834
26.3993694629191 29.6985185263335 8.11061309283163 22.5087399163678 12.8266864581267 12.7218728341312 390.854249967951 46.6723709004207
25.8898443036793 28.417963527923 5.73422578853275 23.787418696163 9.88413715764087 6.17615400232814 376.943443932279 57.6977664145616
23.4716155525313 29.2388190028449 6.73954994830133 24.3084838114616 15.0659697509003 15.8179382861032 349.325124195123 55.6419911124769
23.5860990739537 28.7712536998091 4.49560243599116 24.3374775362775 5.39366485015971 11.163463549571 323.162125501741 245.214178528703
22.8274606938053 29.2256944457735 0.889558383839492 24.3163218750588 27.2413124175174 11.4162715061083 368.250040708066 93.1220563330259
24.1120557604803 28.4589100227669 3.94392172491586 23.6450606724045 28.1178857067156 16.5857687330805 493.168035340586 12.4996135846268
17.7079763339579 29.4426434084366 3.08909009540724 26.3213411651699 9.00690501497787 25.3634738240031 399.71963831854 25.8228932499058
23.0955053623187 29.9276903143462 3.11084069051628 25.8669089178602 9.11673804247791 23.8275281191247 307.154831121932 157.933098916261
25.8272099676464 29.3057605100165 6.96717508047361 26.9399536990259 29.4473505783485 1.55631850907286 295.403006283043 225.952521885066
26.4096653773235 28.516580826294 3.16268559765611 23.7118724096287 8.6847186074744 17.483102204183 156.793844083461 241.529371967551
23.7376994974039 27.5552016534864 5.39774857409453 23.8623580481324 20.5153186879165 19.5011383105809 322.592850135119 163.418174639521
24.072321923806 29.0870767930197 9.45129570797214 23.4081910249143 21.1342966100164 11.1670877098028 361.090701591362 82.8270017688443
22.5289125765066 29.3819939089966 0.796820259017246 25.4942656521214 6.73817443675327 16.3048512371169 230.887646691831 200.008836840618
22.4116540512175 28.7526724638994 4.17070742554621 22.5325486928735 19.6680720263802 11.0279980916633 287.363293855152 61.5872017558208
22.8298027093805 29.3986859258485 3.10619769840667 24.0945518541759 15.0802292539337 7.95624852550354 264.912239970274 238.472207400263
26.7015850016907 29.3053290811568 3.25805032257575 25.358345383961 24.9293035519255 23.881157878901 187.694074050503 224.043501696657
23.1878263723262 28.6101510617417 4.51469976514822 23.6630122777884 18.1139904861231 14.4321522575238 333.574955124323 192.168455086759
25.3456081368054 27.7472935014826 7.75423761423778 23.8744412107447 10.8825395975924 16.6180777239037 171.079510110014 347.319305525991
26.9955383184626 29.3560874525994 4.40524471543085 25.5127899195171 9.56703572365768 19.2727841811299 118.462992374558 306.580470015035
25.4090937601644 28.6190138724833 2.38651849429373 24.9778926470548 18.2820426300167 9.16777141572378 391.240225200266 85.3904647210313
22.2790333086172 29.7343562836633 6.92384924650251 24.6211257510596 22.4091231499982 19.6122716011481 328.996991777129 209.47712657393
23.2787889064724 29.1629699449065 3.716142173361 26.1640507479297 24.5929186761379 12.7995607662453 173.887450233469 289.946682003381
21.9634994548724 28.9161786290524 3.22497815781175 25.5221903450459 11.1110256266473 14.7947078728264 346.028338451357 118.58502245242
24.2868167032047 28.8873241561057 2.60021991686795 26.034360131366 26.9691050473766 15.254549441049 237.860613111109 216.281592000455
24.6282077572094 28.8228040463248 4.61743597349926 25.2544695808659 12.5583120267396 8.91542084911399 242.749574171368 265.504303618711
23.7606755341676 29.3490659391466 0.440610924638222 27.312156850285 12.6550336669187 23.930771297045 255.591900416294 317.376043716183
23.5383405162279 28.4197493454492 2.33582183357395 26.2684853022751 15.3605563203379 15.4529537315889 242.610196037715 247.043626285509
21.2369981267113 28.1799632941249 4.76907025088892 22.5751215683506 9.3289079648884 10.4963298869548 412.742061686519 124.85838104526
24.2002513776817 29.6827221968597 7.34793012247929 23.5526627679091 23.2828350877429 9.91051612704966 383.759681977946 18.6897992194803
26.4197942734393 29.4749809880534 6.73211346547944 25.3084621961293 22.9400372724521 7.51009444515767 366.909211113539 44.4310980825777
25.757034345385 27.9515607354344 5.18589521757367 24.3974397212383 12.0908241680289 14.9532307976938 364.447882649761 127.409432399368
24.5798594210274 28.9581036476154 1.41498974251458 23.1977074333052 19.6519422106329 10.1754057822152 335.470345445459 179.489359696085
23.5516521713011 29.2485324538762 6.400757176349 23.6914468509754 5.57999707230108 13.4670404536686 236.819325681656 235.549484431949
23.68054531212 28.7795550797541 2.31862208100627 25.8836519306355 22.3814610211361 13.7609450611716 263.145800985771 220.000600447276
24.5649500525239 27.4818176065572 7.3750008179283 23.2044686217567 16.5533176719579 9.80028910122238 277.29723564281 244.243058096683
25.0165665073443 29.9556821321493 5.91923225711234 23.8849470697376 2.76851094421918 5.2405463264159 333.688666636831 72.200567498306
24.0595146980447 29.1291891022713 1.88673726632858 25.8854407414961 6.67492292488934 14.2895481776114 254.218367574959 302.130304017996
26.5883692866863 27.6546605143427 2.11432161829146 29.1043230583648 14.4233480787734 2.55710702974902 379.364101892832 134.202820842346
22.4562126035154 29.2230318886922 2.06519998030867 24.7507342193718 13.2159523728334 21.2282861958514 273.996646542781 361.608957233095
24.0537976001442 29.5373540900579 1.79189223115575 26.3275006501406 17.7684110810868 20.7905192279582 220.624615041537 288.14340225142
26.0484196578763 28.2850896127948 1.5250547491283 25.6064276887873 6.70434499001514 12.5700881944464 285.346752730699 246.186130353205
24.3001452103965 29.434787416325 5.0194730341997 23.4076493397551 13.6046845218295 5.65645562128051 338.981973879051 104.220391387701
25.3971938350088 29.1548456133841 4.25695111714456 24.8498701140631 26.6257256095309 11.6844800848222 373.009159127058 78.8918809088837
20.7915989762777 28.9066852388797 6.385957440547 23.4608010964766 7.44047814888613 17.388270083324 314.327814819582 162.166111721619
24.6868112670837 28.5727058731383 7.24439540427139 23.8315509468275 19.3995047998284 5.98291502776313 352.620644408866 95.2749004350735
23.7785867897351 28.3384214588653 2.73809438568321 24.3037472613489 12.1839784154446 10.1812870604564 218.166292159826 236.43042560242
24.0797186200763 28.3852098326453 6.16877966370985 23.5600486328067 7.78874108189274 4.73634475841742 302.074369063286 170.496712291112
23.1819516082209 28.6021585514383 5.73748658351673 24.4049045610076 18.9536926280354 21.8222122633541 350.611717564293 123.485763273055
25.1736602748213 29.4229088017695 2.60520355903995 26.4826571179535 11.1680536911932 16.3901814796526 234.562475950118 255.469390555954
25.1964636480799 28.1318575998142 1.25117439540913 26.888612849114 17.1668623238876 19.7496409737529 332.143421140829 192.506591983176
22.9514865463293 29.8959433392896 1.09993609632917 27.196227240812 20.2727511906509 20.3788799704416 220.975431904298 294.574849101166
26.7267206721635 26.6653478118544 7.80066894246069 22.7972301598922 25.3266318557499 14.9993717715906 260.513971116737 223.521592277729
24.2687332940459 28.4646437683959 7.21637043275825 23.7422938519534 17.0475579455265 24.1582239404615 396.405986893179 68.8640284251947
22.7302846512261 28.5211840553934 2.76551880815868 24.9977001676549 6.4209076076922 11.9163880597762 344.446920606426 89.6995503128737
22.8429319679708 28.73380291939 6.86980405479074 23.6073885567189 11.9078572798869 23.9065327425946 344.897700238883 89.319983619787
24.5705108980787 28.2839589726089 6.45420323745823 24.1352085536864 7.79693636137474 8.19236052723103 282.739153377945 246.400254878839
25.475018616379 28.9224049559142 2.55789896495579 25.2681785885521 10.3605040130816 11.7575531886237 345.629022661842 139.701170187686
23.7621094656689 28.6954879026718 6.24504378407743 23.4754879657423 20.7199501452312 8.74648804368842 310.938471223297 240.539372821237
24.1280777059612 29.5986469433756 4.34645227476429 25.0586070020797 7.90485919961945 21.9673857947401 255.495175670333 222.689711814958
23.7951716473986 28.0034736133221 5.1548225378682 24.2169144992459 14.7257844024658 11.9544196704864 235.260443877683 232.185537842627
23.3731621875813 29.2450247842238 7.19311449506525 23.4835157743906 8.66347394677472 7.48460497217197 387.520623615182 73.8975177979267
20.8052962905136 28.3036736960163 9.58358045681341 22.7365899468688 10.2625786125719 15.0486322998076 331.808054927059 116.844333255315
24.7355674423908 29.0766919604428 8.87730617332183 24.0751889974446 13.3948779473213 11.5808854712588 192.103795804602 304.641257730096
22.4920584763065 29.2204581819707 4.31180146089899 25.5848701575921 11.9509514005984 19.6947755093696 292.280136124604 217.679401906327
23.8617010301761 29.568188932457 7.6070343081465 24.9560195548578 19.3676639714008 6.92313931718629 259.725043412438 207.566976780666
25.9167842446204 28.5783542235127 1.67366196382704 25.7890687053901 6.65251174918575 16.2444190856766 290.299202387732 235.95791102565
24.5992723200735 28.9835426881216 2.31687722856654 26.830765113306 17.7458459340718 16.9181791806187 239.437439946124 283.0388693693
27.511445660264 28.4299989076495 7.11133051033817 24.6519658255543 17.2953259783711 23.0282463332515 17.4282267204059 315.327088850284
25.8135148060563 29.2139226374213 3.5231980543986 25.7378790592411 27.3981961297722 20.3934179628065 405.868906711086 18.5848716489743
22.4815219185466 28.7583394057071 0.600339684407112 25.7153484719949 21.7479555691948 6.64266129429834 360.631165810065 87.9508804136464
22.013007967617 28.5921052058983 5.02478140910941 24.2992731634521 16.68310149684 9.15178316728103 363.275048964764 143.379170007874
25.0737131618275 28.2468640298552 5.37789449752686 25.2394614043634 22.8619153746152 22.8259737966218 333.325189273137 143.2292261587
21.8318900702389 29.4889622100844 5.07884931128915 24.7533354363336 8.44593854728009 21.2611918568345 345.248062220485 138.652268690299
23.0690578125638 27.9457242670534 2.66855999302597 25.3926866571313 16.5901735096768 17.8087411788077 344.107079110135 128.576018485746
23.4333647479275 28.158550957568 2.60368919522104 24.3731226630967 12.1523979630358 5.39237107019758 363.293308121621 185.352218921819
22.7537602688419 28.8945303373171 3.02050515352715 24.7483555570228 8.85967109847358 19.2242134285024 318.095457828648 143.664105091624
28.1044262307777 29.6781326788476 5.92776271795901 24.80871135705 6.12934594342369 11.9031144412735 420.371317954377 20.0447454446471
21.9035643184964 28.7137892710671 6.00130252940882 25.6518825919489 13.1288498414644 8.91236856547663 363.701146933026 158.47075733513
26.7841978488526 26.4457415217901 6.42506955643226 23.9546473531075 9.08828619218141 19.2214052813529 309.773919193763 160.411354595833
25.5164516668889 27.0166802403583 6.19001147449911 23.970395230763 21.248984641908 5.9263620071383 307.551908574608 232.779161544042
22.610402917085 29.3851368412833 5.14723673043706 23.7926820326059 14.3588848794951 10.7298624556653 245.841998434537 183.379456435239
27.5622871238769 29.6627654790218 4.19586114603903 23.8084387845762 22.3438838079841 24.3625313047125 336.057698539504 110.304512588915
24.0908748722404 28.6585257854976 6.43154060728481 23.7644809205322 18.5389656488443 23.4998379973948 378.969416554039 106.917464702792
24.559566960209 28.9450531648342 1.89935071730419 25.4889349559992 13.7883358620325 20.7352401088323 340.212098288674 143.608115906866
24.0889208782553 29.874247666146 4.75698950718847 24.6972591215264 6.04379437154004 9.84330042404785 139.855454947914 298.396728120126
25.4270783885506 28.6515063177765 5.26565253670979 23.8640341494021 12.7306480615158 14.1462724210286 178.750663897154 184.263392992529
27.7496904157851 29.5520130866626 2.42705925098148 26.8646897370093 11.4541335992809 5.8419903009352 332.574882903016 14.6263232032542
25.5221339091324 29.3554594909645 6.6052025328746 25.1867578463808 16.6863547052597 17.9196177786371 363.054454606223 39.1342673908227
23.9197769977502 28.0827403318479 2.90813631982879 25.0957189017089 10.5541937018675 9.47082215530927 338.083017072461 250.71474051691
23.6324842888467 28.996766385557 4.46343764033123 24.741397580414 22.4577861664297 27.8442386003885 322.918856707753 181.805529474926
29.9368511680223 29.7914205553113 7.77568552966884 26.3796649231655 13.3051418692285 2.29292086892313 401.46683586562 29.138739392645
25.8356486712157 26.3025130036391 1.01360791967978 26.2946047711446 17.3128385916184 6.60643080518891 212.418451225377 291.636385693093
24.7578157715302 28.7772627092364 5.24893291074727 25.5643203868675 17.5512123459352 14.75444930355 265.59471375043 276.354078804076
23.2549754360634 29.2170001371037 5.81588199532966 23.9165576341835 8.42643094577608 9.25656323119448 252.973580790816 216.188389713648
25.4609887949857 29.174910023571 1.16149535773902 24.7947028338173 18.916345814125 17.5848946655105 245.525787561434 247.785056035208
21.9951810543468 28.8680549436617 8.697925666738 22.0784901356054 28.5119955148957 4.17993898605327 377.178333677162 58.6456934534181
29.0000151004333 29.8516197257681 9.74458701516153 25.370321537263 18.9641571493384 23.5501982230115 87.0433173407814 339.360285649648
25.9509145954191 28.7205454162107 4.50473057286352 23.8247721406977 21.2354467886903 9.35586758264634 267.818929551455 206.577059152549
22.3461922318839 29.1422435157211 5.5860414768895 23.8917652915953 14.1991451437485 21.4178883352128 349.002299008104 102.306625761735
23.1982833947109 29.4182135418664 0.591509899576801 24.9451921580958 10.3353052688823 7.80091803711549 218.118351712621 218.186220486383
22.9925130534389 28.7758163254528 7.63615099751339 23.8315978582451 9.15354679566194 9.94632115278363 233.768311400749 248.994809875395
25.4674934024577 27.5845939206548 4.43551001236983 24.6780020080604 16.8727960664096 13.7426622822603 329.101482001856 220.711157089592
23.5577482509268 29.3422366873973 6.0616134134661 23.749842537914 17.9471548724973 11.6041446902086 258.162519781968 171.23406568094
22.5685895903024 28.4454024327742 6.12511925042077 24.3181465823786 15.6229036698141 12.3005381078604 298.347066817867 214.596095707985
25.3157182127075 27.7963018981275 7.87218780507177 23.4394051554584 23.8635485069784 5.87536335991846 289.272783211071 169.158693565956
21.4811979066224 29.7179899025797 5.40077462385815 23.7162282649274 24.2529154904034 8.71675590410078 368.559189620168 62.4047100635097
24.8526572033865 27.7408005250107 6.94739147606203 20.5675471447929 20.116827466895 5.8643261769152 206.205383249947 313.722925972884
24.2353229102529 28.0476620619022 1.67936913487488 25.6729923218855 23.9754908074045 10.560193451896 340.410958163323 134.188795327455
23.0836882359995 28.9758307349339 6.67041923605103 23.2241029834537 26.6598312005382 4.45363188031541 338.13489337353 130.906489411576
22.3946071967598 28.7528624349814 6.95943751182484 22.4315713701151 8.76111618941153 14.5466901854871 373.821581026134 156.794755017255
20.6463959731878 29.5553472655649 3.38427953902254 23.3377528743607 21.4154062713044 7.00789388333048 364.368680947218 75.2657211774036
22.9795620659919 28.2718741306445 5.66249823893323 24.3536871376003 22.4092026208003 12.3225867275147 318.32777703799 206.048396693129
24.4127455174497 28.4478601967782 7.08566752402197 25.8754483482757 21.5156005132357 19.2694219217774 235.843699862042 284.94207028136
25.2065089315997 29.5730958743089 7.65269025947375 24.7760969984956 24.3761806455614 11.7960655117702 181.375207420106 307.807181469611
21.4393907310136 29.0335231315344 4.21594734918277 24.0498602915861 11.9106499122133 8.38772498802092 365.36538703979 98.462423680555
20.9823653822208 29.5975156255864 3.69612589875941 25.7310330396935 15.8061309383627 16.0107793566254 368.829941684106 79.1896726953775
23.2976803938368 29.301128458013 2.58838388710257 25.2943435518022 16.7964105387184 20.2781115190742 184.986962575498 240.858922052367
22.0006110698755 29.1984192691292 1.42552530482204 25.8317778825739 18.5028133057898 3.93096412536638 304.183340731867 216.197937835064
27.3207103815471 29.5693917892871 0.914920495157799 24.9505732358041 12.8501497052685 21.310720460196 384.739122675465 45.2919741568488
26.0719995059873 28.4400800406162 1.55890593347726 27.3136368557168 25.1957882942586 8.14689998058318 268.958764030075 183.908858818734
24.1163946102667 28.4296943328696 6.76736119266743 23.8229392349004 8.39864646183387 7.25266756065464 102.213268842613 321.307235843415
22.9234009782449 29.450452350609 3.88053941576794 24.0910624481475 4.74507954916659 15.4085102900587 298.064718185954 111.848513745094
28.1474239209301 28.0273747983229 2.46314853690289 25.8793766383918 19.0830606310523 18.7739623188269 203.789154852322 229.598567902109
27.5055111477304 29.1755243748011 5.64216971530949 24.1084954316567 22.9879298167645 12.4474739285175 382.154336283837 34.3193221639427
24.0045455302411 28.9992921163162 2.67884806066985 25.4401554326913 10.9767279178778 16.1143920603221 258.054156373105 235.317186040639
26.0877586044122 28.8820746259552 7.41275124960431 24.1081123549573 19.8710728661831 4.08520185695304 351.66456148412 132.081701404729
24.6567462272456 28.3158385874918 6.61954069277666 24.3307716952928 27.5754918812876 9.39048833892526 363.674104595134 121.742937518
25.0622722504887 27.0386644717908 6.79573103049378 24.5469519905128 28.1430503403706 10.6750136162853 251.540725854355 255.30191411275
24.7693438145785 28.6847673838144 6.33790330870143 25.2230326504713 16.9417603028417 7.69061727813868 323.816786825974 223.876434563324
21.4559881905282 29.0961596490419 8.27500001675061 22.9204673465123 25.7276843394145 18.5808653080228 355.595280664661 97.4582833354631
22.2308400164088 29.3628977490608 5.97037432912364 23.5362564678658 5.73244182600296 17.6897040063588 275.446463921855 228.373451779347
22.7996841193851 28.6886825524303 6.80011308346667 23.9757027006577 17.9419897241674 5.07607305952376 344.204104483587 184.439025917292
25.0600079995224 27.3497073773555 2.29956233014684 25.5263378566978 7.19931723413285 8.37038362040748 369.502147845597 81.3559504434918
24.4789493773788 29.0603333097946 3.02217272142306 24.7207603988314 6.44321373996361 26.9156443539481 366.333955035769 154.294117493455
23.7524131155856 29.2502662506245 7.15902877747642 23.8275397452749 10.4451136340827 15.1741326405981 308.207448253725 10.8520344965729
25.6881989753759 29.2301386678628 4.06175059423004 24.0206092643813 4.15018276637612 22.0327257179926 337.433183138947 163.757389268823
23.6207077178483 29.1928101456561 2.12017598540882 24.5119458571227 11.5349989286253 8.48386214285919 292.800862075726 212.746086708746
24.9223861338941 28.6160041379957 2.57469643866439 24.9772868013302 14.500101782456 8.25219547774666 368.36449111713 68.1518437134069
25.6021350240361 29.1143628610278 7.28012774115677 25.4492541247068 20.0782828323022 29.0570533511585 337.590057286012 75.3023340066714
25.8041459647586 29.2682869593261 5.52148518010979 24.3782172088694 14.5237369831169 17.0112932934524 169.419485912407 332.031236968952
23.1613604744464 29.1758761533962 5.27486629906369 24.1812047372612 21.6498189638618 17.0431713221226 271.401571202498 201.976488492782
25.3399394652987 29.383800062897 3.52284524900377 24.9006171698337 26.177203969653 21.0068949634841 210.33782430365 326.104190062503
22.7424717707843 27.7984216790901 4.85866577513173 24.9366793916657 15.789892785417 8.65903712744021 349.546861688684 138.734281309014
23.6981847134766 28.8925616638118 1.39821923386671 25.7692769651224 18.3621313588461 6.93437469525675 358.553543243461 105.010405478086
25.0675359658011 27.7375024619277 2.77506046352273 25.5341318202132 28.2043329893404 9.01793767723477 281.0442567569 238.868872682116
22.7226522237237 29.5057664918806 5.08738278245522 23.9016733901473 15.5408856826669 7.00746466859608 362.285552266884 13.2617380186121
23.650131553599 29.5721767897524 5.80579092806625 24.2180130293043 12.0919608614982 11.0084497365434 320.111109424498 248.132809957265
23.5498126881198 28.7973696202085 6.0839316743918 24.4229159602415 10.0995100306318 10.4841477219701 236.166187592807 205.340634100333
27.7734069115659 27.3355466446859 6.22897584154149 24.3902010363912 20.4814781853323 13.285983850323 366.643137856612 84.8555031825438
23.941376112203 28.0332164260094 0.114371742202077 26.7500244686824 8.95076642581432 4.16351854945389 323.943908261092 140.356919068993
28.4257724546857 28.3344148813228 3.51410184261786 23.9547318285915 27.8455652746779 2.16885895334434 335.350977544643 138.225970651012
21.0977103678432 28.7139319261854 4.82230989344636 24.288966482 13.7532441350385 17.3912401964231 348.036492142195 112.247275149736
23.3849718628749 29.4860530748833 5.14785638580441 23.8777098726452 16.7370919202899 12.0945238499037 353.443150372937 113.982679358177
25.0001326302016 28.4784002985395 5.25192649695345 25.2417514313033 10.232976470724 19.0973230488913 366.056048049334 67.951146180161
23.5820119700449 29.3655707884876 7.92468078073785 24.5072322740258 21.5513256862034 8.66949739085351 194.690992961078 231.8891943587
25.510722201962 29.2323499068412 6.54411131191093 23.9047275730038 14.2703305272464 17.6482077417774 62.1595378286679 140.593102732279
24.777140093381 29.5979471324664 3.53564626059102 25.4942995160531 12.3455184799596 16.481773321056 158.028551355201 269.22595858365
21.7276157523094 27.1568693697786 6.24539992460339 23.9303341467858 16.2358111621457 16.257175086248 250.9143131164 204.786009045137
25.2245326157281 29.0273814332717 5.24313876017613 25.8165781248127 21.3048550296065 11.6033163661138 241.081568150729 193.897853694483
25.5894234550198 29.0209107923594 7.63141611878946 22.9146307985412 18.0149248064414 22.8141035284194 191.546381172894 271.307095101013
23.4950847223735 28.7255249760118 3.77031543960847 23.781581167603 13.1500377985996 14.2814650343109 412.591939635547 29.9822004452025
22.0575884781047 29.1074766590814 7.79694234149943 22.3921274178219 16.8080176803573 7.17592959064297 349.883537909701 175.061154297325
23.0853489751409 27.6097791120819 1.98137569842005 26.1734561616869 11.8460640415644 11.9005772107102 312.835817415869 229.338148810707
24.3595278294638 29.1811957776529 3.67425379391987 27.0965649375674 13.2045074062056 15.0054302630713 318.869298420215 108.47139383421
25.3059816165954 26.0397781624234 0.335750279920094 25.3124377999863 6.06257123106019 23.0022108474706 373.794260770301 112.246880909245
25.7970496139129 29.4550912382106 5.06885263954744 23.9266454888439 19.8638894678755 15.8651713394279 376.007144376358 62.4377044348724
25.1337160525879 28.9940214398809 1.35185751053295 26.9495274914958 9.73203817147162 24.1571961629945 316.245288280008 158.040763049521
26.5914456194919 28.5374912128285 2.41160954537473 25.3278572822334 22.2470567683734 6.19740903938363 297.653180561994 262.648810527028
29.7204410895376 28.0834870328933 3.53729307252416 24.2959723094308 16.2050867807521 11.8027749380924 369.124242864614 68.3999574473491
25.2380625389953 29.6643340282702 2.68290586952475 25.4162905477415 11.3515439480947 11.41130633864 312.715817778863 231.107995059875
23.1881763455263 29.3935391372716 9.09725200202258 23.7199975706819 14.0562946818851 4.52274200842426 276.353046905107 199.047994864457
26.2445133028132 29.1214275744804 2.85963088972664 24.7268552021352 11.2705497370357 9.30757277566288 345.839323408014 53.3453515028958
24.4962794565837 29.3296088212689 6.13179529464483 24.7946016950494 25.4926340721906 11.8850932614027 260.334376778791 225.281762835347
21.7532971622891 29.3830169241086 6.79546382129544 23.2917125256259 7.3492820510906 5.13290454990421 335.336373266508 104.378319238811
22.8777964026071 28.7385097726713 4.9900485270787 23.506949516311 17.4659789412607 11.9916008736616 295.536547587204 209.877776360406
24.8554209661569 29.8584840574933 6.18378988755719 24.8268811060772 17.2405567525244 21.1106392530048 140.586376014439 269.472758102878
23.6060231372347 29.1604017214702 7.34199675258527 23.413528357632 13.8488854330111 6.69143212912869 258.469625854146 226.763482204901
24.4129712953504 28.2863017752257 5.9988847408218 24.2696984382136 24.4311614066014 6.3645682809894 334.712665320378 148.829956762492
25.5140066185608 28.8223876367225 4.70372561169119 23.9213577546079 15.4676281689824 19.7405785985463 263.76366474599 249.243429365311
23.6564800207154 29.5727710104913 5.06026141748261 23.9794313761601 9.87004222130881 8.07682031119814 173.962034536984 255.347603512086
27.7886225584028 28.0999566818366 0.586882986237849 25.0761212368015 9.3382782522321 17.4315631057429 241.49195263817 210.5116370922
24.5062583394822 29.7033805497286 1.710452660532 26.1921772184864 7.36982770520629 24.6128508093296 201.767892772326 285.171742894119
24.9051215197484 26.5309340062133 4.42919555567181 24.6936482858274 14.691238611503 24.6065646107219 298.969049042805 191.668023771657
22.0892554695211 28.4198761311984 3.09135708938242 26.2679031628353 19.5808156310973 12.9047150663787 380.816973609524 109.485049554864
25.4005588436571 27.6040773310432 1.58793093154683 26.58259617294 4.49560324085727 1.53565230297796 34.2897534005974 383.763344393376
24.9267033213733 28.4146886110977 2.55935309402274 25.1834401238038 15.7454796452084 9.49192769373639 326.982397203223 203.024611727441
26.3480738724607 28.4749355652305 4.6027383098555 24.1129039578753 25.1100289923427 8.02209075645352 353.647291802069 133.452936573924
25.7397965283175 29.1108939685165 1.46349043301722 26.6933202047934 15.379038164581 13.24734465406 414.437390826229 48.255666716183
24.6696317664661 29.2658305868583 7.40534299316383 23.4155446363603 10.4975984831953 12.2797607557776 201.962656708391 284.104750783677
23.4533840353814 29.3067407199716 5.6446075568332 24.1034386031377 16.1742827827306 7.04023660253255 248.166621106832 271.712041610352
25.985178558069 29.0970980141277 0.471130917749946 26.3699095751582 19.8122554354298 7.80283543439489 370.283875895033 78.9942701650008
22.9273749103612 28.7385434490606 1.70370196323045 24.88039785229 16.489453340073 26.600085668607 226.20470613411 266.110822813468
22.6499863913044 28.8331930506451 5.62658042649901 24.0615533124279 15.0701639850964 28.593943848999 312.206238069623 211.963207108511
23.441989046729 28.6292346993167 5.67112243899066 24.1645594073511 7.69099870409392 15.7393930252053 315.833292720744 198.575317260267
22.9226109791959 29.0905373825444 4.33425163247079 25.315327843254 11.1187664853887 14.9076316335314 337.706059493791 119.118394468194
25.3789509288431 29.2633308391994 4.74788466996054 24.3161899914819 11.9931072030731 16.7170108100704 382.949856178003 70.8762432132673
25.2930031060769 28.8726863855712 1.48444531825384 25.5419285981034 11.6339704736719 15.2185368641562 218.901674104489 250.221020348563
23.7737909089605 28.1360521487716 8.26258217110562 23.8337906769318 25.2600534588328 15.7768378113584 308.868096283641 183.810191464999
21.7054707006637 29.045931893595 1.51017098358662 24.9886803887159 27.6430491184256 16.756546887512 338.285366335569 218.759403325359
26.0784907360814 28.5114203834553 3.81038454671963 24.5344375973541 15.2759183177404 23.0421304295111 361.690269049994 101.133922618088
24.3220457692792 29.3931971488023 3.45928239649883 25.6044059890413 9.46244527597142 10.8688921486436 226.165867269516 269.890364222091
26.0740157423725 29.2617106615071 5.31424895974322 24.4156371548289 23.7079787325526 19.1777633821221 119.397061513784 253.857115054835
23.1803528966041 29.1156544606885 4.44982234829787 25.6700267819892 9.93171927306567 15.7005423469489 377.247163709959 119.002913062663
24.8919865741226 29.6834186601744 3.77120393702769 24.450743799747 16.0720651183585 6.76215958206001 249.186032269526 243.060693586429
24.8253688329107 28.5982464113004 3.98428640431829 24.5836259983989 18.5745833844354 14.2550298392726 370.611120843861 205.525727319421
24.389963392905 29.1769814341108 1.54292555492958 25.4641101806461 10.8673852461673 23.4979413873814 219.927372676111 180.331956826313
23.2114103423724 28.061597882006 9.08028348672849 22.7495264835312 16.7448622582109 5.34165875864017 276.455504370665 197.951780755963
23.7820528314259 29.4092007771078 3.62549223145688 27.9060819031365 4.15712094480571 12.6456206916152 255.63831138299 236.453311640455
23.6527878132755 27.1181612749443 8.80058185276816 22.5391537324587 13.8203395720597 5.38295358152488 79.9011209192249 271.488765594257
24.5754836470405 27.8316119305703 2.82922073891279 25.0911789426753 11.9781316608126 7.11646647593309 486.244582038069 173.444262417652
27.6754125522618 28.0406944153863 2.79889237949181 24.4167166463803 10.4564809703964 10.2756204385043 70.2760430230049 409.92000488016
25.5513373912897 28.2165542546923 3.58141401023862 23.7843002652068 11.157858912905 3.63275183599891 152.992960658843 302.970005445867
24.7011226000614 29.4049753601599 3.11463108081622 25.4726326848275 14.3825125093516 14.3067193721793 380.32238706898 25.7446835885071
21.7797049946619 29.5809587697375 4.64093316134965 25.2268706082246 7.81575545889723 23.0266961744587 331.941172241785 187.003139488177
24.1051118833504 29.0148472159782 0.855415304038325 25.7754527871577 21.5548132051791 9.42518957806332 218.398410640736 204.863801819922
25.526317144482 27.9059864997367 1.89721889624954 25.0618143835548 23.2908840556216 25.7671118183298 397.225017097219 51.260272174804
23.6292976718165 29.2237975457767 1.79390890233649 25.7884390103955 24.9632440241305 6.63433683688965 325.076525063057 185.793327070109
25.9885244094386 27.8994638598215 7.17608671420188 24.4569665963287 16.7040323831525 8.17266603933687 346.605072758528 121.174019218336
25.4185823647666 29.1590618529099 2.33406496453395 25.402387219877 16.0174737561506 16.4462018643111 346.170898936775 63.7469085976797
23.1164777239022 27.9957889403037 4.57784232359269 23.9532717596262 5.91984735930449 10.8895834979231 363.242187826427 184.728385764275
22.1620775319386 28.514237714317 8.77582389302508 22.8645670974156 6.33892042494511 13.2844483320763 261.650023664225 217.153952879753
25.6744500609134 28.3634135394293 5.34414204870294 23.5507301175092 15.0111503925728 18.9856385510539 233.679647415102 163.7866389364
27.8485626257861 28.6097613655495 6.42835884994815 23.1005150995573 22.402376413643 28.4577358453126 392.791996199447 33.217592752226
26.1564498602466 29.3172316447384 6.00261325362412 24.46182850645 9.81434042135188 7.05858100635392 308.842300258613 245.269529186235
25.075284624243 28.6833656655238 2.05183141116814 25.838561946351 22.0741501876407 14.7510862611585 397.255909014656 104.180231558956
26.0708577570967 29.4588390124054 4.98658161897757 24.4079864681874 4.35799830764599 2.35846925295847 378.793695268023 19.8823933118405
25.2192919983225 27.4513983703789 6.89256155287151 24.1153330254071 19.1671880489274 11.2990479995966 279.186648328544 216.211592808518
23.7440570326086 29.8851719288756 2.21095452817744 26.9895396272286 21.3033135048147 23.0821161608155 169.490156072798 278.267760982722
21.8107642612346 28.3600621002987 4.35878487536485 24.3285423317505 8.77350372377361 8.18318668408882 343.307902593612 202.89921444196
23.2383500693929 28.0521184436241 5.62436415170744 24.6579893387846 21.8147771309982 22.5807412188867 397.698579103809 19.1025430219357
24.8810988514897 28.319159036217 6.58634174352097 23.6601893401657 5.81676586436215 15.5862459746255 259.012608336694 209.55468599925
22.5352052368852 29.8445844830354 2.27507782506024 25.8965044060675 11.0330724594653 19.4061905209371 357.619278677186 115.850897396941
21.1453956216189 28.1088336100359 2.20941315607096 24.3520992315895 11.7472913220427 13.5073078099256 219.951045101908 237.630436140009
24.9512979448546 28.8186354526684 2.66893075782212 26.9859273667952 16.269284343646 9.33018361056926 81.6460918504008 334.820485732938
22.9966354689817 28.335300263746 1.60270292710408 26.49270849504 26.8553246717563 11.920269551203 355.149978150589 168.353936118281
23.5224000790568 29.0576283852732 2.23054041308385 25.310496893625 8.7296425105212 27.5172328431679 357.655515085609 86.6094175872515
25.1945803279039 29.42661442887 6.70316832969164 23.7694941283668 25.9449809989601 21.1558939990852 186.226765355764 268.476956483179
26.9851285619175 28.9867729309102 6.63318939513517 23.7212691001505 12.1636687037539 15.7164125367841 358.816132588408 57.8902621355391
24.7252872066734 26.2969860245761 4.3183381458011 25.3302370740484 24.3476579698362 1.62881864002169 328.298801671181 238.004410495848
23.0181014218839 29.4280917265392 6.54139508993586 23.1421019552255 6.64991593815472 10.819094720323 381.879782845294 55.8755407367672
24.0400709812444 29.0905086970514 7.23868089437776 23.8018945854319 5.585144823035 2.45534991932255 360.305534940307 20.9050350755867
24.0286809887651 28.3163225127894 3.83179914914415 24.194379526084 16.5129418653119 11.1520896620056 314.111017815196 180.71893808184
28.9316458116157 27.4831175517097 2.1443045268347 25.421012208553 20.9943528074722 13.2794522744301 234.477858807362 279.520180882678
23.6734012065619 28.0340826688953 0.664794776127615 24.4765468163257 11.5118503706136 23.5774576460593 280.93052800252 200.056403574228
20.5413192926356 28.5178291675454 3.36281088954307 23.0591160371399 23.1573758801889 26.4682936095924 520.701807361394 57.6860000798168
22.6551994333452 28.9618438427161 5.87738680378089 23.5699971968569 20.4276492093584 14.8462464934222 272.731937202216 204.903964838379
23.8546550388493 29.3760641870377 7.40570930100109 23.5186474070126 10.0155789445163 23.2955466338298 342.537043151338 96.1527945230738
24.1415142045428 29.0264957471358 3.51843686433385 24.1676000159872 10.6897135997535 5.44684644178843 333.490334205322 170.29890246374
23.28290207589 27.2622577109041 3.9502739756281 23.3256635389339 13.1369729238343 8.58179570957217 208.524429305069 229.814313528431
26.57476975585 26.9773284261222 4.38092326432526 23.0171676490584 26.398707662226 13.2228009935863 222.227989887872 331.068749637895
17.6580060035244 28.2149476162152 0.098794677263903 24.929975642204 12.4302786342462 27.0693701063665 298.679441096029 279.389721181246
24.9474167883823 29.2430209718038 4.06833255120006 23.6030088549182 15.0436605604017 8.43273853021804 231.164984973513 275.194659275772
23.0640619226203 29.1661468373132 4.39841883836188 25.4842465318973 16.517291382857 5.80274515718142 399.763421387579 55.0612862321552
24.9131591292807 28.8038200660882 4.10773531509788 25.5333690676415 15.1894301210778 17.9606403395037 388.748858350217 146.632150813003
21.8682583036841 29.911444489515 3.80946206203425 24.3890099086161 3.86279874397985 9.73100276414243 294.027499788561 193.062021819845
25.5032076094357 28.1548120643469 0.478818791475117 28.1933642345884 23.9935831703129 6.12568730268918 313.328076838361 279.627330003475
23.5486363728572 27.8900818015506 1.53669931729389 25.2039880546875 13.3879797575902 17.289036200228 336.552741260568 153.223052287308
23.5352467119092 29.922464716018 3.50484695613312 24.3828801666675 3.26416287664494 22.1340634647098 369.075745656469 82.709503431553
21.5039392761751 28.6592819995274 1.93184233630603 24.4043901704212 19.0988114311217 22.8450310131562 376.425923259622 38.3052823161982
26.3399815089159 28.0840017003667 2.9154711267044 26.28665688624 22.1009404760301 15.1606642247369 422.273275222849 151.73706898535
22.6724882860814 29.2025797188653 2.25052205687937 27.4012708600969 10.977841136802 19.7536475365947 335.897789061913 192.390164766109
23.4850628066358 29.1919255140013 7.45813687098294 23.1520717047388 12.9126307778562 3.73207468099911 264.679768889882 251.030907246824
23.1936095948594 29.1412105269162 8.67111865320323 23.1751055279126 24.1804652175336 21.4123910411332 276.640888478709 205.319231369641
24.2465660560519 28.8002135286399 5.7838355108882 24.0257317459368 19.8241731406832 24.462987951061 380.888970646415 55.771850732108
22.6767848646861 28.9225656167306 6.82156043507211 24.5525558313235 5.56292567110989 18.0538851698699 378.246700244225 41.4879983404232
23.7539130789526 29.936092514083 2.17630183765208 27.3533582798609 13.6790437011224 7.53320111466568 133.826659447789 327.84810239623
25.0144708832389 28.3427918902124 1.98584031547547 25.1920128085867 10.3021481848327 6.68953232867199 138.309693174854 300.363528560363
25.3261246167192 28.7255016355988 3.58433036112006 24.1660552265453 7.98778452124264 18.5488795351297 361.840560919373 40.7103769895372
23.9136538747928 27.4627151153759 2.47864584532855 24.5961766199705 13.7415479077872 8.15256156817958 246.893217862538 210.828942506779
23.9099889309357 28.7310976276438 7.62696484843071 23.9256118399365 8.59474986967873 26.9389694508096 189.524421082624 310.189476357784
23.7243276784499 28.7337662298812 6.00110315278284 24.371993771417 9.08527484773445 17.0453806528948 311.087115837642 184.469692224314
23.0387507222141 28.6561284562275 0.878301323037029 25.0584894024343 12.1510718284008 16.7984708986776 371.852186113277 70.0456883422457
21.8814765443753 28.8369192101516 1.26865144051115 25.9838117591341 8.44583668437299 17.2478838540195 326.32732223189 132.820243259107
23.9219902466907 28.2054887229785 13.1219165607049 23.1468388189715 5.49769141501634 11.1987229577753 342.611923249376 179.342362372559
24.0786658206527 28.569790027022 3.88596180136469 23.7227066763575 23.3629184703292 28.8026278805042 349.951960177063 155.985811210869
22.8566409524686 29.0230405237502 5.08265791767423 24.9202003707535 14.2986561599534 6.61148852621299 265.264416709636 210.493974604146
21.6574827871214 29.1339224959255 0.418140573108598 26.5592991202941 26.3989804158286 25.5339940267685 302.145948115589 110.299628298329
24.25298945816 28.70680188055 2.37472225400383 28.4744087767623 13.2398559950018 15.7305765141163 356.838277968504 2.9368320052261
22.5467614456843 28.5280259279957 3.64780772627336 24.7944902498374 24.4419680616667 10.2938677459954 324.428767275491 131.65446485575
23.3727711837706 28.5437264971222 7.97547309532675 23.5198224314576 8.76309606788048 7.29151820594277 129.867245919038 239.553317475262
23.8720357377832 27.4267737402807 7.53052233833702 22.0422747425097 11.1516811194163 15.9919795750176 296.889415913169 210.105333633662
26.1349363846243 28.7066251715071 3.57086031818547 26.1168538464371 7.41657195236636 15.5012012569084 129.493858875799 312.571392616329
22.8542045367635 28.6458251741856 3.48054928761508 24.9200735892018 22.6586783525416 13.1435477290963 354.287142241337 164.995187180351
24.2906002150421 28.2686129797898 4.73404108708495 25.0434272814713 3.54074291344566 7.67233352376484 250.535047500853 195.505698648798
22.2223078486456 28.8589647746467 1.57020385737741 24.6741769729786 17.9023998400221 14.1650322688701 315.542458210229 142.41510159168
23.8350535804186 28.3878380973524 1.10188836138939 26.9140923975751 12.2341386584285 21.4709913702175 304.520016005803 149.751844823312
25.4098955269165 28.7147593863804 0.545979100433528 26.4726849594286 16.2026269687206 26.5506927732095 238.527652318533 362.37294682476
21.8097730428863 28.6937545653622 6.4802551241635 25.1446204456223 18.745156467452 4.84581202397644 244.910651687249 216.584589024279
23.5990991374049 28.8506612902888 1.97608684708943 26.0787624309143 20.3612424158583 20.1887530157743 383.760327805575 132.82860028901
23.5158423831288 29.7053590284259 2.31434138020526 26.5599619540586 20.6600177892198 5.61653642125732 382.882287196797 118.115860881925
26.5100592735058 27.1809803095078 5.16606300997817 24.8472521445171 20.5581715947473 6.78307517915151 308.485212012054 208.160803221158
23.0932774135254 28.1863654831287 8.49728053532973 23.3163259395809 24.9133647317475 3.98043613711438 352.598931480328 188.370699139168
25.5974415268257 28.7217392277492 2.87830755725604 25.3083119015098 24.8459785674737 22.3878903415349 156.849563708885 248.651186271219
22.3628262511402 29.5078795947423 5.87891260891003 23.7489167114363 10.3199541966433 16.5821307983659 285.667774420397 231.223579480786
26.3994461763666 28.8385837836564 6.29540985342296 24.0660920592204 6.25744394138539 26.7764379526545 352.816869152961 108.107258319821
23.7009298058046 28.5164457904512 6.94873257268048 24.622851928688 11.3695810195794 23.4050758072669 355.185101578377 75.3260162067536
22.4497537563189 28.5399679487397 4.50979293907631 24.5362399480973 11.5012754710244 6.58743782636793 386.133578718623 57.4273901364396
23.7776469464266 29.9793814020333 2.99813336238473 25.7622311099617 20.8260679364571 16.8776074064468 191.593246470704 268.793314019505
25.9627456163392 27.9684656694734 2.24283482971929 25.7371232795496 3.46810239619917 3.48316376952053 295.22718004996 271.763805304358
28.3059065917386 28.4376859088161 6.11667030165807 24.3130131232449 13.419436790101 9.4260594879098 356.952586695692 92.9799670367635
22.8743011414672 29.5361041476621 2.80311459378808 25.7985469142554 8.37641038406284 8.45031448654564 169.523041198331 250.945615574916
25.1237751168217 27.4281714938069 5.4622865781661 24.7756522571776 25.0659623223279 11.9761950269447 163.085707219325 276.054089996073
24.3705394322319 29.8044440259656 8.10071520992929 23.8220440105568 8.17110798075758 14.8105863996999 372.937247003208 94.5954432018208
26.7936293396226 27.1268120284465 2.1337969107774 27.5145783298353 12.1427097190056 24.3241566373749 357.663909710526 128.771153182982
24.4215331109103 28.140698230452 3.27127500069396 24.9653646284165 9.91846691303394 19.6834792410695 217.378325579082 304.627455593442
25.3505392116231 29.4468416743276 4.23311780242993 24.3198945292915 22.262393115982 12.8376730442567 360.579968077852 45.6672025992708
25.3686943588751 28.388942737684 7.48711918932647 22.9619294187935 5.71365941081177 15.9672368833554 291.384692476613 205.404993530453
26.238066509418 28.5973882377406 7.86372865257049 24.5239325415485 22.2690273695676 13.0275546539156 395.625913043983 44.9590477236359
25.7144053717537 28.7532612376823 5.56873153356864 23.8820880333943 11.1787742233182 6.98812763074429 369.09702379427 88.2826465271596
24.3155378996206 28.7669390039637 1.20275009458976 25.6807259566294 10.8061439766909 13.1030439908411 359.625205574803 39.6353975250379
19.9365664663213 28.7650287641003 4.41176032016096 24.3909677358215 13.7063043228242 21.9871590706852 353.521001729243 64.7878964098447
24.5322034326038 28.9446601201296 5.63810699727747 24.3776170658152 16.3973640323135 19.5324941164942 217.575134650424 216.484898534659
23.1280683426701 28.3838478220668 6.98129822329893 23.1827176447143 20.2282007813905 11.9264882893746 364.854510950546 98.6919318277139
25.054637855707 29.1488186093689 5.12579729354946 25.3074297326549 18.7607031636273 22.4652109090038 93.8125479141388 392.275569590038
22.7448655665281 27.9447635831649 8.83753744099714 22.7962508924563 9.71909754917087 8.36015056889068 288.225932805824 198.291978733093
25.0774957182464 29.9707761074649 4.21684104358416 25.0207628331315 23.0893774805081 25.0792724876061 192.73362727415 254.652816963289
23.3722801502891 27.8257727293493 6.11667846099076 23.0670023051011 11.5630702178705 3.70848732614446 329.309944413396 139.832719994443
26.0574536284788 28.5636383092433 6.70986340799661 24.4000446804255 20.4024252230906 12.5786465800191 335.25376654564 34.7072615632862
27.4660332329313 27.8418247465154 3.42980121010733 26.4990867082013 13.635313036464 18.9672307429733 391.210769614769 71.7392441287482
23.6732995649056 28.8918224077082 2.32959185387431 26.4234904087158 24.2028988746404 4.36131129608181 248.163684148825 240.474448166343
23.8686760027897 28.7688909432847 5.57441887900591 26.0040460411656 2.69160705674992 18.3068264801158 440.517234953072 99.6728382573212
24.5104089865666 28.3543810561104 4.44452075413494 25.4100361782269 17.3897125311165 8.49032332151195 191.457024586836 262.798143688749
26.2722264118418 28.042802761011 7.8883780074483 22.358514386243 18.7179632788435 16.5666964105209 347.719313437855 104.87478758387
22.9572270403154 29.4098273846014 6.97749375359135 23.2425958050113 14.2797052034868 8.74384386110454 337.67248682421 154.880937379126
20.013890840183 28.7238384162916 2.82077757559084 24.2082128203203 22.7337871639313 9.07970047137733 386.305795899265 37.5974298256256
24.6598838217085 27.7633976556795 6.70029730374423 23.4906808388325 9.73989764438777 12.1149777412081 263.919124059524 247.779202866858
24.5423838751464 29.9220159504993 3.18010752365429 25.3069384248415 7.56578648886296 15.7170310293019 235.691688089633 158.227870866165
24.1295331277694 29.4080635278003 12.4388996894187 23.526660202324 17.4072965490562 2.1462232271168 124.982056001 314.575657178943
23.5887254433162 28.4845227183868 3.21789794148584 25.9098506224439 7.48624303704282 11.0725916366268 289.164161151586 241.067656779623
24.6882895869997 29.0432272887352 5.62453247282616 23.3289527036622 12.7261094452751 4.95408218966592 357.943518367525 151.093441401998
26.6943962203443 27.5490436241179 3.65306383954152 25.5786435415218 21.9379296043782 13.7240017914861 401.475227491823 18.9569496893833
24.4283084985856 28.6814684501749 2.31598310872041 24.2219277196052 8.63532214228606 15.7615331696767 380.127556419233 104.569507279294
23.9130392290409 28.599034130942 5.66274583437033 23.8836258200085 28.4604419403894 11.4168010206582 365.860454272869 17.6448336727175
24.7210472213178 27.0712957545163 11.3618628761708 23.2284243202356 17.2265265081813 13.6202056076718 313.860565100244 170.454698043541
24.0168345352971 27.1718716954104 6.81233142574563 23.529699103314 15.6633692274149 13.1484239340924 101.666338080113 166.865959531965
23.8920922337855 28.6159105446865 2.45752481889484 26.2328725005098 7.26894347902055 16.6620608507576 230.01060275091 382.385018171091
