20.7006174436101 18.5761181577834 1.77940692501957 3.63207634204517 17.0435376427701 8.73812376820128 197.862888497133 71.7123261638287
24.0382438226036 14.7892781595342 2.45812090859156 2.88836911503969 28.6354867253677 13.0416214530533 128.167741642134 170.846836338824
23.6576083022014 18.6709352953221 2.23714957243523 3.27625453572109 20.684564595809 15.7255046588464 130.987790343241 93.0785877411109
20.1666472258675 17.5522643616892 2.11760491801245 3.2516596172167 6.46020846780983 13.8215083724003 219.685688241782 48.193053921245
19.7683206736407 20.0240720889018 2.18617760657659 2.65475014714267 26.0547749587457 24.2047847075407 141.57472671594 116.698891243257
24.3504475394365 18.0557654985253 2.40360029077587 2.49010857883875 25.6546622804843 22.8972383023461 227.24610506319 44.6900900210113
20.8899593715105 16.1666773445837 2.09968927970006 2.55060581113286 27.8067426643388 8.83720455308674 96.2774107609518 136.352791038413
25.2208456351098 19.0049425021109 1.74961668914239 3.46424570370286 18.0328274213731 6.34653547106715 71.7381548161815 212.892945328479
21.573332470722 20.1957293966986 1.92133041852138 2.77118411206337 28.3928473750184 18.0700829167483 73.5081766144601 211.465031775077
21.935358262972 17.3648194280964 2.2752839499024 2.75258682058067 29.5875453437529 27.5712308711465 100.34976193841 156.841787058241
24.5725947550473 18.7170494858825 2.6340633759376 2.34717479129809 9.36672271651766 26.6166089271851 38.0540844098737 147.442681959158
24.1561008382816 16.4029326095802 2.00062651107225 2.89730344723204 13.0431169336999 10.6570547444357 83.1487081443144 170.038341621216
24.106904459323 16.3376274347292 1.81159396121145 3.27957673026161 24.3690637553615 28.5251537942399 135.724958849196 138.195118684575
23.173262723646 19.0918058910951 1.62430637669187 3.37305637035652 18.2861678294742 9.8783467606068 82.3651648941139 114.992592961795
21.2053167607863 16.0714405056761 1.62771458624606 3.14944490051047 26.3233228651034 24.2617855182944 52.0672362241533 142.444083221009
20.1181855988586 18.4326356001969 2.3203261427052 2.39843179657942 22.02741849032 17.6185353986163 155.792710715787 140.974529944672
23.5208343402251 15.6923277972586 2.30371907947971 2.90390874581413 24.603310435052 5.02816300759127 175.117353188869 80.1561220389355
24.8972680802749 13.8018888117732 2.64980420557121 2.89278708250292 23.1677556780873 22.681732504089 78.7315899532844 181.09354986949
27.8709049129033 15.5444492879376 1.78793754164488 3.06523977237356 19.4793815551919 0.699075938112132 164.154109565626 67.2010569401884
19.6036601328363 15.6585935664621 1.62146192258111 2.96152902868161 5.87465919695841 26.1853902124878 250.314818000182 129.619808545051
23.7529668254469 12.5492274764758 2.89499500325352 2.88528617232821 16.6329750841053 24.8821684370964 165.041617839657 84.5938702739105
18.8442647088751 19.2594414545769 2.36258885574073 2.44800109003904 10.369405490563 11.7550492275417 206.41396881142 90.8855102251339
20.6175547421818 18.8804362713471 2.27941061004701 2.64289570831397 11.1078284241342 22.3857688754059 88.5830764206497 85.878740754137
25.8139774216035 15.775085798744 2.09827318419268 3.17192816722548 9.59020741522771 27.610556143381 86.3925686337731 135.201797403696
20.0179592219829 18.7803048570629 2.30004175424805 3.04080674639055 17.2000091315862 23.4812915281838 158.713589177496 23.7938434734506
24.7838011403363 16.111780462237 2.46344098601004 2.8883055827982 16.2307938725047 18.0027665112286 86.4008729468933 189.880639238614
22.2363890328428 13.9026481698222 2.36780041138415 2.77158467997624 7.64656697020068 17.1698624444551 77.5570981262316 252.7841823066
22.1821911633167 17.9544646544067 2.15890619417127 3.03869946272406 25.1056472673671 7.96962532218652 52.994649713573 196.879840019897
21.6928439837299 15.6951932338846 2.42513089768929 2.97333079123688 12.6359173765684 10.0436633811787 204.984764121899 41.6072905168282
21.9317974580573 17.308355293021 1.39867980700634 3.21429332262362 17.0472877296391 17.9257825022471 174.976024096389 77.3315746639697
21.6788317077296 19.891270424991 1.83549817796781 3.42110620877849 23.0044419210859 26.7479101267638 115.12213825227 267.588200783365
20.6918150221907 18.3076954473627 2.24250430763816 2.75347712613992 5.9953658270884 20.4186246127173 85.2535496001549 160.452482879627
23.1143239369568 22.0533641484012 1.61038349352008 3.37459651000876 18.9450733673428 12.1990158367831 125.134745420543 88.5399009634453
22.484746563441 20.7609224753385 2.47242809279288 2.46161502898323 7.50611450661965 27.821715684545 191.509432251505 99.2374305051406
24.0049810910378 16.9151156918233 1.88790575227164 2.89284674526126 12.1327308594856 24.011732031919 122.056568926396 154.904930746308
20.1311861864831 20.8145325756268 1.48345518157407 3.32934448699967 18.5904035273079 23.9519832241251 140.824705821854 137.801648676266
21.3493957443037 18.0888662484226 2.38810056931071 2.61453559606001 28.4980475145157 7.49087623730005 117.441992119887 157.256370554992
15.2077847139607 18.7457411691176 2.03617306440078 3.09031184557333 23.4362125311328 6.16872117731092 97.8878402662735 93.6486693815748
21.5727067679383 15.4599726531369 1.42273839397832 2.89452608206635 10.0689206778267 3.43445125987533 154.747774892174 135.794728205416
22.8647958256165 23.8602664676333 1.86257107116723 2.80343588895019 19.3344508548043 4.68586825170193 173.597618143241 413.281205599394
20.73745856438 17.4227325387598 2.51462258830862 2.33675669721164 8.11875706325773 24.6172893203957 39.9718928078463 141.785445783622
22.0798213302124 18.5935858517665 1.80544104282402 3.29902501364242 26.3569444368486 28.5782225604796 21.7057118541134 282.671286509401
25.0994984419228 16.8200783564276 1.50888918787581 2.76357660028331 24.1873693400528 11.6072641762207 46.1429995906117 160.226556470347
21.2223951371899 18.0940092494558 2.77865574876732 2.7291627613938 17.6151993186017 21.4115438787045 191.999799312159 105.360216513034
21.646732817493 14.9634477506765 1.62482827819928 2.8187552853711 24.8361358473907 22.9555455328387 118.095648463649 179.79301243387
26.0284906683478 18.9907262431344 3.82354156523418 2.76642765530716 13.8657305295389 28.5928404669777 16.5993528540673 145.201707844188
27.2348715666115 16.2737859410999 1.44802134866775 3.21860963987156 27.9553778857193 10.7171558089973 126.362886347165 181.321833815035
23.2820125726261 15.5356900524054 2.25532196040696 3.04033793473952 16.671507560361 29.2708737887061 75.1956294531475 175.67891031804
21.6469774113498 15.4538020981294 2.18307334351233 2.56794666912167 18.9829384675265 21.0798256717084 115.088705954833 149.502268184374
21.519038644393 14.7539391163291 2.0795972806709 2.89614544488774 9.75811787592087 17.6201464136751 258.308728014094 19.9262852509426
20.2715850805519 23.481281715274 1.38666373512903 3.48424951540868 10.0754391673968 4.01946401899174 150.386093256193 146.427573047494
22.1613760992137 17.8986937744697 1.48777777888302 3.39495337363954 24.1561688168468 5.08160733418834 108.846506791913 178.972651862984
21.0305122546607 13.6530857689558 2.95594008508881 2.49580150328036 7.11521723266841 9.43331491586849 138.160342513205 208.021049630613
22.0612293135382 16.3992925487053 2.34564169886039 2.63994837974592 24.0898462616185 18.3485295103178 162.363107536836 50.8966253394381
22.3195530198967 16.823152198744 2.25231054760274 2.93023648402493 18.50386657654 18.2507885241782 149.437578537173 52.3871360690924
23.7589984959322 23.2607985224171 2.25960612938879 2.97254595251915 24.2406407059199 23.1634845825752 50.9902518208705 160.348806230977
23.5295393202949 18.5244913361164 2.63347664610004 2.52045423707195 22.9707980164725 19.994316282956 12.8060732039016 159.252975758455
23.1444582116002 19.1820102707369 1.6635565979635 3.28090666585418 13.0825082110791 20.1390019093439 124.062411221622 51.8691593258832
24.0238311829835 17.9554959642073 1.43740011847541 2.74065240874125 13.344155710905 19.9322995285572 132.096462256386 79.3273436118976
22.9821297638589 15.5380866286184 2.02734215634947 3.05731872400085 20.4965792793379 14.4026914735798 92.9706959868029 239.179947264325
21.16302977289 16.86028506791 1.6618821206261 3.18301359845132 12.6097750891762 19.1118343549668 118.77899341899 84.1959365149802
20.5809863804104 15.9871390878869 1.69273051137804 2.63214569471002 12.5928022669723 18.8573917304057 32.5320494326454 92.3648805773794
22.0662979575223 15.8129416884132 2.27700211237502 2.78588705741618 25.6769410451298 26.7067850461773 154.262190012566 161.013512547954
24.1836941967833 14.3498213737845 2.45857876095386 2.39434166302638 26.1642267656123 11.7161315252254 95.6896690364449 97.7675791457225
12.3468127070905 28.0656557970771 1.34549366998861 3.60977205570034 6.03206471942352 4.91738239474896 200.614098767484 109.939208574086
19.6007228887572 17.0595932859655 2.12099984369253 3.19003187105733 8.0571790418824 18.1346999019163 248.422832557797 110.977695678432
24.5435113404154 20.5853767555493 2.32861066859135 2.36139055407754 6.99694341337237 21.3382557691706 262.662645444842 33.0878513903568
23.5468072396434 15.5181361441557 2.14782722030819 2.65892887373332 18.6755516996328 10.7733889741849 130.367026638643 305.333126380296
20.1183349556157 19.9448174305953 2.50004040860735 3.06308985347693 27.1499388773081 10.7367977855228 185.56633798092 29.1612135099161
28.0607991030622 14.00289313127 1.9920004908398 3.09133356663789 25.8019049022186 16.7669913781444 8.86619812599977 230.157100834788
22.4964802139611 15.4264896212641 2.48295880563544 3.11106974119549 5.27579154840856 20.4025336973355 86.9303533054264 189.291773377892
23.6308918454612 18.6663132299617 1.81259859517683 3.28168786202412 9.58890423536255 16.8562459247748 95.9133552789831 35.1567978168523
19.5787282841089 19.7593731950968 2.65023509337965 2.8559946849662 11.0589345720181 23.9667783286969 164.275743912658 17.5029638102334
21.0324162049135 17.0887058232015 1.42038763406508 2.99655806887229 14.0849678151801 3.49144694831205 78.9684095311403 198.249333608167
17.5240269322171 13.6636864005555 1.65921760971645 2.66799351713776 23.5606694247704 1.58665615480995 36.9114117623311 297.446270395323
23.7954310773979 12.6040229679418 2.40528809056347 2.68163058264448 5.13693318130889 20.8610212110466 224.671900408646 210.03905843645
20.9472984321802 17.8775232988723 1.87113797780338 3.17972694825076 27.6850165815953 10.9022710291556 164.570176790917 72.9480248622575
21.8379028398555 15.96790378065 2.8085398062564 2.43644113153084 10.3536315070399 20.7008805765058 93.6905165623445 166.407698287349
20.6139616108338 18.7324814332097 2.35274218292984 2.43152329980295 28.0456538699768 20.1363737246899 136.917810239455 138.540461980439
19.4930511834121 18.0695409642767 1.86411700150809 2.63936305284678 27.0573249304967 25.8205517733244 170.45303502336 121.075918979885
21.5807541196982 17.8210319044474 2.46388243786104 2.81933960316775 22.5222950413161 5.75109011324423 141.822613474287 135.569607696575
21.8946414754892 16.1730376245446 2.15169524295943 2.895938003977 12.6909603898831 13.9160687046592 120.769126136868 84.8986706730854
28.9777121797901 16.5764997199356 2.53453451199079 2.43720162499774 9.04128579014883 3.16442703503078 86.3288463802346 71.3179953915168
22.3185395241458 16.6272371730592 1.9620539732541 3.1893750714545 13.662888705767 17.6908672368985 170.023260934257 119.935872421381
20.5656799933302 14.9992106880365 1.89538405476225 3.01920350649865 20.9138833509987 26.4603989096563 224.832344531916 86.9233079837924
21.2630536115066 18.3775246815309 2.00415953044779 2.99393962088022 22.3673259949254 26.7547210613544 218.990767293145 18.6590277023735
23.1833622500285 17.2028960237599 1.92951171884507 2.74692815508467 3.80620098031252 17.093244896836 219.325727785688 151.494061687508
18.5266034765905 15.686789787695 2.33841766498524 3.04571082053857 8.74849737275093 22.0201548341436 134.496718772137 148.956045543691
24.0155514883373 19.8751086153312 1.71261562609026 2.90122741679901 17.6025014902806 18.0735525989888 162.935216307733 4.74813780651974
23.5589201003184 19.0521294119523 2.60821128007843 2.61960231352312 21.0564582073995 27.7750846450999 139.902775338767 69.1218153728183
26.3635999921985 13.58464202139 2.13901935430792 3.3970284940998 13.5210445555075 12.702718358015 2.57354166886381 327.874543455124
23.6250963809086 16.6493969487038 1.82764503552737 3.36151971410473 27.6662946560601 28.9101388134333 139.357748132863 147.829682182254
21.6697250370457 16.9055762380342 2.72814482562024 2.52012451819491 13.7491525414031 21.9703145966838 138.564018780414 10.0476686915311
23.384773275675 18.1736433392268 1.35682869645988 2.90759089407989 11.4792560264302 27.8494392457779 100.619573269585 112.932209676895
23.6152650024268 18.9906522402145 2.3306015008373 3.04953391057549 25.9726106859865 6.86136534563238 185.053801746373 20.5956613059742
25.515267214135 13.8437974565811 2.46095265175325 2.89432021774764 17.3169467281415 14.8306898956344 144.100520592149 107.288988268174
15.5288243736199 18.4563366713756 1.9635209810519 2.96515699388735 12.9128299143788 13.0129179077583 273.01525554734 62.3287873324035
23.2700367362739 16.7978762649287 1.90952628803867 3.09266205220003 11.6894965493088 3.5687921579067 203.282707783607 51.3154166210235
25.5339376303643 15.5873692432185 2.14137931249773 2.96920666850118 10.1557450909447 9.12330521777003 55.5227193533792 233.12900966106
22.142420179677 15.5110221569208 1.95415629292141 3.12647204327076 14.8253640309548 22.6423337591886 197.27997751962 28.8150167597854
22.119130338128 16.9922388670487 2.71802758356411 2.64690281552253 5.75378808691074 9.73061348181094 39.264437898482 157.401259345825
21.6144791906532 15.3311436099709 2.58516935672784 2.52239450604251 13.2161585983672 6.53164226458864 103.446348231601 175.35923489374
22.3635998076828 18.7810870355901 1.92264867194893 3.14853225440873 13.9595108902136 16.614067623688 158.930497892888 55.3302466576505
25.3433039801644 16.1774573362435 2.43943731006094 3.07646516049894 13.0703247578239 24.3417531447953 170.14418003419 24.3222603868589
23.7736075198363 16.3361158663388 1.08013584609489 3.08033156616879 23.26851776453 10.8649817079414 95.8615955227357 154.359532232312
24.7453699026946 18.3049526373137 2.49281087598527 2.71088934663773 13.9205705021361 18.7138944633933 203.294053000774 26.1392989697562
21.7140996988507 17.5007752017192 2.14818248587807 3.08026593451598 29.8698901149698 12.64713266266 161.070459567194 131.802063916879
19.8440566758156 17.6778578860861 1.35040583156903 3.03374367155239 28.0302878482483 11.0719065460976 181.365190859477 64.3780490088669
22.7945910242677 16.9025229121412 1.6087026073165 3.19686700086825 23.4640363675499 20.7776861555614 201.335852709589 24.5899078233275
20.3001236275722 19.0538636347426 2.53549023988789 2.68690587183779 12.3705546006868 19.7523747043894 160.937790992865 69.6358739616904
23.1384428852284 16.2239475406992 3.03170676831916 2.3271192674423 9.36553462751811 21.3140556835635 147.463366034789 84.8458359003262
21.7232989954693 15.9728688712175 1.19115620544787 2.67859318918527 3.98796465565449 5.09624863372939 59.365364005269 171.313056329455
21.6017873486397 18.6025821572516 2.53138280125395 2.6248524904461 26.4429088688958 13.9740566214892 41.195922758981 88.0945759940428
18.8692655801612 19.7910105303672 1.92791456712241 3.19847412739095 22.5893665281242 3.9601139528697 119.129115743858 115.105697457352
24.1713687948043 15.9350449243977 1.8281068385185 2.85439773867216 27.9820198206518 3.48069588222424 148.910225119085 79.3127294648846
15.4186586594291 15.6961732989399 1.94293799316672 2.53855044835853 19.5483627058597 13.8289951993592 204.654646871165 4.20667008844855
19.8528914333184 21.3442107800918 2.11957975571024 3.11448902323319 3.02091231939575 15.4352033722527 225.741183719396 52.6632066122956
23.1548162831032 14.0086581286915 2.22339234841372 2.89499383400352 17.6167986071868 7.64622033173574 155.414763346471 78.256454421097
25.7388740739524 19.0414208685063 2.52590734143299 2.70142867675633 24.8495888771439 10.7923226751507 162.034610697418 63.5777152940052
24.1397446587678 23.6702143618969 2.0751416950716 2.9790577874506 4.17012569734012 5.25866447923221 61.7882339077098 129.450880487082
23.586883674108 17.4357577919978 1.12926425509707 3.27542978478726 22.6741259664908 9.508868032851 173.997952919588 62.5933223438704
17.8646630083473 19.1886937571299 2.39713477915367 2.94987142720533 6.46185032601186 12.5699460652046 141.15017941213 207.458262769278
23.1139554751492 15.073889615867 2.43859886601027 2.54603782823786 12.1333013607297 14.0749261915705 76.6573421665267 201.230198729199
23.0749825233409 13.9538604061121 2.010126239452 3.08941340413504 13.903830831716 9.62413838950077 148.88131502228 52.5052836963725
28.0442453882751 13.5005499404436 2.09664363369542 3.4165052298024 18.391438121924 21.0658510449337 24.0025058277087 170.88327515726
21.7019218073013 18.1985614026766 1.80452575979999 3.67802319777776 28.7416873856434 19.6225658436514 151.858579323158 86.4550663438895
25.8676946582415 22.7822452019654 1.8083509520106 3.2496752609464 14.4300832137043 28.2947829347982 65.3620971384313 49.1628438083167
20.0543431921637 17.1167255275879 1.58921802993316 3.37039252724439 23.8426425432453 7.80405935782841 35.2730570155923 230.697325530004
22.95469580786 16.5543386076727 2.50806982137949 2.75411133180727 13.3948383384182 0.477264162738332 234.690312828813 75.4127672427021
24.8159668835907 16.3916807101136 2.4667168354286 2.40189193902906 18.2203789999886 13.3784149213329 121.479746523416 160.696704290028
24.1545016248116 17.6353145175619 2.89603013301454 2.53738055183187 26.7667737511052 10.1140086376422 37.4887298028487 130.421715080445
18.4066444246662 16.3121680627825 1.9617953662373 3.02656672750787 24.7421970336115 21.6346364857745 89.805915635107 93.535646300808
23.7793419163186 16.6920525542625 2.875745613537 2.421851057691 29.8239964144119 21.1682414353841 102.282785950382 130.898521790336
21.763073461565 16.4415562373287 1.38757870839622 2.97895883237373 12.3722451516463 14.0340934136334 76.3598378084028 184.637655354232
23.2483393076908 17.9087238440479 2.47990058023547 2.19887414963272 28.1848396433499 23.423868093173 73.4122855248446 99.2962837983511
25.0139066859587 17.4593687696311 2.3287760812607 3.03343305571454 21.4690851960606 8.62274060749007 105.995268112631 50.5436718143829
23.5898191137894 14.1088792574635 2.24609407989638 2.92264033438375 15.0269343901061 5.20858410477702 121.355331001183 253.318786051542
20.8248896297765 19.0368195763741 2.43978717644988 2.85865119239375 27.4765563308672 14.7494407856468 152.866460635108 64.7752436069705
19.0903229271425 18.2087415980286 2.81103177877002 2.91775783433275 13.9507762855511 26.9187099930073 188.115623482432 64.5287023630077
21.270632437221 18.3143389483855 2.3947852739805 2.88567366606838 22.4440404029376 26.556096563342 95.5618015756289 105.009289218274
21.6870246934959 17.1078461759388 2.14328564069981 2.66706681297096 23.3335298062241 11.6906069421521 192.075209165828 76.9638262402009
25.8188588773694 14.170410919927 2.01370493242293 3.10533625566539 22.0837140631385 4.69781904669763 145.217059724321 108.694141343943
24.0134836972004 16.8212304941301 1.94558365815603 2.30739831547384 22.2248283728331 12.8863390686578 66.3292847567669 61.0795268064681
20.0598281794274 18.1911390816052 2.06060916720444 2.65132009694735 14.6970743450153 7.75953731084954 52.2453314653075 150.032051360393
24.8017670717821 22.9858403242925 2.94087610007923 2.25616732931992 24.9226639776289 25.0082286431154 82.4725594116769 230.072452031215
24.4709083273167 16.459148561839 2.3947921476326 2.27884611073158 23.2370260531763 21.5805482502262 126.809287304436 86.6193514023753
22.5944660931004 17.4205097654837 2.29893122458463 3.05149610428974 26.3217049633861 21.0078101201228 86.2027968021579 154.735080570358
23.6583158662616 17.31472855046 2.20371268461767 2.41824329790475 12.0908399090982 20.9870608212254 26.0614154832566 148.072343810312
21.5081777642548 15.0251109980201 2.06190823517478 2.68798205826392 13.5443049524217 25.5475041906906 46.8871083033852 181.459452191713
25.9936779638998 17.2816858930228 2.44303100305704 2.5949383945413 23.2723190740024 17.7992488057821 95.7837950678563 168.2850107416
23.7812455463779 23.9589170446399 1.66534139599063 3.10612408910479 18.7531261870576 12.3579143608116 47.7466851489371 183.94499034555
19.8071407376841 16.5605994134421 2.09716702388788 2.62513921583707 23.249394585673 9.75958399237097 49.0335808260159 184.494841444276
24.6278771517153 15.268496618175 1.64523907818137 3.05563151669392 21.2820809321054 9.82062247633247 41.2828584871616 217.465088662103
25.9292421198043 16.5676877975065 2.15212984975716 2.36232222829709 13.1173399970915 10.2957071731307 65.6124562962255 116.569639605134
20.1943615531673 20.7154207625227 2.42963569263428 2.31789262428772 29.3357604418542 26.7025927510362 113.52662428403 111.134146403551
23.096853789822 15.6873975715106 1.50876442160749 3.24781405456795 14.1923275001156 10.6517160046253 207.092045267264 10.0651464627947
24.3725908878858 24.0798906513808 3.44602470785569 2.43361077367763 21.6024658061083 13.1447952426373 129.514608258427 96.9495083818111
22.027974424194 22.1649193147454 2.19068885784084 2.51045350297445 18.3214529830052 25.3770506619883 230.471238830005 4.90663073714543
20.4598319427284 20.295942582115 2.7878953136267 2.44870434341737 21.183604621118 12.932612297362 105.974136294107 112.093191085674
19.8445248441038 17.9456392988598 2.25554342200399 2.67896854564284 3.78397758307849 27.1366011605512 195.844376970909 126.474098234319
23.7878838924855 17.393912920981 2.15518614898712 3.0994384147171 13.488586897483 10.0549723970414 166.340251730181 100.914788113576
24.3013936018982 18.9190542931152 2.66165763980192 2.53926640218781 16.2030255308954 19.4386602907053 163.897183290902 113.949343424454
22.2414750692309 17.6840618405728 2.67104981739738 2.84036120975132 17.9963180299652 8.23435943274161 60.4843100783609 170.062818374959
22.496158325255 18.1731823674804 2.59425887497747 2.39557598404741 6.71264459503962 9.17135651404382 142.281380733121 123.359451130612
26.7125577478308 18.087722813798 2.80603186542086 2.59719626896785 26.0091348033137 22.4274518072078 206.198289530933 12.2639724522209
21.1521556287351 18.3241889930022 2.08444826749623 2.62280905423544 9.1490414588539 24.2218355975901 103.057128164381 157.675309924724
19.3368542279483 17.6320976119602 2.34214745783947 2.5708654024871 26.5649694016139 20.6620211596767 213.528986441305 23.4616401291403
21.3959870385285 14.3829673090785 1.05801639895768 3.38372433660668 3.99518193943602 3.26112044121212 133.759400192185 170.278409304976
20.309862635742 14.8914815886003 1.89249730872368 2.65307463267574 23.4579074986569 7.14803004754561 93.3659496735513 181.343391887727
24.8419435181036 19.1776910194571 1.60607383774665 3.11149882599763 24.5775085976576 18.0461373188132 174.065325057855 19.015812889552
19.908589282783 21.0005327037522 2.40977294302386 3.08415707853459 22.2811309696809 20.501072157636 74.3916234023749 178.686102618414
24.5571826388389 14.3275049008441 0.544645801354072 3.53766947769947 26.6068343068229 12.0731890420776 59.7726809997605 255.196431280436
17.3664136114855 19.7321421345054 1.61591863120405 3.1800791551505 21.8168226460789 8.53887644759287 269.080193848881 77.0642492535736
21.6828645914794 18.9098711469237 0.996266447924561 3.3194214533991 21.6982985335826 21.533983743114 193.172017193573 37.2256154222128
23.2018177861393 19.8239702531053 1.62616285827295 2.60925848158609 10.381795190074 9.50332529149506 133.769685109172 72.7659823495493
18.7972592746086 20.5272563977327 1.30988023676389 3.21738727587648 13.2434803577003 25.3604050561032 93.7127921744547 121.619587496629
24.7643766173075 15.4355866604566 2.21589136090463 2.96863349178642 25.4688353823502 14.8867813540997 66.5401353860813 209.97276001699
20.401007311529 18.25871297355 1.73703096476414 2.66980666611948 23.1508209954177 23.4693830123976 162.780318869965 102.127751076808
22.3582452122383 17.9617081438304 0.512842279969254 3.61773137459578 8.39564874754692 11.7131928973824 176.625940470677 64.978689363069
23.8076030913012 15.7322436455408 1.87263507714731 3.17994614370137 14.197386972618 18.5528815388341 34.5935146119841 204.653980039402
23.0263379023198 19.8911827408868 2.11151787120298 2.50397878690411 25.3953779726516 4.34400605369913 72.6881159074553 142.684635081468
23.0497223825094 16.5326675330572 2.3144871740589 3.18345000330166 19.6757061699874 11.568599068784 141.299653943458 124.237771038066
23.9247942023134 15.9770590392537 2.02550230052741 2.60223200431928 1.24679385590119 18.0774969777728 72.4238482229659 193.819224159574
21.1709449299543 19.7335956722194 1.49902125964421 3.00730815912551 6.75095049393897 12.2995011621741 119.193738940209 146.705903693261
21.7840657633014 23.0970190788877 2.01473297057335 3.22993369750356 18.3295548360866 27.2352658378429 77.4202366858229 192.613344415656
22.5614730467105 19.5366968963028 2.23234039005006 2.89177184787218 12.202747808302 25.5763646134116 170.258979036225 114.666000827631
25.7456555826365 13.7431083003105 1.30853039986757 3.08207524911007 20.2383229214514 4.13171117283922 92.7797338284845 219.439699374675
23.7808734127301 14.0461780643945 1.51624521725649 2.65608228876199 1.96049667752336 16.8797244174742 137.876652111803 205.828333538344
19.3229279229366 17.9637798512987 2.16881172597608 2.95351822813468 9.26019223724532 8.28496670804787 152.463765268973 178.819621321706
22.8620733907312 16.2841839108855 2.32185323634641 2.5687780041923 20.8483369949766 24.4304384069915 22.7105925503051 235.810383422807
20.710297920633 17.217622259946 2.04641221014476 3.32067190965089 20.5441594233505 9.12291897738154 26.6806420070384 203.387561711373
21.8596113917086 16.9426046299179 2.80235597636276 2.54325963504883 12.6870295185974 20.0213845257269 188.889472401412 41.8872601975959
23.1121206267854 15.8140685719257 1.8387732744265 2.82193563353337 22.9785327671866 4.85624396673939 110.165518026591 171.10449978581
23.850823599103 18.0292865271494 2.03567329331159 3.02378602453076 18.1264414255836 11.2186751452234 135.759393394357 39.9256489462538
20.0797003041074 16.7699979189994 2.28840110378906 2.71157658371413 8.07693415717069 10.766010405081 194.714931848535 77.1532175877087
22.765292603271 17.0128643744436 2.08696008183647 2.84532481981426 23.6796273879498 2.8535190687277 92.5682519239152 156.1530836718
23.3353622376947 22.4866224707533 2.10521371892009 2.76709750157904 24.8731283809058 15.816376097762 130.660021466013 130.725894011597
21.9589980028311 16.2418533291496 1.70815041556615 3.18305253887011 22.4655442687902 28.8111328924017 174.147905209341 158.451938338367
23.5888262038107 16.1955628960314 1.15221399442106 3.14647144764581 25.9578095165935 8.68455732247079 103.842234982919 189.667071595976
23.2174316544615 16.1524249569096 2.2914751359684 2.98225244001177 25.2611580796996 24.4488467493878 127.170591794468 130.780809234059
20.8219325410771 20.3654328804265 2.03385808537853 2.66469450611016 23.3731152914019 23.8765979635977 130.905931501422 147.766343326113
19.1254257720552 17.403790930285 2.83906445476021 2.91078792112268 10.1932965243865 29.528657246779 154.612755334965 102.760681968737
21.7631621377614 16.0336137407874 2.2724586895265 2.38610244756291 18.4319412567597 29.5993999442017 51.2001377133438 179.144686874942
21.8190592049405 18.9990612433524 2.20213725460474 2.96782865729587 21.7529595398161 15.4061025472727 176.063886810367 128.773096216999
22.8571794572685 16.1939296175779 2.19710418571979 3.174682220577 17.9356287146345 13.9781821042677 70.0669655432259 233.215425360211
20.2532200878813 17.644461148544 2.42352006050814 2.9635071728815 16.4794242257212 4.67385853432861 213.091977679838 106.182997695618
23.545996037975 13.262895698803 2.16790724258845 2.60698726249338 27.650713258357 1.37028027241019 118.242175451126 278.095363617626
20.454345122054 16.4459184331362 2.39612821372037 2.56898603654347 9.14149946652329 26.3270741906437 208.381481252775 34.8944851092464
22.3087246612501 16.020059827088 2.65881903828991 2.23406364016021 9.88679379649377 7.60964556722776 116.500352858722 147.338233307407
23.6159517694315 19.139047692624 1.47577097599467 3.07115526746937 23.5857881779062 9.64369697633411 93.3189869380875 116.731812153817
17.0023148750148 17.2373873157904 1.88497100531949 3.01066295793301 11.645476728958 17.0592654539286 120.123112307131 19.820923126643
21.2033186034415 18.9570870372832 2.14455057722761 2.7563481825811 23.0880375225533 15.1858427077546 204.416713971368 49.8715114741064
20.3096799797212 19.1005309645891 1.76945499114861 2.4613392004595 19.9525792376714 4.77421516576676 147.314280270734 67.8657827199218
21.6521498435667 18.3832154058966 2.3983533003228 2.8486599392402 23.587034688226 28.8864175187413 131.930696682246 65.3960471767436
22.1762995024565 16.061898833254 2.14284920325687 3.3008959051741 9.46299396368519 12.6817220050132 146.007911018774 93.8868880103372
21.9292610954943 15.9412252935308 2.15763838637771 2.92963398065762 20.6395030222631 25.1463972567818 164.081762309955 60.4632074632456
25.6754784546997 17.7578359900709 1.65892851716482 3.22509500667114 15.4711832359954 12.8968449538704 95.4090976500697 125.887795659091
20.5635202412503 18.8213506749192 2.20428975467405 3.05849655718145 28.256919919974 13.6952338786881 46.3844240697834 175.692204102113
22.8116515702577 15.6659049536712 1.56924426017716 3.13396989369755 8.87887944523106 16.4038879559816 45.813230920415 203.453662537436
20.7910915837467 16.5835320306155 1.66469920298023 3.14985904224403 16.5035999703704 27.5508073554402 49.6718105880007 189.69076642385
24.1757091993868 18.3568764589368 1.08214686516102 3.17632670709454 15.0754663785278 23.3240406773697 257.142756331524 46.7279302928609
19.9605631802056 20.8609417775211 2.12350470798936 3.12040903864248 21.2942897966322 21.9179896537681 275.204414310508 42.5997954489498
21.5611061695425 18.8259702679724 2.12217935303744 2.83846919767999 18.211064289996 2.6581910459766 97.3027881273474 47.5592312262119
19.9993710943242 18.5517241277251 1.7014872303589 3.00799060761565 28.6256675107574 24.8923228973437 173.060755054207 78.8979237135803
20.2984348596937 19.574704806689 2.32507069509549 2.22539750763187 11.7333933065972 7.5025751189958 117.803839424113 130.605620044922
24.1592514910263 19.4743016958768 1.97341459384009 3.42690061893707 8.80356809703674 9.42150434622258 79.0010373568856 40.329163319329
19.4185331170202 18.6499698655196 1.76716015784511 2.33497025001129 6.36356561830642 22.547749627916 147.350782654006 105.399729853186
19.5802459634706 15.9842573301743 1.35139821210968 3.11224499151034 8.63232161118146 19.9118574653844 102.004097101732 41.4212362671242
21.7462610158026 15.5957605754141 1.99297298707599 2.65267907201748 24.5628982889961 3.3690673811304 66.0223222613228 195.261021293842
22.6162262176992 16.9619252027807 1.95597091884648 2.70176261385375 13.9989032386553 25.8891785185882 63.9163285334482 178.39896915373
24.2778697125962 15.6151713263236 1.73548235428829 2.63231274315474 16.8604241954813 6.19229555908127 80.4224259837351 188.751318875302
19.7424549012152 14.9928230391412 2.03478158251227 2.60316377738012 17.6560698434422 24.1332430318702 93.3590690044119 137.289409780324
22.457081833818 15.1080098907703 1.75493320088287 2.43624400428091 19.4263823513832 12.618810916594 90.9012901806335 17.3399657583957
19.720173485655 15.2928712410935 2.40870834461193 3.0145287774682 28.3571095174641 20.3768099387189 159.65666341782 124.650408942883
16.0588994703946 17.5516058225942 1.1714022380821 3.34185621461842 16.9330722528356 2.73045210956447 85.9488199934635 203.842854481119
20.6631236316425 20.3162051633323 2.17095087978478 2.72157191389111 8.94258811469426 12.076134597122 115.893924056762 35.2567997618623
18.2568683104717 19.6400688664404 1.94121358058214 2.87954832332369 18.1896521978026 11.2656229429627 87.1928953779887 140.952618952825
20.2211962492984 18.5892435617482 2.49301289639612 2.82668206563417 26.9075597260081 18.9020157934449 177.439272019928 58.5420451424085
23.5326326775677 18.506795367986 2.70814492293171 2.89815942372244 25.3133440582082 12.2503438317249 156.635331174505 98.8166262802198
24.201203075624 20.9862114858888 2.30144823791401 2.45829968275843 7.2017603878618 24.9349521913225 72.2325622404159 93.047097300386
24.8068358148944 17.8563520491447 1.76051900810779 2.89082880096096 25.3166884815926 27.1944650462337 14.9786837131635 104.531089497759
23.6284444661836 19.4424589475732 1.42130913673853 2.97672228800236 21.0833473435858 11.1578939569206 121.696149632617 89.0656849675091
21.5801179984921 16.5212269361907 1.93843821434527 3.27705343163429 8.68494334970875 9.36328080922203 120.024944888747 166.564767622405
23.9824348576561 15.8723334683501 1.17600713152005 2.5791763480681 17.0362450627239 23.5671106582485 52.1514240454633 75.3925287356646
23.1673142779101 16.8486033279137 2.25023104875685 2.51956988254255 27.9778889081589 5.72700813172761 47.2551403104523 202.483211082047
20.3894239716466 15.0007148393015 1.23204597460494 3.04750784211528 29.0533147721618 4.65344406761678 154.740970604854 103.355962733383
20.9062689833197 13.4803381340435 1.99323787937844 3.37605218496582 13.5568518524524 16.8653544061945 200.794539511657 96.1185639481187
23.2355180678956 18.3295162955998 2.1817571677029 2.4285601285689 25.6599715020754 8.4120097050646 99.8494800098368 46.4759229232983
28.4676602059367 16.174853540042 2.47111972341347 2.67296921411599 21.8380831276614 6.25352032017766 123.439263406953 88.7438237148167
22.3201437150354 17.6941136473448 1.76470472451747 2.91579316319525 25.4494484264916 2.17634798455095 212.466448400341 16.3780492639024
22.9824098135058 17.5888772645017 2.20557520006951 3.07873556805293 26.489856218391 5.14132796820742 105.664517425416 149.74303823773
28.0070800687625 15.7993687565432 2.24754682295483 3.31102740577853 22.4462458989564 14.3786983017833 214.62699085344 20.7724532328557
23.3423561088065 21.1464959472463 2.97645524546428 2.72251172942687 24.5738770343199 26.5712982677433 70.2382028817168 165.863873375642
22.4490970034625 14.3418822058641 1.76457573364858 2.59143910367403 5.54802469211371 16.2374950390992 159.984289343988 159.575918482567
19.7513165003818 18.4682617129648 2.628575738674 2.40866223996872 19.6562094271965 20.8103932086187 140.652590511777 148.409157759503
25.713330435454 16.6473350472266 2.52402261668403 2.51233717302533 28.0537175321633 4.477222978544 92.5219069884685 22.0192841289527
23.8057846755824 22.3779241985432 2.19467550248901 2.75383952310257 16.5054404636557 21.363851181504 27.686080991858 64.5326074313534
22.8098979096926 18.6863109160431 1.75660668724797 2.53184246129993 28.9994606489397 5.97528763500806 93.2307255401526 120.939434396425
21.9887171329413 17.0854247257819 2.02878640679599 3.04966253392573 4.49494391984792 8.07239572758585 249.467654083768 156.282882007827
27.0102393565167 18.1570321671711 1.57171273400146 3.48333285959914 29.1736206992385 6.1574366764394 210.198905828141 21.7028378172937
22.1725367792968 16.1226340571679 2.22989350315998 3.29148428121189 25.5449997120802 15.4144128104898 212.159926586504 18.1769030034633
28.2799584989145 22.1192383926624 2.30139616237351 2.32370456448658 24.1229023193848 27.7358018641882 5.01415646297221 138.860923108943
20.0992291443696 18.9116907742866 2.42187447045769 2.84359293038571 28.1980531339824 25.0586845214768 140.000685184829 85.4929318706956
24.2270908389892 18.0637546250058 1.91921384559139 2.9846357857798 22.717839842513 8.52761118827994 211.315071328651 31.0454780630633
18.6527190645556 19.2196510901368 2.01877591590345 3.01234582498099 25.8731551288336 23.9431035179087 175.925523359702 67.0916462445188
23.8845187772436 15.423715910171 2.12183683433842 3.01766308693085 16.5391295122181 24.0368474518066 57.1330262227861 198.898746834303
22.4482823306066 16.0090639460639 2.32815785165799 3.37852500285027 21.0463862463997 27.2363602814206 80.2360942229294 182.99114038232
21.5859139469049 18.0434607152882 2.29534851571583 2.49881903648716 19.3137395207547 15.0821935295796 56.1398407953292 136.239081494671
24.1773565417808 17.0035210405951 1.15327712773902 3.30998143082962 26.1960568654404 24.2909832446254 90.3457450050244 143.078804616282
23.3032467992315 15.8206920536759 1.38955133313964 3.18106824165589 23.6607444027292 11.2581830373495 154.362655870284 158.215620410868
18.5804651010912 18.5140108049276 0.937100157076572 2.80476656832617 6.2867663714428 15.0085618130672 188.943235544673 94.6332277375644
13.3577611335409 16.5141243344171 0.959584894981879 3.17902166594698 20.346935118638 11.0431028175382 145.35698791209 70.1802959973407
25.097229939602 19.3422583091649 2.37443690804071 2.51421896572159 3.84309528939315 19.3546743705265 424.426532678983 170.455204450997
24.1880212686245 14.9966002958663 2.41397864423332 2.4586250304491 8.42658520666608 16.6491218765958 135.563103839807 130.995697385219
19.4151784633127 18.0931049609331 1.34524671383767 3.44212877315307 9.04639607522855 6.61200605421887 130.140090479566 136.399904878343
22.8533909683438 17.416672302552 2.48165638232269 2.36503596747282 4.95551861260325 20.1465854537832 57.3695322887864 196.042837209411
19.390758511751 19.3730130308392 1.20117820716666 2.86417367789962 14.2676157762716 16.5609036210462 93.8203866277195 131.827308223863
24.6080788808681 17.1430765933145 1.74517217657887 2.90896212986112 21.6684141020176 5.59839101360502 69.5605093592263 25.0429319190276
23.9402800917355 16.8545041589801 1.51705753829412 2.82630131457194 23.8518177103848 2.07919739918244 88.0414059164671 141.549625334527
22.5823300146973 18.8691117486685 1.02352023418348 3.0626580443114 10.5044730528452 27.1571290385354 355.255178379572 3.31809392842354
18.0128051733894 15.8871890511225 0.894015949676642 3.16994492073406 14.4353605233706 14.6647331536519 97.5594392397318 91.64408054464
20.2337361268138 23.3251985473761 1.88918054146913 2.89520103135875 17.9567027408106 9.60323642163618 31.1427903711116 167.97448745995
22.5057368728166 13.4890688398342 2.04420032246131 2.85603331047413 19.4780276860985 4.60636204240139 136.53082708242 192.301999557832
18.3809280383664 18.0085560686173 1.11126941930375 3.4356032851491 14.3604379283864 23.2443669814417 149.598090413631 33.6097365562881
20.2873326785828 18.2738663098764 2.45763057673345 2.42755349571011 16.6604167687544 29.2756227238483 182.035463528354 64.0192362681433
23.4021479823306 17.7557584941214 2.91090475823065 2.32456731507661 29.4188536477335 11.4881543417775 172.973178786667 101.335963191972
26.4259698586194 15.4831972628635 2.34229112227146 2.38488532944594 24.289786619394 17.7541080245552 56.7768075559055 133.781279818119
22.1982653159364 16.6147093530449 2.46281220475873 3.04412940276039 10.4655399552245 19.6828249320933 98.6462205263087 137.49803108101
25.5246074607863 13.4775630601482 1.49288687354071 3.13033257547766 26.1246784631022 11.3332189885805 100.960956105633 502.176450189052
21.4503070192541 15.7889563933158 1.92217654688674 2.57379500581928 15.2992567721409 27.1027075818416 167.864375082558 39.5596903798183
20.5923232262193 16.2434585649341 1.86622667702426 2.72652835211258 18.4386825311038 9.89189108515069 119.06132732735 151.942575198598
25.1230695320784 14.0131245505639 2.42312193629684 2.52458685093522 16.2636817096928 7.45455093574163 120.175918229999 173.923396482379
21.8099860986596 16.9778452508934 1.89289459297891 3.26591618529148 11.4040681893572 26.5412154504693 89.9520636449203 212.016766479504
21.6220401589396 17.4725188759282 2.86148994078411 2.99725630173393 21.4523672505088 6.78576058662586 150.354973895031 71.2346160429308
25.0810007073294 17.0183377922087 1.09822200851767 3.1645183214521 23.5208269678324 22.9978626879408 101.192674699092 142.293158036517
23.8285502676986 15.8844632284001 2.23539812999863 2.7916393667058 28.7492755618471 18.9730874628666 171.540442136485 161.678743945856
23.3637939378954 17.9818774522796 1.44445393465471 2.72869476974254 24.0328818551764 7.13157745692863 85.6014813227796 227.610408673794
22.3759675907838 18.2776273742856 2.38847023276765 2.48519358062384 21.3480147201877 9.62892092778789 123.38242401375 140.272729663633
21.9284818213863 20.9734935598126 2.27057219164878 2.25229673258223 29.4395049125361 20.6322384254654 59.616730895143 95.5813434367276
21.8377671709773 16.918506191774 1.84267061447387 3.02222569245231 6.78414634926917 18.1698263098236 187.940835674301 117.710536816107
24.6653269766863 15.9946945367252 2.3022850989573 2.94792234427349 21.7485070075076 26.2311227246998 87.6350620213607 224.897962122177
23.2459889797408 17.2381357609593 2.50033611375475 2.5017990731532 0.37776768214183 19.434809096423 205.317802690812 163.990216247738
25.9306374949032 18.5050231664865 2.16150695078048 2.91693449894162 13.3116206588678 14.3444667775202 142.724787730434 50.1759833441777
26.9659361043649 13.1849768145711 2.93654911647523 2.20843581627064 20.0095005957099 12.1565018323166 45.4526981336375 199.191437687701
24.0911574406758 15.9761425463404 2.55684148765629 2.43403476887569 12.7364787291113 27.6504309646844 114.05817373888 153.306476853586
23.7581872563369 15.0620046692613 1.86855871750593 3.11482029434694 21.6261660758511 25.269540345413 198.313581729072 50.2708819832792
18.3514587387344 16.0106161851564 2.13991055241713 2.47336404916628 6.64923505253411 25.4245610714041 203.210567588234 27.605430914654
19.8337241038123 15.8901208713287 1.58449756446256 2.72664980210478 17.6029635994118 6.17981822324943 52.3130112966146 190.723815911436
18.6939737396838 19.9463097401925 2.16191086901497 2.65210675340875 7.22229318113631 18.5425969181785 150.12476867783 55.6611303029264
22.4546123069149 17.6629755181744 2.44686464555811 2.91595939695033 21.4934923503757 15.3138062930883 169.110424087805 56.3024204599307
20.1289525574267 19.224653604585 2.05083818430806 2.67201691895684 19.8817529018754 10.024040867592 192.058489983249 99.5677471484912
25.474727975698 19.8982338905801 2.23464328744204 2.55374991725208 21.6928348627888 12.5428668950464 120.212433157562 38.1876572449445
22.5071804110773 17.93792344689 2.22393204814643 2.68997086103105 8.45463955981157 8.52942684011678 166.010276805949 116.164576413436
20.6207175890308 15.8125002309102 1.32138970041359 3.24012146129211 6.87189061077188 24.188189085434 195.416263287054 70.5448680505142
21.0669677951793 22.215638019804 2.5731091297536 2.49134216879634 27.0112213485535 15.4169253714877 153.799629808647 46.5748789820425
23.0808539545546 17.29702881029 1.89153786974266 2.52368499500845 29.882949677962 0.39731906091071 115.448904146157 128.191221131604
20.1295505228752 18.1137600763626 2.35642330629044 2.27700260286779 11.8766847681899 24.7398861406842 74.5543582131515 108.172098951683
17.652963564588 17.8956370384516 2.45773235551922 3.27775280606082 24.6907305221323 1.91768711601975 72.6163448625633 161.013479691766
22.0129366038101 16.5456286358677 1.77159626359923 2.60279470445789 22.9999625232356 18.8239604529075 93.4734814996395 141.571752776551
23.1390209864578 17.4759716424102 2.11599549616349 2.5291865177724 11.404447095737 19.3182324053409 186.289436751164 84.6489611285096
21.3519051261235 20.9958795800922 2.2421764196955 2.8488260024422 12.8917074481599 17.4026439390341 148.652063373425 140.018947467829
23.9902468632339 15.7813431826411 1.50162621383233 2.54492678891006 29.6344031569116 3.44864669333877 89.9571081200757 130.457453298859
20.4513477614382 16.9900640529493 1.44785349055006 2.5729457912873 0.206040525889927 16.2027614895773 293.654232689211 81.5031942983506
25.65085368895 13.3458128648728 2.48655160843213 2.47586705803314 8.67490453164715 24.9520119828459 123.643542097672 153.094484094105
20.3000471246716 20.1119205568828 2.32102194418259 2.73158538417786 22.6585200803397 22.9571156839153 146.018852651709 147.615363401934
27.3674389468855 16.5700680951319 1.88795437871791 2.5265303368392 28.096716660652 5.70479601577613 187.11707801707 73.9876953607736
22.0657614045418 21.382534726603 2.53176039352609 2.5432960869698 26.6859668723669 20.875516245845 163.718405755489 96.661446856006
25.1039700163451 13.887976600904 1.3559523986654 2.90598199061838 18.4512161171805 10.9886818759645 227.156997683064 19.8725330929284
19.7371238006242 14.2948635951402 2.1182148458022 3.48366770853945 14.1189354035632 1.30108502657809 174.636731774366 112.050666568015
23.6013852122344 16.3022262142065 2.71797867275307 2.39795412187663 27.3139267804367 17.7642837395832 95.7559794929295 198.721791132392
21.0797214884894 16.3551370007628 2.14508448638662 2.88755840331422 24.0102994501581 5.44629208979346 158.327630269287 126.234466041923
23.1588903590703 15.342704905766 1.49896025285404 3.12576605037125 16.0388560524886 9.81658704399282 77.4181690835262 176.182612642851
20.9148805288028 15.838870029146 1.20067183869038 3.32825843930081 16.4685395756891 8.65811082794153 182.025094539318 31.0412518549674
18.3405301264654 19.0925950072373 1.75636228604814 3.06865803256464 25.4600273974959 6.0469811667684 190.913652542021 27.172166350369
24.8330729437807 18.7137808459774 1.95363481141601 2.91041865934584 16.7467143184034 18.8581713736138 143.991603050043 93.6162428051836
25.2860316347195 18.3774870717354 2.41848810651747 2.45634602970292 21.9720064924373 26.3489500836537 56.1156517154053 71.9238732127089
25.8239482822377 16.1098891413071 1.91174171524688 3.1306183644558 29.8068877223302 24.758829570581 150.795892447576 95.343798965268
25.1482670231001 18.2762098860521 2.30842429062814 2.99162214565227 12.1568764210363 17.5694639086938 95.4881203674573 164.390602716152
23.5603865301393 17.4056102300167 1.43999367842021 3.02753055221012 22.5912693582474 6.34336836136726 90.5191165559979 78.7634016628752
23.4116289193714 19.1786328252878 2.69925804020584 2.70696724301941 24.66807490104 8.86156988436249 154.691276074117 98.8506163930523
20.2256237496129 21.6904543325648 2.2489446037908 3.21624303921944 10.7381915088285 8.59494406633477 230.57130924654 5.78766067306332
24.539226753773 13.7394498926031 2.10882926230969 3.07924423810556 27.5178331146825 28.307045410111 93.5937206851563 190.762398063843
24.8779619714404 15.9526205173527 2.29801281387295 2.71672875409596 19.3703872869082 11.7698204071 147.279019529999 108.180854006915
22.5077561925142 18.3781086380605 2.34133788143939 3.0647478261737 5.53228858017086 19.5822615944194 131.867437581486 99.2104549459749
21.3776231733974 15.9465390203313 2.36440357332256 2.66121662789853 14.6905363662911 12.6447034719269 162.246152216016 160.832049829677
21.6663124608215 17.1625804341095 1.83223745421654 2.33235802423088 11.4417443231581 6.27986286567129 132.793084763905 38.7198247977766
18.0287029775545 19.1073050779192 2.20276654763926 2.80404732134856 9.68894340255677 16.6363376889335 103.404572378706 123.507544892296
22.1272418082241 16.6598618981673 1.61804683327149 2.95506848553028 23.0891984873577 8.7513557559564 135.492255204952 92.9417271326513
23.0751829032028 18.7500952224215 1.39620555555677 3.28132940348756 23.4278241509176 7.99728610117725 118.250266617909 83.0207588609157
19.3145475550226 15.1556495517902 0.771627230170616 3.28560334513373 20.4314990223144 9.08152452548015 156.157424389603 127.821228562918
23.6560161072429 15.2983861404441 2.57421314422185 2.57312300810211 29.4368215874234 7.30675933706615 132.70952878945 169.37390207185
24.5050505467404 14.6091755856817 1.27147360028235 2.85554164428718 26.9078071363412 23.482315378398 214.326433781487 33.4678595831334
23.310912018552 19.6895102173241 1.91722828888917 3.3147549571426 20.6787369864177 10.5765470810534 100.033074926244 153.414814916914
23.3035866444393 17.9082538635833 1.6578891753742 3.1343416060509 16.4491636833683 20.3895574605646 56.7606342866912 121.12501086325
18.2849100103797 25.2793903516659 2.26842003103656 2.32781782358164 21.6519432724797 1.34254085599279 140.073386030937 64.056611911607
21.1782154471666 14.8349422740261 1.98228170144215 2.71347119278514 16.5345060449034 5.67201289080492 133.155255746452 146.654656580205
20.4610234512959 16.9026900568445 1.47123862311824 3.03410981846783 8.92432124747493 11.7877679477708 86.8844075706881 140.200003321397
17.7859106131141 19.1856103926253 2.18063371723269 2.87832596431269 16.7603900985941 21.7864630506129 200.675293211115 61.9298394159002
22.4740148445275 12.1834183225747 1.2991964160866 3.05378831416803 29.740241206784 14.769221272684 99.665142816814 430.486719572077
21.6864897507491 12.462659797379 2.22230051850537 2.49309873240713 21.6831561177448 23.9031695507117 128.762470575636 137.943000188766
24.3114485530201 18.3156935898688 1.92712571380135 2.71133849466827 27.0825706495821 2.18375197090141 138.176337872235 58.6550529671221
24.2706942027195 20.2302429319286 1.81184934041986 2.62901075020002 20.6805290180091 23.324520951108 50.2839621245142 117.432085233787
21.635529975041 16.9244377091369 1.86350758307024 2.37741378389293 6.05506509439086 17.2982078750441 5.40438317615302 199.784790863603
24.0712999452248 21.4116862847694 2.16868976833257 2.607179091643 27.6028739561401 2.12659883441466 154.486346355204 39.4795942635499
22.6008151468752 19.5810589363492 1.62473299941925 2.44586475412017 24.8008114203775 7.16053633700828 48.3008462972471 113.050647943925
19.0819064575253 15.9586219491322 2.30751443384998 2.41144114805631 20.6292102134369 14.7784443245541 76.9278336284353 160.132137708831
20.572532004773 16.2650616641924 2.66881683357088 2.70584333343747 25.0521196136809 25.6112825727358 147.086999823102 136.431829884749
21.1823683231676 16.5285571520387 2.13969212804787 2.6360216835476 21.6132660055495 16.837627844795 131.38088268156 170.688611561004
23.638402078836 17.910666546522 2.26894486608775 2.33227965908077 4.79973461358864 20.2677528368737 89.6763431498412 98.0394231964822
25.3683749001375 16.7893260908723 2.16838677118147 2.87690077735293 17.1042216217893 11.9859572150343 150.291676984741 63.4074234917217
20.0624407423107 16.7774927960169 1.51981394354637 3.35833486015476 16.5470188372644 1.78501665953189 217.664606969761 111.035999306242
21.8793293912907 19.8735032853737 1.20559825559693 3.22411470835616 16.2199612847803 7.03580253447439 150.38346199006 31.1927948900151
21.0124322823189 14.7579091322137 1.33151388935847 3.51059263584065 3.08128812268443 4.86930067959196 45.2119118310945 348.444277443788
20.0083645456801 15.0173429760271 2.08407547726473 2.63590210482764 22.2205973598236 20.0027938964324 160.678328823685 160.643278953214
21.6092969838861 18.6238932935221 2.93275679211466 2.50654711398579 10.2828073771611 23.2984703128853 193.447355901893 49.0723693716413
26.5941715420795 17.8319357614565 2.56619686251055 2.59729408323655 10.5663986975158 25.6045109287813 204.367603958864 64.1890569086626
19.5071319560055 17.3950723077462 2.55252866103395 3.09141414489469 12.2333884743595 13.7814712085313 88.0909331044134 212.247809755725
22.2900337906539 16.0061288287118 1.64672445179065 2.6889462173126 19.1278371647104 25.875248043308 63.0388058022724 187.06841655728
20.938142780331 18.3756380728355 2.03558376850173 3.21846756801304 21.7059949343905 3.99881911665625 151.988295550142 122.920318144227
21.5328564138738 14.0336827679747 1.39945564033927 3.29739664088615 24.5728838637875 17.2455095774274 81.8989404261067 147.598164720802
20.3255752026446 19.9303018362076 1.60271139963935 3.26190360696712 25.9139583473749 1.36086446513775 76.2041300457807 206.74067580681
27.3846257694651 16.6950161498309 2.06683277054148 3.00843993734231 28.9599921703735 28.5635780753853 95.3261703299971 46.5537292255615
24.0640009098082 15.3053203350554 2.20103451404847 2.50386153102948 17.6077704987937 17.4343046447852 62.6580386624972 190.492012517627
22.0267336549758 15.8510651964093 2.52174189498503 3.00807830838979 17.1717941664394 16.7788375984533 131.353448089011 108.108748644405
19.0550262495749 16.52767224567 2.26780231465651 3.037497061128 18.3262708334481 19.3495711242421 174.38213468396 12.2035223656941
20.4357563525739 18.2784064611622 2.19661523888002 2.90691395619492 19.4374734390125 27.0818403220634 167.591618874618 39.3111461311751
22.5853805889992 16.4099984390936 1.94926616918609 2.98190875197264 2.97803731731087 11.0274651901718 20.9567759486129 266.128933697925
26.2644848337171 15.7841438839506 2.30248889226535 2.89259523559797 12.9003332826493 28.3143007710514 193.603830104585 87.7358120753167
25.2096705294117 13.3277229471996 2.46419786541431 2.61622471323986 11.3699784312967 19.9257750631928 81.4376936572008 194.093420256162
25.7475105600387 12.1593827094236 2.50935384791281 2.76473330830608 2.257608372756 14.4536487311522 5.97715170290532 375.973883777133
23.6569866074433 18.8894247160206 2.57414912381288 2.34113487783087 20.3093467031677 10.1930984611553 12.1751268710713 202.330319877854
23.7780541654326 14.1100153095029 2.14570483555135 3.22897780996582 22.0855567644899 3.39206838360072 129.299258535714 211.471698950359
20.742935239935 18.5675763254597 0.150287344976285 3.42280678719927 19.8970042877094 14.5853272830607 56.9523940554428 241.974235804686
22.3056223133488 20.6340618945173 2.19105894242182 2.80783066273516 17.8557185767047 15.2879262353645 101.957432978498 183.940503665749
27.1032931027447 14.7334773956883 1.98492596378786 2.87858192972927 7.25542337568416 10.0835351513231 149.640971435968 59.8200893850657
21.3780513281496 16.93839532234 1.9855160666232 3.06825639746653 22.8139162559087 8.42884609497569 131.306006996029 94.6330506205375
25.0581521167555 15.1208964094146 1.63836640415665 3.02105216267555 22.0340436802248 6.09713857565625 91.6980351378407 210.579947051984
23.915025375914 17.0548214375627 1.6668558719272 3.16751191424394 19.9093862944267 23.9105597480625 50.7613846771561 158.244104859254
19.4785823040085 21.0879294905541 2.24053504732165 2.87157949328288 13.5417728869952 21.6216555337644 179.973809137798 50.1982145242481
22.4913046327048 19.3956356706196 2.17093486596715 2.98248768171556 28.7523966684733 24.288042316789 150.337728783917 56.8331550322954
18.5471212959147 16.230641584146 1.46986365887456 2.92202370229669 22.8522082001321 19.5779313689001 202.19238607761 10.0143707234055
26.7738064765048 18.4078125650386 1.79974401515962 2.75641395629169 13.6643496806779 10.4525709296202 203.196391452749 58.3059013767598
22.8406593037945 17.1538819569756 1.63614792749142 2.46929457571038 20.0515931600356 13.4552513213291 35.8976255342287 100.125768355133
25.979952155572 19.2248587992441 2.17257140437216 2.89972829868552 25.0547178060533 12.3091444756299 90.8705293166809 78.6918927799332
25.1924072784585 15.378508376388 2.24282445178962 2.73335210546297 12.3716645581276 19.4475037101811 64.6969161309644 141.184549544691
22.8566125279167 13.5891685210204 2.13028904340328 2.96605374199686 22.5007821828734 16.8355450910924 87.1554564997038 208.978677888932
22.5032711156412 19.8775663068266 2.66047599108493 2.43886577698758 21.6174975858695 8.76046332991232 174.087214145076 70.4700586460193
20.9654807704884 19.3793618476986 2.65026991319913 2.93400930543584 23.0339060000823 16.6666480149982 73.3433108345034 190.663706773602
22.2899305131535 17.4193411013058 1.0561019086247 3.42511895269917 6.88165499518457 11.0838229054203 210.579433687496 30.7294882935721
20.7355191820615 16.9614728129099 1.17012481669426 3.37951452503521 25.4980163470254 15.329976979455 159.052069279211 109.147177947812
26.5906614444891 16.95211959856 2.29970610085381 2.4182276558505 12.6384544982977 15.4644057304965 44.2881550929465 161.107684944918
21.954811913518 16.7920389935129 2.375076981564 2.7964475183658 9.00041396281065 12.1881701676534 137.053650493871 177.887795044062
27.0753837371673 19.5357073870238 1.70379424180785 3.31884142741479 29.5441409894827 1.25449217916533 98.2488146091115 52.6193484303987
23.0848458640837 16.3498762481109 2.15156295126202 2.80777801638518 27.4404449135651 8.67940022124502 6.24926208919934 271.892819047594
24.2190081409694 18.6674005244524 2.76679744586252 2.37993076530197 23.6133192519776 16.0879495708933 159.032176452469 101.175070341819
24.0588141533231 19.2991240230107 2.49398137628115 2.56218477778852 24.3456803939939 17.9218444517439 64.3972692099526 109.640383298644
24.4323378240637 18.376767214415 1.88107280937131 2.73392018909197 10.6765376811655 27.487815412225 60.305946497178 83.4646521126317
24.282853501752 15.6009855723587 2.04310283100897 2.74802448889962 25.7138165031182 14.211380769307 43.1235809123483 198.988668783896
22.0074348696666 18.5181663296899 2.61727964836991 2.75566730608021 26.5534890471813 5.64880048140722 163.894812455142 153.481179768991
21.0091391594876 18.5750043648512 2.03345873520952 3.0293166012496 27.1345583363716 4.45597883533032 96.8608784579004 214.311094444877
20.9438096781567 15.7996731840169 1.65146030720126 3.1687307193781 26.3172953491792 6.89351486198913 66.94202109482 186.888694759334
23.0288285153305 15.9629506043876 2.01347250821703 2.9273218057054 28.1665109417284 29.3308694161058 146.990559023732 94.1930542834696
21.460545221884 20.9262294961391 1.8604384092931 2.51241076381812 20.3799537344389 16.5500870658411 61.5736876065708 149.611039806349
21.6423810160578 14.6960644536354 2.49493359147252 2.6466374144174 1.44989285494194 18.4642478741661 226.467982592462 234.73642759223
24.9881743365947 17.4149714939262 2.35282252811128 2.96408896763742 10.1829965599705 9.02665987094854 57.1948987354783 160.811572432495
23.1149519775091 16.8336114791984 2.26793196009433 2.59636197791882 29.6360034672844 2.74159745236763 91.5892552601952 166.962454533233
21.2312342944447 16.097378431381 2.5098476679241 2.71886774384987 28.5410156647502 19.9405160200741 82.0484621815299 104.010179671403
20.5888495010057 15.4257440049831 1.74392469306291 2.94980514399276 23.7848996297268 15.2585862022665 188.417903464523 115.62736580592
20.6354693677973 17.3129067393584 1.87751919153186 2.70855039061656 14.5355247906481 7.1409776460256 240.818438222467 103.317602819537
21.6800517664837 19.3582767782281 2.46301163373983 2.73307467350802 17.4273176345488 27.2935419652619 161.346260220935 50.0518035589771
25.1896815379636 18.3227061008529 2.23432858829475 2.70237071019854 24.7550640243232 10.2601626842772 265.987019154502 71.93064193996
21.1817389162295 18.108471750091 2.68297619074002 2.61448764371865 15.579796605669 10.1649483574394 116.701124488042 187.733137177287
23.5600943552601 14.6891865645084 2.1126121784162 2.81828912418857 26.4740362630092 17.2956563733734 126.838084905288 169.519157386641
22.7731824308045 25.388396269347 1.80380148093994 3.19193104116843 20.5863777026805 13.831021863731 93.3108786973103 175.407340334075
21.2166713720417 17.184815352056 1.47146747964758 3.00401230994447 26.1615576429259 28.2080302415683 131.468186119688 138.519122174577
23.9475317596449 18.3071253796724 2.62300620290065 2.50716505356246 13.3731831698138 12.3336848255026 68.3492916004459 161.009436238736
21.0202539199913 17.2705192179091 1.09738044819286 2.99295470565465 19.0670190078811 2.64423407700958 163.51563204735 35.4484285332981
26.2009632250435 17.9936678409277 2.72717572394761 2.57834120328848 28.6762021169771 8.58534390214385 181.857169235562 57.6353644642342
21.7044175525514 16.6739484001175 1.47117987214045 3.02155106443683 13.3626387557938 19.4635956313005 106.919658234367 152.011372269388
21.153922392111 17.2223927438157 1.85762050679345 2.46346386597994 17.3307894572912 20.3626690597565 170.733818644727 54.686056675214
22.6921285242797 14.5606365741461 2.44672327771124 2.69564035390594 25.9126528298267 9.88869553196822 73.0102977637975 235.910014695886
20.3685550353813 17.0924514793708 1.7927387827329 3.1581435644058 11.5172417115284 18.8952689355958 70.0312017960643 239.437578543349
19.7082217680975 19.1149591496799 1.67964832818858 2.61453814613774 8.08323755206078 15.9585335569727 130.067368323608 48.8600350962486
21.0652284935159 15.5105368433153 2.58285648458383 2.64595485507098 25.4383803014414 15.7532862743066 22.0546702604614 166.922234163353
24.2363873175053 14.0265088660603 2.17170814074099 2.9885172482816 18.2966043778816 0.307040789501176 137.203564416275 515.015259097068
21.4587214381132 18.2372027679448 2.92543759626549 2.35078389959353 8.07266543910219 29.2841766437398 181.602793007601 80.5942646616093
22.474546942264 17.9955183090882 1.95554174668039 2.97858917512614 13.6958741563681 22.5240175696379 138.731295922288 48.0698756918973
20.1480121280094 16.2478330871183 1.71579577483473 3.28076953319964 6.11760070174841 11.8406919336534 117.914168317542 196.336207173795
21.0885252556186 18.7930213871412 2.48883849546874 2.64044129058653 11.7457136791868 23.6754675677911 142.216753220688 120.626881789038
24.312138356376 12.4847064320205 0.691463706076018 3.95634180772404 21.9246984445327 9.00948141756295 36.5113202772438 364.941233432905
22.1701311255663 14.3794236449579 1.60995074218561 3.48260176696802 16.8918672730471 10.5799286768332 283.759276524825 38.2959291827181
17.9262703278536 17.5822564175433 2.38667010975925 2.70458651970886 28.4982196357873 19.8908369396324 158.719439084067 86.0358868093403
20.8181241756861 16.3910180441379 1.33612840303011 3.26516268544119 12.7268951174829 20.7549989329 24.6832175437748 157.201851938401
22.4341753873672 23.9518930545828 2.31643879386034 2.72580670026409 15.4655035151134 19.1508537965232 160.229348371846 49.7771617879398
22.2041444021581 17.3302892821899 2.27414189255983 2.33408258320675 28.4726534896726 10.6148842269666 44.316736220575 173.213909177727
21.9780463004558 17.1638628667204 1.96680423767832 2.19778751488361 15.0992960910451 25.6100763629335 73.1704403932581 146.273108810942
22.2283925689337 18.4997637841326 2.25438549053621 2.59064570932095 13.2698782266066 27.0171806704965 172.828826783797 72.9445911432806
22.4741689871105 18.9953609768472 1.76088450346192 2.88225521355101 11.957206821703 15.574304667009 24.5090915146679 134.367505662049
21.0372297044976 16.5382019969376 1.53099856640064 3.37886460111155 25.9426794673693 22.0472111267864 144.68587640583 40.4390115923064
22.0964120263736 17.4217336964545 2.43355870346073 2.52331452780618 28.3917673579844 8.12913494739375 11.8869668743834 201.151656619676
22.3424459810455 16.4775188308061 1.97083461310501 3.24024526463545 9.15095451384 21.7163651230929 199.173961581056 49.5168854168075
25.4013387537934 13.8607584052527 1.93011935953801 3.37148439537911 21.1502620061964 28.6138172670796 114.799632244399 152.336329015401
23.1051795484766 19.2661627892339 2.67042347781258 2.46506640755334 19.5060711657578 24.9921992544194 83.371254410178 174.257753912006
20.6433738352852 17.2501951210257 2.04013856868393 2.41839167220926 11.1338999976803 8.38677811779789 64.6862761537142 219.28661843478
19.6669442041916 17.8378163594416 2.183557472358 2.86348157019156 9.13908519593027 16.7033511776844 212.687454625333 84.3406444546497
23.5409440263259 20.9723033537302 1.70405363498891 3.06200683597316 7.12272410979404 22.4799145233489 82.0990220785476 156.379285820711
23.9870097369723 16.0436414107968 2.23287684194891 2.76469084007914 20.1305365893389 26.4098984870689 140.735274545954 16.7132100240414
23.5201733964262 18.9419767441919 2.3983015446652 2.64873717615413 16.1122783792892 13.5431064805963 161.370807743442 33.4890487169149
21.7688198780871 18.0605438795699 2.32148594658003 2.25198770831558 11.1048343031426 28.8322765418429 70.385840150469 144.652423238788
20.5101138783568 19.7138728607295 2.03768591268623 2.37720578215452 27.3273656959516 20.6928531021815 63.0940795712833 10.7199122300604
22.1347242548077 16.1646275563967 1.20820991936021 3.67928347601398 29.8817383006422 13.586981854973 128.544413204496 162.894384100383
24.2662193856772 18.3931263456336 2.35605652504844 2.62262589254312 16.1442729074231 2.83088394353049 121.298558226817 164.828961798337
18.008791688736 18.4239290445671 1.90583872400352 3.17182529176288 12.7345462650792 19.4446891791007 213.732164862926 47.5369715855953
16.0068057199532 17.4333782694712 1.66133759253515 3.10810526557547 18.5114505731395 25.663320002503 410.419565025846 52.1122393412865
26.5274289355595 16.4351551279879 1.93154439890334 2.73494206855935 13.4965555765419 27.8421977943619 129.83762293247 110.904182462316
21.7440229513998 17.3895782469164 1.94065596452903 2.76996823008151 13.2770407634788 27.2334250003931 113.237515570668 114.738680637881
20.6869613485999 16.9377132635511 1.88015035146595 2.91978198493135 20.0172890497734 9.85971488129407 132.150496063048 93.150522925103
23.6458104326149 18.5279229576249 1.67061301172013 3.13772522099479 23.7805183320454 10.4702469102627 176.909763193815 214.237782388947
23.3430128640725 18.378168592232 2.3221517715927 2.84342681641557 22.8443342259443 24.2706621987676 126.09283760747 170.027286462061
22.7019637054789 18.662504872713 2.01241654793947 2.5615106544845 26.3746774930672 16.4376804461475 161.151570900169 80.6642020581584
26.8370387252061 16.92243565011 2.36967124414143 3.05339575078621 8.94794002922868 10.112215038653 2.20883327106343 94.5306234772802
25.8305960766441 15.1340264616894 2.62636178864412 3.12847957987035 6.40912525992672 21.6346153163204 123.362052047379 135.312296981246
23.7247954184636 18.2045715856137 2.18295213764267 3.26472666040988 25.0444391846593 28.9143741212207 46.8666113520637 104.566684239247
23.9777143523069 22.576317116206 2.2962221490583 2.93284456260459 26.5136864139836 21.9628285712253 97.888544411085 147.380747164324
24.0955921622691 16.6756403361255 2.04784730918982 3.18761445235646 26.0218437126332 3.50976409635068 143.951982424556 109.818515280407
23.6566758762833 15.4896206215572 1.50830022804511 3.03945113581739 13.8010302471509 8.85215253130844 38.6436254323469 171.811096611434
19.5231658133688 16.7657255857278 2.3554780678598 2.65804678382222 14.7655730566432 18.0875481130305 193.307591104185 38.3899166392735
17.1642413271404 19.1305575517274 1.04638144424286 3.29466427883635 4.98528427717617 27.3877130679676 303.033900239832 88.5095493754478
22.8821857093415 16.4028804133916 2.21474330810939 2.4499505717736 14.1407362992329 20.6042062209002 119.880892090371 115.932128448918
21.3542881411616 18.1017988536344 2.17861183987109 2.78437103554738 28.5074366441273 9.11300385079234 167.949448020485 73.6146851868631
20.1671407018157 17.1573609923351 1.9292495234985 3.33601815044192 22.3201804031172 15.1819634063981 203.64473790477 55.8866031198139
27.1555512024106 18.8571497401151 1.80836294843488 3.24785512622478 27.6494879241202 15.1220395587804 74.1240885031464 140.461762546319
21.8746064850799 19.3550387114925 0.734688997641636 3.48390509712964 25.1649619010472 28.0917520308996 164.936779611922 93.2577607856481
25.2631451575886 18.0424588740987 2.3296979367603 2.79303722798581 26.991853385464 21.2779732889513 66.3783720009293 186.769161014328
24.39763451891 22.0934952739591 2.37326939417703 2.56591972031601 23.4792581521965 19.2799336745644 51.7224473507469 232.154458143778
21.1832934208565 17.1031586230751 2.53035946578283 2.43034303328258 21.5536576878031 11.483936159368 129.399091266363 64.7475450436875
20.878132889031 15.3316725797718 1.65316887471773 2.86678906988845 22.3884451850106 19.8062662965959 136.565771990446 151.312324358402
22.3711380454691 19.8931444156637 2.23787788668963 2.34701975096473 18.8617821271869 22.9590766383358 31.8464839710337 250.851441243075
21.0167275743904 16.7746222934581 1.72080098923112 2.33981648469997 18.9275689591706 5.27864710589772 99.8520621880744 49.672077464672
24.9754826057767 17.8156390850995 2.39850145883388 2.3462835851349 20.9012544337592 1.04307163465732 60.6610496911168 158.492178427994
