5.581886893618 8.80182044432438 18.043689394495 1.72289372845824 12.0821486994259 18.0264480266944 416.328865735344 405.625712405125
8.59827418661027 27.9469071914212 19.2901551595317 1.34830619678525 3.03127657749174 26.022998402945 391.259326036092 432.369966017074
6.60400782836873 16.8194543770302 12.1398166307997 12.9226264124034 10.1456587221675 10.5951812042562 444.574959061023 491.197584209506
7.03856767970105 14.2522649475435 16.7925192328238 0.297011536137006 3.04536132399339 20.3001594264603 321.550203900342 457.801350581567
10.3688840911737 28.9092936298014 17.5564951183789 0.582600858577169 1.89036772120185 22.8374996639456 291.457373279869 428.001694182594
5.49161456821228 8.08628911880631 17.3831879327157 0.671949473050462 13.5828989461982 19.8647236710697 408.59094762963 467.53832700116
9.778277354052 10.3967633263447 18.6988033157387 1.82754511725362 9.6749068942104 16.2766610995842 260.064458766603 481.411633824493
5.09262255242491 28.3625998380326 16.8173439252724 1.25910602118954 12.6817548509241 15.9842876115662 417.392926034184 454.483153222196
2.01885293110103 29.996589229354 16.2411627592629 1.34622073529092 13.0977749944159 13.9216088880561 410.967511083332 381.169819994172
9.96750180983482 28.5895723044256 19.9367050146489 2.10875925755447 8.04077846301258 18.916518823808 305.200181770777 446.804268611706
15.8615317835941 9.82024432005578 17.2021026189368 0.386317701438857 7.46935031486253 22.7901864686221 331.150115868113 415.155011193472
22.1233812844785 6.40448190127899 20.0802997907108 5.91547302371356 10.636489290003 11.8918815898626 390.48246657172 442.570351630316
17.4253882368484 21.6072697053773 17.5018167762091 1.22461328846595 29.8856622347429 18.5578818955634 318.085736917629 453.343164060818
16.0636313357082 17.0977048399395 18.4887357355108 0.424082810053593 25.158601500402 24.2283567308703 368.284151271238 445.611091465685
5.55730769790499 29.9577079336443 16.9227851444975 1.65594471911849 24.9132948931837 22.5021173549588 304.308422049746 464.105807454477
3.68788454332433 19.9678117617806 18.3131190864517 1.41061985235576 9.71016463128158 19.8001781614018 464.26885108493 329.864617267609
11.0184330734771 6.36690393150253 17.2087993794405 0.633818549947427 10.3325760021063 21.9448260662376 274.930609391642 488.749076841443
6.83008265764081 7.76483471105763 19.2594166524545 1.6635265008849 15.4469039183595 22.0149692267099 411.396471361507 380.470329083418
9.35443155010799 29.7639278910257 18.3183501129847 1.64707319139433 23.2511213418946 26.5299794730424 292.191694947429 466.980899441327
18.578124704308 21.7439990699097 16.6923054472347 0.565106135045589 29.1385421277712 21.855106045304 427.228841617222 349.955679685594
7.02023979042462 29.45911325646 17.8030964917962 2.36270538904272 2.582408708859 22.6847068442046 431.383907287378 491.467875550713
7.83880421110913 3.98720170944424 17.491028681887 3.01226472038289 2.5939603936822 25.3656587362748 391.576104393536 464.280440117319
4.73307876171777 29.5528515685495 17.4001549438843 0.291178361568449 8.01579422301201 16.9404125209978 434.707810977131 410.800010949532
17.3282104711427 13.2605586323221 17.1806116934515 0.600534252094901 13.8035909236303 17.4563069932786 354.765721730889 431.877504590556
25.3347201923898 16.7951396938914 20.4491556014705 1.6590833943406 22.74236885124 15.8454069838374 396.089746173311 329.854713618015
22.8448902994433 17.0228645714079 17.0422053312854 0.225332740758542 9.00623334551155 24.100561091626 415.11048113688 429.698018682242
8.79906532276329 28.9791421062405 21.3314902841014 6.39386712529998 3.3137186738617 18.2787049555079 311.702901417638 485.061777485981
15.4634882225174 6.22297002596614 16.3225701059565 2.17372555605238 29.8417206860807 17.9299135196602 343.505774516251 508.860945600406
13.5048261235373 25.6092230303793 21.3309950288751 3.19471640480692 10.1907859996815 9.59438185296876 404.748535174145 403.919628832198
5.65402639041732 2.2545728039557 18.5680260476223 0.454282072733886 29.4301649196471 16.5584459290207 347.101679201785 435.159157602259
11.0697829082293 18.7262200155063 17.3225035725612 0.526276922585069 12.7095178198664 18.0964156102678 338.959003306648 470.964622297263
16.5381894588081 6.67382119351911 21.5032745219185 5.34266240120177 22.8320733575802 18.1199811140122 359.470873438509 416.108713442604
9.16405124535487 23.1221540906081 17.0569768945376 0.544194200408713 1.39915227971584 23.5699853540214 425.390955972194 414.183352390805
8.44128535899776 23.1145671697696 18.8989549309493 2.37999195555185 9.38514069716411 22.5361506957853 418.298085518531 501.864343736682
7.19152277774344 12.3379056709072 18.3087392687007 4.47593309881732 28.0239727200885 25.3781727748559 359.58661833487 460.297969712701
10.4034010410819 29.901061433284 20.7310415262371 1.23746992944198 0.257132600727923 20.8387447035554 421.706705876396 467.704921413354
10.8191003467936 6.36515133060624 17.0301752183165 0.407681262768957 23.5076115572622 26.7321087018408 320.443671561999 415.847957096259
26.8563398997587 11.6580593000117 18.087348604909 1.30748300416706 7.76119388433892 27.0134627216705 435.185152897218 443.82867364861
22.3500576640408 21.1781076647803 18.8617660638968 0.51911364123301 19.8784891413468 16.2501604362705 407.118561390561 448.030838153898
10.3385184241631 14.8305526631186 17.884082077859 1.06533497254003 20.796854140808 17.6475978854405 340.208003926948 467.894527078493
8.44471758826922 15.3995159420865 19.2921004377842 0.684112724437871 5.06399829865417 22.0011243693541 272.30482834849 475.065958464096
6.25827417259379 18.6914841109355 18.2840954154037 1.6086770267992 7.08592670554711 24.6656264356568 430.38621588301 395.669531953499
4.26246570794677 14.6356785068357 21.0568384943697 13.0474542833221 18.2628148379056 24.6395238711824 460.138004899071 493.795302888069
7.7808182176992 6.167174231905 16.2821512151447 2.80476951741721 1.02137963557064 23.1005111989773 452.316646515779 427.12333590927
9.3030074574405 15.6465900167253 17.8795300629977 0.355404660422384 8.04326415181828 9.10004979530818 302.472129317869 375.462722252202
9.84698086048852 25.8991218270988 19.7682545062888 4.04571048565132 1.12138252040474 22.8615793832795 402.996385540346 453.202512821871
14.2229225404617 8.07408355780779 17.1101867285914 0.775585944869178 11.0074177324898 15.9017534782425 433.010079124159 319.251376476893
5.86090164928856 3.14981764058773 17.4479095837513 0.216010276596052 13.4569396361744 12.2308349450812 345.288613969011 367.932708871903
5.95024448868167 26.4288082314767 17.2227760006909 0.492992507488621 23.7204781703655 24.1067249286854 355.028898927591 420.479764095716
27.7553203749379 5.37615325493451 17.7335999580004 1.06082063945454 20.0321453784091 15.7548653884161 399.923726835428 408.189725220197
17.0104927609646 3.22784309351061 16.2780880615837 0.921130955490361 12.7583569950545 17.6553957374137 448.513295367667 441.424702883502
12.5563426636807 29.8332895872731 16.809338318517 0.50541843658507 16.8660010870648 19.1429492068242 118.500242947095 477.581007277102
7.23400274882156 6.35558805140201 16.5943045981511 1.76483412414961 12.251212819827 25.1948918980584 396.097315911023 411.314670312535
8.3161559508291 7.62682186341548 18.3775506593194 0.291907501454219 10.4667671855723 17.4726097889653 317.036735780627 452.017626221543
23.9036037401076 1.70215199160042 16.8451695400345 1.58021421333364 29.850943001138 20.6329735482453 324.789988286158 473.509256075574
8.72493842046437 15.537718626559 17.8980135938076 1.41000955704565 18.5239961079541 15.752381911219 333.65749627285 470.053176807674
7.40051249124633 12.0552805885804 17.9451758847853 1.43761576755111 21.2070652861411 19.4425812143171 453.61221918554 448.388781551264
9.72876769604355 5.24107540151055 18.2658707225978 0.551531784275996 19.1824443889555 14.0170843717658 323.600953611701 470.9996378964
9.27202437075895 21.0863335186362 17.6459102730527 3.03912978959227 9.58498971470712 25.4392190110454 360.939859544953 423.76641868859
20.6328317807658 8.83823818013675 18.8875320266409 0.887858412394717 19.7940799168901 12.1019494932802 372.048309117974 491.255220170074
8.67463163488116 1.57012346101046 20.4218005460809 2.70432553795272 5.0815561759007 17.0874447828083 393.184691612662 455.731671867129
8.70993155570309 5.87094573880268 17.1494522779097 1.48000900452314 3.61802082956982 22.9351038038688 336.011853881504 478.443770334948
26.0708993235734 1.49426232460554 17.7036557349468 0.635271662566205 11.0366499936761 20.1741673778487 336.766645996248 462.653088509742
29.0620897478013 9.08628386080637 18.3346786733998 1.21992958056304 18.3665977442462 13.5483974620535 459.755751662518 328.88400690677
5.56261556889825 10.9708765462348 20.2568590973114 1.35486921591122 0.464629884773065 22.9674805282219 286.842144792815 454.690260497629
14.3467397234645 4.6426407734041 22.1417132592226 2.27572544581258 29.088008909627 21.0836565256287 263.433749149822 483.318872848848
17.903143464724 10.9806012064388 16.8950561086432 0.903384857480229 15.4995473627001 12.1454802826705 440.826618557735 478.15048882867
14.9649834687292 3.28418311298495 17.2843940759021 0.923317264354971 14.6295317597526 16.9565082626773 396.279817192922 349.307258636502
4.77942233322295 26.576429875671 18.1990434690825 0.779246844272336 26.3644248197891 13.7110208894074 416.822221835374 476.989271182252
5.95114477853343 17.691613453747 18.0567939255803 0.279828856499957 27.8993007009749 23.0185175903432 414.884984653885 426.903336486901
5.86241260245251 12.7948247807247 17.7067169747144 0.841995872209223 18.8676440601864 15.4698979323041 354.149460162078 472.909569190423
21.4425808375443 2.93184386581196 18.522740880866 0.990681390359951 26.6760402738855 25.1393412471638 349.383955821648 510.35056224263
8.44338625867441 19.7261187853825 17.5734459250219 1.17014029094983 7.0309822884032 26.5961876880822 437.282951467525 349.621899023253
18.6842115294922 1.63056419321699 17.6373753048945 0.670458282546807 27.4605585452422 21.6052360435489 305.264092314759 485.737772438536
6.39710089161927 29.5116351907869 17.4993148730782 0.219863111126188 16.4781433930978 18.1842021732086 310.177304057159 424.814833539037
7.20764850849028 9.6016956014147 16.8986632630346 0.991340818017332 2.88152025487511 19.7950801620159 397.994010794981 381.289144024078
9.24583129604194 17.096299224866 19.2185089636295 2.34115730966248 22.0171453513997 25.1462105947078 297.663569378902 437.449597586038
8.04366128494708 4.48972435138167 17.2538493180469 0.585547478038731 19.2300699216119 21.4383506998544 399.971341807937 479.515687551598
12.6459782914676 2.72491946328449 17.8101776889325 0.511431602246243 13.3189624599073 17.8271788979923 372.304627071623 430.139716506017
15.2427098321173 28.673625087497 18.2788356637342 1.33966735879054 0.0297249314438566 15.9477796694543 341.779408008956 468.655424241924
5.91537044632647 29.8227550025131 16.7266615615468 0.0991776359359781 25.4069327178637 24.4697713794913 243.033451614258 392.425764338425
21.1709002237527 17.3539482049833 17.2289950286755 0.656665227195228 5.91566765469099 26.5345290239623 418.525888839427 336.728697452023
15.2922261759649 4.36204850834843 17.2344303506737 1.35130515964096 8.17537850057754 28.431480919848 417.308320849684 317.992938141241
8.21812546272202 12.1118718515491 17.5241504464794 0.815454264126342 3.72137913153096 21.0909665594341 387.634903722772 368.538620061206
6.20379051353644 23.6456838347149 20.215355060157 2.85637079478404 14.0943173835774 19.2862160534138 470.176529536154 385.977093584878
7.65553617609517 12.8749147344624 19.9823658283082 1.98065550946048 24.6835485803467 24.2704089108184 413.8034759588 351.331688289644
4.8779662938842 15.4143406626671 18.2412739302925 3.25804326004972 27.0554730662151 20.3179128034102 466.475428056228 399.312158489853
9.96358449511135 8.56764898438317 17.6268815053261 4.15074686724327 19.0281466762326 23.4368293936915 302.013511216966 481.90878161005
9.90125684013458 27.402185288148 19.8785779825563 0.865671240874117 16.7120274394876 22.0813882498197 277.431724980729 523.709450477004
3.9705793314419 3.57396102582209 18.8233803104612 0.576131794175901 24.9045450687517 20.6711221136301 374.58200135032 471.755940383365
19.603216843655 0.436732677661764 17.3370509739094 0.915186545262391 19.7333882283783 23.7422027451574 354.763231573615 470.507549968356
12.4924628009733 5.32572797328235 17.3983041306267 0.888572533748844 28.9114674563556 17.9302900896568 267.752807210827 452.862045231057
4.29553475137632 9.45111122734983 19.3828427941248 0.987244664032058 23.4862371073059 17.8924257122453 385.89391464821 372.119064476662
24.3307926869789 4.16105691570425 15.8957018669064 0.412733038609609 26.1219670696146 8.45878247093105 426.069655117339 452.09308954876
10.1867651613957 29.8782792857034 18.3085040462229 0.805404213313571 15.4409612869713 25.1081388493124 323.989883799782 346.716839920031
19.3248527936303 10.7001259663814 17.054063293349 1.16057310669463 11.1356531207225 16.8573850328705 399.827730633362 486.754907174345
7.31744982661792 11.5526099088251 17.263573066178 0.552854301212001 14.2514592416647 21.0620177215673 368.474538824923 391.36877015057
7.97211060889669 18.1309923649276 17.5857920211174 1.12004647203545 13.2420560870954 26.060419016356 287.412905560747 487.969766535672
12.1242379688162 14.2827109072176 17.2757288079377 0.60684483347509 24.764615937919 20.1156553875761 268.961312992316 477.229820324743
12.4219135776331 28.9064818952491 18.7862375716992 2.89055565568449 7.89739086514346 20.088450205814 336.464499340752 488.666315482366
15.5114655434257 11.8852149982624 18.7420556196116 2.6778241986471 21.7968700163108 14.2786334007631 286.189821213381 479.565316891211
6.12505919858885 4.38624999667555 17.5810853987785 0.715090069187371 22.7809108207257 18.1079524676007 438.652322553408 461.789090250182
7.70284279768162 26.9988772131471 18.7403137493737 2.70772888361572 14.3594710801197 24.0900653536248 304.140936961907 474.666090477917
10.114258019073 28.1583115099969 18.0994561416791 1.62437464866294 3.3414400762167 23.6152883414213 401.300242290149 375.980323875268
12.2810777332796 17.5864920278844 17.8284073857002 1.18188040679772 15.7669002351486 23.4949146942148 460.524684396193 397.818315032005
2.73943548188994 11.8133247595306 17.0338059713557 0.503225651755873 29.2729298879131 17.0062586703468 495.672596210583 435.104779744373
11.0223706989846 26.5813698996553 19.9633888458623 1.00165796308868 3.03812171975108 26.4328655848925 323.317779962133 458.292411555464
8.27377906094581 10.3571414110266 18.4245766183495 2.54233718744287 28.6957679949492 23.6533903961446 356.033198436341 445.740151687796
6.72066352785567 13.6650758732607 17.0549655135496 0.75832815973902 17.6239618840646 22.2557886908544 443.668359375145 370.461386989662
5.63915783673382 16.1196339292377 16.7728889307945 0.876827509267145 25.9210980429748 19.6127588951061 393.166274235632 394.308826876505
10.046377716053 10.2320294725829 19.0202312998388 1.27724325392073 7.87624551820065 16.2842362137228 206.719003916574 440.058655655829
9.59887800000227 29.9515112483635 15.7627260043187 3.50570225912622 6.59572825894884 24.3430927530968 279.702705925803 481.046368898166
8.59693482869715 20.40903060314 21.9218305982292 10.7385221205136 3.5349217801723 26.2055467349792 383.761036476254 508.587205636259
15.9696644770866 6.24252845550755 17.789422270837 1.70786343172691 19.1638640185502 17.9152918512123 363.083837119142 399.442420580819
8.10916522530227 7.60429699564424 17.6084955238592 0.589521276269252 20.51134065485 17.6925888094132 303.500223870885 424.154963093633
4.31781464334489 22.9165263531824 17.3968636925464 0.290884820795403 20.1109210701436 22.5531264989893 393.855159501388 426.826394004882
22.8308571067042 21.7717869037822 16.5527221708882 0.989531608113945 16.3868890216753 22.1199180634588 407.893301755648 373.467963517055
1.41047587969709 29.4178017181653 18.4021850252462 0.401882938897649 23.9808091484518 23.2912466631574 393.881036081135 458.407513807443
6.75777365488643 27.5439373370648 16.9257758258983 0.374502553896939 28.7839842805513 17.4938488742543 326.527870271291 434.457089559929
13.5470801670768 1.22453619650988 17.6363619246054 0.58636579630631 27.5051808487673 24.4444082506638 248.214070619802 508.773313360224
4.48310077919324 17.2323619908353 17.7421831251579 5.36409700858987 7.78805350910816 17.4274162170928 478.896590458454 446.107548863295
17.8507579024597 15.4353861730695 17.000804316685 0.344769318688218 15.7565608773118 23.1238623667199 389.781113924006 282.585214753796
19.1175917671321 4.85929612738115 19.4713664665277 2.36063401372799 29.159585610619 21.6435611033788 240.996256221165 506.049140754068
7.23200916227802 12.6657973382258 17.2115186755375 0.552274634566565 13.0145120013406 27.2513544989611 392.809922119487 316.458704618029
9.28116197723318 3.98387127374292 19.6009864833022 2.53922749071472 1.51333858589011 22.4379569743626 407.365940670412 434.237838708521
7.71171503940299 21.1475704469835 16.9914410638139 1.24718801385715 20.4634374622019 17.742793708527 324.089583755912 458.109774569772
16.3183705307116 1.36104161808429 15.7950482558268 2.32603093167121 6.35922468042158 22.2975165482492 419.723085623819 469.954826554409
4.08980262168058 22.5909605126049 12.0278141622414 5.27120644550094 18.1967340941712 20.4022841096363 451.426843394655 495.362151571331
11.1767996932866 0.279796400205774 18.2049291625701 1.87363839457294 3.00036252667223 25.627434428847 329.001088707262 388.574374913397
5.24875909561595 21.7690802660899 17.1741852932751 0.481940420799583 24.5852633432514 25.9749266072809 354.853721416131 473.283605272763
21.1636386984184 3.48579454671742 17.4624178505157 1.03737938803359 15.4840201753928 21.9348450430413 363.134158461708 488.709762621787
14.8887297192204 4.05376269543348 17.2117152266488 0.333516102671117 22.499265479497 24.4482744487614 400.452516250539 363.111725073866
11.4800795828929 28.4179962148719 17.6068907752931 2.15232226603647 13.7331083946391 16.6351534621581 316.713494079186 422.227606089353
11.3322533302029 26.9764051076011 19.5986183612372 1.10446012057351 26.184205993339 27.8631653653689 350.866228613105 422.854055526795
6.15534449817188 12.5179537246313 17.0073207553024 0.620227380352803 26.8428122040785 21.1731206877006 349.698389690321 401.115653987819
13.3623544526191 26.5755444893111 16.5991638604291 0.301086126232688 0.891117533172973 22.4403869005845 379.051229477892 417.721118733257
19.3735712641818 3.35314702445999 19.2739399197418 2.81034849258325 16.1107087116762 11.9305401262393 327.657178090612 469.244957062865
3.84125208185198 11.8295644822017 17.3324101742814 1.8310592188182 24.6191435260498 18.0663264167228 423.607645974557 329.347017771781
15.5876265526196 7.02061486004829 18.0133431103711 0.479286344381 25.3847566138589 24.2142237582715 276.685336808755 348.344256640794
24.4358715984802 21.1407258952811 19.8323992835397 1.04721917936698 10.1566859823839 6.80658681532446 427.550264274698 387.668788613206
9.01855772524568 18.0233393076468 17.3378926836678 0.414749826821302 29.9654912381229 26.0170674686026 251.26535781682 428.723007228423
11.1580119439095 22.7532423558313 17.264604660052 1.85702390969302 2.73423082084896 25.938801961113 363.547935381706 394.426481147378
15.1598537155571 20.0621564794781 17.1170921122243 0.858072137960136 5.18818028026712 15.8520988199272 415.540248167204 402.943511084934
10.102079313906 0.15495144030779 17.0036899478252 4.40704037508539 0.447483584334644 28.0266331652215 374.243562789962 505.139751325835
5.91152557693238 29.0421347908674 16.974458403218 0.641049972089527 10.3508877985471 25.5117525815428 440.865174945827 446.006913379525
12.6688184931367 21.7968731531051 17.1279697903379 0.811811172325403 23.73160989399 23.5524631392641 317.604481950422 397.047936507462
7.74223518167471 6.04600914660205 16.8426542377716 2.3248023002686 1.54483080874162 19.9774905831857 396.285486487143 470.669071172212
6.77012695493154 29.8657810314663 16.7870142386936 0.972514531420335 10.80399602943 20.0474523406635 341.60788322235 428.404156867328
14.5020106131746 25.034915690749 17.4484842461493 0.936434542067013 8.05597054654375 25.0327947847117 406.490159916817 468.780996870602
3.12157658893184 18.5817047345157 19.4063170321181 0.655290128974177 11.8097876223084 15.5280446060638 451.782778681212 383.695892325394
4.45178825924222 28.2224233110012 16.6735192653493 2.57038773465812 22.603148175666 21.6159491474883 404.987922657094 431.539054700646
11.3090614942042 29.4804277285775 18.1057388217427 2.20448495770574 10.2117613640764 28.247560191784 178.134053175896 483.934970735883
15.7309991990742 27.574634986566 17.5674146499398 0.696826566451509 0.75082991182311 18.7059921060803 318.346972375594 455.359426234028
6.06515197924478 16.582190753106 18.2702995973616 1.4518194194008 26.2835337338401 19.7826198196536 367.175982771419 394.948396445276
15.6694864410164 28.931926750752 19.5706177476095 0.875746393520722 0.425948227472301 22.9604507648201 299.098429084326 483.940990520713
11.7277027592039 9.30875105842784 17.0091724544249 1.66851620548996 3.68997880402278 18.0206782505136 421.766778287169 462.900822598541
12.3987023244219 26.565876071333 16.6704717659448 0.0348344066272263 15.1117511308786 24.6867096506994 163.139336857326 374.279638717452
8.07916963770654 14.7187206803679 16.3314564647973 1.9668907283024 12.3523889749961 24.20482998565 364.123931017374 480.521906061762
6.34359239190101 16.2630499406337 19.8412409750224 1.87605409655877 5.13611034116839 25.9751943550124 411.669115651562 295.772208498026
6.89180913333242 20.8262644110473 17.8613176435315 0.354009278364031 11.8380535752456 17.6547512068952 258.040814105988 379.878664951492
4.73043811890345 21.3681871920943 20.0177975679417 1.2677570543163 25.6467039427188 27.5246220305241 338.089036576848 438.705647182373
19.4945151256894 12.7327950056803 17.6175718334881 1.27283200277739 25.6571387352278 15.7665531245063 329.668715130564 465.61955790038
6.38784784845093 19.5221186880599 18.239696286574 0.846365085727945 1.42179873859104 21.8740868517952 439.520392241927 371.367577185866
18.1463115040797 12.0343524930071 18.2864911920372 1.23379269057933 16.9576116775445 9.52279976378047 349.478534968793 431.908708722443
4.08731283757949 29.3563234461271 17.3286894534406 0.330351892573823 25.8094250478794 24.0065102248188 228.720713863178 493.617908681134
2.50521625406122 21.6055018401967 18.9501479530034 0.379729168547262 21.5287224261617 10.7295478643692 382.543381153667 422.242725699684
4.76335935260397 20.532340369875 19.4430276900488 4.03080133227647 17.7379372032689 23.4785551445621 502.611596519654 435.469638391229
7.62651334303336 12.8998518907712 17.9506171316233 0.67152378122745 2.85577956907985 14.282454180946 471.727125898724 361.755250885844
17.0732347160791 6.87033981598822 5.30375729057325 6.66660991456923 20.670251781819 20.1913375570033 419.104020412008 473.115832665817
25.1274512262649 23.8325269509635 16.7967233021479 0.39049676777495 23.310636389784 24.1042849457259 181.305743603573 318.014884530283
14.5830509944955 15.3248604623233 18.0800412033831 4.32736594243698 29.1525829904208 12.8713122601366 348.231674187557 466.282333871654
6.69155992309267 23.3244172564759 18.5792691076692 3.28760965481617 25.4725972863387 9.51219150182653 431.351759214978 301.79637277278
6.38342381255764 23.8633684784791 17.6124147942759 0.261361586607755 26.0175579732903 23.7680704252863 224.15164021935 411.227232955946
8.12873307435692 25.2832391269721 19.7885710447703 1.78692593288708 16.8105733906416 23.3213233317762 258.730080171215 499.76490186451
15.9533273856617 25.7277222654634 18.3923465177693 0.889648301678733 14.2412026580965 23.8003479312962 301.456220864046 371.449927848512
6.56158080504251 26.1891439179848 20.2402135281121 1.7818911028399 22.1883629739846 22.37046181017 403.840713166756 377.288836095039
17.6836258288351 21.0145852498457 17.4993571522798 0.384636166081223 19.1014804157807 21.4621221947931 299.936570421486 411.37969853247
11.2044802565616 11.3392944070744 16.912880661955 0.252589358126844 18.1795799255684 20.8745156167364 312.552429382753 441.025610989706
23.6006572139222 26.8747846933292 16.8330975886108 0.247515962953416 9.8622110362842 19.7756980486132 296.171726877944 470.982482829193
8.44423372987238 11.3768520729443 17.3692984405797 1.50861393353799 0.831890722743331 19.0314397026022 389.817994071905 439.876743102215
7.90614465583158 7.48858119329397 16.8130508476897 1.15605462387962 17.0234913952184 27.0092306209255 502.750987259275 142.108426807357
9.7062999075979 24.5827927750806 16.721075576332 0.899046490491204 24.3963422982812 22.6294313489537 206.355483077445 472.403253116591
18.9877725679989 16.8065630225335 18.1230034242404 0.222711673721413 17.5043240033818 9.74647468846218 273.108828552516 402.099690721875
17.329843179792 5.27390578526435 16.5751372198103 0.485554343554266 23.469524125989 21.7646815796396 395.918671813584 371.232221788458
9.01101671646776 6.3313644994568 17.5715290689087 0.939437737308573 1.76719054538515 15.8719553963649 383.121991126958 447.806096500953
7.02401680305525 1.800566751102 18.6956863769988 0.563504190066477 26.2938425198852 14.2750813331627 330.595549455936 360.414474516212
2.66634751164236 19.854130515593 17.3426931652178 0.562861085068656 20.6180525883264 15.456636128156 417.592104024849 385.997344923594
16.0304170551189 13.8009849917548 19.4499090717265 1.29628822385385 19.3652363122382 13.9712114128256 366.324048243106 499.341940669711
6.89079692517684 15.3667784980651 17.7303302844713 0.89543756879837 12.9968554128083 24.6709321795746 345.563683168143 279.423583493256
7.90329276441592 3.16895745942837 19.4454486368344 0.49682898135469 25.0034120429857 21.303703487911 388.738886436996 406.999144903727
12.4347274072786 8.61570902024876 18.9037990802277 2.22169366757993 1.8590803561033 17.1458533510518 368.865947956364 470.663753437649
4.55631909338794 22.6416367870691 17.8726132222635 6.72439077541142 21.0534321217146 15.8981920020546 435.888161979135 441.077678749419
16.9579220262616 2.1790795112055 17.0281991180585 0.772141473768908 22.3847932316622 25.8421826772514 343.974689763316 474.613401994206
14.6434624552386 21.5021656263062 14.6044367110678 1.6506288349972 22.4249020573742 16.5498573293913 409.589344275898 354.888091561326
26.3059612520515 10.7014239444138 18.7327065006833 0.609223586836772 4.37555299487466 22.6837879776713 347.905103939971 500.796133532451
11.7567669279537 26.8112215179925 18.5641069940143 0.926691560330039 8.65134249342009 23.5729045033826 451.979156492908 170.152181960659
8.39091430486669 28.308483425233 16.2039144675362 1.68912443575065 4.9985487344535 12.0747727648711 313.960712124672 449.572095022259
12.3819622610232 0.354623081208376 19.4743453061264 1.20489672406167 7.93291440478342 23.1340584915593 174.829308314327 496.711922033924
14.0881748062957 6.73361433334284 19.7423126944295 4.70251533470926 18.3326721074878 15.5284070311892 288.730927583081 497.809134379583
6.88017207239013 11.6843777272407 17.4613489051657 0.709458321152584 3.26305690906202 18.9573317653502 383.929287223314 415.343582029922
13.8769321675484 20.3055462357037 19.168543753785 3.24711600116085 4.62977365886545 22.4182492013598 121.259594751291 493.456931995028
11.6554631891576 9.27547001926028 18.1221670763225 1.17723629819944 27.1442628075368 17.3187177424175 214.552773996832 501.654989744055
5.77172911901998 22.954967652954 16.8997501112774 11.5773389903499 3.22686101485934 22.2065834556125 456.012515744106 527.793531234072
12.0674829339804 11.4788185124672 18.6754221547884 0.818823396395644 3.69810758016147 19.2967872631295 337.322918959839 452.643698224933
15.7659394744696 7.84514316087817 19.0363329214347 1.23411221922357 2.58974344176127 22.9728695961467 335.011344467436 470.559305757993
9.23777874263521 18.2612756597689 16.8639046219057 2.14716978279885 8.22927921139187 23.5098666758939 497.883852793576 337.210232442176
14.1730512968568 3.21624735958559 18.0860232612942 0.314864511823525 18.6930799985221 20.1843214834827 216.159614490769 449.160621172501
7.90556454431126 29.9846806959025 16.8903251460715 1.17419413531611 0.80362302981999 18.6975515833808 377.362404736485 422.545789113464
4.31462914704966 12.5598373483839 16.4552632549241 1.76435544935999 21.0151444051098 17.3509965312446 356.850179415124 492.545399669274
10.3332355143594 29.7921548247967 18.4025391660273 0.598882094284558 3.67536970274752 24.5972389499805 431.015875953321 499.570831560771
9.06594982198938 9.64304589691936 17.4131635834939 1.32648183422328 2.50581179447974 22.1858064820957 407.825898014896 416.144528750251
16.7454410036185 0.456114581018395 17.859413764242 0.977641643572843 5.46539431681026 24.7372548532075 306.131368427117 442.404873959115
20.7469315350418 4.58823097304116 17.3922676016257 1.9501685683545 24.3766822355159 15.2747485370844 385.292062103363 455.052737387256
7.85263546019049 8.39619096739918 19.2764824750941 1.34531074365396 7.21403627811495 20.3311448225082 316.569269666806 415.638143124282
10.423035574881 2.85412192636308 18.6201517534135 1.02184520424651 24.2335737234003 25.9540536420913 291.416759227481 474.098991706278
5.13596876999978 24.123030518761 17.4969139531459 0.66857823751579 9.01787073305866 25.0660886470821 413.705722798396 357.056117519438
11.9031159626574 10.2750678020156 17.2652189709228 0.542173112843235 15.00335367569 18.8680387873754 413.69201715556 220.462561588034
21.3352495897154 17.3464708432056 18.1207271278958 0.955608026968145 27.51510039806 13.2120947457057 394.278290510533 437.15951309425
2.00844050826639 26.4763513531889 19.4548304027963 3.09777077926379 28.8520813891879 18.7855952116294 475.771154051145 296.943682092744
11.415785777461 0.419710592452809 19.8176070293198 0.490599251457581 24.99662665706 21.0086609246177 415.060757183603 414.964111459763
20.8055975911638 16.6044246407497 16.155795817346 4.15461810077426 10.7335229024909 14.9954427655852 424.437595067626 388.809507606026
8.74352201754748 4.87651201389109 17.2662599532356 0.757863108215926 20.1291664716033 15.1186791759167 404.861378626293 419.487728384032
7.66332827946824 11.1160779188784 14.8066142497315 11.3832829038454 27.1527134627945 25.0296613310885 410.549996088973 482.064066414846
10.81458967715 6.2680664791362 13.7015467099015 18.3505346783329 29.9144533279886 21.5893755775705 449.922469469617 494.045220033097
22.8202287192711 2.11456148128435 17.3004975650595 5.21274959217219 29.6551125100108 23.9677854345394 458.277344916169 307.265120216838
7.52618620796395 28.0549647441242 18.5812825249444 2.24501758634778 3.70149792285497 22.1655420095251 341.217536848209 456.164152534582
17.1747635972325 29.8011489774617 17.3767250208907 2.64160856313627 13.4793635518318 21.3547259254123 269.120633411911 485.165256394752
9.45440457595239 16.4862693027684 15.9019845184739 3.76386188550389 27.790381462454 14.8472614495803 441.736985707155 398.898157811042
12.3550088197889 4.94221683964357 17.440253064027 0.34062518686795 17.737355625649 23.9069921776744 402.173916744841 401.517262175781
13.9071691861382 14.0099366425024 21.3304697840491 1.81798240388221 1.48795670760247 23.928255025052 345.286596470383 448.101124977343
13.7417451524559 3.77315008984665 17.3007556876879 0.805477536489198 16.9579336590202 15.8337784780182 396.660584197444 366.461319983353
3.27598413749927 24.2324662397051 13.8457936019711 4.28831988285707 28.0632504962896 19.3559509220692 414.775294866341 376.527269912338
5.57320890754283 21.5757065035573 17.6052727974784 0.624097500416224 23.2941638777882 20.8632832873554 413.132250568815 431.680262785778
3.99956848070125 25.5502071111412 18.8577608362577 1.76581742694828 15.3818817725801 21.6436875800037 365.093155350391 391.78575942828
21.0910263252411 3.48976741183913 17.2216701911464 0.551459380228074 26.4384485125099 13.3678948668877 364.639612224202 469.190498071972
10.7576424970809 7.77812018661262 22.4282460439611 7.45169491214314 22.3537195881738 18.8183733819251 405.896869316276 516.694089780451
6.85922377360873 15.4484038467298 18.4252607156031 1.49386688054115 29.5622080735862 24.9871686549255 384.60092980835 355.640022562349
4.46650871919568 4.59322397214542 15.6990040807507 0.480620241328894 29.96424135891 21.951352030159 392.409925932162 447.382356840303
6.40096971120523 28.7059516812336 18.4734316632609 4.84259559442205 9.37890419156676 17.9572723414335 366.063797288453 398.041961364747
24.6588503809993 3.92992857261539 17.4745515703781 1.47048427254556 29.186595485469 14.7616335777352 341.982555967044 416.401911934188
23.0146608200516 10.4477764006327 16.700383887033 0.637711875889349 17.1473970221095 16.8341986878618 335.275733461656 476.974188814922
7.41243675763246 28.2390087494732 19.2650317843702 1.85643329969899 12.7776762456473 22.8231008836066 385.611669697005 486.211522479497
12.7966201265972 2.00034429691561 17.0879351895006 0.480944586287045 11.2393669922271 22.7012577094556 372.695043035937 462.168136696023
9.41007117097005 2.13184859330605 19.0426334401814 1.00840185468613 14.1615789924057 20.3922811176759 364.987627839719 472.018359455315
3.64781120406015 27.946667031197 18.4992934152758 1.42441279434454 26.4130455332986 19.210371416199 422.845461607613 463.836268310094
16.9275302526466 2.25456745028477 20.3297499229557 6.02239982826356 25.7182753789771 19.5978418916189 451.676170919797 507.161172229939
5.10876924197303 0.553501926498566 16.2425837051685 1.0219509042781 13.8132939396655 22.7832427948303 138.785683727852 480.979492062119
18.609311986779 14.6118042063184 23.4628924487069 5.2254723218025 12.5508215629441 10.2329071288372 451.599481793999 396.282612253368
5.48822389058486 25.0661582302489 17.1288273818701 0.635699082444912 13.4516209533543 21.3299030478 374.362909835731 421.754215075624
13.429210797863 8.64645097066281 17.9416950676514 0.81745298998504 29.9023528870092 15.4337241861131 386.338031661695 449.970512132498
13.4516771268969 9.50513697073461 17.7421709228842 0.452953354528623 19.9176127118087 25.5958675353921 293.19845106424 426.118047063691
6.06133583266 24.7187382633939 18.294946120274 1.09982594333085 5.98253807233277 22.4548617504052 445.318830900945 428.964698483361
5.96704180799361 21.7177778540033 17.5100844810844 1.67029167288871 20.5685562623065 22.6990464220929 359.214469453128 424.882868167701
5.27682197831778 5.86098595627269 18.394025890916 1.47554210632328 25.5470603620276 23.9970094597437 408.123885838566 472.009944834583
16.602546471252 24.6455252247853 17.8097887674584 0.192178319797123 29.1468294202203 20.6282087247868 443.622754538137 370.755384831424
11.1184915496296 19.7872228464449 23.3475334442409 6.19771593966487 5.68493640536701 23.8194006258687 439.410158990224 325.663397703098
1.95344530292284 16.1725242368944 17.1259682694526 2.29115070579543 28.774956469055 14.6399333468796 440.152598364163 474.85006447458
13.6728909352802 2.19710472947536 18.466000401751 0.774822501688903 24.9361401345996 23.6866414347293 416.914749945045 480.455768223558
8.36983862969564 12.2951718159294 17.6640371384166 4.29384117144035 6.66916509404015 18.8462817142021 202.100466292529 441.401000728245
6.98306054469798 21.5693748708269 18.2596574602702 1.59862948040636 7.68749122031891 11.4419167284841 428.905010113284 380.68417907436
16.8260387750032 29.6614657846393 18.0160117014065 0.202836721962855 11.687546563749 22.7469737240925 444.347554255272 420.561342802283
6.83550395221209 6.04092789874748 18.9278334643442 2.30797882443489 27.5972372167667 21.7300141990491 394.563933047968 471.113485973111
14.6432319174833 26.4190734971 18.7872616842725 0.332605150226507 4.21523351020524 9.54225303146315 324.232689066789 439.310908385299
3.05743643842783 24.928112807631 18.2550945877508 0.725507662252326 26.2083530624078 9.72900130903594 414.920062495878 308.042490630273
19.0114893737883 22.3157166983132 17.4935921967096 0.270131497617772 12.5389606482101 21.7142880202655 391.001102091656 350.673521554919
6.10406460559649 21.4066213696446 19.4745166926672 2.44939350845947 6.26230301985587 12.7260728363032 451.091594172862 326.935347565958
6.75831693883713 22.4733884982345 17.0446541097421 0.378778253897344 5.71810160144022 20.366465409518 346.592364368088 347.697631945393
13.7048728126251 17.8913086255792 17.615053294853 0.368338825048622 29.3492758683817 24.4784212238697 340.880272794285 404.391056119186
14.9317914528882 11.9481689683845 19.0391205159456 6.18470337313824 5.74172410631069 19.0600996545205 416.294373423468 441.280072132461
5.95189961183773 2.57918472839899 18.8800899176945 4.80664293235444 4.40456629448571 22.7697122128927 308.352734470618 492.092314367584
14.9125593909348 1.27608427508432 15.1733309893303 6.4866984186964 14.9432582099524 27.1903497465997 310.373216879057 496.181070240595
15.8882895455552 2.78703340424008 18.5347722174933 1.85705111290391 14.1108188523285 21.4403177122063 290.44373324896 471.187601879519
10.865183731439 27.4881327255541 16.7020462246034 1.85828352146957 0.602304340589145 15.7018987156779 334.288719910085 458.935941530285
12.7670098243566 29.6053720760519 17.6613627802602 0.168252963817484 1.21081527525378 20.2879535622354 494.545652052017 281.756445401879
7.78565389676026 10.1774927120614 17.0027893625257 3.18312455333181 9.38701544153047 23.1112630897725 330.735779090745 493.915622748701
12.2026547245865 24.5316396378903 18.5616331220291 0.748415904142103 8.36899810332973 20.7469230580869 150.95375780909 497.321466024809
5.33636683226654 2.89048492950628 20.4029681544132 1.01007423536596 20.4490786799983 18.9955798935665 312.349817235332 399.005431433745
17.3006251099376 5.30029258049736 20.1889690923313 4.48922890702218 19.4362929520932 19.6578765015369 377.169404176116 488.264799505329
10.8584262353567 13.653225142117 19.9554151793234 3.58414146480035 23.6801359609225 0.314125032148468 487.441009747595 436.75804132615
7.86207690485483 25.4783775563041 16.175397251622 0.994684203805616 18.2617030821667 22.4698748040768 368.369243499791 387.9993665838
18.2535823374085 2.26819851091553 19.5983329373521 1.84675700172783 15.6745595697937 24.2901678414969 355.620177633793 460.049538793941
9.60931663822181 1.68146317352699 16.7516887169446 1.89128185171068 27.880898315435 20.4031410177402 340.372377078492 450.372003442381
4.705673491045 15.9317708034097 17.9290667976245 1.36229306910316 9.89057864379024 25.9634810676351 386.15271932917 421.995464091895
4.42094068531023 7.63910961518349 17.6479327315373 1.11221011534585 11.8444728429921 17.5612547928265 401.721833777534 493.640046143568
5.97437123113308 2.50087697466615 20.1778720128541 0.75502253226866 28.2218341810061 23.8374001784438 368.473616402766 359.499648375966
2.38952821426205 19.0571698872568 19.7392684540979 3.15552987690023 4.02821738450294 16.2516898152847 484.405764799915 412.611658726493
27.6964848616674 10.5405162733887 21.2143131849088 2.5102179972221 29.8518636393448 11.0948029875238 398.499307340495 446.048424492758
9.19537600162022 8.46655130578832 16.8572578752245 0.181359744468965 17.4409422101397 22.0152406169867 448.933455446747 489.411802332355
27.8211111327091 5.54448649322822 19.527583759664 0.400306797136703 14.2844847081978 15.2574933694879 355.69681772445 459.618758512125
10.2243119238367 4.66600063649655 17.1294449501093 1.01948051075676 25.2975622942248 26.7600495882481 390.540778425971 417.235325495177
9.9218995674137 29.7461626396712 18.7029453551813 1.25211001893976 12.7979577110327 26.1398107604115 398.361516193005 344.859517461724
4.98545042683641 21.8387113346547 19.0802099344593 0.623835829688389 2.41559065956319 25.4533161931439 465.863963390375 439.994437766931
6.84618985500658 25.3662871712551 16.6098127784687 0.585336593405913 22.7805410471615 26.0774693648172 424.831626243982 324.423688244063
7.57407581514831 16.7112550457246 17.3383297141728 0.689709173986691 15.7103869977827 19.0542659558531 348.865756500365 444.637311241877
2.96018067763331 25.3019916217726 18.1132790856895 0.593237613875074 25.5075754635384 23.7501457682405 375.543530536006 486.855988382483
6.42561319751596 29.9999597968255 18.1938771468845 1.38411355061216 5.03865960919254 24.0111337596187 399.179170842115 451.411141776684
6.78594734424828 18.4961788944862 15.7715682481265 1.74130024989768 21.3486248193075 21.4802537584484 394.625473073367 404.424575202547
10.2257309898054 4.66961296481473 4.19316409386518 12.9077951718705 24.7371874513659 22.7609993292395 416.041713125397 497.968199870202
16.1618683922447 6.76535537845527 17.5183765460764 1.13550489685467 22.4614830645882 17.286355966445 354.628245069514 446.397822558688
8.93810274651852 2.11739797823797 16.9532891332461 1.04922294799705 26.2888033189981 22.0397737475891 371.241792398729 409.215969935209
2.17685691940869 0.164647439924 18.2231547063449 0.148661842463493 18.3835952352607 21.0108874846467 315.422503593516 382.848535084241
12.5831242261331 18.5581033176207 18.1852826517447 1.1444748986609 27.3540010108773 14.7560418958401 327.124554141098 487.29411812806
9.71552048698646 9.12586729985899 18.9227375216341 0.652341724389555 23.8424770882899 18.6605551462331 368.458688585681 491.182971621982
17.2389594140141 26.3440416621759 17.2415141141849 2.96537069378937 0.995405403993006 17.2730410946552 388.516452837743 450.797748706853
22.6705817589724 2.83079255382331 17.4715394510794 0.572973412532732 15.7857766492912 22.200553302027 360.4579420377 441.59535128872
16.1638336132666 25.1218420128658 18.6095968170267 1.69081430958088 27.7769816168307 21.9142454371743 164.666662724419 441.84381640976
5.81008866612166 18.4688957206722 16.5013053217247 1.55638971649038 4.0125526339817 19.3110056809677 436.663132556366 410.340565032239
13.3317875694897 23.180774148336 16.7882048166648 0.948100007042424 7.46086900491626 25.7757088622271 401.282825306993 290.092971899709
11.2095060900394 5.85339740848131 18.6222839770033 0.54176803319577 9.82929424600164 10.8454192948671 434.606330721908 471.976272557343
4.65946626902359 23.8277020373767 18.25977053089 0.513385641498472 8.15097327437833 23.6418005085387 383.732721175642 402.955521935044
24.0275825801404 6.1686490649109 18.599266287648 1.72453126076513 23.8832431580066 25.4467142518411 342.394664467045 361.226863293263
9.20317351130793 23.091078577949 16.8250763251734 0.733112937756405 10.7546345774987 22.0641463166072 148.973351908319 460.006282929428
9.94505163831407 15.4409380465081 18.3126996450944 2.53799256398437 14.4861963248102 15.2149814026832 406.515460911333 472.308593237546
11.3015111221499 19.0001447604423 17.6705539418114 2.23035891242474 17.8572980315337 22.5347498976385 436.365556718438 379.261797424697
10.818811685896 25.2845561402589 17.2435543207262 0.758868005134516 6.31160665542073 14.8771708922453 429.712898203427 327.624997930188
7.93762628255796 6.86382546946785 17.4504437278106 0.660175244474526 19.4362300601683 22.752240969278 353.17221242787 409.943570125866
22.3411895908424 13.5780342718734 18.6739829933189 1.25121517611933 2.78976762467423 21.3653804417911 455.200844560006 409.930721284747
10.2608213632278 11.152961686597 16.8149850170336 1.34279215719855 19.3479296040087 14.8549745816822 426.802831263331 480.835642029873
5.67079365172135 22.5810686712716 16.8553397316622 1.68912095786975 28.9176118482622 17.287764210355 413.153593034849 391.003637737721
21.8417312939831 10.8987920269803 17.468410169376 1.10553876198857 14.8820521569037 24.8800478910768 340.78915752276 381.938010152502
14.5658010564829 7.8971211497003 18.1225675601026 4.37141382909327 14.397756806029 12.2215208650861 328.835507541331 520.254844524798
7.11139620034067 4.92398806541152 18.2712222808288 2.85521458979139 14.2404861583536 19.8356519940391 407.593842259744 419.251747644996
2.73073030795193 29.9999373231642 18.2022687888433 0.427625190158991 6.37435071088785 21.7113834355485 346.237719726113 401.568594526129
9.64159498606317 4.29624964924168 23.6347414976485 6.03738335899274 28.8365952095523 16.3205384593482 377.772565370329 472.865386769483
6.85032025908946 28.7659964198774 18.240352921956 0.49933485370728 7.25747532390003 11.4513056246129 405.39535493157 301.374569897524
4.34963865926515 11.7644501967889 19.4536886612618 2.85440095740061 24.7041271166246 18.1614213321273 488.251260497091 286.120837688127
16.2209745626685 0.29212576919061 17.3909611281038 0.348520561380742 29.5080314233415 21.6536274980607 296.693130223214 476.24241486964
25.2485253988844 2.95543500597508 9.66731783340311 20.085902264864 24.8770867609369 17.5291157948787 454.018382335293 464.442383845913
8.6077784635592 12.4815413600716 16.300823906023 0.477827400413956 22.8258180049096 24.433754060542 194.947178497329 489.487805366169
6.54425617976842 19.0928290776407 17.3137555867282 0.454060251101619 2.80285197399634 23.1979966128316 327.565222875075 426.449584882369
7.36645004204943 29.8503049117144 17.6243230960879 0.0369829107402612 20.2144599252137 14.2564021402709 402.631158763877 400.860687864748
6.10351959563284 24.93620962525 17.4325947556219 0.698141303597902 12.3463043009848 17.2404506985556 317.423083048511 448.517980314639
7.11383190751215 12.7699009046379 18.3912447200163 0.731914069312227 7.71065198802125 18.3943825104547 362.401434318758 420.74870114702
17.0384488357275 26.8977447321904 19.8759960102173 1.94677892582712 2.79395793032279 25.2410259768098 341.578989027394 465.331794332807
20.2337651223167 27.3126664983797 21.4617422227932 9.80541044697395 2.31403523876864 26.3321266399114 380.410700069352 461.271683094778
3.6586724283386 28.0306014233381 17.821015191227 0.915790791180299 29.7944089462628 17.8839726321418 376.146536664806 420.775605694066
5.83220577908577 5.42062155161231 18.3832327020955 0.378763768934878 7.75507167768059 13.6558270652351 334.115252611368 466.342024078542
7.60698863324453 5.9870351610242 18.8582642906491 1.66555839573329 17.4655240886742 16.4077338188958 352.520226389243 466.864527877177
7.09673962298431 2.97045640425715 17.7904374340016 1.72582150920083 3.11472196483025 18.3291810156698 366.159634322743 489.595697104211
16.2085764124129 2.80536982640271 16.8036119184885 0.238633824793183 16.9599317513332 22.6367866634171 320.188492608375 470.233783729507
7.17662479695078 7.05552181153356 17.475374194233 0.427393196128736 12.5367862489484 21.6590393063106 406.192303277667 412.898087561586
5.79908806490602 13.8734014043618 16.859345216971 0.550451661393504 10.9192463792836 22.2031062352896 377.211229165976 404.254287217773
22.127637122756 8.68898316521454 17.5671880207668 0.586257138593958 18.0273061329152 18.2590420601894 167.929650242841 406.521194329232
10.3568387998858 28.2287494855415 19.7865539470636 2.05518097709741 19.0927123873946 19.4238767554389 288.520211777344 471.217762603482
9.77991866432484 15.8446428572157 18.8876823284698 1.71422744012138 13.3600661156356 5.22764253903336 303.236408036009 408.335224508821
11.8069230129013 9.20936849801947 16.7660060796945 0.5911849355811 12.9534071138297 25.2454725859975 359.377370634317 426.575343072695
18.7242688583658 15.3213442136997 16.5362142665382 0.891626752117989 11.4080600469104 14.1728631888441 410.661632433117 388.992316962385
13.61168849914 22.6721060540221 17.2923831494045 0.514860339948243 15.237311763072 20.4194230600359 322.311085834843 389.182844972993
7.70910019485056 25.0168463680218 16.9563756923908 1.95439144518707 6.59887820539621 17.5148072806059 411.134003821822 465.734314676439
3.82942039160022 29.9973012981568 17.2272613552885 0.482969092776299 8.04606334696905 16.2247595782359 372.434724978052 438.190654129468
15.954363566926 17.2271845178735 16.962292200389 1.8116236954268 29.2990944855388 16.5471420870365 214.19456914796 539.999441654172
4.19441118537981 19.9059917179584 18.3971355038924 0.392632313994701 27.2510266240958 14.3223137886827 260.965131450315 371.073206589342
8.79901637688809 1.05342583087953 17.5095089443711 0.62770964994665 1.26441933444407 21.0793110094636 420.382591255132 510.885404574298
9.45682928824925 19.8741795882164 18.95217647756 3.25884853889695 17.0531223350242 24.4349581691967 429.147850783931 350.311906961254
9.86221859219323 10.2448058309026 20.0733238300276 0.796871664623356 24.6832988248812 19.1014282895978 364.654239696434 451.085153875038
4.98912846371619 27.3025209081429 17.1259312969548 0.381198575723948 20.9664846936971 16.9083640638253 275.242701153297 456.465403686059
7.96066680412145 4.41076063837298 17.5891445929438 0.871920495548812 17.1994413007331 23.2012708216339 469.226558036055 408.500650530687
6.77317411569793 28.7415568744135 17.7184951601626 0.921839786738796 14.9609545651184 14.6931749249542 269.185324026083 345.928354967986
10.2626371129467 11.2265505681759 19.2808578868697 1.51476746091172 24.6755778679288 13.1767817879614 404.339892313746 315.953392323498
9.5295079237442 8.7033300407535 17.3210359230908 0.567578835735705 3.39917322664128 22.8570023113119 440.132192849657 367.24023558456
15.7541375313719 11.9156546806313 17.3356362054685 0.622819121408841 14.2261887382029 13.4275660264478 426.894378840105 352.72854565496
16.0724323656423 10.7808303856132 22.3808440733792 5.42852219264459 2.21290966322726 28.2393691618749 345.850895890212 471.59353553671
4.15677566650363 19.3619709590484 19.4037496047878 2.53444379063668 29.9078890908448 23.6338578033823 417.495398534293 409.417424605477
9.27977437998777 1.1121313464961 15.1147652273262 6.98770189649432 2.05907559543027 24.229691074453 431.898012748979 454.811400494664
5.99145867229142 17.6470331100875 18.0195661869906 0.930994693458079 25.7541082703701 13.2543062539236 434.731252817279 412.849031427696
6.72242058954314 11.4725840543861 17.0252034894035 1.63270090046454 11.6930278681498 20.3374281805447 437.871828452061 418.103712487389
8.94691637076588 13.0597903722593 18.8009082857076 1.40191854856114 28.3154839933856 21.0715199155575 381.768825096458 406.591937439072
4.3206730809167 15.9515521749675 16.8014645506322 0.109119193438267 9.35620137898025 26.8264673708599 354.746711557986 430.347863313309
7.80435409611413 6.9967464296698 18.6140318428902 0.671853318430141 27.7061221893673 23.3366782203635 392.751252398946 393.98483578409
4.0902461700276 24.1824545343461 17.468343647717 1.93416593169801 11.3891325255324 21.3267639742273 433.432213167058 395.11801004831
8.28359270605555 4.84556830445192 17.8569896442125 0.434133400021574 19.7707643936293 17.266296766484 336.243424628626 482.515984338316
5.09806246682174 2.39026784108315 19.7390119197769 0.774905327228649 5.80615966603715 18.6239358319818 329.731648924961 382.432449774451
7.48874622155361 22.2049522856659 17.2428154747762 1.25749716579983 27.0375114676146 25.501330158161 347.918020494175 434.789164427474
10.3876738240826 27.305943817778 17.1884193617011 1.56315960577512 10.1757017575892 21.3709400607648 441.637694194716 454.582677920424
7.81734639340986 11.4427691921259 17.7827124977803 0.119945166254502 16.6346748527596 22.0868653643586 318.142996457926 375.854570269846
18.8839603303114 12.6769651662217 19.3093143096526 0.88890877545814 14.2571039057743 19.3488870767552 361.385938716468 441.730874106929
12.6693295287687 6.33444960297543 17.7014315977589 0.50844071359282 23.1664712105487 14.7282795389445 437.771439150051 352.731745189673
6.15543734857541 28.666855927884 17.200580151231 0.429929516335563 25.2308730196422 22.2129180351515 316.256223626582 371.124979469968
11.016432895789 6.4654340409277 18.1735155495332 0.68374170226894 27.8744443689949 25.520697428118 313.414450250432 378.146331450416
6.79301840702884 28.1215881908537 17.0133572217277 0.606100602287754 25.5342620734449 20.3916707255763 256.270576157211 461.457291714798
12.3559094783927 0.27528040951936 17.7561966926439 4.71077330478958 15.0119833227765 29.8286575116266 394.735491858168 514.885893565091
6.75151230507953 21.2414668720217 19.2656604412862 1.53472714001416 1.50738480442108 24.0388543033756 484.984689552876 420.666587180584
7.93504450961154 24.4969430532402 17.3136898792472 0.146706252784302 28.4819435042321 18.7271080305227 367.023559571308 272.338853000926
11.9293052840316 0.996087894308884 20.2270063746571 0.966902045267534 14.8379126579149 21.1973292806254 356.964595060441 478.076410505443
7.39147979324255 29.9998262378831 16.7349740914814 0.584277906360051 10.5657642429356 22.3864004214753 350.520527434488 417.377332407242
16.0089957095731 17.7384499420068 18.8726891439946 1.08220588877793 25.4477872279088 23.2741605469781 406.916332980789 303.069381152277
8.60857901713051 7.32560070667274 17.4388519103343 2.77712163441584 18.39512088497 12.7854073381523 412.122196201694 502.866031111414
11.8352837141892 6.73762471175898 12.5574022227406 1.09340987975993 26.3131993643116 11.8263813014458 466.928327846224 381.804482709861
9.88134448710802 5.96259704952909 18.7286957833115 1.62989935372238 21.3332939952128 17.3547098372535 427.983384166486 462.064468206293
14.8341279979342 5.98801830283081 18.0313220337063 0.585161571072933 17.7185785006076 25.5794312442906 366.987268233288 397.162127106652
8.00649151910505 18.7493744496836 17.0021108017979 1.39825161811046 7.19074098173016 19.7885728755528 361.067220700571 455.706772864971
8.93160594609669 6.19232694248004 18.2006650593863 1.16466834163088 9.12287999333257 18.4451192718473 365.041919104511 496.685329852568
8.9126817954105 8.09402475664267 17.2086746733165 1.18500524895722 5.75688560741547 26.9712690234742 417.354060768393 435.954853386521
20.2122997530635 3.24323214571533 17.5651076656502 0.562989380853558 19.0596585699377 23.9680359792506 356.695597500081 421.38817192764
26.3067994204334 0.790939890286715 15.4343086170152 2.53410703099875 21.3010110312295 26.4110030303001 421.928239294233 447.711744592883
9.75501815174576 12.5544460557446 18.0684507248601 2.09533404622186 1.54655267614984 19.3962312176425 370.139148709614 496.111075055882
16.4319064613276 0.970154452105298 17.6655403347505 0.595970344681615 18.9753473168651 12.7938578601041 426.432640682399 344.395616772378
7.27105539693876 3.12753466171033 19.3873309285025 0.747565612820245 25.9723487522683 17.2197687944804 332.66066120753 421.548232184208
6.37651565725015 16.4583602884609 17.2157209381468 0.939013948934847 17.2926906082782 23.2646770927937 372.775476279301 403.374208037277
9.26389511212532 2.33890940838305 17.1207632556247 0.380723697653682 5.49980036232713 24.6801554077901 394.821659907157 415.319363576062
16.5968097412429 3.34967515151553 18.2467129455168 0.85765536197938 7.69593340028919 24.2979095182538 283.042511230504 501.294115247676
6.79119357414289 15.9408237486528 15.5108858394681 1.05892270554339 22.5589633546922 19.9704933351898 391.048440382059 464.899275955218
21.9495578209553 3.86842800170047 18.2373060969767 1.33431651030722 26.1968053888635 24.9267721641667 344.923332084014 466.110639321995
2.43245677194112 22.0227244811992 17.093108125867 0.758230774940753 23.2049953478128 9.52473653346088 351.55360650681 467.236286434816
2.37559721187927 2.27533342148409 18.3982960467981 0.377922781661369 17.5332300424359 15.748914779585 349.288987473856 441.937733810174
15.6350419603387 21.1501928431237 16.9190945162976 0.732575422724281 23.0411846485161 18.7128838904483 419.591476853676 369.458959533492
26.9424145665358 18.386646570153 16.8675436104108 3.6078050927521 24.016874031463 15.8773538222681 432.71447096315 375.032762233229
16.3711462666046 21.8259271568198 18.4851719181124 0.634771791823959 21.3062161709904 11.8505678505658 391.368290200829 406.674299072494
12.0123014716564 25.7650568914116 17.688036001313 0.517055642776398 20.1497847810162 16.6067525872322 305.066678627612 342.658727529493
8.84741876061688 10.5334309709591 16.8972943975579 0.648233914167598 19.6669590016751 22.4517715777191 379.412981359349 481.411523836747
16.7767425532382 1.73405049516853 17.8559083431126 0.224709125767277 14.8439179820728 17.9071783064423 356.04195808922 456.234180628838
6.23663548380109 2.60567586858802 18.040817927418 0.705751947811261 0.210761291928007 22.6594125420207 267.717527526701 458.108968979587
16.2533273331635 28.9834747201881 17.6048052351886 0.755593940080577 11.4909126679916 16.0484229116795 313.080478134576 449.351942996925
24.1039551751278 10.2574786969694 17.2860534448412 0.873412997834082 29.9689849665734 8.5293183902473 367.136783622816 460.608121948805
3.30333786906838 8.7535492038184 20.2856598493067 11.5251549381273 23.93214844433 17.1474308516023 432.913042469762 414.210989473436
11.7820574627374 6.01992584690012 15.5217767030172 2.82765731386085 24.1522673255141 22.8158563620481 357.540218271658 396.108670699564
12.9461043806402 4.12995816988377 17.4843337357798 0.377925473891559 23.4672405933014 17.0260840826805 316.374642660045 492.239701762379
20.891460469739 7.18175314841408 18.3354132497138 0.344855193786358 22.8204443460409 22.1353560476059 334.643409046599 407.996353681515
4.81387651683906 11.7867585428255 17.2346241014096 0.468472150214103 7.38708661555873 23.4704554344957 415.915139408314 432.463276313167
9.28000407933221 22.179633920262 17.4458271066022 2.29463581101157 11.1006013128729 17.447456802029 431.697586539363 379.078575415459
5.87175405368452 15.9599049516993 18.8316735906521 2.03337851589238 12.0014564100246 23.1879026466296 464.32800556506 376.008038671625
4.94059379917569 28.3103667356075 16.8515807127209 0.703020282202763 18.2999502260028 24.6830081803022 349.371233890642 432.830037856923
7.68465763812767 23.1920241001629 22.4789564435568 5.38919849132393 15.2488430617025 3.79435919408373 382.91628899215 476.179166905798
12.508358135385 4.23010647985246 18.6843807917115 1.41000996210251 17.9045561043824 25.3554737706473 388.861529139638 439.926629035501
15.8174817445256 18.8281782501226 17.4691704526803 0.425146024332303 11.6585235211851 22.1931110187167 331.185480837969 362.549135693468
15.5662731262756 3.39767806463112 17.077853059419 2.70317886173384 18.7904589014471 23.6479605155327 409.615402445116 459.200519647908
4.48655924986139 6.35744754722176 18.9907256908135 1.06277418141217 24.8850159682602 23.6044353027982 341.386645089845 494.509817625587
20.1451830126862 4.6634800821229 17.8027607779664 0.774259664595458 29.3789088732123 18.8728852093661 382.735877928575 309.285108908715
7.87341915086743 8.41883159263471 16.7527478000954 0.945851592841887 23.5828736323262 25.0728354501864 361.746239527563 450.206979486809
27.9683862474881 0.17284350438503 17.3542063550938 0.27310523297715 9.71927457895924 25.8859070644941 320.433165089895 427.118679106928
14.4915924988621 6.97097751487571 17.584701373282 1.06814303741638 21.56412514549 25.8584145038187 448.053647418436 421.073601276493
15.124234502851 0.498979012376055 20.1152824034147 1.47582370576568 25.6412595153638 23.7244047044409 237.712706009728 463.287604934525
6.94987689027475 9.18145108344648 19.6492818736943 1.36254600258285 24.6800600818347 19.9750264360252 420.799339840013 338.176470468022
10.4770198902174 10.2709595582366 15.4894529557072 2.69493919545168 9.0025725003125 19.5468043339226 479.270294303625 452.583001190565
9.181022583703 6.69442234946971 17.0105215199894 0.585340760411704 12.8713978133321 26.9378696610304 396.82881775925 465.230846031989
22.0473149235569 2.9869104347647 17.4904720430015 0.922583750296842 29.386539827526 24.0604473104834 386.92309201899 200.902363314856
15.0105252584869 8.25730960647193 18.3556949580191 1.91891997108163 0.927727890042606 16.2053823888099 409.139549358818 471.155986804752
12.9078042435227 20.5581678710235 17.5505655655784 0.386053608903812 29.7502577768802 23.1218928087696 392.165748212464 386.960779484263
6.16953446371807 23.5068782060015 19.5486160427829 2.4958126974253 8.93467991715423 22.6859723098463 394.519704245359 450.598736299937
13.4064498496521 11.4345985122211 20.5570964130996 0.788347593799782 21.7690550362009 22.8333881276224 359.917998699083 286.30100820708
12.1571644472959 21.4837560535149 17.537637182944 0.633123906488058 27.7096193995694 26.9536669627382 389.4691511463 239.922606685065
6.09983559282066 27.5835661395595 17.3059553381698 0.102492828777461 10.1849746005625 16.7216923020101 282.062706066784 428.817795520847
4.37385467896082 12.2885238493845 18.4227596213937 0.641609960312006 25.4425947702934 22.9567407976643 436.460402931119 415.837163914214
6.74700810101046 11.8953881986745 17.4543116079468 0.330823696163218 26.5552776181669 25.7191105437137 354.649786810412 345.541459794247
11.0072894143094 1.56899686999546 17.4950154609223 0.981208662670578 14.7145827665318 24.0083878668471 332.112498115359 459.575677742788
8.87749311697619 21.9481768727232 19.5427653270504 1.36020404291474 9.04386474150651 24.8981921555606 270.834944315042 418.716983222311
5.26142411220963 28.5832877156093 18.3151557560921 0.872477956909814 11.0271418649761 26.5849711678802 438.703286642176 481.351304538567
10.0918563401041 25.4940442009402 19.2274603807431 0.866373593334516 21.1574923245428 22.8918660664216 228.671815635186 440.78999203386
12.4270711369643 4.06755307718078 17.4272505497656 0.525064695102208 20.7137979131606 16.0818249723026 444.14336719275 377.925261503721
20.3288651517258 18.2161923627068 18.1161209646072 0.503820229325328 10.1665327359151 17.355301016612 312.74985654995 385.910931291865
10.0998720069596 20.668807673894 17.405480327141 0.35803937278097 18.9851233267114 22.9213192716628 344.379049096875 412.759772888645
10.171112818032 14.2344309231947 18.662842988113 0.644180672943699 8.88461764598514 9.44451859814619 361.523217919271 326.632635448357
7.82235029401655 20.1672003471085 17.3459031566617 0.918742896014748 28.0352946303443 28.1848560628668 275.71958498646 464.461654895007
10.0791892902628 29.8353583866429 19.1017981274942 1.06914884689377 25.7073807436443 18.5082282069257 238.252685120429 402.744522329267
9.92346638683961 6.93543202289173 18.3462533383665 1.40183972875495 20.8237989513517 28.4422354411987 364.482808147105 461.804216594718
7.12664097987082 8.13253869701182 18.4238512342266 1.14612437296982 5.93692269772291 20.9910957734683 430.870854428655 482.163568173452
23.559450924349 1.1573329065298 18.4980800133292 2.01115239043004 16.2368391939812 20.7251115527611 267.346188104059 488.671768908529
5.41540235730886 23.8301656680682 13.4923053153021 7.80743596891862 28.1993975027433 12.8192237854897 384.353320560329 450.188418808497
4.81996494236818 0.781435196617391 20.9077000544215 0.698562808457503 20.3698842408794 16.7364609082312 413.219236668189 502.41342599245
8.99724327456375 28.8172039328152 16.9478553048753 1.19165448715053 4.79436098581666 18.2803038514794 430.881020128589 444.455923320011
22.0393586441101 18.4748973974964 17.6149802046126 0.310720056363732 29.2694067523593 19.7557942320806 435.224969671831 308.106475575201
17.3528798962768 8.28710205140342 17.5342841161953 0.732494176728827 11.5452983502158 16.4202917289236 336.926614455496 458.453191707365
4.50684404788703 26.8513195259033 17.2698347548882 0.946805650229838 23.2168002990723 25.8657806024218 398.321494425156 435.730859875081
7.04739159180007 6.27945625613411 17.0587616084479 0.426300502760215 16.4738616337658 20.5306422347457 389.967266872836 396.984108116057
19.3860895052207 22.7022920956814 18.9859232011498 2.58523085682969 10.9856859114324 17.8822933502148 332.628436023171 382.0602246911
11.275974765815 6.57721806707137 18.3482478858321 6.53627413727835 0.276899387790596 16.2442481959934 336.660524672216 500.554545154106
4.03791109496405 25.6577635511801 18.8280136839302 0.86588934219541 25.4016329478501 24.58709092041 425.825734628902 455.679326264845
23.7513966490455 18.314496316461 16.5524325007514 0.220041919580814 16.6517334967457 22.7173613000381 274.194211673638 312.909967813639
5.48834776405651 9.25209782390933 17.6235456537043 0.567173765056518 26.1953768867215 20.0933963933264 339.01020825324 335.374467177049
5.906243382747 12.8287049586009 17.239294566057 1.49231381405347 28.979216814475 24.8566527987983 434.085376360959 304.171696929256
6.08939918319465 20.3231072510372 17.3022748825178 1.0222979908742 24.3037937963277 25.04362173961 334.630519985031 458.995496221475
14.3509389740186 1.18808100465245 16.584850585623 0.405789130215777 9.55460570474879 25.5241455455721 298.873945818479 454.209552526377
5.88189281423033 13.9765315427637 17.2496168205785 0.459495354639244 2.33475383802043 18.3864354146525 374.012870617299 417.420165538799
27.9574810982134 14.1569736775572 16.7454805472554 0.0613436632093882 29.6488293193505 18.250163569663 322.310414828677 351.439322315199
15.1115509794363 18.0254015181428 16.2502245338927 4.89021603978257 29.0368171075298 14.7940760454687 330.776430532043 508.676678478126
13.6299370875127 26.3227171470979 18.3955194974179 3.28532242341123 11.6526724944181 24.1038696196318 408.998267994297 269.812814068519
12.5966275510456 5.20884972042665 18.8709550982246 3.61551685775377 6.37752165201112 22.0548800041838 375.404524097121 493.677501597689
11.7045463748433 6.68753941395918 17.5652622571081 0.702647457206497 20.5678727310169 18.3135751081782 334.608349282888 414.395794373202
12.6325647825343 14.9640546283817 17.0491392916922 0.371846140829022 8.35909748958641 19.0892517951739 281.183937840835 448.498679950092
9.98089182821745 29.2779823021815 17.4655494483832 2.60916479074435 10.3703892778343 27.4922151596549 272.400091261215 486.978414783808
10.2918194838316 5.64696969520875 17.2334568480981 0.0699492186515414 0.131052905375847 23.2338958055926 405.308481317741 440.662937615895
8.90827090956195 16.2101067695983 18.9200253715003 3.34085206675884 23.2292701822603 16.0158609414636 401.329507426815 445.150791837436
8.52658279595963 23.1050460273547 18.1205388278121 1.92520564488073 19.4998330742386 8.40685238475159 427.272512872301 388.994546140218
14.2298291889763 25.352224466647 17.3925271807718 0.15943132989992 10.0670235327272 20.7031118446984 273.170396219165 411.455886986358
4.48999029271753 2.08561713328368 18.4897355045881 0.62187289218892 23.1627535612264 24.0312495488759 444.126721995672 513.164429628425
7.77501673522596 0.805473095608102 15.7585331465758 0.459042926536088 16.1223624375932 24.6803066702546 409.637402400372 412.722370354835
16.5798252921841 20.5184954413218 19.3012580886261 0.15743864137375 6.37753804040406 24.1656680695833 281.443132522261 386.027325670778
11.5401207447699 7.64188397967275 17.1842507854047 1.59636706052837 23.5233518959995 21.882315602654 284.261395376731 484.212980641694
11.896175226386 27.2383239527298 17.1247454001168 0.445491043748775 24.928345193268 8.37480781076494 347.461344143491 339.387303638622
11.3121303565097 24.4816038919342 18.7760361164037 0.559229706346093 8.22441419012467 18.9871523139809 473.631122475258 420.793743478351
5.87742084422785 22.9849102782094 13.5264697543185 2.43039234399437 6.40054326317977 18.4342760587724 362.599144666119 470.100611756771
12.4187168881772 21.7964352076226 17.3627818416151 3.27725023501448 0.0924935826006205 22.7993867146158 290.019754687878 484.506263649174
14.4521614270346 5.08830338930774 19.4674502708146 12.4472003164158 27.0524090998002 24.400965138275 223.05485083697 498.427349845493
19.4875416915362 5.96301922419474 16.7086473144054 0.566303848805071 12.9314707897968 28.4333212977754 376.925807083542 373.051127469941
5.41480532690891 20.0405488680753 17.4749532647219 0.424785946541288 4.62722351955312 26.7275796760255 430.307307615022 380.974237601918
6.76679166321563 19.9943126883194 17.100393206649 0.574951376223848 28.3870814143593 17.1160850071188 351.905738948436 452.718730725715
13.4822306960851 28.9662833898534 18.3929325227683 0.312318878083615 16.8335003764714 21.0213697503944 422.153401076583 465.638842332798
7.23141290238182 0.937695367038479 15.8837712669348 24.6446257067813 10.4323214273997 19.7700651446459 358.972560265646 510.406959992497
8.70216913004252 27.0168742507752 17.3581418686346 1.02223750006215 2.88209798980199 22.6973232542179 486.593847023258 376.338624252085
6.05859111604869 29.6821205962038 17.4248328001978 1.33488532637935 10.0017305888764 23.4795460963417 407.879624366933 458.177882302234
