6.79668849160574 22.0211787996273 20.4318673914349 12.7221249875281 2.96367086689138 9.89374250309741 486.588414446219 255.583424701324
7.33227789290173 18.1512572353923 23.0864434480859 12.1966024866776 7.52249365849714 12.1650453175052 466.972653625782 172.385862145209
7.20933986202138 19.3670188042101 16.9853193307938 13.3594549024918 6.92845394218213 5.55310406815907 503.296574465702 29.6622731734173
8.51793417789962 21.7366052534983 19.4506691816312 17.100494148598 0.764776905812817 6.37359724825444 500.216435062587 82.8026797408769
8.90599676480701 17.3227952046592 17.4840239944213 18.412675534266 6.11338722903497 23.9519777898865 524.71733287639 70.1579942246775
7.73798320577855 16.5630141618894 21.5718999502688 11.375267012716 0.901962749270578 9.68426495464848 516.485960815847 208.650098728459
5.95750535585291 16.9012197059191 14.9367175950352 14.3043506112654 14.3403088463568 10.2122452300213 465.479077949348 331.526235655484
5.39918390787327 15.027244255737 21.2591337056091 9.96517264446555 6.33264770774257 6.78170347772759 483.040118964331 231.377427277451
6.72646578711323 16.7087420172368 17.9766180815867 10.3823136497145 7.8322469391901 7.17720650347027 501.3522821004 48.9287334970628
10.8877700938951 14.8747197191125 24.9133666375541 11.3072570871731 1.19245570486593 4.36588600633761 433.323761815112 369.328133356278
10.8096179781513 16.1292204707132 22.8662759633272 11.7537912838537 3.29345016537584 10.1000701520513 474.092328894179 189.541497037664
5.58376691400331 16.4092615907514 17.5040253914365 17.8279965440467 4.15495456978829 5.69201883267751 487.624954282547 268.574282000229
11.1489679031988 14.6564608676149 24.0363236522663 11.2394405767171 2.02140663167032 4.93267227398629 450.645339726349 317.616063838541
4.62277475143271 18.2686656981301 18.9421363328777 19.8491936118134 1.52028300450127 15.5163999176954 522.521921023222 91.0962681635148
5.87692475137993 19.1547949307241 21.3623954875235 15.9825170943258 6.68325743036265 6.03611525295932 507.356829896825 310.854949556147
9.90295204627127 13.8280877983882 24.7696331481954 10.2546156916165 3.43656001985047 17.1956277508345 455.897946790583 95.5372637713842
9.61220159775 15.3831643631668 19.5407387927148 16.6169321281418 3.13783772407396 3.10790588001179 480.061610667952 256.464800112774
8.61755010983001 11.5488244671473 12.4840254690192 9.38619085026606 2.44204158182052 6.58368973074965 115.127619373655 303.114701380977
12.2653100477078 16.3381543959812 16.5924929371461 14.8725250186744 3.44062557026003 6.66554754568962 517.686551347885 57.8322681412451
9.0235972757401 11.64015896718 24.4152392206655 11.3664244470801 6.00109655161583 11.6075016737706 455.942032752851 232.76970805138
8.82535893585194 14.9011822427819 23.1855861686768 18.2402091655 5.00525586286253 3.21414307082857 500.222783776803 156.877204303817
10.8370262769498 16.4229607065547 16.5010104652034 14.947466868 6.54876532908111 4.91067624144265 479.000701503902 246.790836364636
12.069036366511 9.6464458982989 18.0059451491622 17.2923348312117 5.79929681133841 17.083536616168 295.926697231211 433.164195273285
6.85030869596471 19.6971068864908 19.0321155839701 13.2881485485507 1.71042049783055 13.5994914312263 503.354641353779 115.349461723586
8.91565907016861 16.6508162402675 18.2084962242336 17.139236392263 3.18231184691789 12.8090680932162 460.003104660859 294.475644197891
6.52898345687529 14.0838371498024 22.0046893249748 10.774475147869 2.31093160837304 10.0244839671502 482.300820161864 185.056132918341
13.2167970745203 7.42832845923372 22.4374122059156 12.6460606141316 5.29373374847062 7.15730616030132 367.820489612737 395.390673725066
9.69130362755828 12.362140336565 15.7107049588261 20.6026634956422 2.52938468752178 9.88069527702123 397.334859857268 351.572880866517
10.0656184582452 14.78963656842 19.9796327251862 12.4112693231156 3.36073300324465 7.44585425788389 491.19452121458 157.211415511297
8.51886906808639 11.044173489044 24.7249260392561 10.6317777193939 2.94490436709117 15.6708616228461 474.736417121982 284.908093125076
9.86267423869173 20.447323932508 19.2579079579336 12.2058937266479 3.50124090091414 5.6963121547652 408.628930253876 192.649638931435
6.00265672154329 15.4387115685044 23.9508141206409 10.846120171499 2.09006272477662 16.2452477644231 510.795942173466 87.54399772602
6.00834908552717 14.648156803283 21.2211275389211 13.5525485211978 5.34971213514406 6.13327068180758 502.025072088759 385.670742748034
6.25035472833903 16.9137770229581 22.6124615977075 13.1220408312353 1.00171649432608 1.20420494702169 515.581152307276 6.08079086071128
8.10083997151934 11.8615015858531 26.1984603572862 11.3437401374073 1.28578146115451 3.58937336907941 508.360999219661 309.492215455252
5.90884464715527 19.2049504313644 20.2641689747218 11.8430360225537 1.14626336597123 5.79410351395885 521.753622659233 122.389347798967
11.1845271291941 15.0571257526637 20.5860090195396 17.2237876945576 7.2314509346722 4.96642919167427 515.354013852018 87.4450285110263
8.62724937952581 11.6069694436713 20.5044343499108 14.8183817085549 11.3567382551836 0.608756419956572 514.411204338721 75.1310982399372
7.73524119133892 12.80147741566 27.9687383393389 10.3291469802051 3.46121997430626 3.79261022659 435.847321607116 300.814736189679
9.77729757522077 20.0644839771961 18.8977388471422 11.1730893261761 3.94387670622838 23.9908361122113 501.752086998886 45.154740790328
7.00863226925696 14.7442786259163 14.4374675601121 15.6712208645987 2.71578112290474 13.2275089574793 397.043595528734 326.851902630779
6.07893072470306 17.3948368769885 20.8515168143716 14.0595736055686 2.39165069027864 2.96519639074081 516.399553510203 40.7286151759373
10.6066462591144 12.491036844147 23.5183166549153 10.0955410058464 3.03908262536014 7.5709594794708 482.184399110898 146.345985283439
7.21035397058557 16.758610990059 21.910110110868 19.2481197878165 4.62166362733698 15.1294758763824 465.865928892896 324.779855178981
7.42387103267031 14.3058412275401 23.2277874662054 9.45745550475252 2.22752945464295 9.25349592612947 521.499565661963 54.7064708320702
11.2607680282034 16.2236973962121 24.2941836195116 9.27531320938705 2.69534519560652 3.62520522757028 400.650046920796 383.413317455037
6.49073284681758 19.642473979723 18.7696078867884 12.9797786187255 5.61059926903478 5.32981860419506 458.813253606581 141.006138292453
11.1416686490732 14.5298596875152 26.9277139726739 10.9218597475012 4.933242292859 6.61073949775681 95.0757357622546 456.591542417938
6.66349186957556 18.1717435318533 21.8619007158731 14.1134138661786 2.06275361072237 8.50195154088532 485.104904797199 294.395881833626
8.68165585474639 12.9615932255629 23.0421053882074 10.1318457437244 2.981158305647 5.03608539595169 430.074689647575 294.759141858075
6.77235365167112 19.6367866440729 18.5575681343088 12.9360654353994 2.89161044064806 14.1900262152487 496.798205378228 176.291201385083
7.79997345991195 15.7551451623147 17.9460908105411 8.50402368953946 3.50052161445253 7.97293877551876 492.622941103952 273.714698887897
6.70833692703049 14.0904516077769 21.6898725676025 12.4161124863059 6.20091499902444 16.6204099397889 476.152233815548 314.137717308922
5.36489497191482 13.7863555545618 20.1538366149969 20.181831721206 5.32775143878356 2.66842404352991 454.455917056895 375.029585063495
7.09429315413646 15.4404944558891 21.8623079386413 14.9326952212887 0.93699538224446 14.8423742917558 519.900748920023 85.4141779964424
11.792539459604 12.0739204899538 28.3968491227058 13.9293176750826 2.55717541607782 11.1178974047308 521.825342507702 55.7249923473264
5.04963120573844 15.364426831379 28.898770326953 15.0282591648942 2.53803637717507 15.9170480252999 500.459960671215 137.90652968446
9.72144179220754 17.0105859041232 20.2531887668017 21.0922344103105 3.66410773201583 7.05429474495382 357.880278590944 381.670309002267
7.19271705615804 18.1837751099955 18.5649776498411 15.4154462683257 9.39927277407669 7.45195555324478 408.466960730226 315.605430346218
7.83682104772516 19.2832459855431 18.5500203941052 12.935824057495 16.625846041648 7.65589250641219 474.661627457067 168.779401723963
8.94802998124202 20.2771577133588 20.2267596930893 15.8292699418474 24.0048608718557 10.74141981901 198.902906833239 387.665796464733
5.35587344975465 14.2347452389564 25.6037913203831 8.59509522351704 3.53817719654165 4.68764557147367 508.257336922265 91.1257164571968
8.68032928702196 16.2537085777281 24.4782789002467 12.3748058475739 5.8776724090886 6.91786079452368 450.669595158367 290.299424928212
4.73967745989994 19.1435866733968 20.8980809338951 12.7222854044313 3.57034098513202 5.04954358747219 503.433765895636 219.660826495274
6.02934622493779 16.2891690361337 21.7738132468266 12.7948812399524 1.2504085982528 12.0729970078986 470.579857349749 275.184545610675
8.80837474880027 16.172542555047 20.6350636939452 13.8956439263517 7.10670873817177 7.3762927791312 446.947680918297 354.22048935157
8.0744060735782 16.6928542633569 23.1272389492534 12.1753878610932 1.82103818011298 4.83298903536149 522.327393673714 110.344170915988
8.87863552143445 14.3168502516006 22.9531972404217 13.2168104147938 5.08144903238261 9.43907253744393 464.72594069263 367.737558808687
8.58127253295131 13.1964987946987 20.2809391221761 13.1382386942353 1.86033280172229 3.04353146558931 447.563337664209 352.098741456293
6.56994689509934 16.7293971791733 21.231432265341 16.8112850920182 4.11221157768871 15.518094445368 464.081329575851 261.210444110911
11.0551392039781 11.134453488235 27.6121641775087 8.43287514652994 2.88456684241576 6.37363841515122 350.516831198847 429.010845690629
11.0238550708361 14.4319148110205 24.7734534978154 11.4930361137058 2.29866582444301 9.34401532378281 445.389264782647 328.585082106408
8.88021126577407 24.4878043757153 21.8674793578145 12.365915966297 1.44363870127384 21.410243666978 515.567058636063 108.129907523682
7.35605259361942 14.5684954817877 21.9754583602775 13.7469477157473 2.29963181635305 7.79484502507167 507.130799903777 139.732527525537
12.6700008182 12.9080321483964 26.662999207658 11.2053588164327 1.99372996568209 5.65736000999465 514.81505023952 17.6737076974084
6.33017342212916 16.2416926098569 24.5638296204117 11.8312424392136 10.2213846048488 24.3115061727695 517.084780776716 119.375719054273
6.15069012825986 17.0191129290373 23.5487170575755 9.92144732015558 2.87750165666053 9.84478101290882 493.027658963695 134.309114484584
9.41008638421705 15.9919625714941 23.091494243419 10.7970494623688 4.50595953692629 10.8752230558492 444.604926694763 89.3247433377225
9.6952359337571 10.6178775474506 3.81942159807877 15.0230467304078 1.88973301486354 3.87065610826534 422.646428365629 173.98931501884
7.81862114876965 22.2406046924763 20.2359545865896 16.6159110789679 1.06459821052295 3.36997337791328 481.438137424976 62.3790909101047
8.22763576151079 11.5711439885151 3.25736280373028 22.5012006119733 4.02370359724431 3.76538665895205 459.826281985539 328.082863503087
7.85236114096242 12.1880401426155 13.058511105588 14.5673946953045 10.0672685774587 11.9971567607774 494.124874252565 356.425848088852
4.1917771828468 19.9751633259865 18.5560727036054 10.7021629841575 3.0425581656813 2.31363303135382 494.041098751743 201.67382617839
8.97643590636037 13.6596802910591 20.1993253959552 13.150998100647 2.81153464461669 1.90789779693837 454.832261922276 316.377524299153
11.5127685742721 9.5493768343494 21.5902059427819 18.0191070993683 27.3842851756651 10.4405531889617 398.722176112931 333.311750163144
7.57570366513091 14.9693052044052 23.2252814104654 9.10943011930756 2.78415752622107 7.80564258131237 491.263593191431 163.824210369745
8.65553061269852 11.1454600346499 9.18062253879081 18.8985415548276 9.46427167839476 4.81572707481976 416.53311697165 352.254289311945
4.91206831607371 18.8218512071616 14.7275098280147 18.1277987914515 5.57342763841215 16.274270869155 470.135393293974 73.6442592099013
4.0647408053332 15.8614637175322 19.1035786542487 13.4704453383546 2.05260732725173 14.7175773290102 514.402288075496 125.980771502069
6.16224898368488 17.3306647076426 18.1150743465772 14.4206208062268 6.44180276411756 10.5807652305114 479.567476643842 333.47656310281
8.91066611574067 15.3278490752282 18.4382246608219 12.8491527892782 2.54858748497615 7.38414377139925 370.982689826617 375.049646950146
8.6561264048627 13.8322334143748 24.9003631154381 10.2364461526896 4.65428514311557 11.0480216668509 520.702571416472 47.2557659215083
5.10509444754063 17.6321531830869 19.3118063415108 12.1155854035394 1.49436367066091 10.2340717689825 510.888556901639 67.6156207999219
6.01317360632909 13.9273433789283 18.4480746631599 17.0421213309132 7.7642587526152 6.01132270462347 464.176145453136 111.323028612591
8.68212522911848 13.8657552638799 18.0266329475093 15.0444620254502 5.60356703125765 5.55759387848577 481.896657255941 324.564900802187
9.96756162301627 14.9246292365102 23.5747241061179 15.3337585807865 3.53653126786107 8.49070826714034 416.650215492229 323.653578408076
8.95187123895915 14.7956847300974 19.2522314937401 14.527258053357 8.99697594076915 9.88317028642102 490.65487488006 281.50851300239
5.84925678062093 17.3414451534922 19.5294680063899 15.3844193627744 9.35273059232526 12.9496590216451 503.477558154727 209.063262174034
7.31303852386137 16.9099060576585 22.6085567560943 19.4562467224794 3.59548931132363 11.3781143535892 488.333187465298 351.199914066847
8.84559402918421 14.8500969686022 24.1143881870864 11.334317352236 1.2032354143823 5.60849421915437 444.764325562509 251.363217964597
9.67033980029222 12.546134229716 22.3805409556489 10.2679289751954 1.01202046709782 1.99789302755631 405.961028081848 303.470672912337
18.5478292933643 13.96664590604 23.8046293164263 7.63482430007878 3.25322782885295 6.35779873168243 511.361750006979 11.4048473839145
9.84343747054821 10.7280627840265 22.9778373963527 9.53982263999271 3.89212882074364 7.87961120251386 404.570610035564 350.91205326074
11.2797816628692 7.08707931396227 23.5583513535871 10.7026847785461 1.02113547279049 1.92670742596212 402.108262172309 309.559494498032
9.74918236352204 10.9320812548232 22.3542573781595 9.98420719873392 0.383943850035571 19.8311100541064 455.270926836014 379.649156304854
6.50221660024787 14.2204292818956 17.2359390385827 6.36881941967039 6.78390602756189 5.16699603006374 500.19093658961 183.309832425216
9.14819434216082 15.2392150577067 21.8996046271052 10.789329711161 1.65289424615527 2.99082954799139 442.088478108498 347.528696581225
6.95100218154061 18.0781699599526 16.7890260271477 16.8136832980912 4.72665661512301 5.24419904629257 499.627196860727 227.708550057336
6.86107886921801 14.3738376171452 15.0896451334696 18.0382739935536 6.35365110003813 8.31153466291882 490.979420218377 234.293669195399
7.70546262616987 20.9307242780692 20.5570490700144 10.6017475308384 1.71985149681774 6.84006555412356 501.630948395207 135.407519698557
9.63960537234158 13.2595868450113 23.5923907562877 13.843563066368 19.6129716186279 6.6765332626737 424.977664053158 344.535171149675
11.5540913075005 13.9206911491137 21.2974393036899 10.7262653590267 6.66043194590818 6.11296696503383 404.809417120515 370.070200991514
9.00809932356969 14.4671201036482 19.769034009664 14.0862788143237 1.32990119455295 3.63494208843717 489.386857489766 111.974745672233
4.16099869992834 14.289602904027 19.6430232150965 12.9551193064873 4.15482646050004 11.6866980108795 518.266799891886 27.2157431744853
10.6149912921608 24.7392015032741 22.3569145834907 11.4001793683067 3.13920024324101 3.88908260973227 459.579229315931 227.106845749575
4.69249826319951 15.4651635071474 21.2983367659269 12.6472450436479 2.23591525624796 9.01553860502498 499.715714820918 160.451004649298
9.30385605722513 16.5909535247648 17.1373324527824 17.2000439642271 6.13529714579651 7.27086419082682 511.263147586233 19.9643566238278
8.00628809971956 15.296033051184 24.6695020149809 8.18412612863331 3.02154912381198 7.0104503637459 489.95086713349 223.545458122652
6.32222820981153 16.0014383411158 21.8491796375408 14.8499921341902 1.74257516427313 4.97781224519071 486.260028584307 320.974526442962
6.72155541874058 14.3498833146292 18.7508928140344 17.3430585043979 3.63755018294735 8.50379954448143 371.302313108638 166.020377300856
12.1666816567183 15.0299276293986 23.9570947144691 15.8783226846546 4.32481772085208 2.49956545678507 495.259196178269 68.1152737887221
11.596355598462 15.941963233067 23.0561693589511 12.9194373175014 7.88821820633076 12.6427510739073 420.200685278677 241.098304992758
7.09806956973102 11.7205801172682 13.3202540340692 6.10724694198768 11.2131740792121 8.0774284532011 492.37107663274 150.904935855335
8.81723755157409 12.5674382651171 11.0244017688951 13.4848493660313 3.95148548980818 11.5787895218263 498.236339347033 92.5324262411229
6.74575795640955 15.7366284397895 20.2363593000078 18.4507103879501 1.78851800631657 21.9804268671957 429.994799856781 25.2047351378361
8.18397228304189 16.5865198027279 25.2505450737291 11.0391618615211 3.11258352651922 7.68866081063066 482.393654142672 150.116743130087
7.66741727645983 14.4728715015625 25.9680572574575 10.6732689712561 2.21520210573896 3.58555256850175 444.733260517904 313.619718730037
8.7825849513863 18.962880889229 19.2339256452371 15.2668061765421 1.21943091071864 3.98194376846435 490.53925241018 278.77665347694
8.81785673857492 16.1089141069522 20.0725730583585 17.8938336256144 4.26715044970223 19.4725935287894 464.134828168463 360.464850981754
6.33955781979398 13.1475694154239 23.3468814793038 10.7963007883192 3.06686011018151 18.5597122763564 492.813529629654 62.9975408893248
7.47882431665677 18.3033555867543 22.4604358632423 13.8265844150212 1.76188853741691 10.6699485927808 499.060970960977 79.2095866606208
7.48781395565834 17.9646810575434 22.5346394176709 13.2317832184742 5.22359378121361 10.3114533929026 493.600427935809 288.24475404344
9.42549552186409 12.4104169133021 17.6379842362226 10.3840940198853 1.54925711290756 8.48186560325368 486.701780378665 205.853797209146
10.0980964100797 8.38051964401573 17.9695199149735 13.0501213960377 6.29652204654679 7.5432869296612 247.64751515775 320.621554501152
8.03364028849634 12.8420081649544 15.2379780283565 14.8273974029552 0.756999909905684 3.12970301063897 517.554544046164 62.8033652141312
5.31995464813593 18.6114672108368 27.9272217604424 13.048705921282 4.2113329941875 10.0930373245154 502.874452077721 171.654107158208
17.1154505179717 12.8864704028536 20.9596758424512 11.6083462828411 22.5717171078517 0.748505059112853 442.30337602397 330.867566889736
9.78218023814033 22.0038135954444 18.6798938596773 9.07415679478474 9.60613302130342 16.8220296279686 456.185949632054 131.737342974459
8.98969916834622 13.6432724904118 20.4939962469093 13.2264666583609 12.2526089208686 17.3295520083442 467.449815497524 352.121529867682
7.340467990828 16.3732887876471 18.9991781019004 10.5509268034243 26.3161714213686 9.983078036318 470.653236670844 194.960560430643
5.62547609409852 12.3832647314127 18.5060600091425 16.5041993884201 4.62582491073591 2.54586565237991 492.684255308243 223.675989770582
6.86262419912097 21.9867345457973 18.6757639426479 20.794801992914 3.70454482038776 11.3864622970249 501.582418722375 260.003356018392
6.51048303419707 20.3362325465108 15.2245358144286 20.3659946367977 3.30539863017604 7.96179730304787 483.294807191302 261.013292926639
5.46140076063638 16.7818265412143 13.4519072784934 18.243669263024 7.05158316533758 11.9270494866244 467.511341681277 321.092368440013
7.18277692258194 16.9422973594952 17.4578875228147 15.5084629106383 2.83352810843987 9.30730622116479 457.320973082642 361.808588732467
7.2154571568052 10.2324260717968 20.4197876407659 9.37153532552955 2.47383973707346 5.63547123373243 493.02887700248 64.2911188980461
5.84075564495552 19.7331480779259 20.4362029664554 15.9609387822268 21.1178204942498 16.1016111864844 494.010353394702 211.515598886727
10.057405981216 12.1590090209129 16.3998497421443 8.37073640553671 9.2151325662174 4.43448949721097 483.330059562882 198.384196661605
7.26514526718545 15.4636116059008 8.70317657497775 15.1673012686053 1.18768170737752 14.3644851450048 511.585458309638 131.673320186759
7.63897678399964 19.9134434558742 18.4205044082971 13.4788753635522 1.94191159821064 7.09644587792198 442.603493290982 264.444881497998
8.51325831140243 14.3338290500751 15.1028484046804 21.3043800264395 3.40249569650139 9.49100095039164 388.694504623907 292.94357693942
9.74240798293182 13.0357064003305 26.2347475977473 11.4431107876987 5.85847236997654 5.05414770089579 389.629169066422 413.59006043619
4.94270656086092 17.340039399618 21.3650943565204 17.9176543499458 4.59009849367932 2.19917155961538 494.243799096371 222.847184090114
6.13997728379647 12.5257525852182 21.3942736057431 13.7827445470156 2.17715817970331 11.0283061375556 496.780277599846 49.1462908403618
8.73357063358359 17.043661654698 19.7171121596568 17.8621537335796 1.60203833494362 4.3582350500389 447.277417111531 304.532303128721
8.39499193666963 19.3752325972111 20.2558267683043 19.3508776437673 1.17702059490381 7.08153919841735 480.486510389819 379.20803255472
9.41478605756558 14.8464942533791 23.8203926307075 15.8433653895995 1.8872271294914 4.27730378944561 439.93950233492 215.092473248191
10.2955588024648 14.4112793990993 22.6542187830356 9.94860112522666 2.98587797276536 12.2683067049477 510.772037514207 192.186172226002
9.8961860807878 10.9415596079298 16.203092198701 15.5128521932682 1.72991134090808 11.6767073278231 471.619675534104 307.252294100881
6.06698752953858 13.1577263682567 17.2528601320205 13.9705599366201 2.63351626323748 9.88161912984281 495.446505491349 164.563685448942
3.41699301448411 14.9819829422039 18.7412524795284 14.4717064170777 4.22530406287161 4.27722693730852 509.216964359988 213.256462434391
6.97516988310583 14.134565920154 23.568677664639 12.9203260856163 3.23138454780273 9.24973130260711 497.134816455781 153.808917254705
9.33834387282634 13.0835688157339 7.89261815552333 17.5483757243606 1.4098597443983 2.4570927941709 423.431118644519 342.174693971053
5.01914855277458 12.467711838409 21.6128099895209 12.4235784228545 2.68874890927633 4.06068235247206 522.820671112806 35.7680718710205
8.3706581193315 15.8826300713977 15.643985128564 17.2894408405503 13.0524300051755 5.19045735105407 466.048109953367 333.022384299026
11.5284453699013 12.1298040594419 25.1873957209519 6.89472864092782 1.97502830752071 6.97890893875964 361.650055864907 422.422884324903
10.1365022944982 18.5876125057116 27.6136911589941 13.7108513097951 6.21779398224072 2.52051515287856 511.138192897683 132.893006417314
7.00962007247306 13.6956460788966 16.2464721819985 16.1678274837148 2.40129862594968 5.04748462403425 462.03887785306 312.524738939634
10.0106780467707 12.9736851583159 21.8342787763388 14.6090726033479 5.83892902758161 18.2926088849622 451.881053746498 294.853782045685
13.6775713874926 15.0172318032302 21.3442611459504 10.1115406570388 19.3902896592076 4.15887241611602 383.032804532379 404.851166103327
9.61671245964557 15.3618959265543 23.7612633560569 15.2824605700243 1.73489579036617 4.70517984442244 463.625778531748 381.379098150751
7.18495945938169 14.1396447282641 23.3376181383723 10.9044252745013 0.716516583767195 8.34791813940138 467.448901601005 273.433253240095
7.73474260282068 16.5338881805704 21.9784524058407 9.2075068519184 3.96847560505628 7.86805715175126 375.473153808776 258.864212665784
12.4898428257666 16.2040318778993 21.2901956456037 18.2310472313372 2.83711856240099 21.9569975534757 489.706615457122 121.856203151736
5.9360308875176 19.3415306455464 18.7778683129984 18.0663267841103 2.25906754404864 11.6701290279281 508.959727044573 12.3710416372086
10.5330084225525 13.6288146993369 22.8230143271575 12.3559639984236 4.69199610617937 17.6466945363494 430.931307947914 352.566600248127
9.89640072274265 13.4609482289343 16.8084607158262 14.7345044084498 3.02931203347938 4.63895590230541 489.427786547585 225.576034098972
8.77038923726976 17.0550011719036 17.3388491915605 18.6115558931286 2.3308136292373 5.21207755528176 473.672671305609 237.975015541231
6.3268412609693 18.1401089951973 21.9783886169448 16.1177873279349 2.106138434299 5.03043240075853 501.395045872703 158.001793133143
10.0312839207915 16.8635214075531 20.2722109229743 18.7419023768282 3.22911204359737 5.30630051498155 454.655025267154 225.166768230529
6.65469242778316 17.8399223683842 21.5349241776143 13.2032259794884 1.57052206644951 10.9064383584114 489.736047998441 316.97794336528
9.43485832850796 12.4003438019436 21.6837230853397 12.7356671313994 3.78400275278131 10.4121173606053 415.914847717494 341.061158884206
16.8262448619144 13.2712368394883 13.5948020358857 14.1344557889739 29.5857037542219 17.3475843977796 525.81271525816 3.04585528092003
10.0373271376574 13.0841727889625 20.5007158078214 11.022984464933 28.1763519229499 5.75799662509486 47.2094144667433 408.429363737191
7.32566684902769 14.2661926354111 21.9658420315258 14.9054977131781 7.50717556960567 6.49551191337215 337.498154834871 119.156952074974
7.09355591352991 16.7549041580965 22.9298292851461 13.3423672197773 2.75762301719979 5.35857033274449 501.46574464242 74.6340988502859
12.251450837989 10.7237881486304 13.082587042948 18.6627609508439 14.3449983248076 21.2707829360629 482.306886009344 303.312841131044
8.58299911300067 20.0577006873551 22.0782470181325 11.8684486286608 3.75869249450479 12.3623756511796 479.121204397349 262.323710777697
9.04968895231283 16.361996859738 24.0150827151002 14.8305347998611 3.64274806993061 10.2522645427826 442.659561287171 343.914920277661
7.33012654818663 17.799625391688 15.9674208113205 15.7161229630388 3.75096265259821 5.65505391168652 396.602320937114 182.228976081143
6.27608996245155 15.6263706277669 15.2651627451055 19.209616273189 1.65625044111451 7.59799473318379 524.851603830194 90.875585842962
12.0138396767657 12.692516135857 19.2130274589678 16.7450104724892 6.84680383495428 1.41531642938393 500.093184552961 227.794204202912
10.0160360752627 15.7879454844663 22.7031401764008 13.3681901254543 2.61490172601856 2.05620528235784 508.388155214524 251.954271549956
11.1266426180075 13.5742286978769 21.8630693501574 10.9033144591269 5.29659476606413 10.6463391970414 381.482799746993 450.853360535777
7.47781809636274 21.2656757017585 24.5693982256805 8.90423963662465 5.87247058438007 9.34879373352729 444.044194338544 250.01778315859
5.11989910014742 13.0484308808972 13.4314830307463 17.2741054142064 7.93324072310202 21.1690804163562 442.635333546485 78.5428223547084
10.5865383568218 12.1765210267502 23.9366154645421 9.52673691490988 3.66479224616319 16.8776097198961 510.365027063415 86.7080198192422
7.30153372147505 16.0763185258068 22.6855716907005 15.6129665158053 4.46406242930775 6.7649550136585 435.964872006384 312.466702693761
6.66193280674705 16.2000340461345 18.9816299392248 15.4685083852693 13.107139791967 14.8136719275719 456.42410601804 296.198686526028
8.5860573691224 15.7470654801078 16.7438008169613 12.6726157288385 7.49558851380873 11.6194551809211 377.482485040714 273.946071178306
19.1076522192834 14.958186166996 21.4922083904673 16.1586393857411 3.70941153900075 6.96685107832553 504.544695459518 123.290901352161
10.8423585005978 16.1171219804893 17.7207273217987 18.4570930819084 1.72993016905955 9.12520806965767 507.981278046107 179.265593317914
5.42732729062594 12.3199159756037 23.7098527862988 6.35327512034914 6.0058262618629 5.35782199177578 509.574325174885 102.481943775747
5.56516375871696 15.9782766897707 19.8782357308549 14.6920782813382 6.38218431619588 5.38822637390791 460.416205380629 247.051195005797
10.4632119884526 18.5481412389514 22.7936009419815 17.448894835454 2.79457849993628 0.388048056589101 491.347578142578 265.052297850719
7.63803729440466 17.3145817463661 21.0451686755354 9.41378898773974 2.17406624955653 8.50707560216438 507.18215947065 105.495655658729
10.4761427055084 15.8473238132118 22.0499766379645 14.8798867094669 2.46154183736248 5.33399645064807 467.925459742992 236.022345443257
9.78395493687655 14.1672883555869 21.5625537077884 13.7399304067083 3.47241750211548 10.2288482802837 490.389120991299 285.16081604549
13.6620483258215 14.2158382707438 22.7881272094771 13.9307112850191 13.1104946087457 2.73524904449211 489.726702512432 279.815144621469
8.899087114912 17.6148701166373 25.5864234333884 11.1121477304909 2.76667849207119 12.1198354953679 483.574008201097 246.077654757402
6.87608031892588 14.6153641369619 15.7929578855822 17.6865168618536 7.35104025853603 9.36696039300541 422.918985644493 294.901571185927
8.60544761162819 14.0420456794258 19.8443986096604 15.1766718012326 2.30586514808165 8.10499795194705 491.558376592511 137.080768667049
10.1864736991522 12.6876637320595 21.1359828051702 11.9366119357017 1.91979562431346 14.1795834540093 490.512177794173 175.080612408678
6.1407810527571 17.4105855506893 17.9169288763726 14.4199958843775 1.61916734915336 7.16116712308608 503.322453465506 216.529429173692
7.30648377516156 13.4033938556985 22.2935172271202 14.1873576948186 9.03986759474347 10.0410074307195 432.312128065576 226.357252634476
9.02881533703175 16.5088404502456 17.5345276408533 15.4033368538788 3.79596410680846 3.69758798268602 465.785783353992 387.640945885799
9.40965860513024 13.4792157895554 26.8899582012291 12.6973920116243 2.78901995053047 2.1742632648093 513.873063637403 30.9527618519347
11.1934121261779 17.0552567315534 26.5724984652963 12.2428500883842 2.56850456386138 2.3908552265672 427.53662586106 448.267069547241
7.46200719593498 13.3848145161139 21.1115771940396 11.3875467903003 8.47255362418601 6.58557048125429 493.150507276294 334.153892809245
7.43809317278173 16.5482056167781 15.8698830160678 12.7076691722022 4.27912995127114 10.6253820309209 476.029748578186 341.490731572988
5.5997722025037 16.2496300795877 23.6580184104062 14.8915806088322 2.36812211020657 11.276502473346 505.10723482031 43.2555237100969
6.90286918872622 17.5014163773881 21.2129308362289 10.3144400759001 2.31005750874797 16.7140599175716 515.070373875729 18.236154301307
9.49124351332484 11.8036521500293 18.3956363449165 14.218596926995 1.31650516406574 11.3417206180149 436.507931602056 362.467670762395
7.27545269681361 19.631900159153 14.7402488645749 20.8880424891778 0.825471946054854 3.80291039368677 455.773871325428 305.262517485266
8.18916992940582 15.7933676222242 18.8443684411415 10.8873460223026 3.7360958662193 7.64607356010631 363.656108267898 352.572974002908
10.8612894643579 9.06378730210849 21.3732871726203 8.99241733293086 1.70844138672082 9.02738199397385 328.73912472817 339.568877952323
7.32196494362583 17.1255552259218 21.7599633786533 16.1086961089502 3.22166706783374 15.0167935881941 478.9715516865 240.845330954063
12.2434313619257 15.2946802589405 26.4216440213698 9.18948983388262 14.0465287769663 3.05059257413867 411.050859418641 352.195161187581
8.35340760148644 20.2618662497637 23.8983763952755 9.903569908952 8.42864893988563 3.67908576712808 461.188851993174 73.9391655370377
5.58210077930673 16.3418278022894 15.2218130789104 18.8048064781688 6.11138219251157 11.8181658543757 507.118070252804 230.292813526252
10.447191570634 13.1446674635651 20.2501600810061 14.6065060561465 7.8873835610336 3.77187950806335 496.220214576495 281.083896542441
2.55041430569443 17.3114518623621 21.3407257988792 16.5603034530032 12.8134510131415 1.48669788876199 464.858795867692 378.10916405013
7.70808302686299 15.6109522594481 24.2790528455704 8.73031490465903 4.53019506306626 12.9950575930384 480.052309736291 94.1803171467538
5.87720225225941 14.0748057140163 21.1104750153382 17.945102656819 3.21628959557431 5.7208296259377 496.734535306769 174.18017788875
7.7751992838527 16.9281824095309 20.6860750033264 14.0660542475601 1.74744185628449 12.8004931626551 494.756814451203 216.72751713511
7.90411646829886 16.726144838314 23.5927293211589 11.5271043844087 4.3682812862978 11.8854015227531 465.129166883156 58.6195459810007
8.91643814280614 11.105064559932 24.928326496215 7.24004336357206 2.83410991728697 7.23703021912517 484.32555278604 476.023392681631
6.80566262838691 14.4660799472726 16.1062239502226 15.4151960271906 12.6228064845653 8.87462921712616 452.435787418346 190.966751086875
7.31344465618073 13.034479915143 20.8074273010042 14.8902128490488 2.284200810262 4.48971093006148 517.710314350374 205.659906470757
8.92985256649492 18.1838624454888 21.6083451455229 9.43976833557575 2.11103375353072 10.1926561165401 479.349139239038 154.827159194203
8.80071107018426 18.3331281290347 18.5379424682238 17.3332446133857 2.28863229263258 4.89556729303424 436.768539018491 391.010541090645
6.95768733372591 13.4327518403625 21.9831458103013 10.1656824364147 4.68536259274797 8.24142100536535 502.054739413901 123.37092500088
8.41159558523538 20.5953054870967 21.4213767001881 9.67663878749793 2.45709043062404 5.71241187475105 473.799517421006 121.685105777852
6.62355673728444 17.5179522114552 20.4036977433352 19.0109014763343 1.27741372522212 5.7215743048459 469.380606087393 300.30493007739
15.059016195279 9.53711624075115 20.953384687314 13.2037337449578 17.3792097078872 12.5178720539671 31.4329188769231 509.447122142848
6.61728606487596 17.1162798257054 17.7168104448088 15.2557571134118 8.66877092968028 10.9681462927284 488.444387203864 93.0836080110779
8.27898002452318 13.6942664498316 24.3919180817062 11.8350064997451 6.36238223396736 2.48445150434774 459.718928260799 352.191000832166
6.76220252942023 14.5339136831748 21.6775964941062 16.3460118784934 2.32634907862383 6.04673322112932 347.095958415003 97.2909784609023
6.01384625904817 15.5344290092063 21.3660287205144 11.8779354620996 3.76169828903556 8.46783569793038 528.740093430418 21.6222578150129
4.72974483986773 16.3074496306473 18.431592591635 9.22096853244135 12.7318344716849 5.51336385759371 497.517774944972 198.239910255103
8.21069856354418 16.8258029517448 19.3872637093546 13.1369806244643 3.19954801338357 5.88640218196625 299.428230248748 401.450005998327
8.27515032517041 22.2034498743308 18.5120043787451 12.6557312452958 12.9802243324531 13.4820354515448 450.438092594652 216.16591523246
8.16310029296176 13.5896852858974 22.1638887365275 10.2775266378944 2.26122129623907 11.7983942828787 334.998867846507 307.843857503301
14.9693226793771 15.2623784603741 27.4892290138574 11.6534289952307 21.9338042276649 11.969787940568 298.216482270156 421.804824213491
7.12069656252863 12.9446707897914 19.8684797905867 11.5696358215914 2.558617333309 6.41230967127749 457.13172672286 232.402752525369
6.95746262893572 15.2398077470399 25.3352076691492 10.8378585570818 7.54272062542446 2.56537152853129 485.519832459466 261.711933944303
8.62950808038666 13.0269396364598 22.2308895684738 15.8940312845945 3.11066480190042 3.96173338296227 511.142974393607 233.104887943756
7.94709327394912 10.1495851707719 19.984864056647 12.6709238109006 1.20400470087704 15.9523049251841 351.947021074744 418.20486671727
7.97485625465521 15.4502176838311 20.2019187517506 9.87582863315223 2.1208550138802 11.0723310805181 456.673978632087 325.514385854806
8.41969482929668 16.8701926085974 24.9625698594167 11.5973309108625 2.8489626514737 6.72879526023618 447.743239119743 260.08185002378
7.71254922288906 14.7751519082048 20.106689069517 16.3855446993582 0.982864433710339 20.8966338751555 486.712782692981 208.623531116605
6.32398828206618 23.4734313307442 26.7927322189729 9.21343800814022 1.53206308362398 5.90543891318819 510.788731744405 55.4991825559758
5.63852911974084 14.735489705811 18.3066361172193 15.1766132401975 1.88155657757878 19.5420588436012 495.894889626607 339.118999650153
8.31265617487333 14.1652762987034 17.4086107812867 12.2669099871271 4.31887631347611 16.8150714589718 500.084332793561 189.095506124501
6.45868689255238 20.5812465939102 19.5619244135012 12.7883068994836 4.88318293350401 6.26656549242858 494.6516802783 271.402521104952
7.12010301062775 17.7021092032252 22.4634146137938 16.7426482793977 7.03616517778286 14.4933054040332 490.993985321162 290.539948118498
6.95199536356573 19.1358416104724 18.0915874944923 20.8470214541459 1.21972870640361 11.0611147568648 511.084348235234 150.070172247336
9.88718703765231 14.2350022387362 24.684567576141 18.0194580492046 3.11973858900969 11.7023965505168 488.785371588683 155.441722395063
4.98640918065649 18.289457411502 17.5945865833056 14.6287255184926 6.02318205974913 5.87977206451117 513.066514375426 101.300770234385
6.51580674336533 21.0884413634794 25.1860109801409 13.4962364758948 15.2533330869653 24.2833546530562 484.417534112002 164.907757540139
8.04595738808009 15.6419740354875 28.4607435914953 8.28973151131935 17.025081195973 8.8871074345764 436.740921377794 301.079161360714
10.2901363801024 13.0585060415952 25.0005821760866 13.9604678135722 5.51379962098572 9.19431903832308 444.942128345549 382.154652178879
9.14939994445433 18.5991349428402 21.3900513443659 14.4477695575747 4.6760794651075 23.0644955533091 394.424234362853 391.182550721739
9.2964820165457 11.6342973135892 20.0316637130344 16.1874900413397 2.84321408600007 4.21523565713863 497.164549936532 303.930959977078
3.04574227473698 17.7959945548684 24.4022733577008 10.2505510604168 1.38909252818566 26.817123290664 512.301403247962 74.1020960334194
8.90189358672448 18.467841965819 22.1412692955002 10.8853492376167 5.3373797310116 5.25315354729003 505.818112968253 107.956615895334
7.70902050787378 17.0854064672691 26.793053689737 10.533183038741 3.79713773988657 9.98123064665061 488.695034920998 281.553156866287
9.95124361040271 12.6081503881173 20.8744507780987 16.4482099854548 2.82580342160151 3.81678733348587 508.136073779154 220.138165671326
11.1953508335688 15.6704656776102 24.2640448978513 18.0583072883139 10.6965464434866 3.37060951533864 492.504441779761 10.9258780240528
7.50716911755306 14.3852859950595 20.4680159822301 13.4425960423358 3.08820712645857 6.86733070942119 495.048367219804 237.13432900784
8.59871823291689 21.326036273985 17.3759504524341 18.4840700361868 17.8347554048782 4.69141638039224 454.585816753433 331.744446106583
6.95207743697709 16.4248957352471 17.453653676759 12.8168219782819 1.78643651071255 12.9430246449816 518.436485117371 35.8032154491759
7.00466476352331 17.8169582273145 13.6739779858203 17.3480971656511 5.05613226450009 9.62782947319799 493.428425617867 304.235537182972
5.23750653820541 13.7740625069186 18.4833957500347 15.4659393409637 1.24152548873677 7.75212201905293 503.212271766762 156.559384454464
6.49892384419819 24.9716017961564 17.2653712698136 15.946261213858 3.52712865268443 3.58069212042091 499.752527410858 131.337456955668
4.61419714837839 21.8407874009417 21.076398224787 12.4085149593419 1.37038156089493 5.17888239918677 519.053234943353 17.4635645559954
9.32338875044396 10.6195581626626 27.5844543614946 9.56361484557092 2.21330718283289 2.07275989179674 127.685418838245 423.531487373321
5.25723191683153 16.3863421080713 21.5755324222875 16.519630566644 2.39127929230031 16.3484300138799 499.024144016092 192.282815284825
7.80133180086354 9.95099860289197 19.0020065420383 16.2761142371798 5.39660367181547 16.2107662163684 475.9299999877 256.695964822695
9.22265482850301 18.4193134940267 20.5978516554366 16.2168687419539 1.99374096961945 9.68225035749992 497.489259780302 266.65012686739
6.40292450335822 12.3684952598058 28.6006922820614 13.4096608157278 4.65288822958496 16.8385721796285 488.563583195467 244.387961718517
7.73833899225571 16.7173973258632 18.6436136225903 16.7330289970189 21.92321183755 2.65128847886382 434.05164970111 280.074598838112
5.56517089151256 14.2865764128652 17.9278122846804 11.2868047235141 6.47221060725468 4.66179965511981 339.791775473343 82.9690412676804
12.6598630510108 18.3106651950104 19.8846332729072 16.9157699302568 1.19587902717633 11.6171633201597 410.235060332313 383.106668581024
7.76167710587032 14.756726528588 18.8753729281273 17.4762643696126 2.39515077596304 16.0380980662381 400.188981473407 340.783423287117
4.62942861294561 20.3156956278969 16.1276220838667 15.7256129603071 2.83692511555326 28.2157378048028 523.649269477382 87.8935319905179
6.45140648214367 15.3911090614041 18.8329272830625 16.3979273811244 6.11962307970499 8.39494898325591 389.246697269722 411.517773095887
5.94043459401003 16.3906197898067 12.7577844592184 17.6599214250219 2.20759485985686 7.82945296277906 491.81240816223 94.1464966496055
6.67840023550916 13.1330429148757 23.1578098514136 16.0442362112161 1.81985160415943 13.2782574099751 513.024198653915 135.877126130353
6.33366952598566 17.4318467439681 17.6877637427091 13.0320167027999 1.34541796160883 5.06317570827268 510.155158187597 20.6389469109948
6.14286150305125 15.244597042717 20.1390571865442 13.7602420306404 2.64413375872841 13.7147690234739 506.1972935756 90.6829760031197
7.01489991200422 15.1384504608999 24.1031934339021 12.4145272999413 5.33198215254728 7.45626581545481 458.428324902779 286.128113913177
6.16022158858599 18.209330454437 21.4896709613831 14.2321336852679 3.00795194913954 17.7770637112693 513.828445180835 157.833714569532
8.87183196929324 16.2718312519355 18.1008942043547 16.8481874773194 2.76195921331755 10.0325039114469 495.59594893109 106.134236353668
9.9382830421248 14.88355638102 25.9467966736868 15.4208286633269 6.22782548398826 5.05120768550725 339.918128089612 422.164350557558
8.16050659515056 23.9692413530097 16.3651274844914 14.3478685386678 11.5237529572649 7.23544191034247 488.582897461925 96.3339280796807
11.0211317239941 14.5610873982132 22.7380351488514 9.84584213340016 4.13269255074163 4.62218537677668 411.193905177319 353.64794444964
8.5747554532527 20.6740351807706 21.5592858673085 10.6303871830119 2.25236258810581 11.6680681006967 503.996803343633 101.683951991282
6.96531109903774 11.889738875796 17.9382300358391 14.5843177563103 3.26918022984744 3.59555049855228 503.772367465176 175.320682527096
9.57820773001364 16.8337582466669 16.7023657968855 18.0425017820376 2.0584071372828 7.2090135126467 495.611795993901 122.257395671017
5.83523000206928 13.5924296819561 21.1674840948466 16.1863907941246 3.69307940003952 4.16728373156577 396.287342023863 235.491915995118
4.60536828949607 18.4637266948862 17.3341627781879 19.091581099343 4.07449907370706 18.1570094856818 504.323430348364 243.291057627403
7.38845583111967 13.8053476106475 15.8865923491615 15.3375559012631 1.89148957908079 6.99728742156032 329.416007063155 131.132916019733
7.90490241734945 14.207832824911 19.8260419560345 10.8702765848838 13.3279530150413 5.48554680261605 486.631254149988 261.74951968777
7.07743445789161 15.1237371655497 10.5443105045337 17.1229366609467 7.71796841148987 10.8473848772042 492.16000983042 156.035933216332
6.51694554121221 14.236929964327 23.4307717182106 16.488924625566 2.07274625121463 5.17983152494513 420.755272709154 355.069111285512
7.51413309311759 18.133169524065 15.4784414662505 17.3687932132346 3.2573052041984 6.62781829963087 483.471419713458 332.515686986944
4.67533702156616 13.7909013079165 15.5196219609096 11.5021212527764 3.85115888156787 18.6354240140686 343.471967980416 222.969118468732
7.06421536035363 20.5585555537409 22.7384794587937 12.9408966057996 2.70461201819262 6.22336704160479 496.163824202387 115.056417447217
11.0248368558869 13.531314025732 22.5977123091128 11.6595902246518 20.810899880928 14.6726833655784 510.748212325213 4.81280045520282
8.05299257115156 11.9561724521658 21.5913530319419 11.9406968896996 3.70667352415111 5.80365162843078 513.046739793339 74.7845050480269
7.07108643327365 21.1374552462997 21.9214830548614 16.5366346193725 2.00038265649011 10.83001525937 485.749610157221 296.99961001096
6.85483968295584 17.0134650071939 16.8986520294915 18.6581039975917 3.50075416581336 11.0903853426224 377.546103918195 346.78554281231
7.18088154348333 16.5377840070358 17.8028857271966 13.272821042814 6.45852805946321 6.02869000862855 509.447099957255 141.834666872569
11.096643549514 14.4806087810887 23.4444240136667 12.9103120618781 5.60178959222502 23.6723366363043 417.839108640014 270.07980045996
7.47653868462408 16.2249703707948 15.5924069097421 16.8874427138741 10.1371364752167 2.5599437484137 509.546402467475 123.427897037581
5.3573920773937 18.6133285040774 12.1355846525832 16.5302938342119 2.62400458623758 17.7985923387366 518.567273534903 80.9509070736993
6.00935157289576 14.9156498554017 25.9417669057386 18.6494757801116 2.05980919629191 6.37207454709213 443.620787821002 266.460985595031
6.45878878546755 14.4649477022057 23.5309741693416 19.908298572349 6.51947329903612 10.7878374580319 411.174199027576 157.639296461438
8.66521056773533 12.775092507503 25.4478676962283 13.3638595810075 2.77050311030821 20.98429695008 515.844091812564 123.682006601905
8.05988614060022 15.6690143840882 17.3858487735321 19.9956696288199 6.03006625285645 4.50804221923238 465.039138386648 237.226083337777
5.91134211198772 11.9273736256229 19.8796706217183 8.40360245038073 3.78896423680194 5.93157777619121 444.884397300649 155.238608036771
5.63335059564048 13.8776724272723 22.7098638426844 16.0306719385456 9.28863286760729 4.55802087479623 480.397616004819 394.717214323185
8.17067315240506 15.8123965196257 23.5758709407652 10.3962100377655 2.4801387752308 13.2811446923909 530.904563078403 49.8132048926405
6.27286746175057 14.1804912685376 15.0728307817856 10.3605159539672 7.00622371523051 8.67980755461071 502.105762115409 106.155122884687
4.53656855198939 14.3905291377873 17.1826702998485 14.3616265023861 7.04005067894352 22.1934485968841 511.539050735628 72.5244252994588
7.91121545377428 18.281967943024 15.4595201488355 14.4963638158084 4.16996352102829 5.83861680891125 443.481571415242 255.134127708794
9.37635375918458 12.3307773997007 22.2322518206584 15.9106186924534 0.750076312088344 9.46497160308671 430.440800905956 364.041403866563
8.18737309394614 15.6227985143087 25.1972862578162 14.7644363375868 4.08938818387523 2.4130979510658 515.900019353292 184.372260232508
11.850857849551 15.7960342891698 24.535841072951 9.4021847850649 5.91257340652478 4.02045990799102 496.507821228369 8.10268194457969
6.69572717954968 14.4890323457493 22.3795667625388 11.3674768183378 3.09501671426141 8.3626324226086 509.095765472652 217.583236221026
8.27973618462718 20.2836315000361 20.6631296291985 15.9013480229225 3.06999366550215 11.1278236660877 436.39596637445 213.429441220701
10.5687980765486 12.1556567034687 17.9481518373589 14.7234212321273 6.54176610820077 22.4015764543634 352.046142707742 377.28380937363
7.83878491122301 8.61295079450892 17.9973103518227 15.5451700708517 1.70233055606299 8.95411250666774 456.312452178457 325.865431654912
7.22562340987154 16.8943600631346 23.0908452109772 11.8093815896482 3.47933805406367 14.9915198813308 516.884484581263 69.6851549335001
8.59969305383172 12.5018137917528 21.870144219048 20.6104439201998 2.14892730821908 9.63963408208796 466.121432492901 107.751951193238
7.17040637308604 16.7494436727734 24.8758161514554 10.4530027713578 2.27030785899528 9.43082411167663 509.421579480693 117.376474339542
8.14411479113986 11.4642617490197 20.9184454646846 10.8847721851821 2.14275242674309 11.0730889570954 527.252218739806 132.596325254015
9.14821836951436 15.0668819063082 20.7378549161079 16.1867786128665 4.80829857095658 3.47995035330265 464.643616452666 278.451313947353
9.25219697572313 20.7446744625915 20.7491956280778 20.3793956259801 12.499462403595 11.6133651709495 431.914828219349 281.55992918855
9.59302295129011 18.6627914607461 20.0608414030246 14.6942003153759 9.42341687288283 9.04336908881334 497.503524843708 48.0596270360252
8.21336641927709 16.4115053189341 22.7309261302223 10.7796104130906 3.9800036017061 9.52085710175883 509.270599671614 85.4946654014665
9.15242286431326 16.5192789646826 22.6241353929991 10.7630119683443 6.90759634863134 12.7038570793225 402.40739640332 272.548658644121
7.55911663789245 14.92541329898 10.5155530620518 15.0256257024891 2.27839242163367 3.79792156931975 449.268429371476 189.457419727973
6.48778229375835 20.3569615472146 19.0386145424893 17.9136782127445 5.26682106773269 14.9028642887019 500.145451602967 188.593861655077
6.09574550416455 20.8417811253322 20.2875132305268 15.3914307835923 5.70377281305685 7.30663182433146 473.162536841463 283.215810538418
9.61609435539916 12.9279576767935 21.3457610419211 16.7050835196245 4.92537885039815 16.1677255043692 438.574004601741 307.817071955875
9.45092847049041 14.8669252750044 24.0132361466983 11.6169349164974 4.03590397263017 5.35316888555879 486.908804607942 311.957599722134
6.2889575561215 13.9063916521413 20.3611734982582 13.1690454938648 3.2205103740537 7.33382063345824 486.59583175283 279.40744567819
7.05262903745541 23.3500922078502 22.6041524118198 11.2945629543729 6.92286634490177 4.69160800212767 443.983728498137 296.350989320611
9.75014762194483 14.3463650053577 27.8115882357246 13.148259208939 1.53082868316707 10.4905663262816 482.891512405592 384.936095119193
9.18335781410677 14.1021820515076 17.886234620153 15.3055397624864 18.939211074601 2.96724905406169 476.869797387944 255.228262372428
7.57514533872021 9.43152703700443 20.1123072580825 11.403872447018 8.98880237028385 16.7033869625229 493.434246116134 133.859626977197
8.58337525151733 15.0316498962936 21.8817507995101 17.2259727688044 1.59967236130103 7.66882675907108 471.422676367526 308.348655379995
9.31421922740371 17.3440312836708 23.9366774465365 11.7583478548715 2.84610203268454 11.1795472643378 475.844541008538 395.231624499697
10.637685142697 14.5625172855439 15.3400101653391 14.7937266446421 3.35685106157032 6.36944275099256 509.656780973251 185.971169894686
7.6019178280763 19.2836302144577 10.5787309414352 15.448535527623 5.21122779445923 5.70854129010867 493.101653887256 260.966176755055
6.29875109553667 10.8018937740118 18.2805852995621 12.9702991895678 8.72138077479748 4.97840997305228 481.750838105284 197.259510756409
7.08387722809405 19.481775487847 23.213761301297 12.0456105955722 4.98201703161292 6.40293636616051 447.651743427159 283.194274876313
10.230145684384 15.5316501061037 10.1633806351564 17.7321364070206 2.56669425254062 3.8756079467351 456.330351499405 234.364911549391
8.5408933196588 17.3767578888612 17.9338287033391 13.3459419139584 6.74909961116489 14.3521186066919 493.549528260663 81.6956250838868
7.57495694774274 16.68828520196 18.2628159905826 7.30091007707096 9.44607185422772 14.2597559682123 462.57915986051 221.238091088069
7.35983880909237 14.4039765525508 22.7174924048334 16.5293758563685 4.93133979477822 5.83036187722774 501.228734965471 308.014686988609
9.66188252547284 18.6314633917912 22.0775367474754 15.060752997604 1.80310031596673 2.83588965334339 419.919817277309 188.074052825864
7.50713775363204 14.090114645109 18.5074133030232 12.5621638416313 3.9342853697417 8.54604969713497 497.411887880757 377.455168839878
8.93621003903613 13.8804695092681 17.1430442157378 12.1703521812281 7.70047232718497 8.72763101669832 500.876447692028 255.253408767812
8.92790188406599 14.4664918394627 21.9175713655429 10.7761527247136 2.08151346580299 6.2206653188893 495.389017820849 86.4851159789661
7.09465360257867 16.5515964814246 24.0806357861711 15.2410918734312 2.50822022987457 8.37132822472879 513.15765342603 61.029206495857
7.66392414825836 15.2488280752198 23.8181742822788 10.9746787321133 2.23220678294199 7.71328711951733 521.500693664015 226.225874550434
6.47593650273468 16.5321180185535 22.292884876106 12.4374497005066 4.83160938607381 8.69371715226082 508.444832741844 154.799513757492
6.57881031010956 14.8898673065989 6.13762356850668 18.9772058721278 3.57797594116862 10.8002933096922 469.48414747914 242.209812537144
8.918053077584 13.1866983691681 15.9126869806243 17.2094286116973 4.19835349602288 10.2376186928984 440.064833049845 364.201005001234
7.95235034038469 14.9361880426939 22.7603856372211 17.1086755638384 14.3462762946312 17.9413967258388 511.235687227829 143.051104472943
8.18397883633097 21.1540475003444 20.6056775862876 19.7919272181379 2.65172748376637 18.5141176781571 506.130777192953 154.366250499411
10.4265882844227 12.0474488656716 16.1282884261729 21.0355638213345 5.11300368548715 3.58446426689801 428.079173503729 346.773122277806
11.6417432978064 16.9878278505676 15.4865855295994 16.6946898258729 4.29050551877131 12.7911524323339 513.703822097386 71.7512572697935
5.24354077393027 18.7657511945951 5.59964475438088 18.9368333421107 0.712724169262287 6.04127646881698 526.110646610656 55.1995262736298
9.70382277605489 18.8392984106982 23.2131820756569 9.31733957713126 0.770336370534559 2.54345323817192 478.897160619411 252.125409025617
5.82642940446232 18.0121362841302 19.3545353270575 17.6838828058264 3.62258392682127 11.4937528796602 457.06607689841 310.99664344497
7.74352217821088 12.8478592006819 19.3665177332054 10.8763230576375 3.04107164789207 10.9961805871309 486.054569422709 331.671105658831
7.70087451254533 16.8001013606012 21.9433936923485 9.6571753818975 14.5674498711731 17.5954949429447 503.783938026274 146.18938113464
6.86995169097844 12.8986336090566 12.6330067250228 19.8914060618068 2.84433130814559 1.1764874046416 462.416334340009 223.109353903597
7.59827531905133 17.0349070619017 16.8440103230783 16.95632750112 4.29244285609794 15.1123254477831 509.624031411734 230.431195325705
1.88994972703275 25.5812839475587 18.7073119340681 20.4817422882461 8.23423443900132 5.14438967515829 492.619597912115 127.37804403141
6.49941081449181 13.9837340442221 21.8851024141649 10.5092379400047 2.34839125376521 4.14753288169455 499.842361498436 169.253607842489
4.48272920038107 16.9003022550707 14.1491331964008 16.5337162520928 4.70878395922877 4.61525984487185 484.004081865581 369.764195404809
9.96385193779963 13.1622537943808 22.3633216858271 13.711008297401 5.27292094693692 6.1003821055575 466.154230773473 290.590851843779
6.56206288968408 17.3440852832375 22.885436550005 12.7107990303269 0.92450939414586 10.9986420659072 520.428972842352 66.6254330998371
8.52057502072725 17.141799606897 19.0418785724078 15.1107688209507 4.23767977929666 16.1112728387549 467.956652500438 318.901449867796
10.5474633263545 9.42006618261151 22.6477345066091 11.7699031607835 1.28834092851697 8.19231135966289 405.773957224391 245.097041086523
10.1564222362359 12.6741762665196 18.9752775069544 15.9438526814798 1.68518294018392 8.67752036672281 392.525724987761 412.362864950361
9.63068871035328 11.7639300700574 19.1057585252831 14.5411112730611 3.45665326298807 18.3465037019951 372.554137035016 347.053583579364
6.49002681111084 16.37843295238 18.9411580574888 12.1552377675671 5.79098161284774 13.376245109045 456.787190050184 285.371158064798
6.35376399825044 18.731567316761 21.6463754133771 9.75020582665027 4.37482588714005 9.74323521997131 495.29859829048 112.765632051225
4.92879793919444 20.2283163592544 11.6189007721416 14.2659282855757 2.13985817301277 4.9867449899173 466.437105199022 339.366847569853
3.87725959036163 16.3621608055137 16.1050245921307 14.1191525018445 8.69371384754548 3.2335955763026 507.728160501546 327.150335636543
8.38157923113624 16.1108782187094 18.8686834460831 12.6641461836907 0.778142717045249 9.32756762130501 461.65461956494 284.790821674133
9.22863244767896 12.5297040194014 13.6257982999495 25.0058144625602 4.31095944948555 5.36875899800458 451.932304052093 329.62326989464
12.6574046608848 13.2583612640456 22.7336078825964 13.293429116796 9.0429427798275 2.77793566370208 508.858281411179 113.27954423708
11.6865986705377 18.5543984650309 17.7751671723339 17.7595461818022 4.89005562235863 5.97929691072515 483.190755803522 39.1561315305717
6.3614695196985 14.0171787372686 22.8945038408329 11.2113791688162 9.15533277265783 7.28964298253142 491.193268314956 31.5623169160462
7.96161419556882 15.3318049945782 22.9803520015497 10.7695777424345 9.35113005538037 14.4754246610815 377.595178940449 230.652889355403
6.39508214846642 11.5759684534116 18.237980656396 13.8564260253304 14.2094732525015 18.0647182473223 454.559068271296 273.894043913723
8.44870487016544 16.9672842567375 21.0659547490779 10.8935129233338 1.57524615368096 10.4051021549346 453.393608231556 292.833933127343
5.35506504828055 16.3495305550361 18.4098048501192 10.1086019838632 3.54936512202187 7.05998889514239 512.635893305005 161.734834818253
4.97207397573989 16.1177078945333 17.137706077109 15.3990000866748 4.70602266192634 6.10593067894383 483.061804511955 364.749655635881
6.2801892559294 11.2569709810976 19.3527162927186 13.1119488224491 3.0583568381052 2.07591138198244 309.285974759155 304.011471844698
10.3978917995712 13.4881796130549 24.435317370226 11.817786982146 9.78905876813233 13.772474405699 302.020549820524 433.886423116989
9.37005410769547 12.8558148462355 12.6308050534408 17.6671385102917 1.68221305717571 4.92132461281896 468.721440223618 335.777417507848
8.00590753483496 16.7049065435121 25.0717516623629 11.2028702304549 3.4002061150451 23.9647173893613 420.677202750731 274.477915332397
9.5493732571831 15.0493164980038 18.4815929334239 18.4971934359347 5.17576655946114 14.0296697927543 378.148340499564 367.733997150051
5.475127560262 17.0999832702153 19.6531253038687 9.43839886280847 2.30483189062244 5.92323218859707 491.892165095534 160.847190489301
10.540302038578 11.9503248969479 24.8619934152091 23.287075255409 5.10003849150757 12.2093671529289 462.118311441264 411.301685533936
12.0901378474775 15.031051528429 24.0270096701738 11.3097836562807 3.41529021777602 3.98484737431592 406.963117829689 368.10286182006
5.93910853631238 14.1864208958477 24.7188369619833 10.6969413390422 3.49724080505445 5.92420153723536 518.477947684351 91.8672972793975
5.09726412188562 15.2917109387933 14.7113608049262 11.1031566519919 14.9428113229277 8.11328917412278 436.5432771993 230.410318331429
8.27373124049807 14.9686328396791 18.713859186864 15.6007457100919 3.40692498621685 11.763928737453 509.4281025328 129.167525769188
5.93068339742846 15.4788389247241 20.243295719084 17.9311909075957 5.28135674131405 15.013886561713 490.585363091485 358.413040817762
8.75175874039056 13.274792939107 23.4954293881796 9.31707438523375 3.49126651715699 5.3669926091749 367.654363337884 320.987711773673
8.22732741457873 16.2949525572033 21.5532567294187 9.13959812728914 4.24809416734866 10.8311805291046 510.953198824926 85.9437176860112
9.80447392541567 20.1595617181635 26.5165860433021 16.4538037255042 2.91327497551426 3.01658099351372 508.246879812287 298.429619659448
7.32370218689947 15.3383253646025 21.2694147648602 14.3726800476184 5.26070670529189 9.21406844517396 479.43672582087 234.847649446227
9.56541026076956 15.6872732834097 23.5250305958571 10.4552193437646 2.15088045102263 4.41967186795473 436.196094004508 263.080420500399
8.22894777572455 19.0218270488454 13.7780206246304 19.1939218969613 2.65274234308606 11.8538773895788 504.056328210008 138.523480212353
9.22781017291174 14.8099691745766 23.9276231769583 10.3354070232746 8.09551031791501 6.72851468687188 443.305768081202 215.864885481499
7.31818725141771 17.8246057159115 19.0056733599232 12.5137358173515 1.35768938419704 6.4346053491806 503.065141709071 112.233135426453
6.42287280324957 16.371206288748 19.1407707627461 16.2041451661315 2.27487263846877 4.18176652917134 498.944729319785 125.673156920679
5.8920105193064 19.0226821811806 16.4291753686699 15.5850770751808 6.29719593857827 9.51901314593597 496.251612416883 215.879372109758
6.56154069810285 14.6469755675653 21.5763926551618 11.1788155534178 1.31027989461756 29.2380482192082 508.463423825787 25.6823142213263
9.5155122684901 13.3626690749968 22.2371478317478 14.8269112602355 3.00133233382603 6.02840612070778 418.786962793495 278.427746604369
7.39758303492829 18.0790487681392 23.5825066540361 10.3161410902821 1.73352922560067 6.91438332643993 509.865905739395 81.8110272453565
9.08154407702138 20.4504709353604 23.1460218746264 14.56006049988 4.07054217068609 7.3703856676913 507.809359996181 47.5213079599022
7.84888415178008 10.1773511032468 22.4252942221573 11.7760923122793 1.75190301981286 6.44828607916067 435.025007643566 310.057662748541
7.2556320745931 17.0967804072769 21.8371170714907 17.7943637969339 0.984047601598037 5.74845158440595 493.654161959823 292.238404033825
5.41244076057188 15.0831682098717 22.2828587864555 16.6922067136176 2.15723519963234 6.00809561152708 511.523382596672 60.5360148168871
8.84286689949112 14.3124970714316 25.1940744608205 7.02435913389961 6.84316746593149 10.2940125019132 417.11304388231 201.653731504731
8.97817162325468 14.8646372839547 24.3799609049939 13.4455845308634 0.837246740544979 5.06723964211235 508.452128168145 106.394524740263
7.06052154859481 14.907134128295 14.1291181640444 11.2236262173038 6.50543410792108 8.94559774552521 488.783346070967 258.044579939061
10.6060784994769 13.8639405880078 19.9610933977052 12.7996714681321 9.7750218325247 9.75146164541728 506.125039668783 45.5757027307454
3.87769692209834 16.5058887213674 17.3474401585842 17.7925447075057 5.22625844346148 7.29716518382162 486.843485732452 284.10019400709
9.79120469924185 15.2151390392121 24.4005892099197 12.4856337462305 7.01356111034843 9.45184782307803 460.777226741884 292.414392774841
9.91181367610587 14.0465254150847 23.2673208334731 9.99595785715807 7.06366522435958 4.26944948106375 404.326491943628 281.858940973516
7.47563541334885 14.8582991049491 20.084127234736 18.7656792045821 2.2786123911574 5.92958596616039 507.594902245588 143.385097075442
7.39276594719273 15.3645390267366 23.6343872373939 8.98337572643278 5.43195213036833 11.2548356320073 460.359759144121 175.350707321014
7.19787548029242 19.8984479258343 20.9150618536615 10.6773704519933 3.19217917582869 1.60845055689989 498.60326975033 174.748447626091
11.6706990688026 12.7369527694044 21.0799266865333 15.4892111653486 12.9957512952569 5.74320992886854 453.652541143095 281.482731061124
6.02425117782845 14.0541872341259 23.5331448934622 12.7825937215621 2.55310921205753 3.47310576265821 513.161898694278 256.810015926301
8.65011602156971 14.6848078414487 18.9011912168443 14.4585485283867 3.29774853954762 7.44444238346031 499.947260305145 253.077637902979
7.95618753364963 13.7599034658742 18.82856654807 14.3483156084328 0.36188500338696 3.6576464665091 439.645288406835 320.357833127957
6.94110809858182 13.7629504103009 20.8166510853187 7.55790042613318 3.00409339470891 9.20036780045844 502.713847313956 202.74553862869
9.70442257337459 13.4151196854258 24.8038315798018 10.9450766073985 11.3254124435405 8.67877660427477 488.953224271855 323.081522860165
9.30849746244022 14.5141533620122 23.4973124694036 11.0979125498344 5.77559122774751 12.4818483975789 451.063103720683 226.195815190826
8.75959462763246 15.9225813590904 20.494016129497 26.0194770568564 0.944209613767302 4.11670631369186 477.991220781685 355.139079470019
6.12285226544412 18.8197277789948 28.5677939835921 12.0222028647848 2.02421695484562 23.3230209184509 473.476234086369 0.621697394762637
9.82791662471527 15.8113725850157 21.8225608947715 14.3946563748324 4.26263749102617 7.73989339141796 515.077101924898 34.9819504476361
7.77903468654491 18.2248547212667 16.9421970089117 14.1100977952789 1.79081444438173 5.89619554552225 483.42640885015 124.42539312332
10.1145802900395 13.5224729783965 20.9243501887051 11.1189459134721 1.71143855451406 4.55392682594505 464.727647845016 281.991083623646
13.9599026400858 16.041760818582 18.439911212373 17.4637674480016 3.34505616990345 2.30574636595565 516.395509620036 132.086792857167
9.99878498928984 23.6199852731937 21.250503370847 14.8987474014834 3.4233945076768 9.23256462626175 383.017425647092 345.352986467731
5.39417061358889 13.69070936497 18.9064330252501 13.5240189011479 5.8360139956414 6.42433109109178 320.707432908043 171.760694792252
5.61758211552353 14.3491583840317 15.6549778602753 17.431598010366 1.68954800950876 4.22321819774774 510.292317164903 87.707398001657
6.06371163670315 17.19717931087 17.0752256602566 10.0175314854039 5.07806913171334 14.1762011668308 488.046850138045 237.10829940486
9.354211025416 11.8294578472339 10.3137981165845 17.7770933596801 4.18613761482788 14.1521776126539 404.240809667146 391.842163542949
5.71294412058772 12.6575214517816 22.4607048529043 11.6544995427993 2.02247196979264 12.5688067466065 422.419297906658 108.815045868482
10.3575046909863 16.8628723499407 23.4420335898981 8.85168850986468 4.49393071396553 2.72224251586654 485.492182158357 259.853554987299
8.29932899308085 11.7335703318317 21.5583388069081 12.8707739547244 3.23889622916578 4.92501591636607 514.471369607939 153.225661281842
6.97122062828314 15.9847368572157 14.8612415416034 15.3502189274644 5.08008928154131 6.21206649258931 506.413908334861 133.208657789762
11.2640685642559 12.7094325063016 20.2291283774566 14.1450156357166 3.66660086022269 2.40422046932763 453.025220666099 306.638572727597
12.5801968586619 9.73540244447201 13.096060255279 20.334713914365 6.52232378057121 5.14259817830197 458.733125899977 302.039645769919
7.1059857679094 13.987851968502 22.972448417843 11.4178165460312 1.81551911739853 1.88809791511977 505.089787140017 234.790714599418
8.93529128845248 14.4888465796483 23.6838274125272 14.0779050880435 8.25155615022462 25.4849102630141 442.636082003115 460.850232787561
6.93808840333417 19.4309361531857 19.3366473301518 16.4588309930438 4.31384273154222 14.1001206753388 444.679300966414 301.699687993658
8.00168150351861 20.4690973632004 17.8529007907496 12.5601292774105 14.0006402753612 15.7333120353034 459.476966418575 246.902573698971
8.25174144344096 14.9993275791288 20.8830797702831 7.19871674875992 2.31168848099637 7.05062954756543 406.262853601387 234.876510291604
8.20462402875919 16.6733950777467 21.4652527108095 10.4006200787015 3.24892049795357 21.3672468762048 501.970571035863 139.222883720249
8.24098256613896 14.0643508347193 21.6849845782991 12.69246513657 1.96114382972652 18.2665132581341 474.963779686101 291.498651953471
6.25014041881588 13.1452778266899 19.0762054737855 15.7429896401282 2.03237201947503 5.642383789923 448.736528739695 273.532124006487
7.320801074909 19.76607277758 19.8767852272077 15.2771373957365 1.79773109725825 5.28662949463286 443.289639760257 297.437065071043
5.95220076569911 12.8317145487716 14.3394380017914 17.4359615023209 1.26027430041237 5.91728958635773 468.695370487647 73.4269824638496
9.10364991730148 17.1810006285249 18.0784938334862 17.6110115313464 1.69126201407235 5.58865544689421 498.465107961538 337.440879562342
5.99762846365021 18.5212267864115 20.5421229478764 16.8524017126869 2.69682711163027 2.24208741802785 497.931431086435 319.339403416753
8.04386072052553 11.2172844300713 21.1766183129452 14.7442304233762 2.20074968809391 11.3700393124489 505.497951842834 84.7415584605018
9.63957044529595 20.2113194278295 22.7665031524244 11.7704546182366 8.06436204794516 5.84577797762092 244.414632539283 360.63804858185
6.64743377838855 19.6136677189792 18.9098737865448 10.3786342686468 1.99154392812602 4.85940410796861 445.930863888039 258.913431458223
6.75111705908363 19.0059477816439 21.6957472863779 12.889130823143 2.73768482736508 10.2851821124866 454.179433898776 136.287671733555
6.80061609069842 14.2341852700038 17.7450767859939 12.7941871100452 4.39511253977227 4.52638959764425 490.882973569431 128.92516037224
8.86453248055587 22.9039566218682 17.0045375704096 20.8942071328883 3.07278253139628 12.5854465463643 388.843038452614 339.650722333813
7.26250774221638 17.2164889523573 22.7969764408111 12.1392772848556 5.2804180467933 8.22073991723543 477.332711255656 290.687263140504
12.260501382858 13.8762876934055 23.9330798617079 9.01629633095627 17.5949159768839 20.9959376454412 311.490262784898 205.760859481256
5.69666231162016 16.2237848007297 17.9450168229475 12.6064718854135 7.26747912817703 8.21555795953955 505.698384126266 52.7518525910094
