20.4435574688222 3.89118087950899 12.4437837068078 4.35157812567847 23.9837587383925 16.6125236590198 516.69343677957 418.215062679665
10.9650903395691 4.18152079451251 12.6444705038837 5.47425459287342 11.0656261090734 18.4375578418801 533.945750749559 153.698853289148
7.81652207175904 5.16094657917609 11.3728718422163 10.3250195866247 11.7026046542536 24.1097685836996 530.675769450237 241.593968557128
6.75328619369343 3.79297380812472 14.5829594021346 5.546571743111 28.5221107870899 4.96890474504129 518.242911319127 285.56605145438
14.3002094185958 2.18629565545521 13.0285941373702 2.66959587237396 24.840370079138 8.07704507302994 490.094830856263 282.567769394424
20.5617794390161 2.54260460160075 11.2082705210082 15.6453446421156 28.4371623299153 3.13459621412354 531.869438261583 431.280691870853
10.5542754150445 11.6674177008623 13.2768141808877 6.37783104543502 13.391965255642 18.8526701218362 524.579449100237 147.107330615939
15.0400289493576 2.94466865939696 10.2044865607031 8.66194795834058 19.3073183115975 13.7177123098251 510.080591352883 458.805908052309
11.0671001390996 1.68674880777732 19.9194165578984 12.6138057468264 13.7319133890617 27.2108272166835 407.420366978574 528.036911731891
21.9088334963225 1.06267007893664 12.2744170686033 15.7035861806666 22.9769647462829 14.3728552682919 520.022173905593 483.316081675368
9.62827001452602 6.38413550824269 17.6467766445791 17.7358962307371 24.9649077881759 16.1243680067034 531.452759909718 351.55620866857
21.0061683161915 9.08242890282579 13.7101482776942 5.26663024924346 3.55303004722557 23.8920557195421 527.643802330332 214.714288866189
7.60611297571411 7.74369138244144 14.0982056036884 3.4368330568883 19.9276844182665 25.9898385605665 504.584771640736 133.740384958854
8.88462699559327 4.73996472837046 5.20182713559402 14.8081087155326 20.6789008574237 5.55271874237751 539.016798963734 428.317942203531
17.8422761027843 6.77383937804706 14.0321065697704 6.86614832273038 13.6620571340092 8.32312704429899 492.429820578434 434.052665266129
10.756314680325 15.7666719617998 9.56576432378131 9.30923996741957 8.05414439005891 5.26094469444826 421.586361271526 430.200777735502
8.09902516785075 7.07745145510819 11.7592423677797 17.0286962922581 9.80909562710287 7.67007789159913 536.676209409589 237.787048888109
18.5962345099547 20.8926785178892 16.4473700756446 5.70895678958941 13.9579152019751 7.18237409717948 485.115652822604 339.180348694458
25.3536891129638 1.86973356283698 6.43440298275162 10.7912965074352 17.926416104905 10.3822301110359 518.669201200753 447.622443414633
20.3794115638576 1.45932890264353 13.7593511163338 17.1454760587865 28.209907729497 23.1966069922185 493.533446193165 442.852162948208
6.40283442556883 8.6616241852637 13.9340618307989 5.38729863627164 18.4954043751871 20.9345179207885 535.277962717474 254.688174588123
13.7691906844093 9.61613835777327 12.8010569329584 3.69359099149217 24.7118021268601 15.2858101426314 501.798785353344 246.089895393498
13.0237118364398 11.5716167311187 15.5802679927911 5.41810929250352 22.430143600638 0.878889727484292 522.197889524907 371.265927576783
9.23144325873451 5.39643278315136 11.4200133900976 2.79017116761176 28.3767333345316 18.70115439538 533.125215006251 174.223166939382
12.0487659780114 2.65951655866555 11.3328528951741 7.14961877758368 27.1412126358983 25.2364196325882 505.850355534603 347.438730871016
10.0369358722976 1.85082653338086 15.7372479023064 5.9386977251837 10.27185573528 11.9620995431779 535.177969762507 270.172987470426
7.45288723061481 8.34530995226059 9.15427899025645 6.15472913785561 25.504210955363 25.48304908774 491.098994073123 463.654342792919
12.7673026174944 4.1135901869117 12.8512207887445 5.58873206927115 20.059485997869 2.02431296877138 440.890752748911 471.417508572774
9.98654830560338 3.73402370645023 12.0735584244161 6.79438939907785 16.0309265167693 4.13630063156533 528.133234405942 302.59956637843
8.79103596834842 2.38580659221253 11.6587263354475 12.0287027041096 8.21976142115726 9.06020819299816 520.044965257088 364.739523510866
8.51342831357612 5.32958542467039 15.6597867996901 6.51944318513186 14.0616086270785 7.79704464257378 538.023180178402 231.82860416832
8.83053281208424 6.41585487624641 24.2912219641516 15.0497093717242 6.80854929721213 27.8123622073374 538.184195461666 259.794405252192
16.4207320571166 1.51155221745043 15.2886174117272 8.21865893172997 27.0319795809572 28.4062792673872 531.273635407454 401.079915143448
10.6672217362197 2.75433481031362 14.2621731427986 9.11567248953131 23.2011154674202 1.04390212436124 516.281461933357 452.152873242776
11.2389699300764 2.668646177847 15.4956749077157 5.96971995851419 15.8163108730104 17.3251327066494 535.091306850195 247.542232364631
17.8585856463191 6.9263959534972 12.1282893172379 8.35776343547895 21.5789685421341 7.15833867645372 512.9875832863 272.842260159569
26.3135593548802 2.63485527470917 12.8431360913456 8.21388984467793 27.906291714986 5.65542587163386 528.309712220146 380.468610706063
16.7179913433396 12.2509276214718 12.8889583194696 10.6863316157785 14.8403999847652 20.965896674859 466.720915043197 445.951045780168
12.6739263287356 2.34741570089713 9.61737781287961 9.88231932036944 28.5779640860009 5.11052208993662 508.641581061565 446.550317190944
17.3322810052613 1.41304374911616 14.707533585488 5.38764921516032 16.2792923996408 18.9835896118571 529.243290106006 309.510640677286
9.93961186521876 2.3525886879887 12.4769166660015 11.4818451306109 9.79846993788544 6.77163464288679 402.495989543776 502.257466459105
29.5219354441288 0.84250791528452 14.5485532804766 7.47139188996243 21.2851336018166 7.15273025134739 532.472371361264 274.753791694558
21.6547181991396 15.846427903675 14.2128125774489 2.87386530514756 14.8957914886805 11.0265323849574 525.382344577669 239.567105780515
11.2597662193793 3.04368457815127 15.1208004970759 4.89707661028703 12.9887548602314 7.91725950134709 524.782977991791 445.70903255887
18.2415625463402 2.409096696185 10.9974572701507 29.3493147673121 11.6421665664018 10.5737396061488 506.116743297812 531.912867542422
17.1928077781926 0.560487222575828 3.57232155092525 10.3017505039602 18.6348383277899 27.6014925293462 485.520909521773 495.529442925426
6.00053791343716 18.4329882840917 11.7161548535496 5.6069941748747 27.5418035132742 11.264952612044 534.949779169086 312.189082506465
18.767267481484 1.98303103116433 14.0345193209513 5.00311705454117 17.8893173052508 15.5745191304685 526.129162516286 166.061896229844
25.3318656935269 2.98710939455153 13.6642292568635 7.33959708859507 27.6005317766013 2.32018943505421 528.27036170976 265.779221014949
12.3089574574524 11.2533741785759 12.1650574617901 5.97349926929914 8.06814112891944 24.5991736102306 527.712788444784 437.031480775078
9.20697234587328 5.67423089999813 15.0349517630267 10.3057477542366 21.0447641935125 8.25498144100211 530.034874380849 312.826771768245
5.36515922791255 5.24570534548582 8.62459751410995 15.7963752670671 25.6077259581712 0.562331782186526 532.552184607233 395.781007392414
17.7219849591581 5.82575863759936 14.1325728647537 7.36914281955549 19.4497259249917 7.50167155711632 505.112594992738 391.770461753076
18.8868119894264 2.75173075396487 13.7493872552303 7.8874551890006 20.2659483650595 21.3811006913777 530.033257250192 136.397829752577
17.6027943982738 7.2427528070108 13.7029829670623 3.92112731589223 6.71536649782962 11.920880835954 532.057633040242 260.51121560369
25.4920598966489 3.02009687548609 13.3723285161256 10.7082880417913 27.9837586149184 23.2471392277416 538.404808566272 27.9972594966939
21.2860571233186 0.147316986072738 19.4643746437737 16.5673644287779 18.5758933394761 22.8393036232785 352.939793423043 499.698570483948
5.69968503291389 3.22305456636028 13.1768574986437 10.9134480636014 19.9442811442694 8.40784749072233 533.658055849172 292.149584619153
10.4409597729388 4.30569576543809 14.7169556050822 5.29648805133194 21.3130961101582 16.3946900306083 530.351851493376 421.140377855784
17.3303243918372 3.42659718159204 13.9882756945351 3.01451481711191 10.4824235975227 13.9231587260896 503.193360738355 284.791972223507
13.0267147553908 3.00871939580501 13.1617881024253 6.31429728935359 14.5191133487927 11.2000984434062 526.31172164857 154.272030489924
14.3714891615202 3.76497567489503 16.3489770099134 8.17900195362314 28.3022993391739 15.2055444673418 484.610585560445 235.254298194453
18.4581639759886 1.70424970379358 10.884932118332 5.41078284573358 28.6373203481517 11.7716089766395 537.316467562698 39.2190649883455
9.70103075226913 7.57367181683951 13.7676263829017 6.42320694178233 14.9819616214357 5.7995181719881 526.441223154707 380.333510512546
12.0588904294437 2.66970425517015 12.3860059165374 8.51828003562844 27.1938711732841 15.0333789094548 501.447889009335 417.424872890994
10.6623579702043 5.14446175423926 15.3243021275587 8.86104359531506 21.6646591841446 15.4770246691213 531.819802470891 403.165675227078
10.7698150381456 5.28647609564521 13.7546054573208 3.88860258828931 12.7427108479628 21.5959039049319 505.665521232815 392.383078808086
11.7519308776013 6.56364769963191 14.5191112818173 5.88091928562586 3.99075984269522 21.8145187395893 530.684179278655 349.542903985796
10.405787154196 2.58502866745873 12.5095646243514 5.85944777504028 14.7662936406879 15.8192869714084 525.864121691251 266.568033114851
9.01438813284637 3.43473495728718 16.8374891225769 9.67923424808827 13.4522815003746 5.12346481012996 537.270561744923 261.315966998413
13.8202428018876 3.20870179823637 10.0505279635821 7.58226203742353 9.41026843852748 20.4078405866856 469.440949755029 356.35186959817
18.3040851340226 5.59202386421159 14.6046730222815 4.46079831114117 4.69766885166575 6.86014670527003 492.05285753573 410.10516478186
13.4451683394307 16.5811143959546 15.0808651868036 8.25551656275573 13.4429950288017 17.5761100337064 506.39202391032 389.982708550073
24.9862044030059 5.67023427328921 9.81748101175329 9.23136098575877 14.8253914876223 9.82469753187608 522.28572775593 255.610664904049
9.98015571736122 3.46917017460394 12.9244199495833 3.51674957032444 4.91470808960508 8.8924912460644 519.156477047324 231.544125223002
13.5751544227918 19.4331285956138 15.2829574041097 7.58511833397634 10.1867174702154 9.38315842732794 327.09524820019 480.533600233396
20.5325208932424 1.74537371621628 14.6527396713404 3.92085492450767 20.1474657034317 1.59834177115978 522.184306547979 449.387961920348
14.2069881108518 6.58057604934444 14.3236370494946 4.5864586523211 15.4476223037311 25.7947578600428 507.418555371993 435.122171564588
26.5492890285281 1.88993781455892 15.7099559791369 10.6253027258646 22.6257313777705 0.212050296266564 538.787087760377 208.971942526005
19.5618698062598 0.53018306889918 15.3931952350095 8.05722039367448 15.4137969025288 21.3729321571122 529.911645843072 377.320701624769
14.2440767605842 5.3164568163209 11.6497045681949 6.40770015765359 10.3922546633402 22.250590539459 527.921128705529 191.350694635455
8.04532732813098 6.15272962332393 9.47252831543846 9.20368564663735 14.4417992910253 5.40624633130675 517.331500446389 421.430604050699
12.0561125141303 2.65209267880919 14.2407084119586 7.42873485176013 9.71708163745967 10.6681448307641 535.427909883071 170.41259847763
12.5588119042705 2.57071477104954 12.2729607963175 8.89605908448186 21.1217550495984 7.06425292982744 493.895862179004 486.170844808314
15.090276833844 2.78977808009301 12.762672628099 9.60879118734066 28.5925091011813 11.4459317414921 517.641929904051 421.827428512855
20.8424183706766 1.95776101983807 9.36525143769431 12.6566344157328 18.5859844364659 4.55650664574764 529.57575618231 401.04869575291
17.558210204867 2.80731787783748 14.9601123367817 7.42253346972922 22.5469129233368 11.3462278754645 492.584729721267 409.886613075943
18.2628279865225 10.6014571634042 15.3940134239023 6.30584950630596 2.30901098088499 21.6239017407552 522.90513502231 484.857463411181
11.4432487343687 5.10463295782042 13.7723784036074 4.7181499912991 24.1161215451499 21.7958769920483 481.056461623927 312.718206305863
15.6348500632824 2.8858130427668 16.2401643459864 9.68886821667738 23.3391606182427 9.5525071110799 533.469354701551 395.734805869665
16.4961825138996 3.24564226918189 11.9102399113801 4.8555953400239 17.0367770001425 9.81353842542734 524.339382901381 326.787840385793
8.22750087489375 8.60010193663273 12.3311453534745 5.53878684975129 26.4547357064144 16.869433449703 532.501007652474 329.135862016618
14.4296921822743 0.983794033164658 12.7348876049086 15.0186226922547 14.545425110032 24.2186170904932 463.148303728215 412.416959600282
10.351802322186 3.36973734016911 13.35572135509 4.72117018629783 16.9267540800149 6.75415314580092 463.942259898408 400.168110722842
23.0909335553471 1.64137276808956 13.841868854332 10.5004619094496 23.9170992643173 20.731842685032 536.4092276163 434.620250867104
7.12386116983797 4.27637718163639 6.41608160372541 7.81092734437111 24.5380095723187 17.2058036945863 536.98098309942 158.199016804889
14.6423085318624 2.11240996337739 13.4558822437059 6.48889204718547 22.42019344328 8.55150856552432 470.075357698084 404.928677970255
16.6164115505804 8.98189514996306 14.6736976373581 9.03415424561721 0.617960522614277 13.962893440283 510.937357177039 410.516523101685
14.0839192098521 3.27962881897144 10.6896925447864 7.07227576056354 8.98460743432571 13.6878373355905 537.3026393129 146.97389098987
11.2442434017017 8.18491228955951 14.116180037997 5.50857994217193 25.7769613409544 22.3359856752328 523.357197695123 369.777312091491
26.4132732288643 3.99919500388949 12.5158572019165 8.77878413139565 28.0600151384561 0.531364505088803 530.651600238825 344.640132489761
14.0758328360069 0.914167377532038 15.3418785388351 9.21572833782249 22.4943456387682 24.940864127423 430.900719257068 437.864920174851
23.0559171871868 10.8602987525915 15.6682580124343 7.57676844876338 24.9632704707757 2.65570130882954 536.424273131589 189.181325144666
16.2566484664559 1.48870868446444 15.5059328229701 12.3334306776127 25.2170356963358 4.00408549617654 523.436850787562 428.583732111614
26.3630945833813 2.90627507725253 11.8850625186085 1.96343037745099 27.6517333940929 1.40442910240117 495.587662005269 426.360399219408
29.1584948075757 5.29335236563534 13.3330885262191 5.67213506543308 22.161047803289 18.9293797471276 536.544185241306 363.430193493774
16.7946031059707 4.24011435424105 14.2908194121751 4.75147089901088 21.0959842923391 8.83301646692238 465.347254555621 323.689355511342
15.3563577874249 2.98226137727297 13.8764501324551 3.37619548906796 19.0593996226758 23.5085940924353 532.878024210222 141.031499869395
10.7646399802789 1.54543315898141 11.9432086260786 2.56639578620832 20.5408893615715 0.940073834325931 512.64643883902 343.551233280553
18.0674716556355 3.11995459209154 11.7841943912067 10.3895074443834 25.9694431890805 1.48455427498539 527.199770686908 419.992435341091
16.7511317375193 0.946449636114144 14.5757150538023 5.19708399755201 25.5970347553704 28.6810079687416 450.874583770306 471.709646671921
13.8165958564504 6.20536432918104 12.3648987037101 4.345627033416 10.7492398042316 13.1715209296137 536.419141610382 327.189708946815
22.3265318138602 3.47473839145572 11.981837665826 4.2505901451965 16.2150139800637 4.98644896023895 529.700305244502 296.521395751253
12.5090198238204 14.0281491200119 14.0636809969052 3.92547208972535 18.8033314913976 14.1590799691452 509.561546875643 368.145180002042
20.482015697043 2.20020493892211 14.5983019252751 4.26409772334667 23.6216182215098 4.40888237517596 442.78138130253 455.914143548825
8.73648748268937 2.61189968739139 12.4381846398578 5.66364015366255 8.92515689335676 15.8243447544171 456.442577956573 460.285506458049
10.0255171608945 3.52262687569235 11.4072977175399 11.0266632709421 10.260617016404 10.9919086959429 537.49001648232 325.152825882973
9.11533143127432 5.56728115255963 11.5419632736081 7.42347136424918 29.6702215841873 13.3351218081376 537.148266552936 305.886160903715
18.8690851995076 1.94361740948331 13.8636180401929 5.09535035077795 22.5638569592444 1.79450244454105 513.008261174356 413.307963750237
12.4335585302888 2.71989663427025 12.4165757165274 4.71081945999611 19.0614324405624 0.365055296133448 533.260288827956 228.697538124594
22.0415110186944 1.07122756468455 11.1174909628619 7.43802792560835 15.1145861728008 15.3954723544648 521.846182026366 390.689380040443
17.0454692985035 2.03697212504646 15.3896706776879 17.9309163673426 14.5916051268494 1.64706197716351 512.404637875042 510.226981781991
11.0442365272832 2.50839259279745 10.1929169901523 6.90192977961394 21.8512671860131 12.6063187919199 494.371765488114 463.176693101116
12.8445227501684 2.47959183979325 10.4663713968907 4.46063306942711 15.8818565161278 3.21934426924858 505.055511739604 234.998562854055
25.9474020369367 1.93830063827153 11.7131685919979 4.06475060980171 17.8242149024257 1.75012123634666 525.374531385331 443.339038723271
9.93201871698412 2.51021874620211 14.818717319242 7.8762728744766 15.5571783251959 7.3158559513059 532.501854353988 355.695212168873
13.0691425626693 5.97889232053789 12.4236476452891 6.18530298797089 10.3559343107783 27.3854754707137 511.968352529917 283.851387981029
26.1825519486615 1.58786621916464 11.3297466392159 7.9671600246761 28.2248090531113 13.537358283581 516.914127776395 314.553491551723
4.13279596562806 6.62900208802135 12.4405533629777 6.01381537484886 24.5230099250997 22.1033274795911 514.863985650652 418.0607614636
16.9639690171792 1.65918905431527 12.8615914253496 7.95534737709916 18.3689117612147 9.57740148568798 506.740283316426 467.996372972214
8.27018430937924 10.8372487545339 13.0841840746641 11.5524336448838 23.6591810629679 26.0502816658519 528.955322486062 398.13611325203
18.7363334858374 1.62862082009587 14.3394666762484 5.61073890425733 16.5028551393265 6.15534096473378 500.344233862447 432.79310383287
18.7497838030263 8.93679125876496 14.8377005525104 12.142276521335 9.33615525605537 6.22720875767926 532.735908992068 334.494790020322
17.48440259441 8.64689293008573 15.2281608397529 5.01659619117287 25.9435432697964 15.9399621022964 383.002012691951 182.779308518917
10.9514149567557 2.43645294146014 13.5428426233916 3.88156126199496 15.9450164525508 23.6389971839134 526.909688727772 388.289510606578
20.3261654341006 6.31829937749839 16.317776890702 5.72183772858183 8.07470865715751 8.67036704979714 517.468487575165 345.198811734257
5.55261868467892 3.538155944991 13.8029373483112 3.10229447355415 9.81508275609643 18.4236259019422 538.988291773747 398.383324399726
12.1987768990641 1.33480037618521 14.7678128715541 3.7414061151343 8.78649729731166 3.21915702296145 405.855722178443 440.949669916712
27.604048613166 2.58763693729024 13.1365663299933 7.47741015335006 17.2159039413453 2.07031397008186 533.643188406814 270.686479189061
23.3776452621351 2.73269370489057 14.3840517941226 5.30017617120941 26.5327964037587 15.2828440916918 491.42067453126 297.36417265785
11.3165403508519 4.82670929851651 16.1375040011406 8.85629090712627 11.2618488167453 15.152193278051 534.691238075826 310.386562376351
25.504604962018 2.43939798083638 13.7384133431803 4.97811613659151 26.103236372363 13.3630192044541 434.700562713341 282.324032663827
8.27484161686922 3.89803055559738 14.5278934040864 5.97448591183353 22.6727456723377 12.1596226522714 531.204726834906 258.338954919655
24.0464160614384 6.56088315687171 13.9461937927197 4.55347448989281 21.4524840563576 1.24396279712005 526.670446849614 248.864196765259
20.758198587491 2.32879868603685 10.985331713067 8.76649518385637 25.2690301907699 8.69737999901402 533.88465946813 283.851362261333
4.66279242574308 12.9166968056086 10.622913798188 5.16313517490715 12.7165679938357 4.17849665397672 522.397694972737 210.120332213151
10.6272373214437 1.71354453807839 11.2280803735929 9.46874218117989 14.3383797358778 8.61721228042551 513.496386239736 451.138985677581
6.17477850452747 12.7840242935083 11.1964962483212 6.93614320124567 24.6694401611162 23.8529362098619 531.356767668492 295.192286343253
12.3262060543242 1.98605622467869 15.8176032500627 7.90176486915833 22.0447970862748 2.98173991242701 538.251866749572 37.0682748007812
19.5356908055588 2.48456991524829 15.382038322797 8.25647513435517 12.9758263035374 6.53569346116114 495.538253471856 421.793558599723
18.0595825880209 7.58706115037095 14.1686715763781 5.69815429920315 27.9037997297216 6.24853767625548 468.72810837814 437.397335144365
18.8536646155852 3.33547845653746 10.8176082442369 4.44694979002382 26.6781794368321 3.87330817557562 514.747166317257 106.160394479432
13.0108948416203 10.0035553737893 14.1634783941332 3.93791594041717 7.26632805559835 29.8977905837706 530.725990246949 182.406008293375
23.2200294753448 5.073116784296 11.2699271375249 9.40904478838825 28.1852000563752 3.22497373735356 538.322081290368 351.528804709808
13.9168594378463 1.72448660304162 17.3875337105974 10.2042688758458 14.2292077693687 11.332949913599 511.243136028058 425.505777905051
18.497136788583 3.43495001208289 19.3490262484006 10.3170841612249 17.2265944070544 2.44832271805356 531.71677165267 424.392588267851
17.8027058892539 5.51773845717593 14.5960069496792 8.27934310169179 21.6695359716926 19.5548940389331 473.191679026069 415.840623240746
20.9633769127445 6.52112364294349 8.41026101960435 7.82791950352368 20.1418426442022 4.64071972476005 454.761997619054 433.918559926559
16.2912944048721 1.84061043272259 11.5624683606483 10.5269082672724 28.6860664493979 7.62545851506998 509.46968036877 463.185956285133
10.5946867108733 5.719027315833 14.4185622900239 5.16942800028751 21.0672231250705 20.4290318597214 484.445207636399 419.721573211706
14.8692924420583 8.46830896282452 14.9597933149387 3.3344292988456 28.728998629083 10.8816031417464 530.472937181098 117.735148757097
8.22933898329054 7.63273324449233 12.7700845156991 7.98344130152175 21.76005396039 29.7950811291359 532.740636125528 348.269820625846
14.746978877481 2.51625585652897 11.9425115752225 14.1543576476712 13.4642282405433 22.3086161695296 528.40913367124 268.792794019389
9.30185769790469 10.3585271649786 19.6383018629848 9.98235871854789 5.90443995203319 3.6182935018579 536.000512304018 307.878621827432
13.9610632403731 6.31139772827893 11.7223202467889 9.57342497817575 14.754556041379 19.0854546959855 495.852465817498 379.116885530343
21.3134132049838 7.10145774640732 12.0579061027585 8.1036902794455 23.5641973252969 28.2086853690429 521.649260862312 195.400465031195
4.1299376790546 5.37561528966258 17.730100676557 11.0358853468274 27.3446445442069 3.82717148175084 529.424596388889 374.805295165071
10.3988054531466 2.38267098743413 12.6629104633701 5.82813435530781 10.9627092100656 11.1894482480999 534.020389465839 384.789951852974
17.7599664690577 1.33991097535132 10.7601689132614 7.70304603374352 15.7212717518868 15.7091899619731 513.486492084851 344.520001434768
10.3019167553906 11.8374583060409 14.8049182872442 9.39443950408765 12.2718619346078 20.4392683398046 534.631939938664 201.894786060547
17.4908791532351 3.57238554938315 15.080559553591 10.4725146603025 20.6990495537389 14.1354665714015 485.632341928253 429.30733006364
14.5663053602576 1.12232484948747 10.9108785740133 11.0797008557035 15.998345259149 27.8215265496233 536.248735134463 343.001754262669
10.8898322830808 5.85426041785602 21.2946643764199 12.4469060873178 18.6518855217952 2.10845791556111 527.897500866173 392.282162046026
13.2617835834293 5.83244952874754 15.1227600649819 3.78153774103204 14.2483105122022 18.0488302896998 526.585839667479 207.770815313784
26.8370088934934 4.09464607736499 10.0202927241512 16.2904332413412 19.2867286795583 2.55560984275813 497.264285357448 497.098770717237
11.9085494945433 2.27395557179984 12.4290178817491 4.93578970071418 9.90111808617091 15.1297148963709 494.39487093973 292.322953374404
22.193539408827 12.0620107775903 13.8042393908414 2.0958476661444 13.9585176605445 3.26539541537773 538.808420950597 26.6479162022878
13.2322069363478 2.4905435486354 14.0452095993549 2.72894444124295 7.44755513295214 13.6747169284612 397.452196954306 251.185786804003
21.8522067914097 2.41612043682392 14.9569696089998 4.02528276403747 20.2983808536326 9.1296869987064 526.82720164923 191.468737409015
13.5908355783078 1.92038648055276 13.9464247370585 1.94825047400323 25.68685872763 9.09334150228744 514.21663791175 260.403208174306
6.99223058918522 13.7299653265058 14.3840537092231 3.73838268586379 17.050942505331 9.59463981739618 536.002378745864 232.692300194643
24.6866563677319 4.0842942905864 15.9029313503334 5.71408317293376 26.5363974518365 3.17861717963628 533.876262399265 349.138865383289
14.608662951732 3.84545047462782 15.1580270087504 8.61462084404014 23.2590461479344 10.2417565170755 496.261882068572 418.048916938166
4.27398839318332 3.34123905623015 13.0186862250064 4.73348357830622 25.2123529316468 16.35847405261 534.980717543849 159.405219142545
8.4439756175252 16.7244883619068 14.2848189786567 10.8300444474328 17.964034773514 20.5082339868749 531.105548804706 282.457471822623
11.3605677640353 1.93168949227631 13.5233179310352 5.4311812518518 22.0347538282703 23.2676965002618 533.577248456656 220.748469741591
11.199798185349 3.670922292227 11.615392180063 13.5791157199184 13.0324916828829 19.4488773211494 465.344371024133 445.178025672491
11.735331106848 5.54486352820444 8.8987486333425 11.2822254797862 12.7021928777989 10.8721096015132 534.890695031721 273.684242332749
14.5927627469886 0.327437875868603 12.1906626604115 2.90095009016239 25.1015757906443 16.7962099016015 419.815064170229 376.315203419234
11.8182459947691 1.21151175427672 0.461675252026501 13.2588395172134 12.2170083977834 5.1227688232703 525.192297423592 482.605482481533
8.42539113893077 2.04184651030459 11.3808904220619 1.66498937314617 25.9610438747013 28.4609782980833 426.01161156662 112.07126702913
14.9268113720977 2.87586398787157 14.5295956745565 4.85252612606694 10.0273041904331 7.05128038861547 528.774149658615 252.555957297483
14.3470668455015 7.1392224400129 13.847795981168 5.79038755373075 22.9906651026311 14.6077286685161 528.412865138688 222.210310466608
7.66271084214362 5.37749219606814 8.24901530598012 8.91832273597668 24.5079428791113 16.1719597864011 533.764670730434 278.355869299322
18.6304179883677 5.25887040964972 11.8339733148804 9.79001887368863 14.9686400828954 1.43813359902769 513.789171223652 386.380320399891
13.9221923169493 1.57565139654348 12.174931426047 4.58627512707044 16.2442032416744 5.84302129205818 537.688376901748 148.842912235153
20.1809306524221 7.0054957860344 12.8713442218467 6.57152652622173 20.1135010038064 1.26608901851936 530.027670618925 388.528941302641
12.6687609888765 1.64015829118208 12.3838347689993 4.26152003059947 15.4271053472147 19.9696992522093 519.965680016036 225.253329240998
8.42882241132114 2.83765902812951 15.7153323776836 6.4430248414071 25.8874757118521 15.5031788855116 534.264260386195 376.300362954276
20.8839133423628 1.68218149555167 13.1280753237923 4.53015927080943 15.1543630511777 0.973600442594537 525.467401302429 197.507150667098
12.1400300077752 1.69941490648667 14.9752901388659 7.95234643754382 13.404956814873 27.7151097883067 493.130175137143 449.634095766193
11.4809631396633 16.1727986720888 12.3410150208843 8.36711592345638 13.0621732991764 12.4711823470678 524.747225597375 516.522260929198
11.1500727295231 2.83318496972085 11.9652307711851 9.70381600854359 9.27020981571266 16.1880427019692 536.736310934296 445.029722032872
12.6414148811563 2.33572064971577 14.3697323167291 5.60728853511636 14.4458313018752 22.5976710251087 526.893296668915 314.255504079702
14.3515951713175 3.00903724924266 14.0336818348396 6.16193674544236 18.5777282010945 29.8146445654177 524.205313376763 302.025968447207
13.4204420121853 6.39077988887135 18.394656443447 6.25980966947662 6.48506206383011 20.76309595479 536.139120908138 260.727753116819
16.6538357774739 5.26190780035245 14.5821062282449 17.1233788786624 23.9949949206301 2.89408003853703 533.436384292933 329.888745395602
14.3588404996831 3.82589177976124 12.191620337519 3.41507794161627 15.5477849366943 3.39272572794909 536.199363341095 203.362770635645
25.7855408514702 1.6828451309591 11.151081901085 7.44388318362369 16.5492761283936 7.64633865196294 498.872194692393 436.650106508299
16.0546951906772 7.47220307317148 12.6121987643427 8.64010994251197 17.5427535217555 13.8013896350522 487.167276584733 454.932498548145
11.5383077164578 2.55914927066453 12.2738353623561 9.2077367510169 26.210787519617 2.67163010298577 532.830713780412 323.026298822487
26.2493293191662 1.73529195400811 13.9317764505568 6.42099603646222 16.3132938814338 20.138681176044 523.398083404946 337.248593674972
21.3894746782352 19.3809934055292 12.2146128918929 4.41373588289692 20.5508285710506 11.5399826023893 514.851282512322 201.774646927805
11.8733245833971 4.0009283621051 13.6827027142715 7.01805787876374 4.66453674469787 23.0394049984273 470.146132227708 466.270949344327
18.9576671285883 1.6210469889264 15.0826174188679 10.0030870299269 29.0459262864077 24.2988656436 426.213052408249 456.218609454834
27.9820980240671 2.48213061475899 13.6034024090337 5.44326015029122 28.1804939397674 21.6213341004941 530.873785728376 318.154689625388
16.6821270066858 6.5348871038998 14.6846154079761 5.76171264721458 10.3748096383822 28.8929112331899 520.580685381942 58.5084352814272
11.3822504506491 8.18823428044051 12.646219565265 5.36576726976148 6.10849565314361 13.6561086171849 535.462580457671 374.285706484727
10.1806513031886 1.41767346357166 13.7637277185713 3.84310824015889 25.1131104572315 20.1504941466718 509.71913881005 317.027423638385
17.8029685560312 7.53964276572221 12.9932655776087 7.50854615844953 27.0451790618126 3.61905080875772 461.180953741221 192.741740049028
24.3121542659306 4.9202471828444 14.3369085849188 6.3150074860467 11.1524486065161 4.1354126007501 534.354705645703 69.6319554409098
7.54547423863014 2.18040041433811 8.26870945825778 19.108478021063 13.7499148868779 1.25045190282797 533.622406315426 469.65507037743
14.0194841939542 6.65778061822613 14.3796336574642 8.06951278145569 9.19221947075958 25.6939789761979 525.213028958279 430.675200496287
16.7090996798436 0.759348945160718 15.1700581603941 16.1883278816504 22.1352979411401 26.1508682119115 432.747938662624 392.894980835292
9.10494593301801 2.54900176617411 14.2059565574334 5.24820493841409 24.8611174080007 5.91614509333321 533.544865758985 162.959105239355
6.79617648445621 7.88421064079719 13.5061070033007 3.65116233669667 20.5739140425243 22.7624004406533 525.434377051758 367.360083519149
10.9596142076738 4.30133204690322 14.0455896832062 6.63122057450572 25.1602603566087 24.2823239540953 527.836793030554 284.998878332219
19.6657843555452 5.55367460169959 11.8316169941132 5.3733444268855 24.8394564577008 8.98319186191218 531.871311806468 253.652401284738
10.8468141593125 1.72119464302688 11.8125769962545 4.17506299317071 16.3653851525279 11.9771488165286 305.368218672394 510.696200879523
12.7887915374822 2.52679141784575 11.1989277110824 4.44487503788663 23.4791951130168 4.09963079876079 495.077374333038 352.2904852996
14.1987912037501 1.82850792941442 11.6770180698078 5.17397812626797 20.3632591178494 13.5144477807519 528.89827432773 355.191288866113
24.7753037644134 1.37847126489601 13.758827098006 6.80750207563095 27.8060666241307 6.83490156197579 480.488631148434 371.972267704367
18.7052703236981 1.12738960834501 16.7882674355747 7.16065619631368 21.2876404202348 20.0562057545525 532.830287721541 428.760470781875
12.028541997684 5.91587488358196 11.449185810009 11.4466636678156 2.34680421126113 9.76298146877861 523.997910148496 428.582996390526
13.4281194976852 10.1951854110327 15.6091149564859 8.89045524727843 16.2525471667043 11.4812730239402 525.242548238875 193.771873120557
16.4478829538378 1.03964686593625 12.7623594432291 5.32033808828056 22.670767360105 2.20113506334556 491.359315754935 509.897780438617
10.7901668440888 8.1751369197101 13.7340513202508 5.53287376337968 14.9879623090394 13.4184313908435 531.167962405023 299.906697973272
28.1997981317229 1.26203277762243 12.3079952074824 0.938829819300979 25.8683747711387 15.1283549088023 209.947465292358 527.818500465286
14.2105340878869 3.46616572558544 13.2680758425498 4.59182277206171 16.0501411021341 22.2294493718519 500.607129883259 368.134548648592
24.7718006342376 0.315683623186643 12.640798002021 10.7881079893742 27.0638577357351 20.3982594013122 519.262225062966 411.017030904032
25.0945364383519 0.291925865874598 12.7965272041916 7.55674857161758 29.3908619393163 10.9143350307136 535.295002308165 255.818242183621
9.95160252167171 5.19845614986092 14.6031750135421 5.09994536326196 12.5835855726987 15.6593680178118 528.998850527383 317.164451304875
11.1615926484608 2.54706882676824 14.7014130419444 5.84420756698948 6.87832593914459 3.17807273776338 523.433253419803 405.658611144241
7.50591857668352 7.28746625138204 14.5086692459921 4.67395425879597 15.2708780424023 10.1744962552008 525.994116875234 124.282640045346
13.7961600229835 1.60907456135419 17.8515186172905 15.5582221082925 6.7274764906595 21.200097182981 528.005860052914 447.139883080352
11.464218031965 5.24646559047079 9.53970057093877 7.74731976790137 18.0841452780882 4.92616116095843 446.622978177405 447.594241194104
3.48989474547759 5.98208285957324 11.1852360542723 10.7034005300615 20.2847928545008 10.2878069185336 534.724208775712 250.684793108623
20.0519204333599 0.442236860661067 12.7908059497265 3.67934855406373 24.4616086217977 21.231694187911 495.787223998303 444.656338095312
12.8858606339485 3.20463263379454 16.3005099454039 8.93227557037806 20.3393160129596 5.4380096300295 448.096382960502 493.910534663854
6.55158623104863 10.8853166373804 13.5850768574893 2.90362161147851 23.4172645605997 4.83461613926502 526.515948747671 332.622547250513
14.5633463123038 3.88024748122114 12.5446283959418 7.68553859930018 28.7131052018156 5.95091145964951 432.633470031257 450.851108727279
10.3814884694472 9.88798993827845 13.7534371216071 11.2409453791754 27.9238892042043 19.043345846917 515.069140137487 402.658935882048
11.2751390786486 5.65917735917184 9.57486013051562 9.89135770609 12.0812867116098 11.8620401037038 535.651697549719 311.9205658072
9.11138820453526 3.66549394733481 12.1276468639344 9.72958878229466 9.54093488339065 9.06060608517499 538.105515966888 207.933940179886
9.80079152371411 11.7757292271763 14.7531827470387 8.25323899127678 20.7133209790187 21.9025043027025 528.415506357509 450.253588295877
9.80597219128302 5.74926721436843 14.9047333600287 4.47024663307035 19.613143194535 26.6551776925421 532.191541367421 334.814017133326
16.2162592712981 1.57598911488656 12.9565950114105 4.94708989311824 18.5235923494718 10.2937155903056 472.199867113375 344.322854544403
12.8263025067379 1.75395414962693 17.0243271715398 9.59236018407793 22.2931033915729 29.0204493164757 529.226085082173 357.386916002809
20.7077744152893 18.5317585725026 14.0742044495507 2.83212617541914 15.2052138567706 1.87592283842378 521.289324557995 183.789056145256
11.2405259290722 5.10844390445738 14.1413969955623 7.62612887918447 25.1664299527447 8.96977191037257 515.985363839698 231.080491588562
13.748586095573 6.34813918648486 15.4714283925733 9.89936509173689 19.4871269657861 5.48572491355762 533.720302773934 249.562518528379
18.388342192959 4.89001504950197 15.6181474058139 10.5009686751424 11.8975604402062 24.9798981385837 525.380331871172 319.904586121528
14.6961357339231 2.81190585246435 13.1909910113241 2.84588332551646 22.0339231998066 22.5044474861881 528.156050138916 187.97309928427
10.4216831807807 23.5823413528257 12.7814946556285 3.33829021806662 9.91121600346865 28.2903250829764 530.042570396254 466.504435551652
8.34652602603517 5.54146937268604 12.9754839991958 4.11778981638452 26.0616925323292 24.145287240012 528.065667721911 181.977353683861
11.6620635361595 2.06801891860482 15.5041607905741 7.98581846954763 10.4439395866018 29.1540146747713 522.51107522664 406.014132643019
28.2036009052011 2.00495019287626 14.8089379161302 8.44315654943491 28.3470632538856 8.9163814589215 535.192356719049 342.152094023044
8.02972250343127 7.60616074638454 14.8043830877536 5.63741241604933 16.1265319996471 8.01598075517034 523.512685680536 120.855930215151
17.602878974154 3.12831924021878 14.8723571052608 8.85999379278855 15.0297716406479 2.9155680735043 533.018114568118 494.960883999413
11.0893664490146 5.25674944924797 14.4530463458857 5.75501958289355 8.80506598454645 4.1735793673321 511.13161021592 512.839327389103
18.0227987433129 9.41475450124232 13.7009278156205 3.96520218184459 28.5914959631878 20.9584553917324 479.879497951692 187.013317088482
13.9230449697789 2.05795436136557 12.4926582953814 9.60311170828192 10.554897393874 25.0361203434886 529.518625666874 374.08080369215
11.7656010443348 2.59579187189318 13.5965204256479 7.67074776071964 26.8524610524187 2.68325573784395 529.397498865813 410.98161309518
9.59582189315154 2.45110493559159 13.7222604367195 5.05293534915097 29.3219344510875 3.95356818301881 528.762044061793 255.30022337955
22.3034377584674 13.71626652032 14.879913331545 9.27593726091402 13.9422066515595 28.2521086686703 487.22325020031 494.74297666395
13.4968639206866 3.47669445748455 11.2262754646571 9.53560372401102 6.51991025537245 10.6752074255666 528.844455158325 343.406778168071
15.8569095060217 6.90376391780697 10.049539171054 6.02819288295471 13.1567923831041 21.0306697872379 533.975976455429 284.446912525477
4.9646262237083 8.12818816033793 10.7953677475786 6.33006249849315 24.6522776920324 10.9364604883401 511.194395548549 396.423221248168
16.3963163391997 1.86064865431713 13.9857671169304 13.7841486154146 16.8629210934997 8.39680813582386 455.434707928492 496.448112601157
12.355802806365 1.49493707428658 12.3924156160953 8.8878527059224 18.3733669455111 14.6830936200466 500.259530180666 464.724133094047
20.462677986714 5.69006180288243 13.3831364689179 2.78666445284426 13.3381384783586 10.0889214814705 520.955076578558 450.574915937778
17.5795124994177 9.76987567063107 16.2216625588766 6.74913551970563 6.38164668835228 9.62896041742745 513.006515927581 438.39685412844
26.9123224060289 1.66055880048832 12.6920098381557 1.27076784377331 17.4748854261963 20.7636943231464 537.002458245158 266.54061485021
28.5308976815415 3.5533309634572 12.9706851753998 4.67269422179532 29.7431584268312 13.8681786014153 531.127506099711 131.477038493285
13.1306853904634 11.6887398435593 12.903114058185 4.78286527298503 9.86751393340108 10.2509263817623 531.139999523036 365.525089501372
24.3486566040328 2.71242284361697 13.8361013956426 3.84934704931068 23.904816399368 19.4522036227172 505.575562043095 302.596344748546
8.3342713225026 4.57127280298485 21.9542029671042 11.8229978839049 21.6980906818809 1.96140817361417 532.51660581131 357.840236254051
13.7151565746158 11.7667283034911 14.1041117998001 4.67658407962615 15.1321120572756 26.0131662726165 505.789968656341 364.975970358355
20.5194309226658 9.29000631104352 20.7336987437505 6.81276928501252 6.5104248053786 15.9310050606246 503.766304767114 518.472573870065
9.26258887689059 5.86580419051897 14.7515918726516 5.30442480515371 10.4462824140405 7.81242544553135 530.757564550118 271.440104678614
12.248415656734 1.8191795924457 10.8161744960191 6.6627329537291 25.4040107357083 21.4520024656224 396.048597497333 378.953951903225
20.1613228004391 3.04876689265946 14.8699578582494 4.72138466762653 8.74481342240521 8.25738660305046 517.560083333758 444.237563732874
16.6779532488257 1.81209434312579 12.017512853527 7.64862937649121 11.8947473434895 20.1505751637342 529.536188507035 283.355292972654
24.1855281727447 1.0375325006264 13.5084578928358 7.44737119558261 24.5177989934689 1.85190257199007 528.756456712757 327.719401022137
20.093905939858 1.40058734586338 11.8118551251278 9.43949642583292 25.9614555397889 21.4910713343402 503.733585456876 362.295729286921
10.6036164294855 8.81298684386782 12.5294964059857 5.45901637151435 22.9345884454848 19.7760130420196 502.441877927787 466.802460158916
15.2191397797347 4.10330268011499 11.2860397562989 6.55609395318858 14.1576248294458 6.94199076698889 467.879815715444 337.066940539263
17.7636821851588 0.192755624243718 12.3253542754842 6.66281150620576 2.64148926303881 16.1810882810741 499.172012289624 473.397264547517
12.0807821938964 1.3196139468189 4.50939303732081 15.501011698257 20.7244554921662 8.5781637426882 264.850660716201 518.524028468102
11.526228342073 4.74981641270958 13.817365042001 3.91013385406022 21.3323396475091 10.0930209220128 388.411987861243 220.873110288249
22.6803113424972 5.66170915105275 13.8589978056244 6.25746658438522 25.7839910013402 6.75041943378525 512.092306987437 350.501921421473
12.7991587588892 3.19608739741538 16.9128142189928 6.96119795401517 2.49020718430715 14.2911573452011 433.539203110054 417.400370171123
10.1499703406955 13.4342404705223 11.5826095939056 8.28464628882132 11.6293439353174 11.0889654345306 494.69243126933 324.404037070584
10.2114251794402 3.01779367573786 15.4714883235327 5.32834448502248 15.8932519585165 13.5785926275887 516.820369304908 356.300447530765
25.361936376208 9.08095248237156 11.5811885340803 8.7650733525332 17.6032333052461 8.38851447226245 535.171111168389 159.475232154581
15.8181133079377 1.61183520719063 12.1147454778081 2.04857752042713 20.065791331937 9.91452969519645 536.921835137813 242.786324431902
13.7839792895613 1.46757047747638 12.4957455069845 4.76671402451591 12.8434444357158 13.87488453248 506.853701808458 343.406521400459
10.1196967885204 1.9811896812043 17.2231505813887 7.84354367714489 7.84923006060032 5.27136750399685 506.526305681507 428.436281143166
19.329346789531 2.37688946782827 6.64340921508483 10.9492292809565 25.4951037383622 6.83855884907803 533.978966508858 391.718269235697
10.7100799314189 1.06940165774917 14.2282687091896 7.92208171722739 6.05893827928965 4.66752124879846 539.219828431961 464.876248054581
15.2520463941447 0.607570180040664 12.1942185418658 3.36283805573736 21.9085871703686 23.7172016006001 499.686167221376 311.644006127386
13.557385485127 6.24630538851964 12.8626992428384 6.08811599811907 14.2330011621879 9.02442143384933 479.942569132627 329.062975873344
18.2838972496969 1.86079678215968 11.6649997336404 10.0519269972072 11.2644346013727 4.187782270468 516.806082514065 426.035928864661
13.1200384900178 2.19973087136903 14.1087416851838 4.59198636090391 3.65039286482671 15.5235172173713 400.416417435775 464.047117737663
6.87194564108557 20.4806184211139 13.964382223373 1.65607553356451 27.4633293043331 14.8496951557704 524.443632344035 175.739419022157
13.5687304785855 1.96958272406389 13.693529944312 5.52383081995773 13.2788162187099 5.76896156224682 466.341730327325 441.201859014429
9.87254142790454 2.25733720219022 14.1675263185004 5.80266705678513 22.5477480961147 4.66762537248358 532.924140078482 333.8607587215
17.7192856923661 2.62381551289905 9.69481262737233 9.16078741054576 8.20634617592555 29.1290800430037 521.598299299192 430.990627334379
16.4175765226259 2.1576048446918 16.7585813853639 10.3483672598765 16.816215432896 7.12558577240781 510.030545119493 472.97856355573
2.90947196979423 9.35511201724218 16.2536461684291 22.851643853061 23.515719759827 2.12640392828472 536.990356327362 434.187830978864
14.2428362750459 3.7329606303122 12.9337752783574 5.58982419590352 11.5781244615434 16.3842966267291 509.99092192794 370.549390978891
19.5807807298466 1.35107748714647 13.618983103217 7.91249143428173 17.6452168595921 14.0143468715924 508.910145707497 481.713793699615
10.7364662104881 2.53998351771483 14.9147171058457 7.82751362218625 20.7829505939471 0.199811001273608 539.627796173957 182.924525474959
11.2441205158378 4.81257912741966 14.3444130024919 9.59076658711791 3.71779313015534 20.9831687350413 498.180956092866 460.909376057221
11.6472018639643 3.40778569388571 13.563515742389 3.36730702705719 22.2166789186698 19.8213468542741 503.959053809748 367.8177939052
19.4138638007046 1.11877859935959 13.6861500091636 6.5870929280595 17.0975087266235 10.2874614839527 527.978999057299 390.111254723969
17.026010769877 2.32220589445764 14.7374911234972 8.47323799341972 7.79069724795476 29.9522727511554 516.64295554754 485.533932338028
19.5320273764678 17.2993510399814 12.6263417088715 3.02073950988996 6.3159878165435 27.0142480372818 525.043813165443 411.993399423954
23.7455588941678 5.1645357925394 14.0636972526038 7.95295979526473 28.7525554597323 12.6762275834924 534.355898369795 195.376526562103
7.80272224522559 1.80291938522551 12.3055754980092 3.11510981428236 13.1809071095278 5.2302951507927 535.155609070666 373.193015800431
15.5446222874884 8.55703133037245 13.881808506921 5.05953273886566 16.7317502159773 24.0027768765474 474.722515276659 426.25448725179
24.1623911845985 7.60569964939909 10.0509883103528 12.2160466113678 15.5298067451798 4.53326976551929 532.878175798285 314.848842430978
4.57237614049364 13.6331739383104 10.9389902198014 6.94388000487036 21.3313365496752 4.0172550222906 526.2419117665 397.875945070254
3.70534474280987 4.31437175878663 12.1696742478423 7.75536738420498 27.2151182112459 3.82631009911213 519.528592204679 374.934937564449
2.97103402282036 5.34350150553404 17.8921323931151 10.0118034202159 27.1131878574395 11.8770814069422 537.440432604753 260.258992362792
16.8953468093054 5.14478875836098 13.5400089066062 4.37150098240377 2.07415118367598 8.12437861372389 527.826466781441 349.259733940671
15.8377053676345 3.60084573618678 15.7837545968487 6.7389302005636 2.93742311330668 19.4889549085863 523.077118514823 440.058584102153
17.0168789632517 3.67920943093461 4.03346108026496 8.13166166206866 28.250453715036 1.6624903477058 532.380002733815 225.156910792094
21.7178428358788 2.38600191612998 15.0759031869354 9.60048041251538 25.7871533480354 8.82106452849845 529.959497622247 326.874731458913
13.999692320776 3.93548188368105 12.9210468899542 4.10739779779856 23.4317772810561 15.4675451003039 510.714736041303 265.96355899366
14.6545016457182 3.29767404023886 13.4791606826361 6.17441763694602 13.60879457094 2.41837161609246 524.733133165723 311.210047435994
11.4074577727334 5.47449005547844 13.0929024968585 11.9865730010523 13.6340989462337 17.1138305937672 532.232642426515 461.602561426907
16.9055268436871 1.53110535461754 13.9700523283826 8.41427532671752 18.2103529392747 3.2605479861638 473.634581699307 505.584200928659
23.1381029662936 0.673822238981258 13.5982000583918 6.10937149229062 25.2711363813667 9.3708368081465 504.636825980413 419.654298219058
11.1768941477486 3.86899893381228 12.0684991975505 7.83019579738859 18.249061707612 6.69470498173996 461.620209095318 465.958913928217
17.8909991830965 7.7320441106744 12.0134710935443 10.7823171576118 3.08180179326854 6.79649916584393 535.639745452453 409.102466344704
16.425240807866 8.0587698768835 13.5182936165056 4.74555523123895 9.12263162609224 10.9918585631443 505.379579749929 84.9794245154819
9.77657496870545 4.0382615670014 8.51232706797115 12.5694127144469 14.1235722075765 2.60644922946918 523.398205563391 401.223570202374
10.4717426757842 1.46602938852233 9.81409314284316 10.0613231637643 8.09465500662886 25.5706522972072 514.884956903076 412.020829907033
22.6440673789227 6.27996741274266 11.5756069122365 12.1446055714218 18.2161817422239 2.43299647216874 507.347620404978 422.585348668211
6.83651174321623 4.68534606177539 16.5059720822721 7.22416203342982 24.2877046896561 13.6091295958768 526.896317745554 240.743516700965
21.5440753878054 9.53814906572583 13.9851559069041 9.5313785354023 22.4247487054289 5.59467316916145 532.64433152335 231.420865518087
8.95471233555947 6.25132048244873 14.5469456442183 15.1317773125079 24.3951965274847 22.4987537424129 512.898114418328 344.662288649441
20.8395445217495 5.17094632807355 14.1386894237679 6.65942044923001 10.9193102334565 12.7791512221069 516.839508100669 253.239374129101
7.65846359170006 2.78915129297759 13.1936626337157 4.19790004831361 26.8385343669387 22.3587834239747 518.340887868574 373.395838078037
12.0306956890403 2.7095514023025 14.9712441174709 10.4285389760014 12.6716168015434 5.75461584023751 532.971094767368 491.367173768566
11.534933634193 5.39269139863433 16.7314867431072 7.75895020554885 28.8460941666421 19.9547599317526 438.949261284519 261.761230076879
14.91622859482 12.8507473765199 15.4454868125833 8.59559939747068 14.6132037465862 2.73740742723799 452.578007475311 273.902328161849
16.3775574418187 5.0091552240851 12.9425514582438 3.70818364484549 20.6265604473177 6.8924715546561 434.780635596962 162.978644619025
10.4585183587426 4.79524950915044 14.066281951601 9.81118933052273 8.61531606929713 5.12847666665323 515.099829433964 317.499501673866
18.1793047395497 3.36306797029318 13.656915765618 8.52727479024352 24.1757540991978 4.43322313497148 477.230881126594 396.830585343381
13.0877516341179 2.72898975063015 14.3889751093093 4.48172249690025 27.5365390677041 24.0384570321684 530.799574204387 170.174456443503
3.11083757700354 2.87714628887043 12.2465912444835 5.36358410338338 12.9860460544766 15.6491222956853 539.882381994251 66.3334944284871
9.73122436463336 6.04738002759123 14.1652316983702 7.21773027199015 9.28014183135066 14.0918309000844 534.266047063236 383.328964982874
18.3540943692314 3.04961845846079 14.6321324313465 6.56908866900898 23.0456989000491 9.65961199354985 464.783007691212 316.541959458565
20.8011250279497 2.50297259453013 13.5553429815826 6.49034435446814 21.5465484092982 14.8579210780644 530.661887398643 22.2676899031348
11.9672900349469 2.69509946534389 13.1077626179882 9.78262596497742 13.4387093564782 12.8543207341522 524.040698826161 306.598812204687
16.9861650949421 2.31380640689487 13.9015563906579 5.36515704452243 27.123573071842 9.55489243170895 527.100897957972 317.720909123641
4.56083031247875 4.51434638240011 6.15336311355214 12.868328425662 23.2285148681151 15.7973397428629 538.202607868464 187.415659590379
10.1078391933297 5.81405184503787 16.1716116467645 6.24356061281467 14.988440251642 8.15263443827626 524.848705384149 263.227938740784
11.564214239503 2.21359670344716 13.9738320432388 4.113370361049 21.4364926266621 12.5768441954618 501.070541743286 477.127829778548
16.4522142181263 1.44409618280828 14.4513994110789 7.71517573069008 23.3193874189779 9.802952417527 497.719837683437 535.419671323916
14.2336447498198 1.85431134775047 11.2965370753788 9.37142125285152 10.8020033366897 1.53622991090156 536.947043529633 438.340978902142
11.9633914999835 17.6213262915405 14.4498940846787 5.28139235407117 17.5809785687615 9.5804278952639 517.63804876367 434.239096064782
11.6471465721944 6.832200194068 12.9459447155881 20.9272584961604 17.8209750178103 6.09285494488944 532.790580415873 478.400292199869
8.30306706420625 2.89215196390984 13.7998323380243 2.90176677239405 15.8571160192353 0.470226055702922 509.734794187386 399.233476656455
22.305903099091 3.05084921455341 13.6536748601904 5.80873744125166 11.8592976825597 2.13148268307081 526.42708390333 297.726857747305
13.6295609589828 2.69461650030699 15.1379140147411 6.40270481034839 9.23187879773014 17.6258092089518 503.612358653494 436.655400327678
23.3517130857204 14.5515135056864 13.5346238095802 3.54533166514007 15.6649731598529 16.2802805494887 506.878440701092 224.239178561504
20.5839756599731 3.84740296515351 12.7961644142179 5.49999235186469 24.40598659526 16.583061736078 502.930330956469 302.144359400904
22.3653431943924 8.3388868842358 15.3424631973478 6.04202899244028 22.6352361337354 17.2820184137434 510.000137865622 348.986164737524
12.1402449138694 1.74080381978585 13.991058473796 6.51330811852149 22.187812359657 8.61596717587731 522.476229092731 285.147070355851
11.7558871455234 8.85825625062481 13.2852224094921 4.39809540612519 11.8760974542024 11.008982998941 528.106316933089 326.124572233772
12.0547980824525 3.430853049672 13.5426470049181 2.04209090454532 10.7605660257278 21.2537769728585 509.178291103446 95.7966713580364
11.2058714030012 10.1661798302045 9.99861616296251 5.92274422528694 16.6901034016369 7.20579238515118 520.852433627647 327.59779431055
12.4701057661197 27.5432563964635 12.3864965054391 7.45722233750987 2.80913864521303 15.9915624307119 523.28891051584 400.372045426161
12.6588945143222 7.46244660290331 12.8527754428902 4.29616302453027 27.4970807610675 27.8486306848235 514.172918737669 267.547098711475
11.2983454286192 3.22356765360721 11.9545105390049 8.50738363969444 13.5327358262273 22.8456083644166 533.123118739216 246.143526399333
18.1120288539636 1.52705347114062 14.5932696274008 5.42580194799597 6.01223140459018 16.0609511923923 518.896668268578 216.795650943181
15.753331243821 2.88177406675635 14.7329940292352 4.17311271160529 16.9007971530372 6.73433477990231 495.823942898807 454.673095713525
12.6216706119963 2.42576705841683 14.2137172017951 6.19291664689101 28.1856156141413 17.1398636441994 481.885390384292 438.473193402847
10.6230476246649 2.74511073091355 14.3299338488744 8.44226170172433 26.618014815319 13.8087320153106 531.61109687961 291.210110599847
17.9301240614408 2.98295211294108 11.6537443267934 7.9929714635878 22.6067318583397 6.69524115479951 509.53364804943 247.853924899686
26.9873997985105 3.29045568339931 15.1325012972572 5.44153951153595 19.8271725949069 0.696192350317297 530.786729814436 375.675897218727
14.9931793217135 1.76928818587241 11.5645789950586 5.54029914338881 11.0160875509964 4.67995848945645 510.364863233018 368.914022080521
9.89539084444016 2.31149721657042 15.6412154953558 9.61796966877906 22.3407066475044 11.9983397792545 527.891186474438 437.8715645593
15.4478691624177 1.50207619780592 15.0676941259168 9.56241369487882 22.0691928070722 12.0986743322707 444.830604780058 440.031734352046
14.4189412597314 7.62299366463376 13.4239033505243 2.95353282845618 21.1040450116779 14.1275398493969 506.400750728732 278.64150901548
17.7894087384531 2.29413908922931 13.9354486529871 7.93049137615055 21.3916216285071 4.91891794440148 50.1840693997699 478.997425346867
7.98163259722569 3.36129578849592 12.4186136799893 5.03332750929627 23.7131745280545 14.0459228200439 529.510246096208 236.586208084703
21.2277620162343 1.08123553195203 12.2804080915227 7.14411262424478 17.3837374757591 13.9143657813846 515.558083050289 418.452527751564
16.543072356879 2.83417281151094 14.0353618563496 3.36864564051306 14.5259021208244 1.36648857829498 527.846860458377 368.975983955105
25.7090148707763 1.62459764586662 13.8567719314143 3.73629561395507 20.7742707602262 13.5631830051969 512.525640913381 427.975533897838
9.48929333056583 8.20073494369037 14.1712350229187 4.4689651193399 13.0250515648139 1.83928501967817 533.027054855731 236.629009330371
6.77918355013949 5.88613265534183 11.9889071211295 4.90981580797952 20.6502007432969 9.50505706148831 523.609239563607 292.357877116167
7.2687045804778 6.57524197642452 12.0797270050478 7.85500982033024 16.2606142191463 3.21468226911295 530.496311595367 292.939620499333
17.6523707973946 3.03574011112164 10.4567354760322 22.196900539718 29.7358745289053 12.7654668498555 508.039814085628 502.760976540507
14.5391811383048 1.68304899123936 8.12053820241175 19.4844032464792 24.5464297670652 11.9677830080924 492.187803652769 495.815038903728
13.8027023202625 6.45625187674808 14.1627796476728 5.79842249699497 13.2891275834522 16.559880543077 530.123360998245 228.455326092649
14.7845544300075 2.28815882891323 14.9542849963811 1.89677732549755 27.5520519458615 8.43774448401417 523.026392907067 177.106371486443
13.7458101210489 4.64096796413947 14.6316539279151 4.73289536853891 26.5933229265143 22.7462451643617 496.886937097643 210.611842001396
13.7384225523653 10.3364241400196 16.5714001616121 8.80776942452307 7.78759911726636 20.3251872811438 491.490744198227 431.369156099696
20.4300892978872 5.36838305643795 11.9865248559312 3.41854888437885 11.263569770487 1.18632281795076 512.622191308469 231.912187796669
7.53148592850105 8.69404158013095 13.5722459469173 4.24918934509286 14.8200742469176 24.1737747633958 521.641237015039 312.84640179194
12.3065421196065 1.0208684801393 14.5162093310841 11.3389281917034 14.8738047929021 8.85895427103524 537.765341340418 159.988456143189
17.8601223006468 1.11818901027405 12.6809903270371 6.32500055330599 17.1951015332327 19.5692499193832 517.31048914712 369.640270961486
19.5587310315148 4.1372436332096 8.98793567139192 9.03848531754047 29.467283283269 5.67672919971279 530.034103624941 291.566640253096
19.6485457951232 2.95261234209429 12.8571899108949 7.67547570765169 20.0454683506366 1.062506538902 530.353178618984 262.418604287646
13.9269220584551 3.01992802250094 13.1040163605633 4.67393730391102 19.9324708618032 7.41209238995024 473.375807228825 439.470963580081
22.7503381386039 6.4910315286985 15.1649457708869 9.00719214832129 21.6472322198251 4.85920715211146 536.791785403567 290.054132430225
16.8103233736486 0.73435985498354 16.1814428870927 9.27242791811365 14.1447329157495 14.5356153766018 485.585986486333 417.648700793053
10.0190750165771 6.88982353178544 8.63696162451224 8.45224838300585 4.87364027141547 12.1977620461365 535.584612197749 228.900250560332
16.6027345982885 0.935657419225849 14.1970343083794 6.25616270678793 22.3721102725079 18.0805988371487 525.017574198326 500.788927964214
10.0165185813381 5.18765539725505 11.1184262798384 10.8382987839066 18.7288706820357 14.0447289788017 534.938662250258 340.142125989223
21.2582592434151 3.80111243375454 13.9245779717639 3.98023828098738 16.52020266519 15.3231729269414 368.952830127655 334.265703004753
11.559738911682 14.5835592436951 16.050087042709 8.72341250019682 7.72717492585542 18.2107214992881 535.538120604238 465.522307118162
13.325471528462 2.62059193200835 15.3587512189108 13.7604371960204 27.0773383477234 9.24047832904418 485.865908267088 479.639346922224
15.925024713246 8.13967920720762 14.3015587967819 8.63966372139512 23.2828727922311 8.87148186965761 500.664892392175 329.278674345009
10.5945777471848 4.11800797624875 12.760008223064 8.89202599047565 17.4521538216596 19.9794106829351 531.113841399581 353.285594443167
22.4146000989496 1.4957525967528 14.7899655141075 5.94282736556648 16.4138313564505 7.66822200680364 516.215995456488 345.984956014335
14.9000997948383 1.06608817756681 12.0373502942 4.02232436622984 7.13086174272601 16.0482663185372 529.654815857847 252.229569894859
12.2289834230956 7.63454636342677 13.9884773851463 2.02960666875503 12.6783889298043 26.1466198300691 529.186339559825 222.412529680263
10.8870482423268 1.81869634450886 10.3374422895641 9.67317165877128 19.2127862397053 23.2251110250128 526.835786895007 352.237943201504
19.0604040668088 1.39229263379264 12.909809236702 11.900297020782 24.1553979082178 14.6563193720109 521.787123417708 426.903659737416
11.4420922890162 1.3904917892248 14.2041250949936 10.3982114126618 14.8926685388698 4.48501035070056 536.43695215551 391.510782056693
19.1186340227149 6.31426198846435 12.7287057544584 5.43487048022503 25.3382238730585 9.25339519124611 524.676779804372 454.280673734429
17.4768484195404 3.66556195307877 13.740599935658 8.6159195912861 27.6313705542226 14.6442083545885 444.808946806293 439.770148333527
16.4795440577188 6.88807924028107 11.8283690364589 9.41026194123511 29.0775773117748 12.6371885939694 519.771127331863 345.495931944499
9.41543668153269 5.36171257621834 15.3928888841491 8.85940150627166 23.4879678206481 3.23650295246001 523.685123935643 403.988858006204
22.102562131608 4.70620675638311 12.9637755143535 4.48188566334768 13.1691566772398 0.575868605237051 521.429781247241 345.721315588318
23.4096253914302 4.4617568522729 14.0071560536609 5.06874556671179 3.01050916151009 23.1194076018024 516.113845370918 195.339435147862
8.85125550279082 7.18457544611229 12.4170969587882 8.60289602740657 22.2433960185685 22.0855036795366 529.496188743911 322.051661308137
6.99728784222453 8.42732249128467 13.797897373926 5.69881426776263 12.832746679741 12.6755916633493 528.902031634027 269.249057609024
17.7931673824761 7.06085890860389 13.8248561523101 11.3731192765657 3.01128780893336 25.068424036036 509.94388131875 324.507835999714
19.5304553874876 1.69407583195558 8.76865050784077 7.86553771187335 19.9895598763407 16.2312551939565 536.835172910602 313.262235983429
13.4461232018141 1.76965578693364 13.1337090552384 9.06256722796945 20.408572439714 11.3315448146196 517.594371033389 366.332381424546
11.0434986621264 14.0157510332845 12.8779373460472 4.40821751756636 22.9428053292565 20.0253097076051 400.772020341371 423.563134859537
13.8560906145461 5.49218030384466 13.8470118593751 5.84947036750146 17.1786280150788 4.52274330529732 505.900105341454 271.614546300501
16.5746139567764 2.11908689279895 13.5120478331769 5.98456136905374 9.3469806616585 29.6427647999602 532.215050274787 244.731303759836
15.4566121674982 1.02210532660715 12.4396318027295 9.53943865573736 18.0387267836095 26.0689517296671 513.342359879183 493.383745458597
20.1214145096324 1.73445589236662 14.8858269172957 7.13669400078914 18.4997253199652 16.3273229736432 489.552296221756 417.224340680829
13.4028005479267 2.31682125325812 16.0963259746995 11.8846585816546 8.18894777237803 21.4473361913211 528.784246336794 401.45523091742
11.5207135852024 15.1840508579965 11.7825393272585 9.34566512507687 17.8863698358661 21.8930155698396 526.360692975033 387.289849742229
11.7256314766765 2.15394179365755 13.444575567811 6.04676958125254 19.2676210218645 8.62288536817887 531.273424685299 178.955541272354
10.1880627070979 3.05358577967914 12.5393262249821 4.694564350248 23.8118272776519 23.9791614441169 530.482674712989 299.062056840863
7.40165947095709 12.2991130841338 13.9873490756518 6.38334705917777 10.0738162787461 7.21614616881323 534.188023156177 258.600647230644
16.2870891940004 7.7153522312456 14.3936073557526 8.58644111407938 11.8350710595301 5.33989300456722 495.26257231849 391.25711655114
17.4090773868325 5.43064703542504 13.9865747928557 4.97652030752335 23.6697724670322 6.27522789093364 537.749848911227 147.620694205038
12.884907046946 3.08272952065843 11.0790065373756 9.03380860219309 16.4254389629039 19.7892213740173 505.125828981388 481.13255362922
28.8281477735955 9.53190288643079 10.2643155079379 13.1627080623947 11.7616218619375 7.79316884107214 529.195634165412 308.193734825317
19.5770869330047 1.20480472375582 13.8274390324706 4.43991076933849 27.1442897667024 3.81901234778794 430.06989023392 449.86993066249
15.0035448605986 4.29299428698628 15.9581660315717 8.95413382712292 5.15020613940723 9.67341837270406 521.530688687859 489.28913643574
26.3268520256447 3.0324434493361 14.2990223443337 13.1930285555089 28.095522510583 2.00281245778952 526.401573761047 377.769905957991
17.7442181793926 3.86041693252659 12.2318028458204 5.66641738850556 7.73162005215228 1.48138327714862 531.470575909412 402.198228702825
12.0079384102501 2.10051055595254 12.1080561450498 3.35896067332544 16.7344540065716 3.15491232843187 529.155121622027 374.001031778441
16.1633306957099 1.76364886266783 10.1146581357614 8.12052675176978 13.3049113791407 26.4183786931834 527.221065427711 320.99387164523
13.0081487108364 3.89707558347466 13.7059824270111 10.3670693477327 13.4499184452666 11.7414578965711 514.428707105292 375.56587525643
11.9876881028868 2.11084041295148 13.491360856079 9.00483343826898 10.3935757502704 20.8758513501486 537.835347905917 320.26042371836
12.7461718824254 4.41479764446468 14.4399297380637 5.49016735640387 14.175360190913 13.80466497491 534.081577368022 455.12161302143
10.3037194741791 6.17319183096624 14.8570155632047 4.21483134370211 8.00553850508182 14.6255428997244 504.847419787994 336.37452437083
11.2956392700075 2.77691971619778 13.8958145895936 3.50622940858218 6.06537798278118 7.81207204339245 396.959585343805 295.400507110248
7.6976998153468 6.05275101664528 13.555919691316 7.35862599076466 21.4843981775307 11.1774181025844 529.255173646127 268.916958561324
8.44131715321167 8.48775726948127 14.3164103859142 4.11497647909976 6.00628161288755 22.8556428733064 503.921906725876 302.738876490876
13.2584059545032 1.43043823729884 13.1424278601514 4.58227753629852 19.7490743048395 7.61560501706643 473.811885146775 466.944175348614
12.4368161363729 2.3934736883443 14.982607152763 6.33745713693039 23.9897141767959 18.35478178188 523.477568273185 170.103292433747
16.095467370936 11.222992137755 15.2861586718602 4.40922068869149 18.1886704725155 27.9624472410693 526.020527371128 123.186495136214
12.1696539400762 3.82390971308115 14.2121059258612 5.27270786834767 9.23671233609524 5.73811513643019 537.688086571443 124.665706886771
18.631399909349 4.52903060744319 8.84840774584932 11.0165656653858 27.0825281274381 5.84644624435463 536.955242265971 177.212735763133
8.85742026649222 4.33864460092033 13.432691439951 3.50287953610879 29.187474365772 7.66687201438438 537.474423936214 192.339996677843
6.7685231097298 6.31325640795375 10.3156839890368 9.73914599694643 19.3677469722385 5.06625465637206 532.040400087662 307.797610213653
11.7716860293532 3.33983146598523 14.8133301085549 7.24336900985158 21.5571289685889 27.91287869047 513.827097050712 395.311394709081
25.2027081107314 1.58404315453984 13.4864273451511 2.20926500963971 14.896384435843 16.9837574775189 527.319170484678 226.083480403074
16.7012043701744 3.06577820473331 12.4795355842123 3.68571892928071 9.21992368216219 16.3718280124344 537.947113771612 365.111600770859
12.3898777136778 2.50730084130734 13.9862095958042 9.61609685706934 11.1211130891152 5.84294187370864 535.440437099043 407.288514721935
20.5434344959784 1.97023026349302 14.4575097134209 4.67701475904342 11.2637450331951 1.53541004282004 468.082618240394 436.344558523116
23.912912490941 2.3545175940284 11.6405532999297 6.31037313885527 21.4433155768903 8.01263482782553 527.638865275171 227.377431011297
8.95407021728096 12.8015945727443 9.43106723766006 9.04498793067413 24.7830268695043 20.3914819293544 524.988697303445 488.039761338708
13.6689223113328 4.15978910769108 13.9510488811478 5.47712941245319 22.2230367342022 22.7340512353275 522.553059665677 260.384307032611
12.8476383699555 5.24779276640078 12.5629668728587 3.87094690622516 17.0939259781382 10.4350881818347 531.583876681485 258.399364759948
16.4827871682458 7.01827893259185 11.6740316681593 6.52070774580266 25.2526921053677 14.9096169798032 534.846630152315 268.45808476102
24.1895423942631 2.25734074672664 12.0500874180066 9.43602206341116 27.8699171470852 26.408679171389 525.973336626024 272.663162938142
19.0609854914715 1.96666404131905 11.0635460878098 10.0849681753075 26.3520571385384 9.95892645069835 534.95529032609 347.915564681638
12.2036569828939 5.21591194130024 12.1924300987531 6.29904821616115 8.20886665665577 26.9017112570609 529.517759626 208.687502895795
17.1605566098992 7.72868166848369 14.6076496567435 7.42722285591394 21.6775346146627 3.17455489485126 525.299949545188 394.532105620108
17.7537746045699 2.33906743746445 16.0730980180041 5.89788409420887 17.4345754240705 2.22867061765462 527.999035543519 425.853400940943
14.1219594745163 2.45088340339284 4.82571505072418 9.43291512324178 5.20653632230411 3.69931367280337 489.716706454202 474.888934169294
13.2093277127594 5.90829102536751 13.5848174209206 5.66509627914994 15.4871570313912 11.7314573024368 507.204706736353 438.885143935337
19.0902334236528 6.19952770229933 15.3625874381362 6.68969733096806 16.9941571797166 4.09919728249017 430.614558293154 437.593019547961
9.31153465715573 10.0262291114351 14.3623338154929 2.62199997720903 14.005900962914 6.61063781349772 525.024343453225 279.985610785606
9.74284577133692 6.30000542927345 14.8025602867378 9.33652716782802 12.6599302386257 15.9006374408623 533.659902233387 377.616385881957
