11.3126876433638 8.25144335315859 14.48006838644 20.47806055957 26.192832949408 26.4695412174221 491.797016865353 238.492056984614
10.8405753532466 7.92219095990242 17.8579728389471 24.6302673665111 26.247567378054 13.6431931354975 463.533192484095 483.891547593346
3.47124694375805 12.4011134347005 7.97795817306022 24.8382572107578 13.5716835024594 8.05324561868222 514.670614286433 481.713563137139
4.74848699679829 12.6903043582248 17.0272875645169 18.6097717657522 18.8189985720468 7.31262409780872 521.820363836194 315.550789473508
1.79602767467361 15.0277200228925 14.8731932551388 18.9892745904994 21.6793815440909 13.9336521802733 509.934998616572 406.814935976115
9.26495303473593 7.00380556475091 15.096460829515 21.8635765684769 23.2916485174499 4.11342512979713 482.7507226287 501.925990705561
10.0305775699647 6.36414749363973 22.6263460614846 22.5946111000368 20.9282659721548 7.07292784799347 287.56633371409 523.721463952545
12.1330410624682 4.7216581535944 14.7952448207422 23.456077671509 17.3984834370829 5.43337284421675 479.368250021652 466.058541134514
6.94724712572093 9.71158694428441 13.5152148329774 18.0173675391969 8.5010370368678 26.8075774115598 302.665138027555 522.410621204842
9.9927496294023 7.09691805066432 5.33234451543481 28.3447632776773 12.1332466438343 9.1421049972372 522.652379092984 466.032458637546
9.8441181357136 9.31485828824447 18.7735024777736 21.4318390896131 17.3510485622816 1.95599247930506 495.860763975072 485.850261368129
8.09968690397583 11.3849360042088 7.27172815933332 29.8979283399391 26.2066871962545 8.68320210415589 508.592706524017 478.625282521521
4.19808298687814 7.68064143846526 7.8271061445416 18.53675778817 25.9006186782936 13.6292852456691 533.930012130451 114.359613049428
3.37744955295902 12.6091514928633 12.6846363474555 26.0823622119563 11.8056371265253 2.44227928946026 529.589456061423 240.942842917687
9.24673090738407 6.75928735467371 12.9758392098509 27.0883490173687 28.7649880984982 16.6900538443839 434.330391897906 505.702966450805
6.9376541015653 11.9014172806468 12.6814082506299 18.3423049418398 23.335148801294 15.025586082548 368.702237054582 505.62133785152
5.46805408851584 10.8208350902671 3.75545789653836 27.0159266650462 15.3977347923038 25.6007071420402 529.6748872919 234.393420302232
10.6399278743877 9.16780886524422 3.56629057193251 26.3726266454799 22.1855917617172 7.05354175321701 517.828420588743 239.618935231254
7.52536649938172 13.5268483583408 17.6232075067478 19.33018800237 20.9422288250073 1.05704573213631 509.488156769876 423.560915855775
10.7980801962508 6.96925331484141 10.2338106415776 17.2958720077402 22.3901900003058 4.6806298756719 472.749885912314 492.141085760739
14.5489358465073 6.81569180882325 12.2235378820549 24.7601999271295 24.0738730370759 2.13316921315538 489.667240440532 486.738488811471
7.87383560420541 11.7684520379293 10.7362354547386 27.575718302481 7.80114069452089 18.1490840389111 490.922454679131 488.376671738746
8.18956449881441 7.84023607303465 14.2830111875576 23.3227547402738 28.3293745966439 7.69524449888264 359.549939292266 497.868755381003
10.4328715594927 7.12569610578858 16.1763993381153 11.93227938686 26.2243491250361 1.92493739761506 494.846634316411 444.145543233863
9.26506375826199 10.8057432534132 17.9039665610869 18.6892154907947 28.8702663921333 6.25343560755637 510.574818613582 481.249512737169
5.66134186633828 6.97035837418567 3.61215475810055 25.559340546031 18.6560625087969 26.1462840931523 494.568855673525 442.207384613358
2.90244497516084 8.41884574659617 6.93187561286387 27.8593031530558 22.4447266355454 24.9261370416173 522.528972315872 277.852274982502
2.94744532672145 11.7428209283552 16.9883390228031 23.298053080123 21.8246644769102 16.5476149162511 517.405796692478 482.34944142399
9.34206293754871 6.42840275452061 15.4297588943211 19.9602536344259 26.1201163074507 5.20350903436624 367.955939079304 496.077714105236
0.921115719089258 10.1569383415266 20.4829181715876 24.745746837154 29.1308869527315 12.8695590327709 516.425924468241 414.651298227813
8.20516274098708 7.56135669203919 16.3096833805881 20.4979211156227 24.5832205910144 3.23199155496005 453.016188343922 464.185711532543
3.18291242374681 10.0194912834711 13.1862820751395 19.330793694131 18.2750121739051 20.4276556610233 523.115800656504 314.915000197796
4.69231323655398 6.79200250702956 16.125338645451 17.8208322834526 14.8965972844521 29.7699166003421 532.229117889673 297.731507141234
6.04042955359394 7.47608577282611 2.3814317532507 26.9366366783909 11.5315774694858 27.1127786159719 498.747454223172 490.69022264446
8.73924626909161 8.50686242258603 1.4124328611571 27.9690249323805 17.3700635470671 4.19103082716037 411.925795943785 491.372635271539
2.54678902101257 11.3227782712185 8.61589725352844 21.900415829409 26.1977557538786 19.4429495624247 471.359909543412 418.605078791622
7.57373280298637 6.78207240193924 14.4700331403284 25.3129047549521 10.6307635410148 11.8723048875721 514.942264732664 407.071693846954
7.53540738525814 7.86570716754233 16.8050963090598 21.1909621312615 4.4327416989896 12.6525764246687 456.870969871595 441.050159944207
2.93484820454902 12.5978333469542 10.3715790522028 23.137483178074 12.957041596905 19.8554819611374 522.917599991344 105.292904242825
3.12041487970288 9.02916663277891 21.3130222255964 20.0956041787689 18.0552368421212 24.3256225766891 339.183234841211 403.149857038874
9.4498025467559 11.2846599696607 17.0240323967417 19.5469518579254 7.24817453009442 28.6415565705926 521.899940770837 238.162908431362
2.62547633592381 13.1047777875446 3.13853824888798 26.8002269859398 9.37731072662385 20.6824001066432 533.524137883806 243.4297924022
5.80173067632027 11.8261594731944 10.3744325302759 22.2150715930442 22.0442991723915 25.6904787285051 521.798081645855 242.623108078467
4.81911019264253 10.4789140822856 13.1657591138557 22.0018242308506 25.0723480062326 7.58301270582781 494.331188540847 505.622015658161
3.91849017066074 9.44888605630877 16.2495524897633 22.9045078545872 14.811202176886 0.0413216911257822 535.676047972228 105.106511180615
15.6163011985534 10.6778983380784 19.4292136547534 22.0341107097583 22.7302232749818 1.25711875121711 513.468400724635 350.269068755148
4.70619874214406 7.93912533544719 5.38164277030825 27.2474668331358 10.4353671657949 21.8153129991123 498.338534404155 302.335884709335
5.30964442070556 7.42398175059706 23.6180135617816 10.8569111513031 15.5993166002116 3.16430125325571 531.991685940252 126.402179444834
26.8472746354289 6.87183965198854 13.503853326871 28.5016778614886 15.3289829588062 3.55129584387276 510.619396245952 509.504824299447
9.44368604053465 8.73126662717871 12.1603957966824 24.3159122499671 27.2387424707924 28.0367755564215 455.104557689904 498.596548598964
7.80561087024432 10.1077165724229 19.3449722304915 22.9472418317518 26.4706379703014 3.13336207775266 501.501801389258 426.861356455238
7.52985330213586 12.354129328189 4.22015866651376 22.5127841980869 7.02255379928479 28.9574508653717 481.782089045324 446.677894312761
4.75650290913372 21.4169074852555 0.60699820058265 25.0568610427347 10.8251456906234 24.961362435705 518.156672769162 391.597738812579
10.4251409550225 8.26677062132388 6.74859524044644 26.1284860761271 29.1503527360273 12.1274893258422 495.381855790981 366.493688177992
5.39756720143232 12.4933027717638 18.1787998712107 21.738418191043 13.9946269665235 29.0309790123938 518.328671400519 216.630778493042
6.74415478905944 6.92594356460018 3.91085965945766 25.4252502895939 16.4359919152929 27.8309440270694 487.010303182051 482.855463881641
8.0783924489611 5.60525439211662 16.9833967245845 26.2169710926102 29.1642638847705 28.6966290530151 456.871714211222 492.167106469131
7.72735385072074 5.014654030856 12.0518552896503 22.1052577856748 29.4101197588296 6.40518274201972 512.168230587937 417.120694634368
1.58489838472253 15.5604860846359 18.6650855633579 23.4316094319952 4.09653886056878 25.3463477247716 533.729187887246 321.706969558553
7.83758677856862 6.31558266892074 9.64008159139695 27.1063330645612 10.8246058237951 19.97109193796 505.729623288367 491.91768561826
7.54094606866578 8.28937923821923 16.7482278288588 11.0552636720926 21.906975969133 15.1018839276364 375.188955166632 468.259690776481
4.83146227628472 11.1632631647553 7.70953179445865 27.4250656388412 14.4623987589754 4.66512489004487 524.766869272181 467.289554988693
4.01439562490785 12.2114573707471 11.2675463604969 28.3034119355225 23.9798750219299 1.4497724042623 509.987524703588 341.981326778424
6.76992631243951 7.79262621123393 15.5452649144943 19.4889359511384 7.03045968192044 17.4757788205876 517.523229408589 439.96754924902
5.73740319313137 9.71206093393265 14.8138538811195 13.8350432435655 12.5414358493294 13.6845900750254 521.806488949857 309.600106933338
6.18265473219731 11.1098284725276 12.9436299838653 26.7669732242702 3.68249504419186 29.4958561249972 519.161765635053 417.728422091814
7.46473760356967 10.9103854685441 9.43368461690174 18.706005038515 17.5182554327992 7.71295055909085 398.049597854955 522.797085610248
13.6166825358488 4.75545596581235 13.4468166579724 25.4543292253518 7.53973972038073 15.1024074836809 514.441822011032 369.549552189847
5.81722069166225 8.87788464066375 2.5140917092265 28.8161881567701 10.6071028752129 19.0829338437114 459.463229990261 467.517190655562
5.43324700668309 11.2085431173104 17.420690075082 18.1164108237331 7.71163296222089 6.15784908326895 463.749498856573 338.762357104321
5.83115548568721 13.0567635657158 13.1078551503702 24.1310232948796 7.40297614302486 19.9603322120189 509.430032738541 493.022745625735
8.16009036921405 6.09000536147999 19.7535995976771 19.5710887550341 24.7734165672984 9.3628152815089 504.784246932995 371.357049902324
13.3288182403853 6.64704333278615 20.5907767333218 24.8659500623294 25.6072095207231 5.91119742002046 517.067084621601 455.531588626801
3.61218254114357 11.0832124765304 10.7498769648346 23.1592101192274 28.0170583324455 3.22118088631602 490.644477703851 498.222832290858
6.37518302302599 12.1684900610975 17.6413092548547 8.11785428066798 15.0124398630805 29.8404837862092 464.000691011155 382.851420644225
4.06323173829102 10.4109971050217 16.5582395862956 22.1462624534385 8.22793166298814 10.9029653465319 496.639920142011 482.850306847236
5.88795671825171 6.89112865117212 9.92144521623058 27.252045639639 11.8711710201806 16.7480160750809 509.680588768449 444.050323763392
7.69726748170437 6.8826988457234 13.6896196476408 27.4227911338496 26.242906963569 9.08384449396005 508.985102109095 488.694157091786
7.68631930521541 7.19180591607624 17.2503724570023 22.1442938418829 19.6271244673517 18.7828907345788 521.868584589356 172.362694830909
3.99238789268666 13.4125780246962 17.9872909922573 25.1770261551538 26.6304522383969 15.6400981348484 530.77851507294 71.0035700746032
4.63831892639802 9.17974340952609 14.5041261411197 22.7840128494376 10.1155078987926 10.8751784395737 526.2189708251 238.215309424142
3.11628000352666 10.382229120022 1.64184371336983 26.7295720547382 25.1234488591921 7.5475574672659 523.110423847174 344.429765195949
10.776265944303 8.39503667024736 20.6706146556349 24.9829945881394 16.3897445268034 0.458487817105512 434.121994436636 438.316586967713
3.70994897305134 15.6139301514426 14.8053185641137 19.1625148953302 29.5663110607367 29.6347682802304 508.005190457247 239.057719309604
9.62326046261947 10.7307351640443 18.3228798413255 18.9530410343204 6.2819934816757 18.6247486948881 443.320075159416 466.308350442582
8.52990243297549 7.47965492432075 9.26239216735553 22.109580738202 26.4950682875878 16.5550716370744 512.447811321326 460.68550334766
5.66059505459959 8.29118765723235 2.25312335887851 23.9948241943709 9.69887275117201 7.99863118292952 504.051830991896 493.643942247234
5.076776720826 8.07040464093044 16.3674748018416 15.7013442566425 25.7529156350061 18.9629934241854 483.95421985057 447.536902355979
7.7657241425994 8.23197344753922 23.1991087015998 21.6511725377308 28.7388477025861 6.48262730875333 491.9083357009 484.780113200037
7.24396908635372 15.5814387210235 13.1239786835706 26.4504000967032 12.0570577891644 8.6929805313135 505.071613530886 498.166093770079
3.92935144910905 11.4539149494946 1.10273243356501 28.2433938656387 19.0199482033102 5.39606325030443 435.106844352005 514.867894982446
4.83054838504489 11.8811237696507 15.4096740731982 20.4584211853486 10.0289738430734 14.6422249229464 464.125826393231 485.47037760928
8.58081519065293 6.26256980480118 5.68513436997728 24.7618711531563 21.5266244117228 18.9798996462221 471.350851857412 484.225499279344
7.22331571075576 9.66813684535823 3.15633747714818 26.8254168599398 25.0917349688902 9.63491928645539 422.907064713482 488.148996358291
6.36413965016768 7.09188995884867 20.7598085565752 25.0090239969415 19.8084602865336 6.60002043492046 521.287605266603 155.024056030075
5.57581731270261 13.0530786639833 18.5318518422724 13.6392498259196 23.8392731876612 27.6085145583839 442.534284485731 498.609182270093
9.02319469735003 11.2101257542292 17.3698105119735 20.3088898216539 23.8216750993095 9.42018109541096 510.817056720327 484.944278665125
14.8692140875677 6.27333985237495 13.7170994236654 24.7774222899986 19.1017257403096 4.2242844192093 481.476683718992 513.697285542787
7.48985855356852 4.85859254403137 17.2750196282482 18.4954549336792 14.8046293563463 28.9277962753655 516.350764132048 395.26199516753
7.23878944011082 7.26086882216383 21.6097933362115 20.9364334696323 3.29523440572662 5.94029695843958 454.424149874412 479.395370902937
3.09913030299259 13.2243001529381 19.0598766943466 14.6737019191961 22.2439683332802 16.6842532916795 533.238607336549 158.95333539261
4.51484947836147 9.89336644254743 16.1923714037592 24.121811750666 16.0330890067663 16.6146748500749 491.35070169652 478.936564023791
11.0438343504555 10.6022257447958 19.7869920341513 21.7871682907522 22.7465936832486 0.815220247288156 515.077974441855 442.435819999001
4.87618264832044 11.047687171405 0.136762049381227 21.0098076750923 25.4654746065287 23.4171660766783 525.222712448414 270.997473917992
10.8510044298202 10.2020001963731 15.4800396555346 23.5609888788562 13.0597305434691 18.4995536191013 527.201660986712 104.196737135007
3.16463702751555 9.2075943580882 16.5969633146177 25.6173334149807 22.2184412247404 26.3300647733412 526.08133377039 309.364826258407
5.06014824324101 12.1769354532278 12.8165305561906 24.5710311138423 16.679188915572 7.18130768932157 516.547127369547 449.94029321665
5.41082466777614 6.98845049704097 8.3800854153432 25.097875764408 29.4807659433925 19.7067275923527 485.026217434126 453.332811001136
2.91295926305889 10.0853351080213 12.4368963624457 26.7848759071039 5.84810018213066 20.5606188936454 504.776769155393 439.269479177546
2.08412009876499 9.59991780170513 16.4471127521027 22.6042159563464 12.6517506300377 19.4664182420206 509.381052918567 219.938410895916
10.1821518944695 8.21172481231359 12.1517449182613 25.6563217378803 8.31449351964284 21.836199795071 513.26743855126 383.1146579936
6.23409069524134 6.81938110875249 5.94415888482433 27.2032291915645 20.5494885078635 17.9070737150261 489.935962405805 490.652813204772
7.2221717128378 12.9565032827773 12.5691600293017 21.4390728699323 20.2185372883967 24.4360163395207 516.338819872774 358.4145364008
16.7765606941911 6.03795471113564 9.16261867110826 26.9371481879308 26.7294373741079 0.162877322769106 523.34452347651 453.035343444039
5.4627778777992 8.94341743872641 16.2525164535924 20.7665792012054 12.8686406932388 11.3659952762307 509.702479908843 420.960298899557
8.09884961407985 6.84189922326732 8.81131476419291 22.8556941775974 4.483003345789 20.8765537295751 506.003600343316 380.265086845447
5.20556492625546 13.0475577607241 8.43133351325246 26.0895866263698 19.1043941116534 29.7237917630719 505.645216328536 333.318002505398
8.89468951690264 10.4668952231129 12.3560430531897 25.0441220189422 9.65288684530835 27.1244811229063 516.286127152841 289.814563098104
10.2497124236911 7.94047219879793 3.36703493146479 26.1429989032336 25.634364941584 10.8642450358005 474.465224535989 475.113826266188
7.2912212103571 6.67286830277294 14.1012104616662 27.6465762627345 28.8786779805625 21.7799483923604 516.957343601801 405.736516190245
3.07969897672043 8.4584385209115 7.55174835927741 22.2893960943171 16.6884298685896 3.68001692256373 520.657181323577 253.898662343899
8.58701543724879 4.09819657863468 8.48802962525722 25.797423156771 11.3591406622569 27.4213748922086 384.44410148455 500.695854319473
8.01880391793892 11.9711449638683 5.86212513176095 26.6130650387714 8.250181057938 14.0158160045306 457.564294329831 483.144388890284
11.0370066247616 8.63800196959653 15.4601506149328 14.51896926414 26.0399280072175 22.1227849547628 523.989368277795 47.4863809757121
4.40908476226448 8.06013754112502 14.7100052056833 25.2332624134196 16.2428484877819 24.276750036119 522.055984746655 378.057567253416
9.29132021982148 18.2111640606415 17.0072941938465 21.3739930867353 2.99192330253343 24.6593119689702 346.701540331633 507.830549616926
10.5257013087587 4.70030393713844 14.1675387060457 27.7328630813868 27.6215693808936 26.1309775467318 509.746003025051 477.449328406306
5.97158067283526 9.33847013708064 16.4008336061851 16.1053960537354 8.3015607613248 7.96662241451842 510.073449663217 485.656665845469
10.7758454730278 20.2836644876745 14.2947077737901 26.4784052357515 28.4172176673044 7.87825311667086 98.140236822013 436.56176875666
11.9516127911146 6.24043976603076 8.14623716128976 26.3759794402743 27.7949169553599 4.06876311757101 512.789420431239 428.622076636738
13.7883835425513 10.1156232962339 9.00925672276649 25.7387840745906 23.0599267883953 0.784269981304019 528.587498394934 45.3149649970565
6.06080866706271 8.27244154652815 20.8509912680024 5.99066987141135 11.8765669885277 28.1527875535595 509.355776983382 402.264086969513
6.41820706819929 10.9397566212077 28.3825752452213 27.4302692064412 10.9694267090266 25.6760437597424 513.114723577506 379.4985463562
3.95306187829397 4.96754382918152 18.3484376265695 15.7801808064943 13.076911553563 16.938658099718 504.757328396058 471.059080054832
2.14938806492665 10.6065145388775 17.7971304032285 19.2346486423887 19.2752705232751 6.23645721346928 512.652521907138 354.079998832738
8.15704221019063 10.2929805251983 9.1147823508273 26.0734105757016 14.8972312459035 9.57171512403427 247.199133698652 515.928425472919
8.70954321097488 7.27872420582412 17.6077495368967 23.2965717939859 0.165931281526895 17.0508387681789 447.369449270733 494.994592504794
7.97944598284919 9.08064840630703 13.5069354985311 25.8823116848523 24.4558962978296 14.6268543420844 517.28947407069 273.303946863406
8.14690897013407 9.4727338905447 12.542930467422 18.385497079946 14.0198271878471 18.7688739927094 520.063759755917 314.323051304831
4.62809346732541 11.7607430574104 8.69341980062915 24.524183578191 19.7334625118844 27.3307810241149 518.978587370745 238.773736816649
7.44734077596219 11.9123886122029 20.1971551489029 10.3855275638398 19.8430053052852 22.1948560309902 516.765399010962 206.854278547562
7.58291854416991 10.7953372818133 19.8709408164159 16.4213441375823 16.9329203470587 26.9015051766569 189.637577794479 522.030381096132
8.06476147405852 4.6526446532309 9.9922600762607 25.0918426795314 20.504964162555 12.4434921684527 505.562828406483 500.237556113174
6.14744114811636 19.7439719044999 19.8432430980964 19.8117494177036 17.0315871474041 11.8955632961982 523.816642476446 529.221542783061
1.06282305432829 8.47770185951689 11.4918719512252 18.0353774252294 13.9679435862835 1.09811790671418 530.67720336435 295.349229064561
8.40637552460133 12.3990449562046 8.06544001093432 26.2083158272591 9.91070279019495 7.74228937571986 520.858146622149 439.746362232691
18.3403894684401 8.25056575133758 15.1585034867519 23.0960905927593 24.2338951958248 0.859389869639134 511.288735667767 453.111792842003
4.98903606144128 10.6334981856431 6.12073225763224 29.4436450474837 15.9154915213668 23.6940020733198 522.054353723022 427.497985373697
7.28169943600129 6.84512659885948 8.78056986157386 26.1447542167133 23.3416658759688 19.1067252783184 528.641470983435 56.2297879995271
5.14962086221991 9.13982496764832 7.06138927343137 23.4516095034339 16.2252503247205 6.26780979685789 507.330524728586 457.313522160096
6.47812656672352 6.37413026669747 17.6423248925264 24.3612297197661 6.58360472848217 21.923850284598 514.558307126723 441.854081529194
5.93890183601943 10.6838959451524 17.1946025330133 21.3361763105809 7.87193011091302 10.2813176907655 510.193151049448 495.767168322149
9.51376104651955 8.98446685925678 18.9524577335136 19.8723610305421 21.3634621334638 2.00027682704767 486.267170797809 461.561622077518
6.34320636752556 7.07049510951847 10.2810764438157 22.945802379521 20.3558715684888 16.4476539934163 517.143970802818 382.513509455985
10.215356470255 4.28020418039182 7.39723290861348 25.8863606047876 18.2692944192593 20.1094661250914 479.021874487221 493.032825828925
7.76325465855732 10.9281173741136 19.9277383745889 13.3013823043133 10.4667365826677 26.9587339424259 513.427558696212 402.579884026677
7.04184999334808 7.26705480891154 3.66702425873493 27.4902249053949 9.72175299396323 19.8078330896102 498.735477350679 466.147237011101
5.42753998485978 6.95376833488958 22.231841380799 15.9165324116716 16.8732778091811 4.01365129988502 486.753127052806 489.929457631778
6.14549602323288 12.9343888580347 17.1178596737558 17.8417672055958 7.63600523033288 17.1216031509188 489.741554558864 479.947082860599
4.01110770776342 11.588071908331 4.62111686194589 23.3180162519824 22.1310491578667 18.3359666970223 521.95204274515 333.936857691906
4.06520248478691 14.0636971924152 22.0179744359424 18.5312960950663 2.33167187772761 10.1945358551195 475.215228747332 476.296064271792
10.1001131940259 10.3299160236976 15.9973240222769 15.7361384469715 23.0399005386486 4.27845937955022 522.19969148699 155.237471770251
5.01895032015827 11.1693995281959 7.08127518869595 26.410630262218 8.35793155311596 2.94736062159566 523.164049717444 171.866925405331
7.64033628645253 8.40597233265227 15.3883721289653 18.0719324198249 28.2817424448009 5.1722777349043 520.859670114753 287.660054532514
4.94241379717792 11.8955903483117 17.4156541797937 24.2427077193992 17.881140045463 20.3407352221838 519.444108108019 404.078956175146
7.19563182501431 8.54736181779339 10.7107426654691 22.8751913996069 20.8956395027843 14.4823363496691 376.400546957506 522.841574713568
3.39986630165396 14.0439135653298 22.3930077107851 26.5604164734995 21.518469533194 15.475505498659 495.687044205264 474.805351644523
5.65481104338595 9.65523547800318 12.7239149711273 23.109364794287 6.21630769234647 12.2715771823739 488.222807300214 481.815518392683
6.39983282877043 7.97764666107167 13.0285605429322 21.0121748800488 7.87549690887903 9.74315983892396 465.712369431091 478.409970172749
9.98532426732708 8.22841424125141 17.6824576017838 20.8092283419583 4.91363526422132 4.34260002682779 342.603360353196 497.498520476109
5.16731918580297 6.39834259422483 7.24308402122573 21.8684013455162 27.260125390724 10.6943688823001 465.618407115129 427.406047249022
9.8108943893926 7.98960098097161 16.9243763349322 16.6465690010495 5.22757950976392 14.0475486367505 510.203161393915 340.23500218973
7.7411143410449 7.24078225120562 13.7832679352887 25.1683992918341 4.8058969352019 9.44356335429651 503.886074182867 462.130801695526
4.04975535812245 10.4517857110646 20.2248908708169 17.9303054824248 23.1438484095749 1.26343287218476 528.120096066217 253.084007182928
13.2050831589642 4.44984709913897 8.82457222480082 22.9528641860746 11.5440506030413 13.8804115187423 527.581360459653 401.58396602566
6.26614405953455 11.502904101277 16.2030242035634 25.8931800798728 2.78697989381466 27.089150897678 475.745058560281 506.258426368079
7.4825321735455 7.25015010365567 10.7025857231858 27.6077922215202 8.0295215958853 12.7397617729421 372.403462761042 500.18665532871
5.71917765639175 7.28322982355614 7.92851004259108 24.8689520407027 16.9063162049433 23.2198036060647 517.788556901604 471.146521100744
6.98154279315731 14.633885893714 17.0549731100284 17.5533214110837 20.4050464399085 27.4132256565873 191.007646697539 502.140936655419
7.67894817649831 11.2060613153355 3.95265035509637 25.153995863302 22.5282597196967 19.476886831104 475.837330626649 391.212999006756
7.36137605430355 11.9908072445233 14.4621117997481 25.8089438496621 15.9753856223675 29.2074665843762 387.741769459999 525.118557839762
8.0990654942958 5.32617150333586 21.2525053935717 22.5522152872608 28.3997517877366 13.6491738474902 400.503637851533 490.661573817981
14.8393353641247 7.57012148632172 2.13139633170398 29.7513077564561 26.4905861963957 8.90306637342886 520.70194700307 474.59450708032
5.70324843098044 12.0857244191507 16.6038549677229 18.9583943552531 6.45792165704767 10.2280669334837 490.664154591357 475.547455025275
8.35366423338456 11.729716524092 12.0836344660539 29.4209477661325 22.9422713217659 3.27984806988066 509.604084273599 461.141026332215
10.6287656709649 8.28169389229343 3.99582874913032 25.8425939380298 14.08252548986 11.8914847702215 517.899261936557 361.955092223402
7.37956574565582 7.93522257014973 17.6524120931564 22.4572285297041 13.4963389368772 6.90103023283711 449.808447931672 530.961987997399
5.11654558130871 8.53633783725791 20.9143992212186 18.5797068514057 22.6711570707192 3.26242473338571 517.306541890862 398.220444797838
8.72153989639892 8.21443010008129 23.6546035778207 21.1523386195259 10.3074973350313 10.1866580583437 309.163331450498 472.773735732976
5.60665672956036 6.75551008869777 13.9205593960302 13.8991064315158 23.7402906866583 10.148668883631 468.598951418164 496.623103855602
5.85748280853359 7.28482873581059 16.9351605326121 25.6834361794625 22.4129766382585 12.2742076743407 514.462568779496 445.348354266953
6.31354701775072 11.647649065344 12.6931711302053 20.5725892025568 9.27212035432206 26.0803934418889 524.171144341829 355.013810197119
8.23980288203749 8.05709540716162 14.5441560784469 19.1773750624524 16.7211817892688 4.32410450499203 448.218338054098 508.560505234472
4.16467505736229 8.83053014961863 16.2141127225142 25.0481700074933 21.1041063831534 11.6129090129783 522.374551225321 469.583378151865
3.32769720327244 9.50351801591945 6.54421134577187 24.8102029248649 6.17815705432018 29.6161427162345 361.92215655209 512.838022739411
7.37129591587747 11.9881045763025 4.2492527638581 25.6962442353175 16.2672315198557 25.6820883519078 487.377297489157 460.590075472649
19.3265667407713 6.5385692393891 12.8438822204829 19.6807936185831 26.3878902624604 23.0218185900764 516.986269969448 336.661620191501
7.19905284775304 9.66530531015009 8.56639224357674 27.1282478125461 8.93694046230376 26.182663245025 480.536577444645 447.458445149293
6.80367979773048 7.39888400694366 12.8635638788359 24.8597406261554 10.6807288695591 10.3301483891582 514.650904374142 445.991676322048
7.16571137650638 8.30481106058579 18.4754515214152 23.0057028801113 26.7581834707186 22.8584375974428 444.422786183442 388.082313178048
10.437364670767 7.55127940836832 14.5285586594788 19.7386914530446 8.1967512964303 26.9571868136409 511.229735164095 309.88396735705
4.78158354922649 9.27773200739553 17.2958102419889 21.1134530869492 2.4204926454932 5.40759087249654 512.647704662254 503.05352910349
4.84864615494917 8.52668901719127 10.5146808112945 26.404131066982 10.5427309742666 26.5712185475358 522.351633817915 466.594070522874
3.22540272770546 8.48068511316176 16.6533607630079 17.2045896221895 16.853352310587 1.14718534918475 527.786805774165 405.104688379984
6.93073460825419 12.1542190111478 17.9956345162636 18.011578252859 27.9308702580595 26.4099344844261 411.737588201873 444.995774351315
10.2617204506915 9.56954020174039 19.0934960794444 28.1159852346347 21.8308909598997 3.11218168387938 509.587416995317 417.188787532585
26.563823871883 9.10344867278159 11.7416633281856 27.4461128071526 11.3237232299523 1.7516893293316 485.888244105335 173.028568924659
3.92844848966159 12.4089820089353 5.55661627384898 27.1533128134683 28.5763079003189 23.6882083314644 504.037941599807 423.689396121747
6.16885519921963 9.9731005291307 3.18225607709777 26.4419774852728 13.7825148715736 29.7309279241842 520.505584564618 300.068687332059
4.13324213236515 11.7271852271511 17.4315914291385 22.6844654516698 22.4377463597232 3.68534577179432 522.283922853675 326.286142956105
3.14070489580666 10.4481185051764 15.5697508671483 26.2267211218183 7.68878738073262 10.1121727550405 519.045903803118 383.314402617819
4.21984586995797 12.4780013299253 13.7337371110852 23.206569330825 21.1318537519682 11.1541162241377 481.460449078579 413.124709294206
23.6621001521858 11.2414128221078 14.4964583128276 14.0430595989049 26.2220035198525 1.88450114765478 526.258102396533 183.989896173375
8.79898668069019 9.34048525687386 4.53243251559308 25.7142551223367 14.083858332808 7.27646182798129 492.76319461667 452.616271413222
12.4752076114971 6.53768754744399 2.87421599563615 24.483838728176 22.1400103224009 1.93509921428785 518.861366284583 373.505666761558
4.59848102930523 13.6336791885652 16.5578653073598 23.7033918753331 5.24173396376467 7.51105407451961 498.688727349165 497.782050369427
6.17645298416756 7.00286823672308 19.0235672153014 21.9305903231072 13.8688812363864 12.2377598530012 498.979772322507 499.517284001961
19.3111286652407 4.34249019189062 6.76127041752562 20.6684144432237 21.1850429251999 20.9239025116449 478.279520923627 473.328191314524
5.00160246507877 6.90819246560109 13.7136775448936 20.8259575740004 27.5495348042447 27.1329616004204 524.714107520073 475.543041386278
7.29044362223305 8.80978637818004 10.3905552576326 15.1970709566335 26.1382038335645 3.32497810398723 486.367865484263 492.610968460402
7.8457473234838 8.15678032455983 18.8034974106269 13.2221102103703 15.8778709260869 7.82812500877713 458.776605710173 481.367751711754
6.51025458403404 9.46766015136796 1.17558965722142 28.187317312257 7.69582321225919 7.26890635349072 437.739165772912 485.313782517276
5.70314711294743 10.9207259213059 15.6739502398946 20.2342407763827 17.3827307854913 21.0475902910755 473.994126913176 478.463483328403
4.05617658454273 6.61597230877487 5.05682771891185 24.5550647548491 20.6232378299215 11.8761875726285 516.047435500965 416.220868672705
18.0379737936198 6.71990660571995 10.1670241711108 19.6067263442354 21.9050027264731 3.55835209534581 473.510537926212 490.001167389543
8.8928946744764 11.5020670690656 21.3730873191244 16.8072720073182 25.6746996279572 10.6110490164499 174.568303651513 448.30953059967
5.16959589574433 11.3892724356023 13.133462963351 15.4707474374005 25.9751818609526 1.10059259357046 516.523382002508 364.326593004262
11.7762344590315 4.38889227979094 14.7813475011809 27.8197370725524 25.3450871059376 13.352423184049 460.603156261803 472.480346782177
4.19205078054289 12.171397641794 2.75593576986861 25.3410780975912 14.3315913623558 8.74657324765238 506.676446006816 420.290235624008
8.33894322423806 5.50486120683483 9.22719778886472 25.1499636752752 13.9072441854255 20.9710622691634 493.036666171374 464.415480106053
5.970672854207 10.187192270873 12.6835312822114 22.9006726000739 14.9998223371471 22.9467777360832 509.258114613896 358.466614476574
6.05411590865197 8.00392280314707 19.6910930285036 22.2604676437313 26.9952223029754 3.6681119907664 495.243162871288 452.677792856762
8.25197602503834 7.07338335320992 6.53560956705134 22.2839959701172 14.968688575997 18.8796435910613 395.678425938843 525.133067289406
4.24370325160205 11.9446268609734 8.46481074406182 24.7574722380672 6.49898431310442 5.12162640556152 503.913070024412 407.897964120711
5.60913006136797 6.42022060931809 6.73867070387679 21.238314993428 18.836243364174 11.5133825705803 460.997787880289 506.579169636225
4.34829106579683 11.2315348712201 17.6384778765097 15.1397112905441 7.49199487045044 15.5739852642148 517.091928439168 252.562026548382
6.79019404903501 14.5805499832976 17.1610850023767 27.2144721227319 4.5925811035053 9.56370834344263 497.460026428956 511.38169589476
7.03190559893681 12.1398904079611 2.432726397503 21.8623137109665 6.6360243376248 12.9046162403671 518.138606624695 411.160391741437
7.72451264702959 10.2112615807083 23.1686918060968 17.9639111846734 5.6668847402021 19.3073155663837 508.549511870799 424.797590825834
5.3398819538939 9.2045322633061 15.218453394023 23.1130864847873 8.05750174354741 17.542475770009 508.780720312227 455.812483168225
11.3496910667556 12.2367723764778 14.2193187575775 25.5733348273955 23.7250858542778 0.859184752277941 518.942426287201 425.17937279356
11.0342403014923 10.672861246693 5.35871657183989 25.1183857008238 12.2338712802523 13.6411692506634 514.214896298879 175.323419680954
5.53137529993021 7.18454869554716 16.6033498625202 18.6081293771471 24.0718660713816 23.7262258245621 516.991819434937 458.650729780553
6.58473531899114 7.72768731607155 10.3521702493967 26.689657912823 14.4211108461122 17.1682662458016 443.660980126993 504.187741781918
17.1562818364214 4.31819367017234 5.05247922800256 26.4061956363746 21.5387916030628 6.85534290500484 435.06722750912 528.964088913196
7.08122814986482 8.79218972381117 25.3695826578847 15.2938112358424 18.523023039523 7.53978724431495 507.217523513447 386.65142031767
4.32783190196861 8.91664034099119 17.3337363058765 17.4427049705989 3.99189497761822 2.09707327842914 511.35347001401 403.154812332768
9.80104688255923 5.80067967376887 7.78856729822319 22.5216990408336 7.57843846850177 24.1004658848886 462.76902792174 506.716312069328
8.96832134586434 8.9643902374393 18.7614226177416 26.2905921801885 26.6186195098659 8.01432988591773 295.57576393968 510.876501196939
22.0175945076389 7.29158004844526 13.5069039990818 24.0807836769306 26.4787272336251 3.68114350225459 536.130168231386 82.2251534484
4.23082715474844 10.0474608601348 15.7513510710425 26.7200931597482 20.5017941571263 7.25211027462413 516.431390175765 426.208649734564
6.76940091197714 10.7767010547614 22.6432589718081 26.8206310825214 23.962847498949 10.284192788049 427.782677276507 416.810445532883
9.02065180022866 6.20997535576463 5.35970127732702 23.6256248514833 25.3517294162743 10.9967631344093 480.84702611068 485.426247656558
6.58991123062015 7.81053850907986 17.3970681430332 22.531767278235 6.42714612401465 4.10551436071432 506.934280527968 382.092489943706
7.16777636131643 7.38490235140906 20.8866980623686 14.3748788084613 28.9921620290325 11.8928912552755 361.830778883799 517.44534487077
7.61863381503518 6.04122556887056 15.9725912069898 22.165907245127 21.5963439514053 15.4074394563186 427.381631316428 394.430724924418
8.60255562906491 3.97541042007938 16.5331695405141 8.58919791379839 10.7924043380989 19.3062559548796 475.410221203353 467.154494416593
4.72304006641782 12.6397536797789 17.0402898778402 17.3841651819427 17.229887897279 16.7726699765273 505.43259919401 396.785400798727
4.93908997820889 8.03828822105287 9.74933249208774 26.9784279290427 11.681364515056 27.675589067953 518.817126162796 400.505403986417
6.99494439449015 9.15301027180641 10.4448054351075 21.5567779424697 7.02295948153941 28.3136459936326 351.172430143857 511.220630112257
4.2046040410903 10.6088665658046 15.2171355299007 24.9651306299361 19.8273794302353 17.2872764548201 510.743980077094 405.905940495474
6.86451527286573 11.488445905463 5.18707239767532 22.2323032456253 10.0028530027809 26.9514907795735 502.752530645759 475.729878670195
5.50734919717529 16.2574638618558 15.8026243869784 29.5062389498763 13.1460318087335 17.6659137853982 508.836017536427 426.70991242795
4.0235146934856 11.0222631124814 20.8772925043773 22.7368477674432 7.71743079529642 29.0652962351253 520.995191020838 419.753017051537
6.39289144647998 9.94545490097345 5.15876208193549 24.1326688125987 6.25915339369603 10.8213592012188 507.62564030116 464.150229339041
2.5410700236716 11.9513448400415 11.3274988012374 24.4043735242375 29.1033807912668 12.8298833315581 502.867461810826 458.172821700454
4.50469738867397 8.24671220846347 12.9871570147347 21.8960646923998 23.0432241890175 16.8115360007622 513.339257977173 485.775938369251
3.56735218030847 15.394008865191 3.78020162972442 24.6772892138127 19.8740084408271 29.7227771200666 513.782419320001 442.475620596841
10.6435610002919 6.65715143899356 15.7377266097208 18.9048189612803 13.678033873344 4.63714894049859 522.776749382305 423.983631827196
5.50604015985703 13.8892827817257 16.6762880116422 19.8505691718905 9.45622732789415 10.1112225898079 512.021677047504 459.334529132492
3.32336662034795 10.0789212602308 22.0133647632361 22.7115803961408 6.50562548943918 18.8628973515431 530.579919911264 288.281154845309
26.325922703361 7.96613142017767 13.7681074606091 25.3369978108436 26.566929900338 1.20441094220572 524.879065299741 364.831860170867
4.91237563976929 8.56466876355333 19.1539169257994 21.7767427752974 4.77076612886548 9.13822757785381 515.366748615265 397.255277598393
4.67971646863709 11.2100637205912 13.9143437017129 22.2948112936778 12.6252084365065 29.1560772989474 517.325703425033 397.900576489982
5.16258386857827 11.8601186858747 5.93766376311656 24.151360596411 17.5910722084427 19.270917398913 213.852292955755 507.464495003658
3.5995379990137 13.0692694412797 15.9982716704246 20.9022695643815 5.97821118175492 7.88245943670494 510.121566072559 377.645761248002
4.0633153935959 7.56891434105465 7.32158514123936 23.7435544387503 16.5199189758696 9.38697498688367 512.089934054661 482.540227531774
9.10444068076981 8.01635849276634 15.6994305624911 24.7701787179555 23.9524381380507 18.8374345949865 475.957339853215 495.870928972361
9.13461851029107 12.9927650033768 10.9767225042647 23.5380186003665 3.78171145088232 23.831053272113 517.410680000815 460.154423905228
3.38853279587392 12.7117624310569 7.05194317520734 23.7031885392249 21.6637181800408 9.72940211016536 514.72135604896 267.701881336674
10.0182023600676 10.7464635348259 5.28491495593624 27.4126393816309 11.2770332100148 8.03540907314906 518.700666984008 291.313832231458
5.42110660765853 10.0898298598931 16.7843551310407 22.5296625565823 7.2529508651244 18.9569628994166 504.517147404901 485.027627567026
8.37923895822427 10.6837691532417 16.3712636691425 13.0685756576108 20.4989315079447 22.0102512322869 441.170827356811 465.992142847481
4.78438063835369 11.2628923467929 9.05075519533897 24.952370263888 16.8630305169081 28.7953998911775 519.788763383963 359.57662455778
5.75468875427708 9.77276476891141 17.4180006529401 11.5292658748573 10.8940863837455 23.0306054720755 519.434891777162 263.869854696765
8.59296698618864 11.1774061930802 14.8538366155545 20.3516015015537 5.51513659818196 20.5359019653742 441.342922164595 474.153735995706
8.85455152987143 6.59630567687698 16.8169046459916 22.7000497290509 23.84654719174 9.53377069282147 446.954320115366 484.575864793441
8.75423844438006 7.9653103591555 9.59818889099705 26.7485820089406 11.5526410468995 12.5949260422138 512.514384010015 403.129373625456
6.39371106478251 13.4034971579577 18.2764670219004 23.4096797689851 7.96808580021355 23.4089128822851 499.13834322913 466.273513901362
16.4122010745247 7.39768551720509 10.3900193799167 25.6495927977471 28.9942301258342 5.46710909636957 527.255891102583 375.497652100078
5.40158551680812 16.238936124215 12.5189200809922 21.2818807103917 28.699255733848 4.21254574679112 265.244144722001 406.85021694742
9.97947199336081 6.08266978011541 10.3910301316996 25.5195945248736 25.9212229487626 19.412342781492 422.881161973524 510.415512120504
10.2771582390601 8.65390710551537 8.31369591995223 24.5939624973033 27.3220978956206 5.57813797650865 514.179122419793 453.159884238643
6.70162880968793 8.69384730534732 12.2025829346722 24.8067729124474 16.3126900498814 7.81181612037551 424.744804561846 513.701986422617
3.82774599783683 9.86743466272215 11.7147728816097 28.0529255359656 12.9000294406249 5.94500322616827 516.23561289761 335.666959135352
6.03374722371981 3.77871429099986 18.3835631214553 22.4090242627527 2.69376405033668 29.0437141562713 459.03299792099 427.446393750593
12.7038995906623 4.86537883259234 8.13985709854465 22.3204193836257 27.4562374786478 5.31414625397864 526.927376470359 463.191525230739
5.57460493321532 12.5358027793 16.4184338937346 20.3101056473412 5.88345735151505 29.6289154756303 520.731001893235 393.027997187151
8.74551362738171 8.35759494539209 20.2174543476746 21.6103718633523 24.8407125149304 9.40970009752557 524.057328265312 289.778395219071
5.51525663230896 7.82411889525403 4.4569328126135 21.2790392619176 11.3881248652623 12.339481267672 519.172873182108 413.448095177049
5.43176248132376 11.6909561479748 15.3886544170291 22.1347006113949 12.6541374368221 7.55878079225338 515.085270245513 401.678967464573
18.1639792127633 5.61697765995475 13.0494836975371 22.0770705142558 27.1721458967544 18.6869222768177 514.02979818937 454.559437456085
15.0893892327255 5.21439975437386 5.82821305778453 29.9119336447116 24.7559032981511 7.67193273916401 520.074263120164 478.945577369049
6.82518456531504 10.0936939314186 16.2384015019249 12.5953110030911 18.7872593379482 21.5053587040449 455.752344440638 511.968802282546
8.66087691438172 25.711766553798 15.4368724117206 20.9551654347852 6.66030706012849 21.6420682774575 511.298353859166 405.763565933476
3.94029018837647 9.71460027474016 3.96425304119569 26.2548725787384 18.8884108471409 17.8104975663802 515.866811593181 407.034305851456
15.2337148587341 9.24177951893061 16.2820385815545 15.7312788695334 0.945011444762772 29.8781167325872 427.385939143634 495.834799871529
7.02399453072075 8.45682303027966 19.0899678921329 21.7950823732791 23.9283289580371 8.15660273758585 503.775956305897 446.105578793144
4.86814845557038 10.1581448352371 17.3565888236986 25.4988337852494 10.3971230117635 23.3978982806904 508.939415509019 403.579866307771
7.9217790222523 7.05727487263041 13.6244689639617 22.9457211795642 12.5116998630596 18.3602298364436 522.372138206869 379.264643523363
5.6741805238332 13.1810475312284 7.35450404236336 25.7518339759237 6.73584861600102 5.31672664110793 519.803305843738 434.588907634959
3.29779783226399 14.5368499430036 10.9840068634898 24.2944597612939 16.0312986447031 27.7686507993429 516.973568285412 241.377402844915
11.2909221036515 7.43238865929634 17.5197112447842 13.5849599882353 14.7323301530292 7.31458092741825 511.623214437339 194.515676370016
11.1592724729629 8.64559378263459 16.4730749137132 19.4678331757737 26.8635279843538 13.0849583010373 439.769691380884 475.96647744985
7.26603118735611 8.79656722280061 11.4969731433311 27.3348232768476 16.3418450524303 29.9115804667232 491.571490635092 480.544458066417
10.3719794368639 16.7885491331174 11.8612886474658 24.6026274013853 8.02708789668287 23.5899139943118 431.097239348923 494.81030827096
8.03155135984265 8.27437960121088 19.9050616378508 4.98282522858516 23.9477797038443 29.5921641370043 450.968981337872 493.365155820002
7.28314923726366 7.74189075781458 14.9689178615699 22.0556725104174 8.77297348834756 27.5650330514256 500.33187651794 479.054678593512
9.05080366282893 8.30692217031169 9.631031645592 21.2132370455972 19.6161874319574 18.1644224931358 456.812685783907 455.612807679237
6.2613318378036 5.74982582086925 6.9410068259691 27.1751880619208 18.3931244328794 16.1462916841864 451.629872149308 505.885723383503
2.60575138605518 15.041093007862 12.5210736985764 26.6508817649904 23.8421600120665 29.7739720966553 474.537007311843 466.884132545999
2.50861833798814 12.6161486412304 12.6825340189365 22.9791146892584 15.9401564058582 8.43440623771525 503.684850944204 393.727383294151
2.52928155795216 13.4809132676458 11.2398185946834 22.8287428873713 17.2077315704306 10.3300892089284 511.404786877492 373.432799182216
5.49886145962211 7.45860096427694 17.9643435528525 21.6731564746837 13.8326257562837 16.1889174003585 512.117678261765 460.805343863189
4.07716875859501 10.3025509145088 14.3806500036141 21.4027802366426 21.9234820129244 23.4824093855946 512.672749778126 185.803635541942
6.14971106378085 8.53561239629939 21.7719314802671 24.3451261212236 27.1955031052267 0.0781129812046217 519.823231220069 458.074215555594
10.1192615525134 6.84620033235882 15.680259192307 19.0874042378351 10.842826997516 25.947207106893 483.438550717901 449.082101148369
0.797467451176809 10.198355408631 6.70486709247122 23.1258895269983 29.1100428786661 6.11679306301725 480.618064067684 497.292411618525
8.08179140141537 7.74664734289717 16.980708026955 26.4622034032878 12.9051650324977 3.96761705102503 504.076601158142 503.952928360873
9.31550788023075 7.32071018975078 9.42758457579982 24.6422565991761 4.03308961900558 27.8818664341202 486.955040551321 465.527158838267
11.8777075713826 9.08593549420953 19.4836510218563 18.2461810659285 13.1602379449353 0.961691836545142 531.100099080299 338.773153112261
4.75552496899639 10.8737707340828 12.728129705693 28.1548375765343 15.0749663338422 11.321544662233 494.276078071634 486.685824579522
4.81873847558083 12.193589665274 6.43014508579701 28.1599100017767 10.5965140821913 2.94329973444423 512.496487845845 410.63945492962
2.36558144269565 7.82889274948057 8.46544189482277 29.2657665536988 23.855190757848 15.823295685263 516.922676837227 479.972948171199
7.64626754630722 5.11536550907829 17.4476803361392 12.8799915468011 22.4309375799677 29.5552669099944 504.664799105616 468.575174329666
6.07479489392078 13.139059364575 1.92922759795094 28.0838009751204 11.7212919091834 7.59944193467397 488.161877787622 480.844959073765
9.86937409205346 8.11580749411342 5.78481506037109 26.9736638881497 27.1402505655192 27.0782570606772 515.274411312493 469.472790763052
4.91890103744376 10.3341349174078 16.070700897492 22.3746933490153 20.5086302164264 10.9759517765344 507.745170932337 485.821906293259
7.52230773554123 8.98318331872511 16.1599223596515 21.9239706097942 16.7117203869774 27.8829373382588 464.82600107032 489.905203861016
4.67639966487222 10.8977213157486 7.11402049615386 26.3910842461905 8.48381648658107 14.0602684286673 524.495476881502 288.213070603155
12.5984402203688 10.8352314401449 14.8564678143621 26.8433755135361 6.06562093425773 26.2526043231344 514.001763263084 102.522974727475
7.38828789170398 14.3972961493343 9.75983384909561 24.7133482882905 8.32128218626685 22.9425337542265 480.70695782712 482.698608160959
6.4542837016553 7.59048901178369 0.518926632378436 25.7514749552125 23.502279067575 12.9911817581187 433.329828615726 497.248828930254
4.13001237658337 10.0307733897953 4.41239451419963 26.0776870524483 11.3051219257174 24.8373968873664 526.305937488977 222.632472379529
4.41823238623588 12.2969893485913 15.7599920663232 23.0340875554088 4.25053204610291 16.6926130386797 514.974283807928 436.613047754309
8.70954179713859 12.4466823305998 15.8069344479005 23.3278317616474 5.27228498556102 27.6013443945949 519.62014651623 428.16940635024
8.25421856592201 9.98019511642037 14.5900310395764 23.882245996583 25.9038990432917 12.7800743755126 511.538547830049 483.129995820468
5.79567922277603 11.476019352104 7.5792337941098 27.140601249802 9.25220540561456 14.9898985717122 527.402151008907 218.813287700641
7.57528470544545 8.6289608841344 20.8438642905961 22.7236126378378 0.639377729559767 6.13824016954426 514.038012289836 459.214511324774
10.9917930077236 11.3043813722092 17.875330735205 19.3069962466835 21.0086713044046 10.5259938941923 521.009787123704 144.240029234517
5.92092222411947 16.2062223283208 19.3540831097636 13.9199040334168 9.97052297554561 28.4644004005336 508.867925679445 415.694829270296
5.12472860479393 11.3663132441917 22.1066197493604 23.1958225092705 26.1831964904131 3.52358452040487 495.500851234042 476.745781503645
7.68540167481726 11.1480736170429 16.1284856296714 19.7693844144051 13.1046018105465 20.4997558553091 492.755318605857 455.679673324352
4.96884263145578 13.3141932209461 10.9393787443967 25.0156280328461 17.8736406398194 3.9257530419019 532.65918370943 373.231183935939
10.4247114845452 18.0161730806749 19.8784099000461 26.9423282865851 19.0759492034632 19.1402725802825 304.079597505031 488.254147580366
7.82559579376351 7.9307690470431 16.7648540271227 20.3575420118476 21.8090237083747 12.706267995444 487.86056129244 448.061945114564
3.93960688773266 11.258320695668 8.81334233137524 24.2039151956388 19.7790348071083 22.7814119705848 517.39151736577 441.295228123955
7.8897950961068 12.586046900752 4.88174963669186 21.7282760139475 17.9509584210531 15.3461899582801 482.536067619375 327.440986289934
3.3669332611048 12.6680796966372 17.9321445252674 20.3415521441245 15.9663561622392 20.8431295944832 509.601485949927 358.143288115585
6.94830946897917 11.6874386470352 9.78061154204691 24.880084412133 8.20229507359907 22.739907476854 496.62794496997 465.736338260513
5.27441283761646 8.18920834403106 9.16369488887525 21.9107278442714 18.0284755621908 28.8471234076506 531.905324281991 181.352805946819
1.26543220133881 10.1147318986501 6.14732037539518 24.9689088000917 24.8041811202853 9.1074583986959 511.48180987916 263.625957484594
5.09490346112014 10.3726077046112 10.691749335832 21.4414688075529 13.2724517428721 26.4492702250517 513.632084599795 294.763101722033
6.83340118282801 7.70680013215789 14.7270123685387 22.286717289011 14.3271355933253 24.0988969078123 528.534344555486 458.960390191146
7.64603004512442 9.39978141389988 15.5372605091047 21.3827376756614 13.500922040141 25.6997874133772 522.679884344372 419.547298660153
4.19291167427649 11.0245793350037 0.665425803527711 25.1266780401152 5.38672697122536 21.0841755554023 516.121148595478 453.337703311068
4.02180602251134 7.12366398069027 10.6626051559608 20.9892072861126 16.219966358048 15.6061141989673 528.765977316458 457.900825470024
3.37136122500817 14.5122657043466 11.0120456171397 18.0049191839193 19.3290973517007 10.4405665857347 513.448620781893 447.678874846771
5.83276940777171 8.80523388017378 28.6913827257782 15.9565718656389 14.2279094986659 19.1281374733486 263.129818306426 477.740374718206
8.09423414274378 5.93646762795739 12.9543959638124 28.080283334635 25.1491587839361 28.7142203869442 505.563821387131 505.081129863711
7.43438955488126 7.73426676108755 23.3760397879021 20.6224613121752 0.0915925232807386 29.9152541853338 123.565850813426 535.205472916346
5.47172746989031 11.7308307265532 17.5251134457983 20.3747625745285 18.942582920941 29.4544209993792 483.966897047389 489.534604962418
2.85279534604874 7.91501844145668 11.2985054699013 18.6804204806786 26.2407925130787 16.4767677180559 531.042233489805 305.773210429237
6.67177689334054 8.72774980538297 11.7234691497038 14.6924356008688 8.48880857576676 17.6514689980198 474.846601472737 454.115193367114
7.77830868196315 3.99300777200356 12.8140744706771 11.7272845075072 27.1273078084099 13.0851247033997 258.284844990542 511.597191825551
4.41158355820984 6.5823240577292 9.35450635846068 27.5523644991333 7.19353994140789 10.8017468856367 523.925445790034 475.308897907084
19.1200695456141 9.03067816786835 4.78465686775168 26.350424830289 27.8297134903208 18.9143419659324 523.441644177023 2.59644396909977
3.21822622073003 11.9952200096319 12.3406197686545 22.8682178898541 18.1764914921889 4.94827481963839 515.415570044066 356.210319560895
5.71360067996632 8.76077171079814 6.36301294291608 27.9080512350416 7.81560341935223 4.91463678229149 490.802961176977 518.454063447555
9.99968691593003 6.31663940195949 5.53330253293188 24.4313368221255 23.7215303566212 4.19982090489226 473.559304819282 519.478648196015
5.30272283724114 7.44629581514482 16.7607131512222 17.6488899134324 28.2311464199156 17.6459551737041 432.410507164165 512.76289262738
0.0950349953369357 13.4846206458489 18.3658435853504 18.2103796913887 19.404188866516 13.3598471242378 533.013323505284 315.636619959934
8.41028910062018 10.5171414769624 4.73641705149814 24.2338377921933 9.30137898833419 29.7941446376708 518.699133583393 327.088529554059
7.01294593523055 6.9902926189992 13.6443003092784 23.5683446363714 10.3664088387336 7.85800260306001 503.040002893444 440.947030715052
7.73960665965008 12.6016308009384 16.9827125209405 22.014213023563 20.772811439657 28.4894554693819 435.874270646895 509.261756237542
9.78414243428765 7.97755803900771 21.37265399447 24.7596520129203 27.3292829805378 6.31768279263959 331.631006287273 520.472712242898
4.3154057543642 9.8676366666431 16.1317897079759 21.5599586331218 24.4146629905017 11.5183077511577 504.640449314309 489.286715627839
9.41335098710172 3.81519274485965 14.8359644446114 20.9843452056747 4.97443267685909 18.2810842129867 310.62222929367 524.397703960598
18.0897001737865 4.19216008791297 4.06103332183987 24.4153790983239 18.3649910229068 18.2788830969259 516.673019193139 402.640431653712
12.4923090331605 7.95227108360575 22.0221327688369 18.5137646206927 26.438363642839 6.6969940234004 255.474607794546 523.873499069667
7.76451997068488 11.5957485500278 3.36703587610447 29.3306774072 11.4270058338672 5.32110433197704 480.139445345604 489.438687638144
6.27689012103677 12.3084759308986 13.1491046120249 22.7878783389053 18.6464748541351 27.0100693644033 339.029459445524 485.458343868561
6.16107053483563 14.2410131708672 11.9694999693449 22.8055177928766 4.17604537236823 29.8029723296128 511.033492741975 448.869343854158
5.41109507901819 8.30932382717098 16.4315985771595 21.1590814848942 18.3154327516533 15.9261994192569 395.650572533189 452.021710695658
22.0657256369284 7.71649286893401 16.1183387120956 21.6324731211175 14.7443453684358 1.52485854835008 506.588681644919 510.671893817647
6.09574154642491 8.89073264779219 16.1973446711466 21.7508244141846 12.9504687313439 7.46461352275865 504.129239381605 466.488894757701
5.05532234254077 18.0543069766676 15.3770903153112 18.8126904341866 17.4181985779522 12.0299280556109 515.669232779591 308.945471604253
8.31079110412794 8.38746138696772 15.1001173314976 23.5004528364756 23.1716140692408 24.5631005797886 519.136501095794 317.493072420212
7.71011221157374 9.17901735759205 8.95805745695051 25.3018291501025 27.2970055747798 22.6769461227811 520.860956157074 190.63101333814
7.12137384607521 4.25200867313135 17.4714879355582 20.9883806382665 26.6085396227483 9.04155856958666 536.092874696731 437.314992095725
4.76363897349545 5.00576407718791 6.00262354477982 26.7186440537218 13.6482768181647 5.30753192218992 510.594251717519 485.328524099917
7.96797810605631 9.21782209893925 4.98260254909053 25.646302698804 18.8556442281449 2.89781259429768 431.00322145818 492.101820311436
2.18473341185169 15.9518711735675 2.69046367457607 25.2426239922361 29.6785181901881 26.0784208173749 519.847236123106 447.260870313657
4.05655603830436 10.2251199278643 16.7054500281613 14.1145823624883 6.28077892732749 20.427682564991 520.461324580142 169.568130315385
8.09085666394239 11.1542151954371 19.9703666412578 18.9080447982997 26.0706892179999 2.61457301372911 491.053261202236 442.467888201419
4.84540639551674 15.5337511370273 20.4773345069369 3.40943660788258 17.4331578699309 22.3305672769288 446.080944035217 425.246534084223
9.0406757222221 6.49072595940965 17.6952658798391 17.3772012915313 29.3305799373905 10.6624546004237 151.180808282964 501.74380965575
5.95410169780063 13.7088178257568 15.2254111562902 16.5004397287077 11.7576919475889 13.9683535025544 481.096347054887 452.085519834158
8.23578034721637 10.108633975239 21.1119845108876 19.2896754679135 20.0112594414082 7.33552125266282 458.384788220405 474.080640730253
9.06098337377519 8.46630601018416 15.8816510153712 22.8164380658266 26.9250864144794 12.0392814841252 518.210869774589 429.259880991806
5.55237566204984 6.11501271601649 11.2903038998274 18.8294117731317 14.0984369475407 19.1679384634336 503.481025795457 452.103841123161
8.7437271557149 11.8808333095793 10.5768159060143 25.1038876509249 28.8135406461354 9.49810021850875 457.55616714724 491.560007983089
12.2991692905843 11.5763045925002 18.8900959273715 16.8698620464406 19.2321344849838 2.1890699118008 528.232584220268 185.863559285224
5.05105177310681 11.1028783631157 9.50475820287136 18.4599979101712 6.33122704585754 23.8738277707945 520.936476149233 376.740404689023
6.86136918263932 8.51934999650288 14.3374101629402 23.9235812298876 17.6240192472698 3.56750557624715 509.389548662063 406.130035631565
4.54021994524028 15.3146085554964 4.08655927308968 26.3064870564239 15.1479573538194 8.73281981957987 496.36136693068 482.613948694754
5.03800815994252 11.3272625994277 9.70473720030154 25.6272078855761 13.5389167841014 22.3534129020525 523.272530034214 357.811896025466
5.20671480610135 11.38093662113 4.72305835442839 23.5678878288933 15.140953753894 25.1370603402017 520.097727660502 304.162196128016
5.31403027178791 10.852002735813 17.5688841617883 19.5999792894838 10.0432487960538 2.97653286934005 486.020001682694 499.418408355342
5.71298450793016 11.3413383625265 14.9551089716461 20.745384039837 21.6634438627206 15.5944993923897 482.638256313903 468.259931658822
9.59307280214398 8.3430501258087 26.0179986765205 21.3091390861542 19.6023291546401 0.883772364214733 486.66782968965 236.31241070038
4.70931534787926 12.1286075065619 14.7372218893806 24.6417467644643 12.352087418417 29.2252198688672 522.76421025585 326.451738527254
6.00341939953398 13.4460976206221 20.8284768229588 20.4969626127922 5.33457142478001 24.1639673586802 522.344231395796 362.974081180614
7.06361293409884 4.46822214925627 13.4881558363144 23.1031111315758 8.71254215735359 25.475513963653 518.036929336559 449.022775970358
9.83314398212043 9.39088230731566 10.7958454401179 24.3062804338533 25.2469208347874 6.33654893340363 502.926670666157 493.428225362788
7.2880382381847 11.6639449580963 18.9816736463087 19.7218913896928 3.93366439458133 7.62963915580877 518.570359625595 479.494986271668
5.42056910151303 10.3779452477132 15.6938974188568 20.058436490973 12.6074874912859 24.1091828619633 425.023086057306 443.924937347257
8.59707265036284 15.4135182640072 14.8238823133849 21.1787160213817 19.662677174987 17.7523115969712 346.4762930253 480.751024956094
4.88024967738306 10.9689228967785 13.7293284289499 26.0102732297192 28.1664006333982 4.7450318452838 513.34202765223 414.326542073944
7.23718229557413 6.3473001189587 9.14633246641029 24.6397973823031 14.2580694294106 27.8296168984994 491.210550943127 491.931096744399
9.29509222897902 5.73307876719177 11.1055656576492 23.8712837212473 9.16411870204397 18.2049050165877 507.44753618994 386.001513397037
4.99214316918474 9.19465379398306 7.99907909617203 28.1014622676424 11.6878997139818 7.12701935562186 512.299781830615 473.241937195365
8.2647829834893 8.90673357958404 20.6305434202453 27.6282247196701 12.2732611230962 3.17906309212274 537.027827520152 20.9712814253869
7.0174904506418 8.29973637453656 2.71097970645577 26.4298660039143 23.5137922332232 22.2273641918475 452.842440860594 492.44324466316
5.75908625251965 14.9282601449366 1.34268255835459 24.317621941014 9.38245338481026 29.1576198472467 513.583132839799 386.469735826374
7.53272422413806 10.8966656329118 18.036088165375 13.7609100436718 28.675848376095 23.559357714702 511.914792486882 357.881853450583
9.10035659742901 6.44198539720449 14.6488571926729 23.5374719076251 23.0788003493777 18.0002897854245 239.662029898546 535.744770032797
9.89229168734694 8.37637297404294 16.3497576975931 19.1621942634655 5.40959308542467 27.2562265151747 511.740697406686 406.64309563922
4.10361591549368 14.627854085009 1.55384393836823 27.2564044078519 13.1171673305781 25.3589124727031 511.048328185761 494.351257279484
8.20531752918726 17.592189077613 12.3703667709017 28.1395087936187 4.03312421117283 20.6980312452317 514.285687960216 440.296010612017
3.86946091762035 8.99074631672173 14.4577216273282 20.5773051608683 8.57001090187531 7.54963239292427 513.559403901989 442.664801740465
14.6274934081219 9.69042581152595 9.1316932574524 22.1970955441547 21.8663053206318 3.55872480652987 478.733372774315 503.773953688641
5.25524570010934 10.1839315684445 17.5295322377873 19.2492175229725 25.2313751697147 21.9847285832983 498.723209559905 379.462588733571
9.41227606300854 7.78380876927941 11.3668562575029 24.9466991801976 16.0162342964865 6.95823480250313 527.73714152949 372.30515241561
4.32940590098357 10.2547238156603 16.5046654298615 18.6416714643171 5.83249082226561 6.64564901860753 509.099280474796 465.283951991748
11.9688068286529 5.77818437440955 18.3126110127497 12.5075547207715 21.880484290071 12.9151416794863 463.193240454309 401.868395132535
6.65166360119553 7.29079618228487 27.6321824524923 18.858850849527 0.95115033087825 14.9481297127623 500.747251254232 456.820856782721
3.0690390956552 12.7189686608804 11.0899049266295 24.1253301584757 19.2832651196532 19.2415390063721 529.085949436549 80.8522095980072
10.5452319045824 9.96039640695941 16.1600803735699 23.5861484611251 25.4556239029956 18.3850559236184 249.505990481984 498.996145089809
5.10626172304037 11.4105035156696 18.0170848569237 19.65691269526 14.1858837558716 7.59462755079261 509.832273308346 442.568142940392
3.20019105103765 6.7983377217935 2.36767859627326 23.0456889382614 8.31476566608332 1.07668463626919 489.676981258523 435.197872790763
5.05881145151234 6.44427133722733 5.45156444572986 28.7038611030625 5.99681104093191 15.10893594933 501.927903309806 451.562035856076
5.1672278335775 5.5826981893812 16.0668740899538 22.7765145133443 27.2644482033647 6.54193523683087 353.5691404821 439.41739117828
8.40378369557912 11.7820870235747 11.2072550866589 22.6877040485673 6.81671524940617 28.9358808619454 534.255784515278 305.61148817426
8.4717423194471 5.22724508248835 4.74622964019989 21.0382087850181 28.7391822088535 15.0487281605608 491.460993994344 516.018237785308
4.37495774043879 10.6304491441987 1.62091226496628 25.5382564717642 14.9023783384334 6.3326108161448 512.251864921861 396.071868954347
6.83530823169579 10.305588318995 24.0394109599674 17.2594582328387 17.2722425240021 11.7231232965751 375.161024968955 504.674101720141
5.94872750680163 10.1569391734221 12.9918324994619 26.2039981923511 29.2895963095574 5.37971834005485 481.038205472036 519.168268450388
5.54909413770427 8.43846794504188 14.4917972767744 28.2704824581068 29.4765399433296 3.66262994493988 354.754163269514 454.93923378303
6.25445150144111 10.2481889733495 12.6228611865102 21.6047727136092 15.2035074060486 4.07297115562751 526.228478163525 276.217845191322
4.30701844731128 9.82670853839391 10.7067983495275 26.7194252189582 20.3287697930473 17.2916205184202 519.231885591091 368.015273778444
9.43460259465482 7.19791017843345 15.943989091961 22.0732728328743 18.0960231446101 17.8828103311721 502.030523864413 278.41026733155
24.9988842903655 9.82837882186762 19.0641545914758 16.8631643001359 28.0172543498117 12.088448276504 523.128326694136 129.710321544601
8.41621964127061 6.99552150162028 17.854977761434 26.0294225860804 12.9016245423532 18.130350255699 442.806589173269 527.065461886269
1.83409911432835 12.6290478098047 1.33330883029881 25.8191863856701 16.8240303410115 27.8962594912759 531.642745803165 204.287524581792
6.75060044957984 10.6683672845206 15.1316856104929 26.0576485492581 13.9950918410912 7.30640983076204 529.536850159317 82.7034879200004
8.84107278865163 11.0317690884838 9.191102560734 23.1509306390027 13.0082844131356 0.799120670245058 506.952763476025 395.671072806279
5.64886910448431 8.72790436254254 10.6025803346024 26.0870930039878 5.55701797724024 22.258003461719 514.931923245942 448.672892212009
2.06967740194493 13.3394344993021 17.1181989405382 22.9961973739266 14.9201033870594 17.2668954515066 524.125240774184 76.6462517764003
4.25579290070645 9.5622714423077 12.1080933726637 21.448200444826 19.8508844649044 22.0524665121752 444.62336530467 505.359108289873
8.36352978725416 9.63601793450377 16.0571485577675 18.4756661313834 13.8371026071384 1.51244468847324 501.04493380317 73.5117413993591
4.11036396831392 9.43916884920218 9.93822583614304 24.525208687795 29.6932735915172 24.5379483748485 524.042904363497 485.037878808482
9.80458844308845 12.9706345035026 9.93844525123613 19.8356278036526 3.33215071477998 29.6154042934025 465.262336840506 505.377493705844
6.0936575326382 7.55730173831593 19.3639098536809 20.6279865261791 3.74169474888225 4.29307841522947 447.150838712956 522.488330101192
8.77361694498608 12.5227697686429 16.7268961156941 22.4066400835184 19.8195382658328 11.4357844934814 177.218996592557 480.314693101814
1.85369512891355 11.1797992275957 5.72009689024235 24.8804418491058 27.3886368405728 12.4472173334246 514.152080325013 391.300321839178
5.61197411406977 13.4014356723877 17.4464990605416 22.6295139654104 9.35768652769785 29.8140312839275 522.539004470343 369.902468853025
0.645524105969112 13.3709982406959 13.4222035494325 19.3287274634872 10.8028344698586 2.07535504900974 494.277359926038 468.627631810182
9.8956863737587 7.0448495120081 4.87936005624975 22.5830439001597 13.945023563036 7.41885150585815 503.534618480291 486.687910255639
9.7532378997216 10.9071631293192 18.0966632279591 15.4914498146522 29.0985233729962 3.27445325164396 289.104227469098 450.984039654208
5.91907205528441 7.4781302850911 18.112239915083 20.6591874797876 16.7093572729123 14.1997309333302 471.035850347415 482.065625077491
5.22344264725755 10.340907488172 8.41153406307447 29.8451423790826 12.2170710442666 18.9955897576469 529.07836796383 387.691397550512
8.83953446228356 10.8764677882211 13.591979093169 20.0227868693828 14.6067870326767 29.0352448588206 515.666940920427 347.244227521083
5.57207997479736 11.3295061958751 1.04186354211303 25.1348689400602 24.700558343872 9.37776842091206 514.15830421313 420.139769633259
0.678486008359139 12.8844372073592 22.3424418952679 29.9649946648951 10.6199837345298 0.198751105680053 533.846224684463 15.7109487706032
6.66445868836525 7.60971633082762 6.20057140594771 24.5428682919907 15.0037535019355 6.69809060371229 493.516353559312 480.834520949283
11.775339072456 5.90687711820916 5.86468674468576 27.549447146849 26.6385819357316 5.05001364967046 517.739489289357 419.083922933186
9.79871979632036 6.13406563368785 13.8659596269881 21.9793581267371 26.5409717408406 6.90017837610907 491.690915826009 484.697138874087
3.03822549591746 10.546823929071 17.9938268738227 21.6997799957295 16.8264694500659 5.44018491933243 510.825033676995 365.39286769041
12.0814545159034 5.61137280846645 13.239149609876 21.6423216278657 13.0518289859023 6.26107894643422 491.781727717658 404.959312973175
24.2742523310174 8.6327470129151 17.1465315689473 22.7961531884133 20.7708576391546 7.73936433083018 519.000151393483 387.590264568784
3.2721054329128 11.0539242748545 16.9822905607476 20.3909438278598 15.8231653992907 8.60008112174849 504.280319396136 435.287415904187
6.61300685542026 10.6816834374691 13.4454113473872 23.5954157279371 17.0327748605983 12.3380736149175 516.817692814621 323.034708673421
1.94511080566885 12.7570383319285 11.8971371691903 24.3985511663542 29.8502982179742 9.24516442600944 516.78539011154 445.663430566472
7.86007612511523 8.31223163663858 3.25069983481643 26.1462958834005 0.555478877872397 13.0243216094183 515.978182580148 455.516838361262
5.34885221358326 10.6633775718354 18.2046982559277 19.2670320138553 12.7476737828261 21.6619681942407 486.868974472969 479.642178016937
9.40151739410612 6.57025117691773 18.3843295753176 26.6722026594465 15.6512039860561 26.1159746211826 526.398818887644 416.221752991439
5.33480390588868 11.3367073101535 14.9928956558675 22.4467192979482 18.641666915897 18.8282317815322 510.023964338411 406.824325923022
12.8879049448231 6.8335226773079 16.72622714077 18.7895080892191 27.7412253848728 20.672949358379 497.951520732267 469.853730082904
9.02928245661427 4.6063707273244 3.91822027450312 26.4568757115917 24.773446688374 29.0620894168493 442.912539660623 455.767528232321
