2.54971399014353 1.65449316969228 29.6962465844813 4.4370748826879 18.88648722812 15.6331319926015 506.535009737757 200.280143482476
3.65694463306459 1.5689482505114 28.4016626644447 5.86110973137399 10.0981069797335 23.6906308554369 435.653511562593 373.117988706549
3.14213873931163 1.6562217108468 29.5918084713063 4.70953229019626 15.6330113296916 21.839135425541 446.325628780028 368.103455342502
3.61168304943617 0.909623995630701 29.5558841370035 4.77399095898602 13.2308894127289 22.2168314868565 354.128743967056 433.42858504969
1.68497145567285 1.78463253213465 27.2525947296844 5.49925302713587 11.2135032400257 18.3917936534905 433.542701693136 454.379101316297
2.67042282147315 1.32752451179601 28.1873783628423 4.07898213328187 18.0955698203601 25.8557665558302 406.135926669417 332.654290268825
2.88969603649782 1.65885507029589 29.3961477559148 5.65577728434775 12.3037350774105 27.4058894678621 364.252580611758 378.712868299275
1.9855057169926 1.90411115686854 27.7692894176512 4.04267454220391 9.57668317263209 25.4101722432193 461.051167358329 291.000326494121
1.95210990591679 1.78929141692617 28.3335696753771 4.2316179275251 18.664483782419 22.0944739543942 414.610149455269 401.135108768582
3.49927478217081 1.84481842083216 28.236282075293 4.39289125816745 8.35749432266936 28.1797556660002 464.468090583995 187.30435711009
1.80416450496899 1.26187156432384 27.1050001464805 6.36418589784441 9.2665117758539 24.9349123092454 442.838847334825 338.415994191499
2.48204161795786 1.78354280705508 27.9012877089426 4.47814842448633 18.2098841307333 22.1029845478866 392.870178313474 417.972116968899
1.87422456585712 1.81152123112803 27.5562493180816 4.90067301252853 9.38832593008211 23.181480068412 450.196027032467 304.085275531633
2.26062393224931 1.60787787720286 27.3932234631043 5.06322068194522 9.00375126520169 27.7606591413041 364.094854415772 379.618239975147
2.36181655127842 1.30869052566654 28.0446440010391 5.76554261066775 8.98875410489851 27.3206468780782 381.758494474623 342.062295816896
2.80949845096224 1.78881587690485 28.9379400483957 5.07564194011446 6.45623857180829 26.6884280750647 467.706859637813 153.09331094055
1.74209847712604 1.36420553951021 28.9179617257967 4.42236738865293 12.91009518638 18.056220038705 481.621605247264 266.781148902601
1.63605913228836 2.17649210091858 28.8041618984437 5.06145079927095 9.42262653343436 25.4489287383194 477.475333368415 277.410575694344
2.23674588519523 1.38512700737738 29.0540284225809 4.46064675712054 8.72617761603458 27.4281618821055 450.163528028024 423.419892183172
2.20851651068713 1.79357881522765 27.4893072325744 5.46491522384618 7.72429682762791 27.7520066681242 473.588343466186 211.596006300467
2.69238438255653 1.56183882552394 28.566523536982 4.62371296066138 9.36032820954988 27.8021986634978 461.921911749021 218.271475876169
2.80901176287609 1.67102627532572 28.5343433233818 5.06090413001449 12.5549637538233 25.6373003328801 437.633321576745 398.297416830382
1.95176379802332 1.19095477422555 28.6821226236807 4.0610684845952 8.37752351209716 25.5001826254206 457.499986875013 300.208407829211
3.01468815273703 2.13946543334834 28.3264618432616 4.60558601526949 9.37774053710916 26.331580183302 409.847545375356 421.981051099025
3.16144648135764 1.342285026705 27.80811807691 5.01396319159921 15.4512527574827 22.5685333882942 375.68275767827 433.870026495132
2.78037340382542 1.61835794892449 27.2392909295418 3.99145609892356 11.6248396050185 20.8564784636501 471.279315299048 347.685141949823
3.26768397742162 1.00951063855776 28.3449215953918 4.47044751551313 12.4760374108171 19.2199164771609 455.956644428867 298.009785113788
3.15429527286033 1.97723334440304 29.107125118407 4.42547707835036 9.23952865042638 25.9401067897907 478.075467801272 245.007963057683
2.66138061226576 1.95810823229307 26.6291922617527 4.60085644814418 9.06177391587815 27.8013144596199 410.485807671997 365.733611080343
4.35038633977951 0.800447703393614 29.594206308871 4.03506962982694 9.72687969946969 22.978993404239 414.700615340971 423.990187624249
2.4344296476283 1.3274837155856 29.0407842206084 4.24360528255883 12.6271168992571 19.8350954428033 415.698735192307 380.014651939479
1.88978976549268 2.21532970301697 27.3192285128607 4.00956039287638 9.79172898979614 20.5511869744764 457.893101484652 234.62236001652
2.4655247689288 2.10398203074506 28.2432707224231 5.63981451370776 7.10775103476031 24.2147754755692 445.40439831886 310.686553731048
2.26586838908468 1.91454837490189 27.4292783774358 5.27122515206378 10.4426117025197 22.5536940828491 451.203820790185 396.389022907345
1.42891952935952 2.79993662821038 28.7312838339499 5.20998133720082 13.5607056214278 23.6553618948205 427.158034419763 400.833103026092
2.80530100457876 1.66231304487908 27.6936346597092 5.45440700323276 10.2085588342513 23.131966404669 400.751893531152 262.93834360496
3.8558642481716 1.31566727736605 27.4809086872998 5.63878816083328 10.4459479362738 28.029779978961 462.151339630662 238.886239368807
2.58362152768162 1.94821233314056 28.7042666662633 4.19076143657469 7.2332546407351 25.7741283326908 429.597526538749 225.640647008964
3.01826203418522 1.36266882484305 28.890269730268 7.06966417927567 14.3006158801008 27.5272010858634 503.647263905944 198.664738462939
2.68817954994623 1.55846717154562 29.2626760369281 4.43012184179724 9.0342995351272 16.7309712149913 477.882508472599 250.622160873896
2.91743574050177 1.49889487964166 28.5307514067093 4.57714948736046 10.1167188197342 22.6235970138798 332.434524823252 424.014887885314
1.48874671206311 1.57794532322726 29.9125910147498 4.3314079827593 9.91098005793589 27.3091515343935 465.106508125053 378.129159090718
3.13764385532658 1.35281553490221 27.7513442400328 6.19261064783798 7.64912414748932 24.0045538941892 448.449813440496 280.141026990618
2.56393945059381 1.78271398352673 28.3599691771107 4.34491552434262 11.7507524317337 20.4718953960188 403.278455425893 419.681995691404
2.34955319065404 1.75602864743524 29.0602268642413 4.29167364011621 11.5134367110395 24.5412335176871 388.45974099553 387.53750327683
3.37708151682289 1.40226321700352 28.4373475764842 3.51126435104188 11.8753357932146 24.6209255082824 374.985285063818 411.641848509577
2.47927483365177 2.04554002488998 28.0213531509657 4.72308368693498 21.8058070729937 21.8238404923008 324.990958825554 444.508736837463
2.55712565125425 1.75555117950366 29.7815521141217 4.1045929183363 9.12526003245257 21.4115990196478 473.736865786428 210.929021819761
2.58613620412383 2.10621214537691 29.2250815931865 5.49236894193043 12.7854213483606 15.1456651135877 342.098585542959 442.312062906104
1.61528962375158 1.09450536323313 28.0595633957319 4.7419978266087 8.74028829588002 23.3829501028488 302.019707654741 385.862465693828
2.05417856653743 1.8535983033661 29.2348976228663 3.90482387430371 9.5587828661537 19.3839104975993 410.567643502004 421.89246548233
3.53625092258608 0.930976048344604 28.2112161094516 4.87917870675426 15.5746651439939 28.4096586848052 394.52675516982 436.027824470405
1.84778721409673 2.12351624909272 27.5998899527333 4.64232076524436 9.28258370333614 20.6338720201184 340.448776804961 353.557056116675
3.13598034341468 1.80378036809833 28.7829965391099 4.74522692773905 6.57104615976999 25.2407686529882 429.50745995112 396.621002563013
1.75090611505738 1.53454644622517 27.4989270846957 5.73582657778406 21.2430123176799 25.7019948893948 424.881767516886 289.674142320797
3.52348074204428 1.56390703532079 28.6100233313225 5.37296433326778 7.17005630774921 27.72428643995 480.859302731329 262.421233233927
1.54508904107845 1.19212574718116 28.1313005725773 3.0040517225433 9.61858825795272 24.0704552533282 415.640539695228 395.849229458851
1.97150006317737 2.74777175954293 25.8553246334964 7.82787845656827 19.5366541568656 24.7228266563341 457.744097681931 305.84535759311
2.81133784858746 1.29760268099222 25.8589572299541 4.78245238458337 5.0689860804422 27.7820272795536 374.904204203455 475.423374766088
2.02838680411839 1.23961743885731 27.3589588415867 4.33125277816307 14.5284045714847 25.9683488234976 386.137465572116 391.863891979864
3.47472493287481 1.86315103259063 28.1278697947493 5.19144514553115 6.72619063351705 23.6335920923114 424.829098931513 362.443965469749
4.04412052592219 1.37975676747264 27.9502933737394 5.39919749158603 9.4514206869266 25.9879750587905 467.952532811541 288.371396775605
3.09601088272951 2.00803586509225 29.2228312562757 3.20874650865448 7.65382266769021 16.8629970756221 446.302846490438 397.939865195043
2.37063641538167 1.35366857987419 28.2949686949736 4.31400862791381 12.649821472425 20.2870846291337 422.132930134551 412.403981664618
2.00564702418342 1.29720754751957 29.5112397953619 3.76643046068477 12.4022087240577 21.935973142906 397.104172648495 406.558722200545
3.1754678189864 1.33891738525762 29.0906890671024 3.76763915544169 8.91705560528063 22.7484506545638 399.965003175176 398.92427251657
2.42696412993706 1.1411776126677 26.7131902207822 5.62209396954619 18.1639001927972 24.0237278039728 356.745244227913 465.211596586357
2.63354832472186 1.07584562723091 26.880570186552 6.20930526155063 13.691348057925 20.9765354543597 456.515897288387 409.438911956227
2.04404669823748 1.9786202495598 28.5996228673346 4.61917743956748 9.7713703775123 21.7038042431433 421.428365978566 417.676956327456
4.32813301857477 1.00741413231901 27.3312526341936 4.86064052580805 7.23474063009687 25.8702011197979 463.092918801855 363.855948833881
2.12811726002663 1.31510872678133 27.1604484249617 4.98777837941524 20.7228500924493 22.4352018707278 433.21461165172 404.676050370823
2.76120470716121 1.42635501716719 29.1982663490092 4.4994150865266 8.45524684693639 24.2010532494964 392.690904406805 386.007699296372
2.06032403387369 1.52841851142037 29.0990001201742 3.96356835243606 8.79140928833779 24.6403794256106 464.523585217375 323.341520387758
2.80262761367526 1.97673178480065 27.9639189729386 4.46554947652507 7.97324885792713 28.3030072439482 476.234831319535 250.017691196545
2.86703944498155 1.35874378059129 29.1138205270594 4.88719289293444 8.65743019231704 21.2793596295775 385.929390395647 492.543421318241
2.27333080003338 2.27667985073989 24.7293258285369 4.98730587828035 29.7399101302455 9.15497461289691 501.739001117469 127.375695294579
3.67900747303852 1.27877066497038 28.3853514099039 7.16973299964656 19.5464384590151 28.0096850341871 424.314214523657 386.511311614103
2.12254912385429 1.41144344539507 28.7159537235357 5.17368166728549 7.15962855466475 22.7512364066525 375.490179853806 359.738173120683
1.73531781339905 1.98648506140278 29.3846739232149 4.04995804400165 5.51846060101171 26.4223937729108 465.548535560428 252.773565186397
2.69721483301191 2.31883818842871 27.8816673090478 4.95748361538838 16.4839599012206 27.8654747116028 388.480969255699 405.226376237094
3.50411413932407 1.42463832054015 28.7088836070567 5.2785852139031 19.0185639462668 18.2984217188385 460.055885649408 269.509191989546
2.84188072734194 1.51050001440821 28.4410402663448 4.37304771085466 14.1873396743771 23.3036003825936 402.624554202151 401.304116454731
3.58714159064058 1.08371250450065 29.0105026052968 4.71318432045711 16.040331624902 26.8354255915529 455.826904788282 341.680116155547
2.90060198013049 1.1144099845347 27.9170423257642 5.18594284989577 8.94995968784624 26.4887571775219 371.888959235605 378.022796339932
2.95914435271934 0.993336581415222 28.7830988099551 5.42215134802811 7.02965285303502 21.3917875406283 393.89106780793 440.34427560112
3.02840158191257 1.28575889464984 29.4194981887301 4.58284238877839 6.29858179763039 21.0779270906853 384.718701309066 470.593820897935
2.88541603682333 1.38481998164091 28.3843869187818 4.22706139955772 14.1661848554445 19.4767919290893 456.586389242186 303.580195743728
2.08043962312244 1.63291422600615 27.8612722320735 5.5472935295703 9.0058368594449 29.2684757055308 465.92009507842 285.903515304162
1.38355084132801 1.91748867170698 29.1863172510549 3.80597333353552 10.9668660353665 28.946407067686 458.835695460103 289.798628484242
0.869517305633161 1.79902603112587 25.1402042367462 2.84089370319625 16.9720632131124 14.9867390647612 345.539000167502 471.072230785188
0.947539375903411 2.32630160712319 0.376171525310545 9.92775710555916 23.3573607396781 28.2591393233493 503.2369609495 150.968457981676
2.8569014305761 1.92668622773802 29.0380215629771 6.36712130868316 9.08129963396158 24.4528140247566 449.506361010873 359.36278970158
2.84256312557227 1.27739157653522 28.5897628004913 5.92626258830364 8.83730694700431 21.6763378412794 411.637724667457 460.187808761625
3.68946196538373 1.27608155923748 28.9367522614248 5.69454720687485 8.49124155104076 25.2117294651759 442.1501846565 354.829451386082
2.48074090201332 2.11583637361609 29.0041259827232 5.59055076558344 14.510908214729 20.143010035291 450.206213510197 323.672235598801
1.85506207133209 2.85167564738995 27.7191201958228 5.44450986644715 17.7942317779989 26.9449295688169 488.508858802152 67.8826479248972
2.848757700957 1.9600771633163 29.893406855351 5.55093768520641 17.4734658770531 23.6246352989565 424.841468109028 409.603657338259
3.25813007710043 1.59838537225774 27.3494575440923 4.67585868681331 28.9710812281004 17.0504523373596 213.074871931851 523.543027844886
1.85508405847822 1.97121206444431 28.1872259238303 5.32938468682091 13.2041189405526 22.3270226019805 414.47480375717 388.090603467528
2.74525890118186 1.37288019624029 28.7909631783262 5.65709736485119 10.4911496342702 21.1180520982749 392.283149655045 390.632515515787
2.57767897463275 1.22251483944257 29.2794393479652 4.2338957437408 10.3698008875051 26.998351596935 458.239611541763 246.817531379799
2.54150119226546 1.62037201423036 28.8966357922229 4.47006109901444 13.6217671963836 28.3236003340282 390.755148453044 383.901451592365
2.29954727619417 1.41655087331695 29.1049225459744 3.78549321037192 8.81562341286992 20.1724363632071 442.41749088764 386.654171319358
2.17866118000118 0.988004210476873 27.9635842414717 5.07528049435199 12.9039356177133 24.5294734703749 365.606544747275 420.86926050591
2.70880412761635 1.68177789948603 28.9117801100917 3.71804194825236 8.65196040484413 25.8379777903432 387.947356042714 394.425545740431
3.13040784550615 1.77151547120599 28.8273964595294 5.34027986746796 6.68559190059392 25.761551946883 358.734533736884 407.152027681579
1.93132549842718 1.8375187614503 29.3274516680318 3.94359420650118 12.8872838561304 19.6291237651014 402.152512886983 431.789496731418
4.46261341875711 1.88852314712919 27.4744205001311 5.54367586121174 10.1052279803126 19.4768368660517 477.894547246633 288.724639732417
1.63503851224527 1.92662801877759 27.4061750430139 6.44204195264404 7.97456819617806 23.3491244367068 471.710697359548 253.72187612327
1.99963342862701 2.1302430806982 27.312470485808 5.32281244195709 10.5194470485663 22.5341297969895 448.792920382789 339.132967848065
2.93591783979859 1.8149418465915 28.9943460525238 4.38457755367647 12.9178112501937 28.7268093448327 456.954168386279 313.410608548948
1.527046674135 2.41878766930994 0.0257695235425156 7.85663211305466 14.1864607917809 26.1770631201381 462.084184384648 177.996748579731
4.47610460346232 1.79300342297274 28.7900024551243 4.12371464189569 13.4238407963924 26.294998579183 461.162598211586 187.315398779861
2.94540593893914 1.54467544957366 28.9201205825098 4.73145052874488 7.63931740186977 21.439846839438 463.27619814682 269.407984291415
2.44344549819805 1.48698728527565 28.267608156982 4.69841799308294 18.9641755587455 26.6159557254498 411.621262674019 426.214000068855
1.19165313904238 1.47130920247209 28.890421456041 4.42914421847444 12.2250949206439 26.2393539638551 399.077274103136 315.250714866203
2.14008426716256 2.00011919499967 28.9404825888539 4.10267524149618 11.46633410575 23.2560479258217 453.478893536524 274.740207881193
3.10214435826838 1.47589187482327 28.4786299356073 4.69996486984561 9.67128302375868 24.3484606006652 469.141099224584 304.478984644476
3.08637115740863 1.69056609826967 29.8507335778254 3.8200373731352 20.6775328836893 22.7608862591404 444.268560625618 374.629777731959
3.41549023167097 1.2538247309855 28.2131199293796 5.50854950223427 7.35102684724366 22.5829064954225 467.831903122512 306.542381653357
1.82078727074361 1.29352611127292 23.6454603709304 7.19337934334788 13.881893169411 21.3863020456807 408.033766773187 469.23964590576
3.19188827980144 1.88468491977937 29.3807175145417 3.8683137821798 7.28615398209441 20.0871995889421 417.705895841223 385.602830836913
5.54955046987984 1.87733092593394 29.5640369807358 3.12563667449298 16.8587792843945 28.0451221829681 472.542063481774 67.5511400384489
2.27048101976844 1.51317404213492 28.3829052356924 3.998543509082 12.3034743774785 23.108282170273 460.315105675003 297.335377260025
1.53316699259053 1.79938097188929 29.1501295749167 5.17043812078842 12.3925385352696 21.7842919460553 461.045829102854 265.338437864375
2.42141930588393 1.49727846653339 29.0026841237435 4.45749684389643 6.56032035418529 23.9658810996909 481.573628635499 265.012199122506
2.09159221667143 2.34476719525002 29.0839587716985 4.66652379036289 7.20464600820863 20.1736163800513 464.210170274026 324.211414657851
1.98313829822169 1.40441731056725 28.7620319850282 5.33710426891933 7.93761286941212 22.646407061846 473.397953656495 237.268122942635
4.04013416395497 1.23816958327242 27.9752473661021 4.71586974195095 9.77432137995104 20.5314366676022 391.490226110736 413.124638334152
2.64380038108457 1.9213407677098 24.8282561228213 5.07100682879727 10.3535728931421 14.9243790256264 415.225994296259 406.534722621011
2.59502363747187 1.46763163997059 29.4979473016873 4.51906455454997 7.18597911679102 19.2396807151624 339.133553825881 409.447796060669
2.78405704114309 1.9541625218205 27.7303664419506 5.79102020669137 13.3380444364763 18.8714375059179 426.084658208644 299.451926697704
2.33064143130474 1.74948338489507 28.3218063208195 5.22023132709386 12.9411267186684 20.7767146656875 464.59777467767 285.02520428466
2.56887643700449 2.33608023042517 28.9886812962267 4.32062013320579 13.6042648670462 29.8173484172754 390.80261023993 439.580071705235
2.95512939482699 1.57372050015327 28.2687731167276 6.33301933433289 8.30984925859477 20.6234759905503 400.377774228236 452.814050509261
2.52880292138132 1.79119199848041 28.4043243462779 4.09666957864796 12.5338734367072 22.3540741545989 378.963890242872 403.905667309195
2.20704839551787 1.23969638011492 28.9558096975616 4.10848845922513 9.81368397398696 21.912955398815 445.720103260814 364.728962569389
2.2804058872203 1.61351076385777 26.475215693809 7.04513626102905 6.0851140217078 21.4810019520928 467.947119958122 268.8516363435
1.79549109646721 1.29016688828928 11.6144837978829 4.50312933782818 13.5294146152726 27.2105134552457 445.844107743718 161.034438257355
2.65592918830829 1.87497472606862 28.8989329802732 5.67275410522803 8.48583231282161 19.6347123308221 399.579614065805 403.291534171657
1.56159162166201 2.12874488226064 28.617602864614 4.26426562655743 10.7170539549562 27.3542463886799 494.909166150794 96.2571711693895
1.83436707180913 2.02905797382194 29.1586357061441 4.26716768796629 15.9182997316268 28.692016432324 431.937937488618 380.977434450882
2.30514267453977 2.25549037717668 27.5113252382743 4.56607806740682 10.0398873068961 26.4256681626393 314.949981680723 450.991143610171
3.10113321574895 1.2671792368739 27.0936285625816 5.67974106138635 13.5851229154636 27.8489809697293 181.47597331852 532.290818019008
2.62834170422723 1.16318238452663 28.6949052621718 5.11361763584009 20.1467935695313 28.1651085179581 375.470704454186 439.057330331174
2.71741764492361 1.85034649513278 27.3392408265464 3.8383699887711 4.7581224009668 27.5754483340327 426.448586513076 319.238816521761
3.70446962580423 1.633585935252 25.132349416197 7.72120558256542 10.5743036734612 20.188622353897 451.749399778887 337.13829584855
2.58155157440124 1.3532478959984 28.6952089505878 4.15526299913849 8.67797049071948 23.8857510257625 474.809875257363 242.572521978356
3.79950574455074 1.15793569337534 29.1596680880983 4.25027718737391 14.3221067951478 20.5617418702355 423.11566629051 370.11152629605
2.55313739503751 1.95787310570355 29.2424599920569 4.27682085206276 8.97816681702433 20.7844505114305 462.997550039312 344.870077966778
2.88180129366544 1.21991423631583 28.4856497644768 5.12082957421692 7.39033924902125 28.398895217414 467.840057119254 226.603161969602
2.96519238311401 1.17058112102232 29.5643058375561 4.96906397575012 25.6134412352995 20.2519496748012 352.396988645787 431.195059022445
2.42537437008375 2.30587417732881 29.2295870406806 4.8678010454891 23.2533216225713 26.2283845808591 408.565560084526 436.811036391148
2.12985592851598 1.74386229827114 28.445229326022 5.41600403359357 17.1401847121361 23.3705921744936 427.987850219856 401.936237052598
1.99762571577062 1.79649484113456 28.7903812225221 5.48948211939048 12.7880955089062 18.6461355759529 382.046988783613 438.193134685371
2.13504711446404 1.37596770240956 28.2058197255753 4.16018933792555 23.5776485221875 26.3796353567226 450.63532926392 302.015807451705
1.43144096155595 2.49757445030785 28.8028768329655 4.98895975273776 11.6183181258878 24.243757841319 493.968096437952 236.649648939079
2.81780419287157 1.51700481903045 27.9465248010163 4.99056297199037 0.934313483117625 26.0780738330534 490.365476150654 147.931851338278
2.00554198697928 2.17750924693442 29.2948743179034 4.03653958138154 11.4735731478898 21.5562489427156 398.977601515094 422.343671909492
2.44020057550455 1.45080465138502 29.2618171150736 3.66896469718902 11.6767142282082 28.2735302225729 474.932866501086 232.209125813973
1.64554903923378 2.04788637984758 28.2138900930041 5.13301631735455 12.1466668643131 25.3070178245825 430.817427172546 426.851253778
3.25464970102506 1.24318110749707 29.047232917587 4.79804375180929 5.41824154342373 21.9142326165219 427.892665286329 388.806670435981
5.13083544892522 1.53366302605857 28.4265924383916 6.69014995076551 8.82172960733489 23.3155376276288 467.023621860984 337.34268685937
2.119500455533 1.92264002554182 27.114216426576 5.62929559827702 12.650958490006 20.9766072612074 459.798215164556 325.563656079354
2.57053036624792 1.66508263679948 28.764837198265 4.53257554006407 12.2240265122565 26.6114698737902 351.648250002126 441.788323443883
2.53872710329321 2.19903092304586 29.4047591745969 4.50438659092619 7.97829614682584 15.1744680910053 440.232310224872 379.55128762435
1.79610386191238 1.7036977087836 27.9927180698621 5.58776191498551 8.9066433183218 27.4541898761799 381.647320090095 414.064833698792
3.21370362554759 1.45667950490301 29.3745748164292 3.64144743786019 8.80883746054309 23.8783251683071 461.22267677161 279.018499675193
2.53330465013482 1.71350306741062 29.0914738615766 4.38922414247889 7.76998218191011 24.274800309782 471.482581454524 215.849972709955
1.88847253590369 2.15582820546665 29.5312827474329 4.78374349398234 12.6851594510046 21.5094474345022 475.574979181518 189.697412994067
2.79309297215371 1.19102377811994 28.9703562737493 4.61963200459897 7.56783644898204 23.897563472991 424.431962219525 470.207139571732
1.6998257741564 1.22492823505087 28.8773590633362 3.96944170548119 8.43948606878767 22.6444776600743 463.532615195856 355.520218959888
2.57613753688213 1.73066484421138 28.2731691611594 5.29230938602688 10.1078043677075 22.5216529068519 422.662728170183 385.440039699061
2.77510823244172 1.43586930148431 28.3395448992059 6.2651721209715 9.25507660880389 24.8075911801586 434.296340237865 376.76155361734
3.77173005684989 1.20804180261355 28.1902432569624 5.22461643656546 6.58608615556755 21.5390954738982 445.76109198654 407.270010901923
1.68986073172256 1.83578206483836 29.431798186897 3.67727837006849 8.49829034364213 17.9621756635085 371.043401982473 396.259326041278
1.81307172292804 2.54292405172835 28.1259277859238 9.3902730597496 11.7691197373322 20.6841392457536 393.069933486041 423.254173007041
2.5071355605347 1.78873692051459 29.0897397143061 3.11694340830193 11.6558452584127 26.7334624636252 421.608813082212 235.188094395882
1.95722438131094 1.92403090501291 29.0158830796672 5.90125862817889 14.9786723059204 25.5643642679266 418.013952826163 418.053149872478
2.64325799238853 1.8339118916371 27.9422205267006 5.91669551910987 5.9653364885044 21.192737522581 384.941629627284 424.167896120907
3.31814718609094 1.03073547803407 28.5352389899431 5.36655395438569 13.4241639371461 15.1594699108661 410.423489763177 400.624835503727
2.79328500435505 1.61345257411878 28.2782757970413 4.43715097794967 9.16662625300757 21.5222591160571 452.684540138838 230.49852533487
3.49003387109736 1.35344516751595 28.3587854304875 5.41802604876297 11.5932669501483 27.6172830090467 459.636865766169 318.1651060151
2.24577606457518 4.045087174492 27.7252403658942 6.91606320149601 18.903495017681 23.3210394990906 310.698604766264 394.433488669147
1.90866080523094 1.74970855549132 28.9734951129952 4.51382513621029 7.78073643799926 26.9081873800442 459.438132610514 296.931152009282
2.27136724936605 1.16267653905244 27.8836742228371 4.53330350800153 14.9417321407589 25.1094175829045 381.243852648318 412.124776979091
1.78621037961325 1.80114382793962 28.0544522302024 5.01095150950331 8.35924338401551 26.2365529445164 445.320263946736 296.903086422078
3.65922319654922 1.92072358413772 27.9192891402048 5.49613661568428 8.12512117027539 28.0388760828043 469.54415292017 36.9825497369901
2.00166293508583 2.95814957097468 29.05763718982 5.72225949644673 17.0180946294573 23.8308480755933 459.982626293901 305.769477578099
3.4061217082498 1.7849524063691 28.2238954829961 4.64460370353247 9.827992115867 23.4822577082958 384.719123292135 359.096190316057
2.91489045337354 1.42251022812957 28.3759132436211 5.99742436640928 12.4798600048231 25.793249313455 494.290485624313 317.3774213078
2.01531556516983 1.80179339134082 29.0023837927568 4.7401313341508 16.3101879894603 23.2220667199351 373.588887806334 426.829056584315
2.10658158602235 1.9076350362153 29.1582571196763 4.91132313999827 24.5667467078451 21.882528174967 373.725104698902 461.273196902161
3.42404412913528 1.81162974675184 28.5669416183785 4.94915290085359 6.7275332038667 21.9428185387447 428.929105564904 320.239615820216
3.14745494703594 1.51945946121012 24.7566856946746 5.79573940396288 6.52532052266701 22.2247306383351 491.05477206143 239.396501547144
2.98837522930496 1.94835188465694 28.635614433595 4.73308848559531 15.2847147585089 27.3312612896694 485.081332516596 306.478221236783
3.28469685716342 1.36251037452633 29.1342545834921 4.7587836198836 9.41292038608562 23.9840208454366 374.156164132614 414.285951176871
2.56850456087307 1.40275182287287 29.0819720506564 4.13209431445339 15.7374405368746 27.433010591419 450.393919330201 337.699186612787
2.28122734230245 1.35179377290328 28.4497068977015 6.44001476972476 12.3582070776058 23.7690368329252 430.719695808019 282.02417093803
4.43430343059153 2.03552636160481 28.1232665319811 4.76098845859813 9.7083799224189 28.6619761808281 471.812369895467 255.961618185623
2.42036860943572 2.8063582437072 29.0254470262429 4.56115896426423 18.9343789665714 15.9064402402341 472.064015062121 248.420960748612
2.0676210851262 2.53323874724858 28.7864867487304 5.08929072447736 11.2119833195926 24.1932819288225 429.219892743929 342.071439734153
1.58480568628132 1.34167476609369 21.1828953982421 4.40361089410413 8.38391191165422 24.407811022752 397.508410804697 338.531805677782
2.56257732174101 1.86543140912716 28.4027083633478 5.47694801518424 7.99239922176214 18.4672287059638 383.709339672051 439.239916865652
4.44476869192321 1.21171512733601 27.7586345188726 4.55294083305202 18.3243741081624 21.0001497079377 388.462196546961 420.046709791276
3.31605546080992 1.72603121143604 29.2332986532481 4.15644863898809 9.15468623009262 23.6952366278577 443.414092132638 312.060209664176
2.9008162788508 1.18960207445291 29.6417760685234 6.95331562707659 15.1557921158647 21.3950794961563 391.728208034636 398.781045825617
2.53076347861351 2.10676694638752 29.3200499874766 4.38029153288931 8.29942716761441 18.1345404987069 409.793465303371 406.734178087107
2.08777360542267 1.68687585418293 28.9640419408998 6.46081465474647 14.4165057341883 22.4684199710808 399.162619095409 408.170183219031
2.01337719325028 1.24167675363779 28.8399579406214 4.88126863329386 14.9165037187925 24.1338822141165 352.40073790717 436.728454069481
2.49932795174849 1.73714102724354 28.9887119379848 3.78374782658623 9.6682442434037 17.5819063307743 458.969087795297 202.799523542745
2.72646771291069 1.62229400788886 27.7474488920161 4.51959049788844 14.6501712233216 27.6542749042771 355.552791560873 463.565356734004
2.58517076493322 1.52363729726884 26.8333768766979 5.804574653258 8.28268970994361 25.8901657852601 444.956863968922 299.770739229954
2.43334812957474 1.75437198915065 29.0262580642558 4.32874661770486 13.6152409743878 24.7811203598605 455.78560611802 266.678568763031
3.21418200870882 2.08151759708206 27.242046078968 6.44344709595403 11.7828162787892 27.6310100572516 452.497700687112 288.866401683166
2.68920089815364 2.09106685679095 27.8131325595661 5.71545591098484 10.0435448144969 25.2811429208192 475.784827624172 253.778898883808
2.91482407798351 1.66624767262078 29.0572018612043 4.33659573390793 10.0259966533793 21.8841838077402 466.307127747078 314.021439679238
1.80188493439245 2.19371506174526 28.3760535796295 3.12326902352582 11.0506492142174 25.5820252816436 464.735289929542 266.715014579812
1.8405336573436 2.42025661385047 29.1603968156494 4.35165664388147 8.87518413803416 22.0717108188851 346.689961689095 438.464765732529
3.77087596775625 1.6884698624539 28.8351353755004 4.74909698384674 8.98854260858179 21.1495651037937 367.751791396954 398.122235843394
1.79469380955726 1.69625110730682 28.539380582517 4.62384633482204 7.39571821959626 27.0545167951748 498.629814093551 144.931512329226
2.58267042487917 1.52815543275355 28.7717945293774 4.23250538849305 8.32782113852168 19.4859805946613 368.416996722653 444.15581830182
3.6325453550055 1.46039674768319 28.7069202289341 3.50592290126515 4.53807819312648 28.2860591818487 374.717437330916 381.404618276026
2.52480847564735 2.32625335013829 26.3085830024691 6.90627084353834 7.30333183314854 28.1017169485339 473.9023016223 222.434722970726
2.99700199712102 1.39377531226584 27.7082111332518 5.01749150189089 8.77763022588813 27.734413147135 465.087029017932 278.218200842873
2.23006109767141 1.75776251332162 26.9484077814478 5.32919665276135 12.6310366205687 27.6771168386265 463.74787040974 323.760599298134
1.67058212504925 1.93217828582076 29.0799936779206 4.66047880397034 19.1145063221618 24.5032453098509 467.584744212893 350.245671334709
2.39925230128133 1.61525401828757 25.8886316418942 5.80556684776121 12.0102076230188 22.6104919863497 421.083530846006 432.771764967817
3.29694231459414 1.22981855082097 27.6554204820394 4.67578295980594 9.47743162423986 25.552976384276 446.715188558438 274.253697144005
1.6340606723104 1.76952993571475 29.0483051375528 4.6259255715792 8.12280403185272 20.3344917145007 429.368404012689 227.800047574363
2.75403953669203 2.04928242730303 29.0045339646588 4.36391636178753 10.973262769589 24.9751508950611 425.96405559518 453.571165533196
2.42816038539224 2.230980298544 28.5968062455335 4.28680199803047 8.50047278887236 18.3967239960067 344.733885077121 503.567086702969
2.92857405470788 1.63694466736743 28.9708691359566 5.87503306391901 13.2495770226981 26.347016432924 472.524641270283 243.913019018765
3.12745046679281 1.6299822653287 27.6179129588211 6.54462666083935 6.83208385456925 22.2540546457318 452.558449930359 396.034160842391
3.00438381231202 2.08828110637674 28.8218581864915 4.79491280318385 14.9956042295801 25.0233264825392 478.374882116449 233.155978298326
1.51801253288434 1.8845669679194 27.5691792144169 5.87025938719489 8.5155860648715 28.2437345331087 438.287818213001 188.509192821095
3.63182121989673 1.94093364524892 28.9399932446913 4.30333910697434 5.65796991549215 24.6273742588858 376.14162234408 390.16188482802
2.19324391337851 1.78477233171446 27.6674997698472 5.8454219933734 11.805194833891 21.6005156031498 388.447657631174 353.742760323777
2.25621609189609 1.55088040194328 29.402195327756 5.99405008974453 7.84265624859966 29.1629315465218 482.760072699853 199.848641111486
1.7139715646751 2.08473480888479 28.0664096091758 5.37714127645317 11.0801853763592 25.2191400715277 450.469246295378 278.569032014516
2.18086561430457 1.54455848132263 27.1721740063055 6.32417340149181 9.06442353772929 23.6838864982378 449.633937365695 337.553037705666
1.95386192784663 1.36581142078324 28.3373568170535 5.16889599883749 8.97313617721929 24.8116657446526 442.400068419152 387.68588828994
2.3619149004852 1.55834832640257 26.8865559910697 6.81388544580918 12.2386836977344 17.6712231725463 380.943258524112 422.832596863342
2.54920043512967 1.20932385147173 27.7157361853097 5.46328010940088 7.53503923016324 21.9580682220146 411.785492848472 398.906913879665
2.16028942219515 1.7717537813868 29.1620437985288 4.874495805551 6.84490588712053 21.0301216317287 467.197607209791 341.356319149135
2.82952517380244 1.81393753879245 26.0167052714656 4.54080122001973 6.58485587726868 27.3610657837244 450.069844555649 398.386271555278
2.6027953809503 0.984708539828692 28.7557862042687 4.73999401543179 8.2186395503094 24.6295284462093 406.788937437617 421.202636589228
3.03308139711398 1.79506100156074 28.9639903200681 4.4636982368588 8.26130923127231 23.8248792022726 464.616738550377 341.27074431764
3.07178463286313 1.48141750890513 28.5498133680202 8.03791881120246 5.55709637434172 22.4855485770224 380.659540348207 440.311077172572
3.99188477814349 1.14414823403157 28.2072311866896 4.60712318358921 14.2372024812975 18.1952086556772 467.123157710522 253.624503481248
1.75943402303352 2.20027145154879 28.6695819783653 2.94711438986687 13.390864990359 20.2856790927534 466.34663801523 294.561691037683
3.29283285857043 1.1819402424846 27.9153742452392 5.78180030954557 10.4239561510052 24.2171274473603 453.325910578261 356.296723079271
2.99111642717668 1.66977561773793 28.1409690002651 5.85408264491793 8.91825446124756 19.7673691011793 463.847197874154 312.339076722019
1.88050861332908 2.09833161760573 29.167397080275 4.27396256757253 9.41483281624405 24.3866943543659 483.245164648848 166.943494627179
2.41277379950411 1.14263056793472 29.4376277034197 4.47280018335193 14.0388366239882 28.6954757441695 391.786626699136 468.996717044744
1.92895332759543 1.65165371570086 28.1093722802303 5.12354707824437 16.764235699632 20.4965247629293 422.038157265113 312.57194553976
4.1054452090134 1.09869716275049 28.1530547369668 5.10101553951603 8.18405152702936 25.8424078225186 477.747294284357 306.647506800955
2.52270798068556 1.93424124970102 28.4072607243413 4.94391596725456 7.79964295898673 24.9579637499347 459.528486624281 336.358758734203
2.48604166172994 1.6279720974509 29.3091378241062 4.25846148514788 5.65834090845024 24.6749757483415 446.217323286452 319.606510971922
1.78882841909349 2.14041471721791 29.7207257260848 3.87425706743776 9.46143532542932 26.3708003912981 480.381768760485 113.133008498902
2.37114632334351 1.97825896369697 29.7336338492602 4.70816096030314 12.6367533011216 25.836561313115 458.541425153363 160.047939700843
2.88080949888647 1.48978077828728 29.0859329929751 4.53595471267709 8.4978553324692 26.0396090709899 279.198383017251 358.110962798367
1.98363143051516 1.49362296380471 28.9909809893371 4.474570707238 11.2137010099445 25.8499074657548 459.570388310866 260.647899533959
2.42270411541142 1.21356792643542 28.766547259888 4.71433625323509 14.7783646693358 25.3215099155519 414.779283007408 327.173983032282
3.01217284640328 1.34514710706673 27.1071291609116 5.34568388489104 23.2052970869306 26.1872068998439 465.65863537853 265.812615778846
4.5807870684204 1.01617313549418 26.5933451817168 6.60324262944143 7.22548095722316 25.9480503207743 464.110766301386 340.498589218514
3.53802633744598 1.20876444969698 29.3594632719061 4.03858162370448 11.4413392596351 22.1556092505902 332.335207033801 312.531428552818
1.82395407672958 1.88902238723414 27.3366748678172 4.18284832426247 14.0868395410799 24.5818642692319 415.25278593026 439.924306892938
2.16744706622829 1.7676155027126 27.2539458697781 2.53589347776809 12.1343417348393 24.5681542506415 306.854752005798 430.792568178374
2.23748551701729 1.57061386853604 28.7821726793153 6.52852910658347 8.57636757951221 26.0337442738241 444.355809398689 398.524416737432
2.00237469672774 2.5308426682071 29.5578570347724 4.59471275049381 4.63548751784894 25.4073488778468 489.330946914847 283.329003943476
3.81695710455203 1.38130049396894 27.1401051299875 5.60886419046318 19.4271732117619 24.0016504753322 382.084183341118 470.110711912883
2.04659955292456 1.53895176709598 29.3096453386098 4.83752131470964 12.7255592201463 20.0859624904611 465.003578257547 213.646068074229
3.24263840975844 1.25064179243004 22.1047875900176 6.26133304461195 8.20409681980029 23.9896559462677 470.498534018305 293.006296265079
2.87928248681344 1.48249521638753 27.6517973414976 4.38757315334037 10.7647942921286 26.9006582285681 472.923046378856 361.961254169545
2.5221731626189 1.99337988038605 29.1721591425023 4.37189604231968 15.8990124245662 20.6455007578289 389.091002771442 440.398205268717
1.48086968369214 2.12392539801677 27.1083429959116 4.44839294935399 7.46923159778677 18.2111873468021 454.070511457223 83.6670897380372
4.82521395572771 1.16395005736707 28.462601740395 4.22597800441393 7.69705451400793 19.767888111864 379.216218131222 487.76318722087
2.85439676215102 2.14925145532745 29.6216359318575 3.83936521969526 10.6260049176399 22.1965164509199 489.224432251073 212.834883654047
1.83018926752057 1.39880380400165 28.9582076126754 5.02182425437377 6.81163007615086 26.9439642734155 479.800280679588 292.974633984097
1.64735371317619 2.53420485779841 29.4949160341225 3.88048451436316 6.79220277241467 26.8387138451163 453.332230136751 317.638255418686
2.00644810445514 1.46832463240894 28.9842124898142 4.80716978979927 20.9676975064388 26.3262123238487 491.197965646046 139.294252180651
1.98359038385914 2.486710216499 27.6878758972506 4.8904032433941 11.4419908710639 25.1446973784601 381.358472899374 398.46605106729
3.75260464997001 1.27379834173107 29.0321665445326 4.86530227234175 8.00913433003848 28.1494739327743 463.214945059374 354.726065374873
2.10064752987657 1.71134257693557 28.0912655096119 6.24014722148728 8.40168741540852 26.1022723333656 405.566803723098 413.243524193907
3.37336918834688 1.4552417754874 27.9568927816936 7.14329519814025 10.6594981485385 22.4588732278928 386.99254692827 470.533126754419
2.9613808496454 1.21917128027452 28.5926591985724 5.28293749542018 7.51173666955084 23.7184955078872 408.716446162147 423.593438423841
2.07153432543171 1.48532052203311 27.146338738116 4.71257608618321 4.57084873606079 22.6564048941872 406.349775787007 397.848101358956
2.88366944777177 2.25075487337601 28.1541136135737 4.30160727696036 7.34421728782941 27.6429403792445 495.338643428209 176.356492562429
2.43493837792929 1.18115304171318 27.3999660683019 4.70822694985618 6.53910955141048 23.5799963213295 451.824503643725 386.347337531513
3.42870397395506 1.72507119919052 29.1830039405395 4.88574772427109 12.2902814885336 21.2477373376014 464.047149178418 393.115469188301
3.36450612462428 1.60763278166021 29.0637950263656 4.53170139295733 12.9733877281255 25.747038887772 447.027516851162 380.585833845553
1.63986244326993 1.36801244650176 28.1277765899773 7.44676386190706 10.7028510626364 23.7929977628916 480.315537797733 267.826984073955
2.29090656747983 2.03236717097587 28.4747025494427 4.21302824946971 7.81568477749486 23.4967907930132 490.29121406737 199.350276186505
2.47542883018313 1.83324861412895 27.3519983807541 4.93148068440648 5.34297212921995 22.5086719929176 400.625530952228 422.469539541232
3.33948342411455 1.24562964488779 28.1725048926159 5.58103684049568 8.78586815996519 25.6502164765014 460.594950438929 408.405602805158
2.44166709887674 0.9660110329089 20.4390887472139 5.19283176605317 9.64460844138852 24.6674186701653 387.979883034635 449.179657782916
2.20625350351315 1.82643870204875 27.0548171435359 4.92804209174008 10.3272207713943 20.9410543508898 473.420320734865 293.515793379358
2.57517578505154 1.49946955670393 27.1442034639747 3.95492201571705 13.6231361567536 22.2975281497706 436.186709869511 428.959708959401
2.75397187831356 1.27629284655919 28.2654716459232 4.19504816497535 12.9365621764042 25.3009193806184 418.921813886473 375.354305237193
4.58981794996668 1.78124834612802 29.0750104864177 4.72352797880924 5.71285689757193 21.3165894640046 495.044726056642 173.516861417555
1.73441569158604 1.26417630292055 29.1834695303583 4.33471264509411 8.53366211825335 28.7503749867483 376.785267702478 381.271301604195
3.96687509069654 1.16009459320111 23.0910316265438 7.85762816809044 16.2328865596367 21.919304662832 476.150236070901 352.544425298262
7.01761293573383 2.07238410601559 29.1751598773842 6.44506348364746 16.9863742994469 27.5676101094397 467.637608921097 178.054217975029
1.87652040958711 2.71813262968033 28.9790885940509 4.5933786541195 8.44035774644949 23.0108909025295 474.752474536777 128.583886202248
3.05682577810576 1.35383178251153 28.162938325525 5.43945504007099 7.49698604720206 25.5798176982434 446.596079362151 357.857713750458
1.94613633843285 1.91582248089905 28.992387388168 4.32346856843985 7.39206058146411 24.8460281740962 464.976060980778 293.824660210021
2.86641174977842 1.51042870682557 28.4665573452845 4.74013688178449 5.37835500139994 19.9012710267743 392.990776753182 402.826306990088
2.32798723194617 1.48145986738601 23.0189008585154 4.41030970288521 19.2700737285106 19.3395060255779 242.388080182301 503.902607468644
1.9828361387921 1.27320011071676 28.3698608265178 4.46895483500051 6.82481715484463 20.3290223254789 430.019753712585 412.408748693361
4.28623124764184 1.3943869964634 28.2961895564087 5.33927028225399 8.36926969741937 26.1108184849439 492.459481936282 225.477499141795
3.3264574890049 1.70339448799922 27.2884756482965 5.9378497086416 10.306471015883 27.3925740882658 437.782282199724 379.834629242884
1.7344888385957 1.11578854070141 24.7759641143026 6.06665703437121 12.4719450500129 23.5754021732448 410.766531564992 297.070844512744
2.17626448532729 1.25078862877311 28.8600244353087 4.34035576506731 14.0231857513466 24.1232718291143 418.98543146746 390.844456189068
3.62906273320235 1.46192482171293 28.7633696145977 4.62550898327982 10.6667201993909 19.9088180582814 480.126196186704 188.890613372992
3.59079696177029 1.35356423482755 28.4568575165598 6.46689584974402 11.7721225204712 23.3375467143574 443.107823968361 372.834031898689
1.54093024179672 1.41695910522735 28.3130457356682 5.78312372908166 20.8330935407114 28.8647374984891 464.18327932203 199.514876449484
4.13949223718166 1.01629300600887 28.9569624770453 4.43772564702755 11.0595763414147 26.5544741178282 453.057692810285 364.542177719421
1.98276437309792 1.79718493600161 27.9990608716205 4.80596340166601 11.0322752206478 24.2157623082242 457.436184322476 320.854032521986
2.38722983291739 1.9195326517237 27.1374631995378 4.38638638319873 11.8997109065179 22.5560260555797 464.290196294899 263.939348515029
2.20953401938754 1.15872797638143 27.5017834315356 3.21873777966216 13.9328347088097 21.7842882625764 454.60127948542 394.707608360925
2.12564565275885 2.98102576217863 29.2672630509687 4.16986309526497 7.79664801768982 26.8921243448741 413.727669430519 413.286792366211
2.79209470117948 1.05244682797834 26.8796555591136 5.63146838825767 7.56971542909677 27.2608926587065 456.820196908025 333.411182898245
3.63436897644797 1.30221758134465 29.0150316631533 5.15880639798876 18.5056226947392 23.8103418826577 463.99264077398 372.827821366395
2.68866894696166 1.59787704148328 21.6826191451842 7.09936073594664 5.2808100890228 15.6392221440156 402.943173040334 334.638175339318
2.49145119765031 1.76877495715967 28.3436332155133 6.6001186327396 8.74496824974238 25.0490420563906 482.930753834473 235.5696322294
2.95232816486513 1.88170669917059 29.0262074132944 4.6469758090935 12.9406727601323 17.726312398935 413.06830417463 404.812210765014
1.4796705515336 1.33273987942164 28.7199682872586 4.74838917147421 7.82862774504669 21.3418655093678 305.166746437022 452.791260491543
2.27045619984801 1.76330838164696 28.9930053309734 3.79214440702374 9.58810180521464 23.491362691457 457.427492198792 293.726311415592
3.09283839355676 1.72160308567408 29.3192110565026 4.87590488188007 5.22654551258651 25.5579479570108 434.944701342466 409.134530489813
2.6598751291062 1.21222374956287 29.0844749217606 4.52557402903651 12.8159665481955 24.8279667097317 390.228469364644 405.495186542196
2.25878314169467 2.25483881577654 28.4422900867349 5.18298631213684 14.5184871089267 24.6532643090313 375.286714289913 435.90090486281
1.48179984114664 1.60523258848996 29.0065490284192 4.00936158528361 15.6641590779636 25.3665238070873 412.738710183019 401.166687647242
1.65418036383813 1.70688277862019 27.4554208844331 4.35562665696023 9.61631439440503 15.1166564060726 455.800289510927 347.725911416786
2.99649487472171 2.5466946652635 28.8997853203243 4.01243948466532 8.34582785145269 23.9765917076144 466.255776861637 191.555160192529
2.22641128555507 2.2796752666978 27.6801970678319 3.9944296166912 13.0520454949472 17.7723387538134 475.997298784948 197.782270737893
2.73197490435626 1.43317753967864 26.9144153189251 4.51619728757509 13.2671774690599 15.3728559636849 450.258577389226 229.657895453536
2.69866025567592 1.23745722964265 18.0567165509057 6.00997736920026 8.84845616197208 25.4119044852822 472.77847254377 286.321789223071
1.81737608905374 2.28716577650551 29.011280709419 4.47626288700625 11.5394533920367 24.2453777256717 456.201321963759 359.172007758131
2.29492966195507 1.52694768055983 27.5607418306411 4.51880638058144 9.94422884028761 21.6995810300061 463.878170304298 251.520606048657
2.50326671736615 1.90166172234123 28.7793465569731 4.36303177106427 11.9942469341727 25.4291447552516 469.716633636581 237.976664426858
1.63483994258601 2.48154921316935 29.1098888336257 4.20670265829615 7.65357095548161 21.4669725961635 447.340882145572 252.480025984489
1.88141421369828 1.4568255213956 24.7150228172944 6.00051204906057 15.9966171262254 25.267650965091 426.185412670493 359.60497156767
2.00078674175945 3.41479153008185 28.0600405637619 5.48796855190363 14.9079363530559 26.0884536255003 404.323910806063 419.188917502445
2.50312812000982 1.20467412056368 25.3166723235855 6.22639156235942 17.376804479102 20.6779796427246 393.855561427361 417.194634761711
2.9482665238291 2.12171225031609 27.9904069108137 4.33541711427144 13.3369113269838 25.2954369743111 359.183260651276 423.818605650464
2.71473206981088 0.985349114056923 29.6897204480247 4.59089029243965 10.1423055681862 20.3616294298814 442.599618851342 406.946524732068
2.10421972969755 1.89699449678078 28.4436025848668 5.48981316989863 6.72231682147796 22.8572280585872 469.462823371599 312.937414795199
3.0373118885528 1.66796517595808 28.4198056138169 4.50052861996571 15.1333036473533 26.2705084192221 382.793197069813 388.746372194291
2.15638787173581 1.38040975526237 27.1528626209747 5.54591779377606 9.78785652063518 26.3747241387851 457.206474702266 313.590754357348
2.31924038940259 1.47760448326824 28.4473567968598 4.68297469884807 10.2901538583376 29.0854550469881 468.941086092877 233.900543534395
2.74541397396342 1.79179684161633 29.0035950167619 4.02568380017116 9.51583382329423 21.9244774716149 360.030498388692 413.897247157073
3.01073207491023 1.95532211252997 29.2460593526305 4.15374098375969 6.750203087 20.039588109075 471.713588729895 298.824735904728
2.31697051445355 1.50566787247305 29.2335510537198 4.39130903078773 8.79648413273396 26.1212200133817 471.913577208853 286.935738253731
2.7799105814939 1.98334505547677 28.4838516322268 5.08721371776489 8.09804799968794 26.0684892697355 472.485322159894 244.046555548086
2.29538650791262 1.85449923656398 28.6288594498375 3.94200183100881 7.99775718142106 14.5823134460827 415.025620792765 366.843578954822
3.97253918261522 1.34049453169728 28.9165214320631 4.19647237692858 12.773054742503 25.1037459974219 448.032196093559 334.288328567752
1.3860564685511 1.96918010634161 28.3013819817303 6.41061626483132 12.5858273812644 23.7182907320638 471.643612366957 263.357636550212
1.91381273837343 2.47292970886533 27.1054721455723 5.35934988006011 8.70703878148935 24.7768332674682 449.117635416935 346.797732818142
2.48484519070946 1.0999570621858 28.8368302088858 4.79009344901268 13.5621440629341 23.5683643900435 343.304291231749 483.415033109091
2.66187171138783 2.00069636623185 26.6401378357326 4.13490307600114 11.0570161521585 24.7623512119189 484.411305839888 204.059539844802
3.2018475740785 1.46457934220824 28.6543306418098 4.626076537496 12.7705955850738 24.0381832469142 426.115226876744 312.172803064601
1.71969723540003 1.74473405524468 28.9671724270132 4.35963037924433 13.5399018220414 20.4675561371698 350.865989804296 455.850918897837
2.18316290769343 1.36751785780803 28.3867948956636 4.24073738495918 5.27440339732725 22.9443711574699 500.627314327731 110.35229914376
2.23743435257156 2.12282534975518 29.3114652225917 4.61251023474346 7.78990602170269 17.970647794687 405.81017433621 418.431438055955
3.51126804039783 1.55935120700974 28.4838601554607 4.53117710356666 8.32436544511186 27.9318205884257 390.330337822754 406.695888221481
2.29238824921299 1.77115520431659 27.7509512942591 4.06137305682404 15.4635328818598 28.4297907845136 471.32193882548 120.620923066102
3.74809512988119 1.17688035247844 24.5454043040513 5.75986312738429 10.5741057450584 24.6730717636572 375.912423226044 439.050072469038
2.09383177578582 2.22099330624289 28.252985657754 4.79029508620587 6.45822576752001 26.6868401023281 480.27474550802 273.174595681843
3.64999302952684 1.79082237220914 22.9071104749285 5.17648175439637 10.4765169070318 20.8225590033962 477.86074691186 329.942364542009
3.41146114816468 1.73491370613696 25.1205715205873 8.62193458696878 11.688426501439 25.3418590237303 457.356977344286 385.84517329631
2.31893306890294 1.5482543147456 29.6266818073154 4.48494680742823 14.0555552120907 21.8429213013767 453.917475378832 334.745318615222
2.0066521393189 2.09479703035849 27.3236725228439 5.53838271962066 11.562356314212 22.7152883272644 417.331890592779 413.78726688917
1.99507617174044 1.25135633992815 28.8107014773311 4.44445209046642 11.2982204979464 19.5610148651452 389.126339438702 429.676743082829
3.07352484005978 1.82260713376974 29.3815351719744 4.0588871081657 7.19423058011494 26.0578716240307 468.644942398281 244.895806888473
2.41720469771107 1.99928197252665 28.9713575219057 4.36705060687364 13.4203951745902 25.036361995848 388.292144831689 235.970198396109
1.76976588331203 1.24741989509373 28.2948025993257 4.73455983296183 9.52259087519082 26.5174121874563 444.154871992988 419.831622839747
1.39322765400663 1.45407143412285 28.1947940703596 4.90550720812294 16.0833663128434 27.5034421332905 447.979398997512 229.42447366886
2.80519151088979 1.37775245811424 28.2922762850843 4.57839084092947 8.63389485755081 24.5490245629361 447.066665259317 295.959132603383
3.02281642538911 1.70275550894242 23.82913865562 5.19178773732375 9.67062553950827 27.8658517647016 454.759532094361 303.958462951285
3.26965262352962 1.58925610084995 27.6736393651463 6.52671943787504 8.22390774772545 22.6330043662665 446.123359146145 371.760386067885
2.36329833080634 2.13129934458173 29.7115996187341 3.76771034765989 3.39556856727144 28.1027614800637 464.27201084571 361.0824215331
2.40358521038952 1.97709839784337 27.3717715679092 4.94779954765964 10.5585414996089 23.5788884998758 364.958338604934 486.936820689174
4.00275851084855 1.35033042363033 28.1609282761594 6.18074472838996 6.94040040431318 26.6663125956024 439.480997657786 151.020644727538
2.72137918723176 1.53608893206302 27.6183011440278 4.94637485357932 7.84536594622652 27.8389181913254 463.012176286994 259.975125525175
1.70359197356314 1.26741662396374 28.9917531193809 5.47591624974969 17.813472547574 19.5260079176706 453.154533461375 281.857208776418
2.89933833436995 1.98955982496101 27.8846623890145 4.87562907273537 12.7552106179338 18.2704492012176 481.462703989274 223.158307583936
2.28374837867215 2.05344343194516 27.5642511203403 5.53421463178815 4.49113974554478 21.2180566883992 265.715437439804 436.375315943522
3.48322631444574 1.26562270220153 28.7294781078337 5.57862634578268 21.6565017135825 25.8311227695199 389.035833009385 387.225524204115
3.01002140499273 1.40714251741849 28.4483936212495 4.00521555165424 13.5625806621025 19.0778774170125 422.866341831873 375.174379616381
3.11833275267099 1.72515477696339 28.1682477541006 4.94388961765991 12.0605129533919 24.1229055004757 430.372329965766 279.742518796287
2.65926684957164 1.26447460175683 28.9874283080235 5.83858482538335 12.9296292331123 22.6660671777422 402.103640003904 335.203167119043
3.31847682820313 1.48753465249317 27.0031298640656 5.09325092342121 12.0677652956152 26.4846036135108 454.520944759513 221.387535916957
3.39130546850135 1.13395710445886 27.4729528745246 6.48325317735176 7.94467461177793 27.5550772124361 420.22018180211 393.067547363202
3.10381249102657 1.14480659350293 28.059520865788 4.28367915768121 6.2779399303694 24.4646053443218 375.934938326396 466.137206758571
1.59437509105203 1.16201535584992 29.223075314062 4.94171386466005 11.7958071763346 26.0966960335098 463.644255754881 268.736377720343
2.21426179941204 1.9589711076091 29.3929423338845 4.64762780548519 7.09480161567732 24.8449967047678 488.826881047151 260.57536998476
2.5764560988886 1.94253317299543 28.5522668290331 4.27462522170179 6.60297767473322 24.3070409918328 405.98180096181 404.217635547432
2.58016043801781 1.46637001968858 28.3131942738881 5.69196614344946 10.6057860126648 22.0357589953558 405.061614762085 469.330535356451
4.08645381912816 2.38559968144702 28.3722801420429 3.46979503698315 5.18045599220752 24.2296530020414 488.451017214296 32.350977432995
2.41316108298471 2.04711772019706 27.4071781510522 3.9587546341506 24.759737148099 23.2236521677164 468.153494796018 117.311123582874
1.77916841614478 1.9200464186649 28.9230964502447 4.48470559574714 10.4367212734534 20.3254290155772 362.257426449569 410.277779598541
3.07836243438105 1.24786526812556 29.1076662908821 6.03100218774452 10.4268086856713 29.183732129205 430.034711022934 396.617388001187
3.1008922834108 1.80445083174804 28.000486585881 5.6144122322805 7.02270663904964 27.4372164764906 478.347160670547 247.99821431103
3.33439375585681 1.48987596735004 28.6300230248945 4.94478309252332 7.04957292391466 22.1106808848262 492.254634249221 112.832134908052
2.95206803122084 1.48638942821816 29.568787097066 4.21032213164226 8.32080367185583 26.2166277565875 375.3014391795 384.067850892658
2.66202110418584 1.11505719287999 27.7221830356592 3.59201612164962 7.7092471178881 25.2164188512388 403.166809410905 453.02428329511
2.40156034523262 1.75668067767324 29.4764448967115 4.61218289944295 6.17031779764395 23.0968962640932 413.935134852831 396.185083189412
2.83204381935877 1.28725834310561 27.8637405099068 6.37205566068245 11.9591273691123 23.2258865656514 406.953601679661 394.385208523756
2.74758770950445 1.33444806789561 27.4071021285006 4.5692048749447 8.48426012959028 26.5577648130456 399.885306031049 412.677626964924
3.2250491341384 1.38691211805081 28.1114090240161 4.82955729029334 19.878591367762 24.9394339862972 367.890884843341 425.189514904666
1.93870054926355 2.60505581232077 29.0747656443616 5.29787406695026 11.0310782957824 26.4952313830076 459.688110479386 238.272296770547
1.77224860470504 1.98205597857886 28.9741779117823 5.95906348321437 13.6499074204134 18.308019056734 464.239183783538 162.808627147943
1.89820214041963 1.50951254704394 28.3196895601465 4.72637191327387 12.5140630126407 23.1144133573465 421.205228245706 355.860787006539
3.20756623256072 1.9719579643503 28.746297459782 5.78717794569938 9.06943971169477 24.0613053581353 423.24899383313 361.848507292654
2.59878597964336 1.34518961061675 28.8727674227449 5.5283333218034 9.49297902089302 19.9380119351116 441.277794797274 202.595774370019
2.13788216100019 1.99527064609766 27.5497419644621 4.70671342811907 12.955569906491 24.8819670009473 465.652400987672 256.970948601608
2.86603555043793 1.07192318513599 27.2020454078652 5.21966702989986 7.37367025874891 27.794808357771 467.805905082609 297.470191080806
2.82107903667764 2.04222241207441 29.4526051610077 4.74677897851784 4.8823292857883 16.6356147508782 433.271243818514 329.428390737763
2.29400715021115 1.23518882398403 28.9098741239124 4.61913179178085 10.6375001301019 26.0058704924481 448.011987967387 307.212892822843
2.3090187593094 1.26605448094547 28.2057289031794 4.32474076258782 7.72693078753941 19.7847260541888 460.827517518363 367.118065807053
1.07893401516859 2.93870308620761 26.0531776231872 6.5092174806269 18.2433646890101 22.733631468885 462.202023460137 260.691885188722
3.31875815885588 1.39961000900861 28.8766793765385 4.0172692842861 13.5861043705693 17.4336656222872 359.349332013633 407.689158058571
2.24038438920766 1.31619402465256 29.5748051436871 4.84719067796274 7.85441434932705 23.4774554509757 450.716378472023 256.60817898264
1.8937078225399 1.4620982357221 27.0004986710419 5.11784751845354 11.7711658581104 23.4288879408157 391.481834425489 427.662362125827
1.88260713252059 1.30288429328777 27.0227403729842 5.24812601582228 11.7973592480465 25.9722188050166 407.826789699795 359.385773066804
4.18764213344337 1.37833335976106 28.670710032863 4.92193646086142 9.74049357780315 22.6081267877031 483.140879494247 280.349789840716
2.6868401779067 1.66864631353011 29.0583574061375 3.81312139260095 19.2701143191824 19.8708072667265 485.182066588202 188.897807234743
2.4631494629663 1.61748071164479 28.9464260230396 4.17942078319413 11.8274354356915 25.1278951462169 452.346737755501 390.558068016652
4.03385439595758 1.52584900687909 28.8491644957426 4.84332956567928 12.7267436404844 25.2746803389788 278.354365736134 480.311207085077
1.98711114890705 1.92983071290325 29.1513659186255 4.198539077076 12.5636437474314 23.8927141638065 437.015449752675 253.580465273433
2.16388772459662 2.19504527033255 29.5227085619596 4.05685155549217 10.1519657779468 20.9025200993205 434.327954235358 362.209560154606
1.75551864260202 2.80733350443141 26.6768961490787 7.69503126020137 10.2825232169169 20.8029117008081 392.900569129334 460.707536782528
2.21430509386688 2.57349474643879 28.9226297330203 4.48227323350181 5.2636139651491 26.3669991396566 350.477184425588 434.552001950286
2.02284715260353 1.17753025056823 28.4602123801901 4.18143824041284 7.52286845464707 22.5934565468323 434.638569146746 74.456197260174
2.55775677346466 1.83019456264287 27.118818893915 5.28948248755146 12.490462274477 26.0987573783502 445.009255921441 303.461155309705
2.35807494992976 2.10559042407946 29.6425426652675 4.6071818640083 11.0343760936729 27.2859715837974 464.158714318205 319.724238716705
3.41162316513957 1.70763645860517 28.5631914492663 4.26134041597407 13.1429040180724 27.571556475285 370.153234526782 412.894646732372
2.93851044719563 1.98248524779604 29.0430204389233 5.50774067601382 6.47761220802992 26.7752818538378 458.931811745609 320.184515237718
2.93466443841656 1.20035710640869 28.5803218403783 4.7138155742584 13.5340942629517 29.1422539186846 441.593721618733 369.174105773253
1.70173818700569 1.69210169339341 29.380307039489 3.92368993652261 22.7426018918759 17.1907784719165 405.93802705091 424.015131837645
2.85437011899528 1.32154482434472 28.0662960276249 5.1955479640426 14.2186968760712 26.8639448785852 403.340367318371 395.128497384764
1.93605269399174 2.2254420083033 29.4874086549002 5.07401305375602 10.0674286656754 19.2162356810276 467.370484712891 358.39383795264
1.90763883690344 1.28844450443992 29.2248734974771 4.57782162663512 11.690554280891 23.3141002075326 401.870178256423 405.839925230769
3.97153731108214 1.90402259298595 28.9377720659678 5.11823747675956 10.1812422664154 23.615248646319 406.677307378978 391.96772958438
2.88087393960796 1.70985718159167 29.1139805102445 5.27493954075483 13.9990663472332 22.5066275880978 442.06159775878 314.315825766127
3.71378836741487 1.15669694316714 28.9048321329222 5.61190737649791 6.72578966487161 22.6172341312362 331.734204385353 439.155445444982
2.88456780050341 1.86301130405735 28.0881519434049 4.98844321000046 9.76392811934634 27.4092317851443 464.325333987656 174.77974262901
3.90100699620673 1.40846045740876 28.3432601340784 4.40738830765754 13.5947566443889 25.115644282952 445.31223924709 364.630246914301
3.36589830409369 1.49313572716613 29.166192758989 5.48907236123515 11.967388040963 22.0753960170619 464.245319712044 282.7253668908
4.21384426359131 1.21430630754998 28.8208511078343 4.09265493915941 14.1044162705354 23.289704786437 320.409601643593 452.568304885724
1.72753714481711 1.93672313563895 28.5064513810132 4.546498859175 5.94981217042437 26.3665986780863 457.281544101063 331.082976302497
2.65148461759625 2.10055861671877 28.9804126898011 4.07870238769267 10.6809625359386 22.8631705369483 386.581399584715 514.837567955856
1.76870857815554 1.75567897618522 28.0269532818335 3.80961988210355 13.7868655384972 19.5257557140507 474.667755989621 264.825705837853
1.61142419212727 2.58237706609106 27.7065677806345 5.4780541196648 5.04015650542441 23.0644177509919 465.575209856053 331.25255280831
1.20828397535933 1.80035003765387 29.4469212998167 4.72395172397238 3.79195696377264 22.2457044962155 471.068810937252 250.829726009712
3.81306244854273 1.34935299062627 29.1793132834237 4.51591191547188 11.1422066054516 28.594751833341 366.599550886657 415.726709797385
3.09476774823424 1.36525093909816 29.0059050753757 4.45862728675566 10.1634627854492 21.9861300549757 443.607208221903 379.529949435241
2.75834532553299 1.34960453795746 28.824947689378 4.46110127271461 14.7814456689728 19.3451883831171 381.196476993284 447.371766230596
2.96395281775214 1.91229634293422 29.1772266238818 4.20904055988111 10.0924912570362 19.3786549560446 459.872145372725 288.351490530895
2.99648299302206 1.69648282845546 29.0587534217165 4.92190943984766 7.37192066936119 27.1786156821181 404.009159624437 419.625846729218
1.78982492719517 2.3088298196177 28.1386388825508 5.13843143156468 12.6841930186261 23.6562114657614 445.589152697472 359.180138615558
3.55616529435155 1.45847127218278 27.9023516405057 3.62442500025923 6.10641314969298 21.2767183579181 432.31446569815 389.674658590782
1.79162246018115 1.56330469191493 29.5228781527808 5.16800409848783 7.18400754821024 17.6229327223509 450.887969652294 225.325260586776
1.70891221164925 2.0707974008349 27.4564225345265 4.54905085832064 7.12358163693701 26.0731808418537 408.140923800548 387.451107109072
1.5457514680377 2.1525308719088 29.138465946703 4.13721611710724 10.9639878082637 21.2609020630568 458.606211479174 255.803303685646
3.11657569018548 1.10737924222403 28.5948874120823 4.38538550527204 16.4088908686191 24.250611591437 407.196110186007 379.240097336911
2.83741820652209 1.66170868775226 28.0607531524582 6.07118043229137 8.14490035899017 20.4806622303114 465.499494599371 295.369328317065
2.11584329686328 1.27810791189641 28.3010302871087 4.74815187293939 11.1778768745284 25.1335963261375 481.026719029175 233.336071447522
2.54749901514248 1.35675312868879 28.8399901737361 4.49523686203342 6.3701914880965 24.1475577322776 461.548029164074 330.856414188228
2.75106688747438 1.05969222775661 29.1770772604746 4.22728453049804 10.8216002668272 26.7582003204836 470.009688851032 321.313207414206
2.70590617983286 1.6652089289407 29.3774838000925 4.38715986769339 9.41672370345814 22.7526619873928 385.475898899075 401.796354728927
2.37453008697499 1.33736308366849 28.029560065143 4.22499430481314 9.89832207572275 24.8978056138468 340.772716103767 411.068255200831
3.10823717330667 1.77912314894308 28.9677392134043 4.58041441564491 9.54747015426458 19.9900612070569 440.777199285804 402.812854104537
2.69839628240629 2.43411864630645 29.5306840749444 5.65861012100538 10.8789610605342 24.8434817855324 416.531241537846 395.51934230355
2.12088338111346 1.89557877764254 26.8492069655209 4.26113685268624 13.484339420241 23.8030371343304 491.54401105757 174.587371666932
2.60183869155644 1.35186263464402 27.3030524383271 5.96877678125518 8.14638459981235 22.6293451181153 407.040256402693 411.111418497504
3.78353941590417 0.994222109303437 26.3314251770231 4.92795949457224 9.20218118631657 26.2053087557966 267.269231925009 486.891823747592
2.55215553524588 2.27531095467446 27.656433992147 4.23898695803081 10.1758343032707 22.0688692838643 477.82062288226 164.631296309771
3.40818373180061 0.994717417629738 28.2588911126758 4.03622521493909 9.49608783190986 22.1601950899828 455.980002771586 302.54979961593
1.53291850822118 1.90684605727025 29.2309657516105 5.0517121641551 9.91745238278844 26.1790691106303 409.630162564764 378.224856387779
3.04528552642654 1.64397090978768 28.0258891648235 4.48144761770301 10.892631681527 23.5630487217116 448.297814336661 293.975967768318
4.28088932848485 1.95530646792019 27.9053306701236 5.12441412514683 3.93773214881237 12.5457362013194 458.603763427621 326.921247363603
1.70266306220524 1.99531563422184 28.3928638651123 4.42134411057463 16.067712681853 26.222549167863 465.228747563947 214.174677779389
2.37241796420817 1.89355114341538 28.7523416948747 5.70430602770002 8.10183395934928 23.6527521565531 422.405504678424 277.311387115019
1.71421132309316 1.75519347380634 29.1421202104195 4.80266814752345 12.1444975447731 21.7731514161685 470.651326390756 372.689389716184
3.16744011983172 1.47122781818007 29.2707276892912 3.82006275141347 8.50721836034714 20.7736544021452 441.380268907273 372.962977951922
2.23930405760984 2.28605584492118 27.9042019844417 4.7492917187308 11.534174799999 26.5558015773 487.440479563051 313.663846098249
1.71956139158392 1.19508231143097 28.2189210150815 4.41372106714777 8.99674792895726 22.6034369498278 424.280861470099 408.937276540455
1.47081288336738 1.74208298032247 29.6913896509852 4.23070669022559 8.18219993386018 24.5654228558579 487.210888576994 219.247675199915
2.41315576715103 1.52282968768551 29.4411272481719 5.00392779686022 6.94994851109672 22.744138639692 449.421756380542 298.535370331109
1.90995137843704 1.57520021086777 28.7014789766515 5.74290803298856 9.18381935235466 24.6530859106171 480.127423856121 338.292231398929
2.62430311111296 2.18993778626743 27.174428391868 4.84470126382135 8.75483830551977 20.5203972443883 468.463308561619 370.10529414255
3.02412048853848 1.92771129840989 29.2541310144903 4.36897930135451 4.9139561971925 22.1871131461174 500.322694732034 187.785689756714
2.03937644719622 1.62736264469998 28.0910581445309 4.04581391642334 8.46179849964386 27.5806038366547 443.025284163087 407.500318235372
4.08233844645265 1.90221742903739 25.8332814799165 5.03142094139237 8.10008901642566 24.3927423169797 499.910299116246 128.545207093133
1.76755234932127 1.54024204012119 28.0132138080571 4.6888336066923 16.5121232156962 23.2062330046451 456.832058915428 338.17451846662
2.12742440992257 1.75124589265593 24.9852148051398 6.19339869545046 7.38335203612787 24.6217493903994 475.778029224602 247.385498231942
2.52492605643827 1.76409558799391 28.0886170597462 4.44416120343041 8.35069859758596 20.101283426305 467.332499009214 285.330178810178
3.98464949589298 1.56571452745379 28.4125354798323 5.17376488037416 11.8153431298007 26.0324535970114 377.253447158759 420.490186841584
