29.2302490331821 22.855535460692 21.4841920192287 1.72398599200135 19.6887107786556 21.7314262568448 228.350123034725 385.972992869407
14.560398246825 27.4553498973583 20.7252651113223 3.31718650540074 20.7788010909747 23.9322169741802 448.415002481867 235.699531896598
29.6310577691979 25.1492548705664 20.9750385195855 1.9638909932723 20.097096742811 27.6259857924043 458.366930651281 205.567371004126
21.2905583947536 25.4436158396672 19.7851489847408 3.52496759243653 22.4453680851884 27.6676392729928 419.918564004558 231.742313428745
24.2035845360455 28.5657167109968 21.6263349801029 1.80800841378664 10.8356941560637 26.3603529268898 191.160194199725 324.703841763568
11.1506710438154 26.4741299279424 20.5881150707105 8.42053511781607 23.0205213314017 13.9752187348485 373.291177206186 401.844794748416
15.9223256610454 27.6840561573781 20.2467169847102 4.71617479913474 16.930618310259 20.4061612743399 472.092858105375 186.496671514161
19.7111931971648 27.3264760182254 21.9535228852139 4.62566496478947 26.5387961503225 11.13722390548 398.720493647805 220.316481922697
14.1951180780192 26.9936508086613 20.4940357273737 3.95747863047684 25.3615470411941 23.1485272803172 433.021446291116 283.727378628588
27.3854846762428 29.7105718943753 22.1917784229563 2.9791789882939 27.7516647467257 25.3631187105462 133.854508198186 329.380835370977
24.0803138911781 27.3395839122976 19.1795372387129 5.89993559743256 13.6472342699653 25.9477050265288 443.08139853463 338.495309940336
12.7725915932555 28.5680021156994 20.4104804455448 4.17756722788702 10.2004529042362 15.706610967531 500.612685224245 322.390276995991
29.2622167054688 25.8456969183355 21.3517823229809 2.17400269296477 25.4951510020286 26.5121912556185 345.765919204479 130.465318692824
23.9188818713392 26.5533047373612 20.2291445874199 6.66068146920067 14.5668577570165 25.3070246961489 505.907354779494 335.738469695361
29.9233781012271 21.8242553387787 20.6300199152936 2.33436423314623 17.7582901308753 22.452352035827 286.417625347356 409.723194785687
29.7088819242628 29.5844510053868 20.6958029633651 4.10526833518601 16.0094385741583 24.7352643006651 6.53405008694345 319.812871039426
28.306763924072 28.1855041560436 21.7118951645399 2.20964947170319 16.8486499160218 18.1993547925965 466.010470931036 189.300036104895
28.1975112342572 25.1606117867785 20.1212976687566 5.5115127717577 19.8401563719041 15.1759023813011 261.35511814302 349.744660500615
28.7466954946355 25.121496077624 19.8438954561388 3.89257699352184 23.8974353567083 23.4221850629866 463.858276505199 231.728402090489
17.5784657365717 27.8630689788574 19.7288207661883 4.44992187245355 20.302412524684 25.6953875506077 448.033223217463 403.977365952063
19.8624420342935 26.2700481509741 20.1611671574101 2.45020995863506 21.649897179546 25.4252328607388 390.053588766631 67.722424881177
19.7695469101653 27.7415835767325 21.6598847502705 3.74892962713833 14.8304085201964 27.5355947560003 482.801447585443 206.909568942519
29.073996626556 27.3573425908166 20.3563239044845 4.98906296597402 24.7693573778646 19.1496331444594 475.026204556135 159.544406230006
19.0406437453514 27.008005951622 19.7381450926828 7.71005684909092 12.4903719214789 26.6383935184198 513.921780115349 325.351838605907
4.30474206378448 27.8292281909197 22.2919457931038 3.85243833977213 8.80585910125224 29.8676800785949 512.30154712412 181.126451330206
25.1951145559524 15.4744918181825 23.0061988331493 0.643674633548549 25.5166661764739 19.9933574415831 225.076257407697 20.7156143264935
29.1131734963864 27.0678077320242 21.7042618287357 2.89265506728773 29.7517981892032 24.262340475913 48.8383308193816 375.24839689077
20.4923199601024 25.3214063280167 21.5481831780799 2.67244352249195 19.5168493333613 21.5151981283311 386.698634931568 276.168570337716
23.2772199394437 27.3495446539476 21.2522008434657 2.26303853997892 23.7494622068633 10.6803740309922 407.815293287509 154.812142187876
23.2622472498526 26.6170741346568 21.9043566725416 2.95283876151307 19.0416850235303 27.3992625803292 407.587274549073 197.407239544363
24.2213589752641 25.6347919323689 20.8369390781752 4.42925137346451 21.9186425665589 19.6638251667828 302.342388368587 402.556063626278
17.224072236797 26.7886393199552 20.1477711766446 6.58124834930187 27.6075664206484 29.1457306718795 507.939048500277 24.9642726818818
21.9794775718926 27.2168671627647 22.2417089202231 2.73962636291836 19.2063876670009 17.474092164607 377.121922659811 223.453363208507
25.9356444329563 25.5709258181785 21.6561215291388 2.98049675263387 21.7756885315963 28.5663092127707 321.000542768106 335.423983539877
18.6622712967486 27.1867617660789 20.0602421235188 2.96066750984589 22.7006541384127 25.4254893809123 379.988627280792 219.116598930228
23.370680001222 29.2208572045974 17.5891969205598 5.84928702165824 18.6342680000619 25.5743205710391 214.972625623385 379.016919187706
6.64564835074762 22.1344632701976 21.1744123082563 1.46270530046938 29.2131277426246 22.7858010909564 365.825445218111 331.020295939073
25.5550029096618 26.666654535473 22.5631435879701 3.81246159506391 24.7527516781949 23.3459361175986 309.476236985968 443.793301582593
25.4513647832573 25.7180570934935 21.2262761986051 3.18949060199372 19.2923873806338 26.20715561932 470.019716091517 219.309653464765
18.209552688955 28.728899374499 21.1223998261196 3.7164242648059 19.4931114516458 0.565703241036193 471.933838402625 255.028508157135
17.7927215977394 27.6300287790852 21.6215462803004 3.15839794148786 9.42424876128964 25.3999544709251 457.748414241209 192.684313375082
22.0984092921961 26.1400167162755 21.9278788830093 3.22799312568535 22.0603154342316 24.9243230154116 458.037684570828 312.856027161528
29.6348485561687 28.4744262631487 22.1023192257353 3.02468330563023 12.1821161511373 28.2569806241762 242.719336286644 370.135861440174
18.5613113394794 29.0983905458298 20.9382639735452 6.37126155201224 4.80407241490668 29.3884146698508 519.881845163015 185.473103875629
19.6798947737031 26.3808383672595 21.2322851323092 1.66512224865532 17.827344153908 23.8645005233174 435.706018870292 237.742296513232
29.9732014592844 26.7992720786479 19.3070845955869 2.54022815374602 19.5856657673558 20.7364203885131 459.36541770415 82.8797467658133
23.988931958937 26.1901618015491 21.5518174597474 3.06163168440631 15.9883336041378 27.2950552142584 357.664967970352 327.374718474567
25.7703595436815 27.8024030387225 21.7842526965932 2.76261577848014 22.8878279126572 18.0738722537815 367.609255755629 387.341810377137
29.582478519169 26.7658397927852 21.2673618241114 3.3953292984181 13.8852399425675 28.6477014201676 461.669826661009 168.761760180366
16.1539152692965 26.048202620685 21.3696629698563 6.82776708733753 14.7870387035228 25.0991939874092 403.614187663748 341.113003541891
25.7324531942444 28.391181717961 21.8169224319225 1.53273560178541 12.2136915985142 26.8198301608822 319.422376756281 175.686624379968
19.4838917388311 21.2074209820318 20.2861376514391 8.55633885262999 13.3970539336742 25.366425542766 278.81810851235 536.310697682725
25.7467060226091 26.9748045687258 20.6475815284886 2.31541142748494 26.2473367838562 25.7792460351364 447.822086113947 501.904934228371
20.218859384322 28.098385054332 21.3722876569387 2.8784184284359 23.3056479088949 14.4609669438352 330.777243982291 297.397004711367
25.485321971259 26.4552232045006 21.541216028201 3.46285508063913 22.6983864145912 23.5939515616667 367.718158468394 354.777258117367
15.831560356957 29.090188308482 22.0032666700896 3.26473754363781 23.4798821498475 25.6537667441924 409.479972453337 364.141091457236
28.7203593771974 26.4205342383489 22.2758512989748 2.16024551438774 11.2071367718652 26.599944860922 405.042651750321 71.2302640307146
28.7161657519095 25.6779827013716 21.6641570978874 3.30233421369751 27.7756789007387 21.5376963448729 329.108770591774 266.941493221621
15.9306853139664 27.7483486624276 21.0595317259351 2.64531631745054 23.0694558266391 26.3441952304829 436.376766202577 63.5929626553312
29.314148036568 25.2766460537233 21.3553696034949 2.43074991413665 28.6319160402376 26.9451826620658 300.394718495761 330.736369977038
26.9918278620085 26.1265567987773 19.1411274508351 3.19993651641221 18.1028002725197 26.0488541850886 264.19602393882 211.467198109255
29.404882778525 23.9221986023699 21.1566003074081 2.39657538356876 0.217187634812636 27.4173061135455 307.931063917199 440.448878967097
23.3558668957009 26.0156958281554 23.4817186998317 2.66001640400848 11.2471074593353 22.9967045373783 315.039402278202 382.254295784054
18.2292784365104 28.5354836547381 19.1483157517344 5.60902714128339 29.6654341762386 17.8542497799647 328.539532609463 327.246273546416
26.6520385869697 27.0673480887643 20.9793147601732 2.57409170125037 21.4150137709081 18.9486602911337 457.653037822229 219.639927658929
25.9575293525886 27.396810071247 19.9948950544853 4.25615774913239 25.0786368018527 25.8487883674382 445.022774202211 159.955890825925
28.2288859838548 24.6220858290647 20.3743941605044 3.00984164439281 15.497497400064 28.0561788436465 418.967766616871 226.836040252093
26.3868619252152 26.9382411147244 20.4271151796718 2.51348382653326 25.6863718422143 28.4459815022158 422.815409043891 356.133412140609
21.3467772841887 27.8736513173521 21.864440089227 2.83849460010497 18.9578330198791 27.3817211184127 213.519985190501 348.007489663899
26.9411157158446 20.6999311344077 21.8110073695922 6.50869282914041 7.51372422268068 13.6010620527243 497.125990927586 374.717648075112
23.4237895770955 27.2790776214118 19.7246824227734 3.77834897893935 19.270979307499 10.2433578888884 482.496968134041 215.525925096417
29.7089772721547 22.1791805469893 21.5791176335713 2.18609535502166 23.6565887959571 25.6172749832641 278.593400986008 344.916969923807
19.3090500488665 27.4687911142746 22.4954646780813 3.5877899347807 23.3017587486509 28.2610318669751 504.362288738503 76.6568900496772
25.1760812150042 22.2834288293248 17.6288957576511 5.79975038626085 23.6723349623487 24.1570981252145 410.568750856801 320.262894434236
22.063652035896 25.074152035701 22.0561260794062 3.73399289736136 19.1719557602001 22.8324380936805 70.2134558000254 430.71726090762
22.0407163234232 26.1105287802489 19.548282580596 4.78857111168977 16.0235029995717 25.8194880890903 477.883292625021 183.823646969424
28.8712670525028 25.1845060928529 20.1425328738084 3.47850983588241 14.2453841299703 26.8692462433743 430.454431578281 308.612984223794
29.5337715285967 26.0516351826928 21.8024231337985 3.28691717349954 19.2019478027162 15.5129778214999 467.966995280485 119.093117018034
25.6122683941643 23.9801392792827 22.4475745206674 1.90892639573655 18.4115061521763 28.3550177526333 410.45332547788 193.599365775867
22.6846257826022 28.8504509470464 21.5280285042099 2.61072146558855 28.2105453956211 17.3281709653134 225.151706940421 191.480355520542
27.2877123118685 28.7149530196485 21.8419103417724 1.91053504809128 15.5767013481179 28.8020076895212 394.390984518128 60.8380200457137
16.9337715370459 26.7801509282533 23.6460453275089 3.5581554169747 12.8404403682945 23.5757954874981 492.471876176891 236.775241507317
18.5539037039213 25.7201404513844 21.9203326462905 3.7235402198886 27.3644157637009 18.0034726546183 488.958825339893 253.706966088424
29.8685098061861 17.6251690928371 21.2340867998059 4.78640293669148 13.5759630070703 22.7196801637475 239.719705857834 498.79389361404
27.8583149382316 28.4445954163412 20.5992476027008 2.40757112204402 16.7614737434217 25.6277325390676 207.345297668575 194.592456401299
29.4027248349336 27.5979612309103 22.2781783657837 1.93127517517269 16.8161146045132 27.9976381831224 366.863387941647 163.99908615763
20.7106694225615 25.4337673337596 21.770845207879 4.80692854832461 11.2743057518437 28.2007430073107 464.583708369206 326.233398173839
28.5514996107888 26.0864302863174 21.8459147051654 2.22365975304654 27.476962315967 18.3886761728756 224.241221486024 381.114163971908
12.8634288457016 29.2116704318134 21.983903397476 3.61088169944422 26.4929707083097 24.4961645135979 433.217923030838 353.774752320394
16.3695519408827 27.7482053294702 19.8645251582055 7.89199452590011 7.04090285543803 25.2809619037171 476.278048572455 368.140567199278
29.9981890964355 25.9971238225476 19.5846794194697 7.25582649014427 29.1207587864629 23.4145512067272 487.432393428827 273.776033031345
11.0200413546697 28.1094230765452 21.3351553474337 2.67429498154066 24.6909155428977 20.2837215258808 470.611525507755 122.451168230198
17.4352675643438 26.8141035037914 21.7946381381216 3.25859143937881 23.5842708766327 25.3177365395037 429.125765809371 132.227850516119
25.1077566283838 27.4974821597971 21.4148511375661 2.85002507144368 16.7951573131914 29.7706012680031 425.724713870806 279.579663100711
23.8935618718408 24.6346402492361 18.9029417515823 4.06911798703522 26.1441776888764 29.4274624884649 390.210311373164 379.241082303455
12.4309481420563 28.0269629757999 22.1187721044588 2.84528937139646 28.397562419658 25.0011818387412 312.185895418547 256.558330339041
20.0189178895405 27.7686182572169 19.9618042775159 4.21127451392154 18.119450487922 25.4985960918991 307.296872402522 337.405119278469
18.1665703974947 25.4613449088025 21.4519866354841 5.3880489741486 24.4381531282667 16.6708613489661 404.545400665575 368.416442877228
27.2920336949407 22.4005169871587 19.7060580019729 12.3453352622633 22.4956397929285 5.92190191458458 374.968751743261 508.782796045397
20.6854391011661 26.474680848946 23.2087873256173 11.7464136280376 26.5358995689606 20.1679211693892 485.401681458585 87.3824093766909
22.8299877629775 26.2203696345724 20.2792663936769 4.66394202222618 19.3324915968678 15.4961967844316 466.931708480628 149.869397136509
27.6732481489573 26.0217927092064 20.69315579647 4.7761693991499 18.6443661176269 28.5931918640617 467.548441888429 189.44061244321
28.0552633268932 24.7495680556495 18.8485450050538 6.59146620399713 20.0665469571711 21.6611218876957 268.780367249827 399.079189344581
24.7284546157473 29.4999035951775 22.4409896260865 4.78560649246773 19.4874477283919 22.3550850257421 253.024351057433 390.035229740175
27.1258735062567 27.1061430382929 21.585269698265 3.67592199531362 26.6144322378489 17.0922536466862 362.271843714792 262.685873661324
21.0805945182277 26.3442803319974 19.4735916886203 2.66054087678524 13.7643882285099 21.6459817781772 375.775126589036 283.330600202436
29.5421973505422 25.7660388554124 20.5937530548977 5.74187359052245 24.5300348817146 19.8246479804791 369.293942342032 386.706212746739
29.7434089634102 24.794278066198 20.7002523013175 4.23019908961071 25.3359904407129 20.6331909539917 442.160310943884 274.866994551625
13.0440359789703 28.5875001689423 20.199868709448 2.88054763982721 25.1898502879204 18.9000546034244 454.470140492995 251.348470748735
28.3235353549205 28.5723603501469 22.7938381073594 2.78556878298235 21.2066125245494 24.5275240791059 463.080695689127 82.1697334348091
5.64914148692424 24.1080635100753 21.7042032886311 7.70872582176179 9.29126436867368 27.1378210369321 534.403072924096 382.432556596196
17.2697771704983 26.49408081427 21.2447867947148 4.34576707978462 21.6532071653457 26.1380287730693 457.4718533357 167.757305331979
22.5663359260762 25.0859321463373 21.7722128028149 2.87693879116487 13.3479054523341 24.0108472427242 333.324778383037 339.352635059844
24.2249184393178 22.9972233014027 21.2577999125652 2.15584164231209 18.8037678903233 25.2643263709857 390.374806407239 259.477273273344
21.0110717289072 26.6078367998443 19.7240241749215 3.94403824326779 12.6064501327162 15.3023027546525 469.034011970645 148.957802664281
19.9041441614105 24.579732047143 19.5682930083264 3.67406527995294 27.1954564617696 29.7572822841405 403.582992484375 160.142970756456
29.5057493055777 25.2618687987664 20.4034328629959 2.87578042094174 23.4671065281491 24.2751541121605 412.140791265372 343.387874379289
23.312697652793 26.0937432928219 20.4342584822629 3.37822104325388 22.5834708613438 27.5336989132108 470.417121446456 298.947343646685
23.9148770736086 27.3078480030679 21.374266709992 2.72964292241215 18.2396630806366 26.1725517420061 214.260247070824 170.316997358004
22.7914551399543 26.2717719025039 20.5742675090755 5.17740608849925 22.939657202863 23.0898054783007 277.691575074576 431.008625256752
11.7863251413275 27.6444226542113 20.3718004170557 2.38382977171258 21.4213788287074 12.0602855231515 173.558047102556 282.373311069667
22.7692912455016 26.6892554184718 18.1093122507238 7.70519042343417 12.2987634838459 25.8163952346831 437.13806624332 285.571284878085
21.0025048483106 26.1953062213727 22.5654012856826 3.68690614866752 22.642011722486 26.2895465418016 436.173279156312 338.034146739207
15.2650082589451 24.4677007318074 21.4627191053989 3.80893240009412 17.2317542947972 26.5737506610115 395.757806450455 325.066498436287
25.330072498133 27.735390430509 19.9295626844369 6.60812246833259 23.5565015169014 21.5600770143679 356.878743164393 433.568555065944
26.2495653871769 25.6100356128815 22.2378405318177 3.9528752164647 18.8499746171774 21.7116828190327 191.554722713717 458.443322502117
18.786885488377 28.337821069397 20.3501341250447 2.48101643155005 18.3617479378961 23.1967613303597 442.448553218806 368.752112665432
29.0099941974917 23.0495467453964 21.7205017327807 3.49252415633246 25.5043363220627 21.6093040473078 267.469080334455 413.007972979788
13.3105965845811 26.2013875891778 20.1064446625054 3.42613285447689 20.425760397506 23.226380829642 523.601203601835 263.745019172874
21.4446820603139 24.9303516698469 21.3688956727071 4.99799429054346 12.6604897942885 28.6280228765688 450.626401585265 303.521887470293
21.9438329458724 26.205399727517 21.7107251993173 2.29398733642459 14.767165334088 20.4383350523705 279.407917329492 410.542164530772
22.3256541769567 27.0842082853007 21.145099556405 3.61266117520623 8.71224638997757 18.9891743846338 414.762394038724 221.935130983812
29.6939343875674 28.336049461097 22.1831041822889 1.76538596248634 28.2214874143059 27.2535997603312 398.086030395975 348.138246191359
21.5614688420404 28.2432656329396 20.4949106369905 1.88455670475479 18.9201281024663 25.8163963054764 80.0114777502342 244.101065077029
25.7934435558871 23.8726630095335 21.3036136215205 3.33065109529031 22.9026712180066 23.8048118434197 410.521474751307 237.187998694705
26.113213960706 23.5050218636812 23.1719090200794 2.38948422953457 11.9349104790197 26.5259594711619 287.499634593857 326.526119346458
21.4679089627945 29.8102769294641 22.0768763354264 2.88703225965517 8.17764109286593 26.1361478657485 312.59299667198 265.539444260266
29.9798859378449 24.3802911949974 19.9153168899048 5.34992156814675 26.766931932445 24.0633320869431 442.822779631801 344.905512533863
20.7556476674791 26.7298567383374 20.3643993919525 5.2431584685606 27.5462432498412 18.5469623028213 476.270291290059 183.139813046389
27.1381052507226 26.559220201475 20.8191979291772 8.63848669105791 10.6783867114465 27.4288667968606 293.682932739551 457.443771784156
22.2654481223163 29.5792622472207 21.7638583196008 2.44120458708373 14.8903008034398 14.3571585762943 492.478660664392 158.571069915114
28.7453261486744 25.6112759677789 21.6039634495459 2.38790589172812 13.3637487995991 18.9034143331068 449.341414901244 266.021039653506
19.5548432617132 28.961222854598 21.4448453508641 3.23773505198618 19.4868149792955 19.6498591390426 420.463894995249 156.160799945293
28.2454163461224 28.4292192270945 21.6309340705766 1.68199154347441 18.7306732782399 26.8432112524582 251.235789588592 250.195316530143
23.1934695985662 27.3730138754681 21.7959014606389 3.82124772226248 15.3775489645346 25.3527147430764 362.10948942007 346.176806552622
28.1616265561762 23.6312140719855 18.9205484208404 5.2369903425591 16.4521529879975 27.821701352329 318.617762096911 337.01370658238
27.7276605654267 22.9676936050724 21.4528141468936 2.21526108186356 18.9662246388153 22.8340597320453 531.68833904522 378.352560948829
27.4354457554964 23.996923336293 21.6448176575658 3.47060946018194 26.8110027878598 26.263994797467 177.255447987675 427.69924419837
18.7982861596745 26.5278050008992 21.0352613550775 2.41503196151456 21.2034825437678 26.4181209321209 253.74877778815 319.957450198571
21.6223896610469 25.7133038797164 19.7040240771156 5.58614457100256 20.2182953072141 23.3597930587672 435.233457833897 386.088000424972
27.1154235891092 26.2399302001524 21.5466822914355 6.36120512440739 29.1682059015389 17.1167802543878 514.453832158437 82.1530121503844
25.0925818241653 24.6044360537116 21.6508308977667 3.25608967084353 14.8363981236627 27.4984209968989 459.466225596944 372.649165867798
19.8698672353664 26.2315732364385 20.0845787418021 2.93081531137069 27.5881885678639 25.1080300976273 314.398072010667 344.428456950906
23.8198090288412 25.6765325975259 19.8651572752901 3.72182214542257 16.6371417846915 28.6893920404093 279.954222070195 375.006044597934
29.8500998238985 25.7330144169172 22.4906266800787 3.04888707388805 28.0631648192471 16.995547618097 380.79905933123 260.967152154843
19.357623275812 24.1993465354347 19.1685086778106 6.21146537124119 22.0643034889295 21.1355226252337 473.117435195355 306.880875441702
23.385604815059 25.0587002679618 20.9827517088166 2.06618219937973 17.0411623690219 14.0424271833944 318.484999534266 360.421726300333
28.2380156080071 26.8536294367725 21.6130847109232 2.44685420717519 25.7065365536765 18.6504940329238 122.598161281061 434.071327968025
26.6681440129174 25.2686018650145 19.6229106373589 5.57972131079327 25.2508476216364 25.2737210292181 94.5400560998284 351.490834225239
26.1041236822234 28.1725850344108 21.540953785084 2.85494748969165 19.4171031965016 28.3555085056189 263.33335506734 374.153544884428
29.9037029201897 27.7715662777931 21.6647887679039 2.31195190884147 19.4116978093125 23.0428541040024 404.398727560799 85.5642754327503
29.2913391882662 25.0902139287469 19.516793571772 3.71262513633396 26.1336831152108 5.81369139227487 466.074110793251 273.222206252805
17.3396764449032 26.9187997594219 18.6770084440557 4.54821120004918 19.9201598509709 17.4882458361413 245.928307810007 354.820093434607
24.3689238528552 29.8643045987993 21.817387893965 2.68022828681456 14.894114308335 24.7754191989976 412.831861409832 268.058070519448
29.6396346519588 24.8190310814644 20.4681767589971 3.42842731495216 26.649334565303 19.8654225586903 137.618235992987 354.990417279993
28.9739169896983 25.0579285188687 20.3575805397749 3.92806475838907 25.022868513615 13.5212949012201 362.680975116365 312.404769657099
18.3270852911826 26.2728246330805 22.0727391380103 2.12919081172311 15.559262643875 22.6955461172605 423.955397278366 260.046645489821
29.091974670617 23.9471180649613 22.1313094069227 2.15821973143816 15.2907144672311 27.3225597242532 382.046098867199 294.69990846013
26.5420697925673 27.6170221680395 19.8046660533249 3.5081805659145 15.7716452006633 26.6103196113386 480.996037840454 190.252298849404
24.8593147133497 24.0142089602767 20.4752675257003 3.92421933629153 15.8390562313002 17.7734902421372 338.314574039061 442.353452412586
26.8756149222394 29.236386455145 21.2729036144458 3.02726887251029 15.0285247091481 28.2459276041489 369.470049243741 347.351428406443
19.3918255161838 24.9660088035315 18.1716418488412 7.19401078031706 13.570628235805 10.2164241886373 473.307290909971 232.159439253751
14.4600304429884 24.5878119397633 21.5751766430877 4.29257475680296 21.5034965579818 21.4254791702046 438.921214415603 250.890929107887
23.761404682425 29.2303223446513 20.926940563944 1.58246033356139 24.3463561787518 27.5730606372913 371.104394051688 95.948948909037
20.4069161115334 25.3904130554309 19.4038891251262 4.83181873581796 17.9467847310925 24.9476679290739 300.645688720276 396.343918441632
26.4107694248382 27.5233557801783 21.5892384696762 2.04214088394839 17.2512812945215 14.6950733034567 421.325642154992 280.815002050371
27.0607091336488 23.354827490105 21.3501759671896 3.19397143117039 13.6155159806398 14.7663868746712 224.938294033045 383.386295310672
29.292795824313 25.2145631389222 21.1182334677729 5.55154741458849 19.3959956222113 18.6341542452247 509.141982516031 160.877153822165
28.3641826030316 23.4204746142066 19.5648382138098 4.35088627565886 15.9664322219329 18.7068891128202 335.906217030413 379.611164326988
22.9419179989463 25.7945324057949 21.6910804845832 3.80789118478378 17.1874840473923 24.649884881422 320.549866363351 328.075303505775
15.8406908598064 28.125726633198 19.6140902210502 4.5929740970009 17.6799005316359 23.7392345309145 447.007528031165 201.167763484749
22.0752675520185 26.7619516367089 20.6047516862867 5.67156327068004 27.5314932087514 18.3990309228952 343.468598105806 361.958624567881
19.6139904395332 26.4383953045363 22.2237799383053 2.46306736422026 25.2534118385572 25.4186113249033 388.306783413798 243.143809310372
18.0957247826199 28.2528951732377 21.8118736484122 2.743620989713 26.2799805041706 27.7215985424132 419.208477640259 200.274007880204
12.5667881017184 29.1210312890952 21.3518312491605 3.84602350484956 16.8778279760216 18.45622979958 365.270895681608 366.492552965345
22.8319181215807 26.4802390493212 22.7610135269966 3.6288628113945 23.9253846400727 15.265626420367 499.021760822529 112.195693997577
28.1395780860952 24.4343321466845 21.4291790120528 5.79051318262411 21.6323718765708 20.8528259151553 383.111748560952 376.766919424519
26.0880300684208 24.8328594319959 21.1833715345834 2.98964463574166 15.4490094039246 23.5474009950062 229.32833745861 258.351175233304
29.5774257974957 25.4270327810454 21.5280388453689 1.98047225490225 20.9459029483643 21.9061267601403 305.382842101792 239.454797343403
29.1792187642871 25.4831468022264 20.5251039814874 4.53941507155501 21.1158114031148 18.7577900116831 297.075492886624 362.995805663961
17.9283934501906 28.5275461565985 21.9782228725256 2.32057975059637 18.8289366833973 21.6592944937512 329.799233226649 127.943046264397
29.666751742081 18.4145906762144 19.9276382508531 4.82129252064896 22.1010479286047 28.2441201902261 386.375293587951 420.301603036928
25.9690936697 23.7379241863112 20.3181848986295 4.69197577220458 17.2357620825062 25.0549420164871 312.729126025397 502.090633155617
28.9367586560171 24.1439381725071 21.5437720877853 5.11710605386726 18.4371118998437 26.5333537240863 174.738430055577 379.110777039417
25.4663445199866 24.9714605546451 22.4233310846054 3.56683302304928 20.913671959604 26.7437893770894 241.850012124132 392.483408396939
20.1811902452416 24.2212515641161 22.4076051204879 3.00363731479613 28.4242428715818 22.3769888308557 365.285227251373 402.496286519309
7.69770556919422 28.5736262852935 21.8996681958943 2.7236652005048 22.7106397369627 25.1632649044795 444.329613021223 148.809014302977
27.3222820653663 26.6535055171773 21.9498833962455 3.88195581823232 20.869538952747 28.2591345119011 323.705433398398 357.544119275042
28.8370651096375 24.6879494952548 19.5488893432355 5.31794767956101 26.636665064724 21.6739392802231 255.024379266234 398.373320046564
14.1115984668024 26.9199889628948 19.9631159671601 5.73886636329951 26.4179277213815 8.90092303734785 490.696998553791 155.967623935691
23.136464168055 28.3102408457929 20.9764619030455 4.26627787905973 18.7771183451826 23.1098825499253 321.669882405606 391.009411537548
13.6219580489551 27.510336995058 12.3087409147469 22.7453554349776 9.11778392563264 24.6899584464267 516.599151244231 361.282813382547
28.06259215643 27.0196236115281 21.8323622884892 2.73756428070078 29.4998026005495 23.357424749842 356.378540001755 243.626238637455
15.5824253623576 26.4775978123807 21.8916757709821 7.25971689995457 28.5402529359911 15.5243204343504 470.044771107031 304.675192187904
23.688450798314 24.4361728890778 21.7190920158666 4.08785851299139 17.4248761995946 23.0215929503358 512.879235135783 153.319275576553
16.6972294817384 25.6340453342082 20.8408552557605 3.97128587019274 16.7909073376834 24.5682268267381 472.765832740342 259.243129637114
22.8494431619298 25.009912995533 21.3741669853862 4.84261411994236 21.9020659466072 26.633134805984 299.465312738195 395.951547300142
23.2207012569092 27.6519748767519 19.4873246539195 7.91310725366893 13.6827726594108 23.6254955881077 456.592021314697 278.576375653614
27.0093851897335 26.1208349442356 17.678764698199 7.97589928014387 18.9658145710633 27.7440807432331 390.758664551619 377.477503830992
16.1406128432214 27.8801783004386 21.4734791037213 2.00373418789487 12.1458993808397 27.8386135290216 514.255155098311 166.711330938023
25.8893284838627 25.1098372591264 20.5164021390452 3.10352207587798 21.4586524125923 24.8962249512655 351.972225105627 327.197551074641
29.9544054973238 21.7813002053437 20.4694466610823 4.72149129268609 18.1229684992676 11.6383748064739 389.966638529885 462.352640085678
27.2265009322199 25.4063535008844 20.257982216585 4.89777501815822 17.689506917257 19.0898702151773 239.685688445065 398.626031448037
24.2756332056031 23.838524970457 20.5054016610194 3.82207596496498 27.9380172874738 25.8683627774055 451.46255846674 387.074992220753
22.8549156690835 27.6372073244657 20.8290106022692 5.19035297319251 26.3649753016215 20.8666396626202 188.991471544148 387.53053625309
29.1925770987118 25.515334143805 20.4079667519739 5.81458561969283 29.2192640993635 20.1367892051271 472.10323159363 157.871362007015
21.4367370280223 29.6912540585253 20.7884155724719 3.51313717378751 21.7077140144082 23.003374552417 472.440985571967 234.370412576818
27.7508203500657 28.5238158407704 20.0677066417423 8.06154703569531 29.6657262124071 23.4307936072305 75.1095395975931 386.702054680779
18.0145025367453 21.8107731288215 20.9815040344444 3.86868242589191 24.1649350751802 29.0931687917603 389.080198582232 497.920205781724
26.4494319803466 25.2859696905054 20.0720467447779 4.04458994348835 22.8508439610537 13.6668903969189 362.176562688067 299.534958491342
27.8962062349154 28.500572279483 20.0708278047691 2.18510460181082 18.8239859294616 29.3966162414213 292.423491487027 340.748717437009
20.8308702944246 26.8031072351469 23.6959301877393 2.17506571441083 27.1590065148047 14.8428060045901 278.232878390055 310.012091239842
0.573527319900034 27.2804849819424 20.2729705297122 4.66833060030483 16.0926348485313 18.0035572284201 531.074588727998 213.350978589461
29.1689258366084 24.8644631344095 21.50896907206 5.33594638454771 17.0968171873246 9.63726879122621 469.706381782932 213.964496189557
3.72298820334049 27.8657289306309 21.0253329679839 3.369322754746 20.7638504479977 21.2798255098049 483.496469501718 399.871074395972
22.4572062507975 24.8641880129638 21.5322755433583 2.4547300186719 25.2145016306055 19.458198373098 417.737990055506 149.762913861704
20.3278063413037 26.8846176733024 19.1908626943979 5.12838032573285 20.1637912667835 24.6484088994133 462.828798097896 175.396603828118
21.1103088169691 28.3471900676116 20.6037416574119 3.53251745016289 27.7400258834783 27.5105823467921 437.546475158424 219.219191816637
27.0897901944928 25.5117148560683 21.9628103171573 3.37296957152206 15.4586079476546 27.9066693572511 288.915361505546 367.531957582287
28.0902085954051 26.8246147863648 22.4145281547274 4.63104317935077 23.3776375132966 14.2034951742187 480.826460522667 316.629399075123
18.0422549497358 27.9038754072335 20.2650820744084 4.67360276074397 23.3656653715718 12.1760997200197 448.278754332566 219.0511338967
25.9901208075005 26.9088428476966 22.7505084162068 1.33725714513231 13.6300157757615 25.7502582185458 356.480086921434 205.974377229801
29.9128247484241 26.2762317292368 20.9942826959437 3.39275383785531 23.9564146032059 15.2578506362384 447.020788658126 276.563624927422
29.5152887071534 27.8220817582489 21.0284718802485 3.82883363117233 23.8922287090283 22.7485535342631 5.61926861251085 426.309477144329
17.8498347853329 25.7026150301023 20.7879231455816 4.65079690324167 26.0956234922831 23.2386331023435 466.918769231999 209.877620469169
27.5303714394653 26.2129083496718 21.5707414947847 2.39375711297255 21.8272253984658 28.1204349743329 464.471219351941 256.368399994132
18.8094321416101 27.5687358082374 19.6673893225578 5.37703881832174 25.4662553102069 15.4087454566969 478.154748656064 181.23882070927
21.3894364399197 23.3894819126453 22.1978058053181 2.20020876638103 12.0188422459378 23.229212206006 378.988912194816 364.920506156758
28.9415129880803 22.3854613332094 22.2900638881456 1.63217342050729 11.435337267102 17.3425663983424 368.179302792388 217.136766819132
29.5390685182944 26.8914408202883 19.8831945930686 2.80521877698252 20.5781419208548 19.4333431474581 51.7562400420158 402.51520589563
29.5734155720161 25.6439913435957 20.5163543969291 4.41646301133587 19.1915339019484 22.1140687847114 402.62176864854 126.00848874537
29.9303882790174 24.6096312087071 20.23473801409 4.78925910332774 21.95603878009 18.4798321327187 387.300341326642 346.927651140222
18.788115764267 29.2864106103613 19.796671962369 4.85783496920213 19.5609154291544 23.3627182996365 205.353195576522 371.257334556235
27.3998997918621 27.9371436932272 21.7285215007433 5.41339241977557 18.2749770350769 27.8710816103336 252.047011650765 461.952095636521
6.91048968834979 27.6058297379529 20.7166163817567 2.78787761480675 25.6827832693826 28.8383066082166 510.654799265811 125.579152286146
20.5635292424629 24.4306685631858 20.7284099167548 5.0014136535578 26.7230941338369 23.4231420973817 411.837989785308 470.094782549843
19.0464860820861 25.5027436070979 21.7597713785762 2.71816062009485 16.7115610448313 27.5843931764175 394.911099177409 277.040069866445
22.0300889998442 29.0016970336473 22.0861483743902 1.79536558751068 26.4577560268498 22.3103080843159 356.132437341666 122.794281616174
14.1945066422755 26.8792000901085 21.1787981340796 2.98538101659666 15.2275593087127 21.1498949689331 479.455346127076 224.685140569636
27.1252712718278 27.3485114822004 19.4491794807816 3.85515343379566 28.2535916751063 26.217118340506 349.953488209246 337.969764853279
25.1732823175587 28.0470254930986 20.2114690323355 6.79988584980155 3.53745150767301 28.3399943542588 375.305946925779 447.878449608062
12.411810483076 26.4758992962159 19.9479706369656 5.98338712559266 26.8045523698796 25.8814952893627 387.411000354004 395.679286720306
29.5223764930031 22.8950978490701 21.5469422832459 3.07996096889544 11.0807455455443 25.8031437449532 484.027575686201 343.496003880831
28.6212101001824 27.7077980399776 19.0425257083583 5.66741099703345 18.8162905119607 23.7567997319449 320.158983906761 347.471581334718
28.3452828245492 27.1533383861286 20.5242629535613 5.16438279572854 16.1068810087284 26.0332915770591 473.379588115428 114.892488926586
20.8737681161724 25.604000384922 22.3021435049705 4.26636966205075 23.2921289163287 20.1419739893476 409.414406888224 367.484265564888
23.6028474368262 26.0344469917245 20.5728924597183 3.87779915634883 19.2222478131194 21.4762043302748 346.817822874633 315.471654931011
29.4996531533717 21.4535439892133 22.8090538581022 4.76481898704899 29.5121117084133 22.1239994704097 304.910441817512 527.257834061842
14.5278503812496 26.4917511185391 20.3677998986366 4.6269128454552 22.3637693672297 19.3162217559388 526.471295916745 213.389057604438
27.3881634955144 25.8373978865978 23.2524678293199 1.94486299872861 27.7770631409232 19.0270922966286 347.007397002123 354.488362919173
29.7246686348089 25.9222132017276 22.5284424306404 1.83645641724166 19.7497139932011 29.7106983783885 439.922525682369 38.5430550936562
21.2250696097515 25.9720582338269 22.4782480145059 3.87706760673191 18.3242161507818 21.547287940738 397.666253660982 255.700545855077
5.94993294522756 29.6011925721118 22.1336275583478 1.77593749182513 27.2803988919046 18.1719325137828 418.278016047896 246.709019428528
28.4731967943009 24.2685708306444 21.7679585317948 2.75112713170966 23.0135608365567 21.6623952810163 286.177539655657 286.228211046834
24.4625589129849 25.652049282835 20.2908731633616 5.46275369823491 20.1064857738073 21.3947503873712 453.41755909092 304.946852309288
29.1428162697468 24.451986483914 21.2310974518398 6.35258503531402 24.5866553132524 22.0052147447871 458.749623904436 194.744931247268
28.3024089231547 25.2044033273643 20.1296771293535 5.56646215866129 27.3577953773325 18.6376274241018 479.388075807413 353.73580893747
25.5984038629112 25.6056973433478 20.1812087346234 4.31029842184323 28.3033200191267 28.0096825682532 288.789064696032 371.353473717848
21.6857706717527 25.9054886930147 20.8437367841143 3.5512881789002 17.2248789352375 23.6644020618808 216.540006011482 405.102988715675
4.77984940479565 25.4602240590335 20.9173159347892 3.59586383681656 27.3528481539218 27.6631985377303 521.399040718934 169.593036818122
29.727081509533 28.8172579239473 21.2884450397606 3.81510811611213 16.6088525802607 23.529508341876 156.555620615255 420.927897700298
25.7774246178656 25.6949425774429 18.6852755153376 5.64410428266973 20.4327460840172 26.683666487261 103.632923789184 446.32825646269
24.5487079533005 28.5882776777467 21.2369122590221 4.23882220436874 20.7013260752252 27.6674420573261 477.349244164698 248.919766142852
29.2815456824596 21.8904571573125 20.116648881675 6.25495529556715 21.9359441986041 27.257920889647 456.122943785659 356.163416334135
19.4353914361743 27.4798710787237 21.7238965688723 4.13374732575325 17.1053601476983 28.3051877896912 428.891966163051 324.866322063022
12.2274430329202 28.1844331940976 20.4308167286785 5.61710752220107 14.5671242166851 27.2150101809822 513.794886957691 162.934952438522
29.4869478594318 24.4717111366194 20.7445021858044 2.49596906519939 21.055484670906 28.3463936366702 447.495213046284 261.379535013331
27.9455874866791 27.4848236809181 19.4291375119999 3.24488520911859 17.3151337943441 21.0170389564286 394.413899678888 213.935623653516
24.8543065894384 25.4322007767855 19.9678173458397 4.43571345199248 15.7616444065625 16.1945766034173 484.285161629503 180.47163138805
18.7964936377073 25.2955682936394 20.684032421244 3.47846308981306 24.3572664023501 27.253225809516 441.811635099435 93.8544483624738
28.1065221385901 25.6549028652019 21.4869358438705 4.57598078821532 21.1921060043639 8.80849985225458 463.692467804308 157.050397550337
18.0192124544147 25.2375053196646 20.2742315367376 6.64860694956185 18.7816856134168 24.985667931215 389.911541415842 387.838717057089
27.5461239702973 29.0862973200727 20.7951441194531 3.05077740209888 26.1068745331152 23.3938356525989 368.813079043194 272.157295325899
17.426136173791 27.1259398528749 19.8689788091163 4.1048671607709 18.3031675164827 23.8404476980251 472.543932009214 236.232646600244
26.0720955108787 26.5147867088927 21.5031436319698 4.06181374257896 15.8756785539381 29.2988782727765 498.323920962564 418.864535567807
19.4827025272214 25.9390564487058 20.8169975924367 5.18429185571023 20.5792215721789 25.352046686032 438.337938227916 317.390255055056
21.5494698056187 28.1300488527891 17.5045262227019 7.26889232569343 7.72047464677004 13.8902000470467 172.23273547594 455.398147084194
19.7422563364468 27.6100940835885 21.4889138637959 3.72355389206266 19.7578910210142 22.4571835557986 463.923836270304 135.692301193657
29.3899578491516 27.0817926845112 18.3405066303423 7.41503689310266 23.7306804415621 9.36929722423539 472.87334596706 401.121883547084
23.1162512096173 26.5442773972317 22.0219764972876 1.94681145603775 16.1342413496109 17.9797427243905 301.865805893791 266.38763539394
29.7236551711852 27.3556677457318 20.4605896598322 3.4998367985203 24.0444863115971 17.000740122779 489.038151077497 365.634837990817
4.98678655507449 28.9750693121175 21.3079185878764 3.6329577989099 19.8558232987957 18.313420725879 497.224035699458 124.695308526524
22.3529301107438 25.6877511883866 19.7652831317855 3.17511969401541 16.2624152825716 28.4229356850509 322.233010582698 265.549827599398
6.49423942805221 25.7333462139795 22.3962291866943 2.38322993435967 14.1947779421252 27.1905598685476 475.882455456944 206.849434760288
29.4554406114781 21.8157482203529 21.3434824517512 3.80934798991403 24.2099725061939 25.6471918109796 211.028459045926 434.916678067724
5.98615887330756 26.482218843736 22.222260466204 2.24082863537637 22.6446035857732 24.3527656992125 418.399453763344 186.303787290883
17.264215460847 25.7193948831005 20.0246249633985 5.036218857705 15.6425914447929 22.3332848979227 419.328369094277 230.305075939921
26.0817555867258 23.5781050316146 20.437363023849 3.57153376189032 6.17403361179331 16.5077177851413 334.651685754435 374.751291969881
18.44983027345 24.1869816195898 20.2798464821724 11.835850297979 1.86252976353113 10.464434342491 520.33374795489 412.561879719319
26.8618205540713 27.6812134470588 20.2968416397307 10.1548207988005 19.1408753885213 21.5348740581278 124.67664923539 424.395178551656
27.2300439573734 23.1157145295309 21.9953590461125 3.80425611330388 10.6935243821601 24.1083892989063 466.165136087361 379.714631763008
21.2343560838962 27.2865721117065 19.3082633442888 8.64042910142537 19.2872960034904 12.221675537518 179.984255873 485.834519277688
19.5415807067602 25.5394689245712 22.010489290925 3.02848730334193 20.4926810255283 26.8001187264929 325.108647953136 235.52223165987
20.2882203321196 25.1447410910095 21.5817161446001 2.91789126009616 20.5398100431287 17.0580278023826 427.184390725495 389.670780206943
28.4934330433008 25.3559563666892 20.4451356438158 3.87766263880948 24.0080317963122 28.628494441513 430.469809175088 257.871487996682
21.2144685083195 27.9451488952857 21.0490668605854 5.7245801928412 5.65489811051828 24.2264076211938 449.728535798438 361.779616713368
21.2132676778378 26.1575142617882 20.6363542683828 4.37910516964469 20.7687121674684 21.4064978437242 457.03933715846 70.7418726834884
22.5733089478671 26.3624429329396 21.1938427288615 5.17796788062146 23.7322271495623 26.4645790174535 88.3038249088719 386.067004166848
26.467324290876 25.0754747389411 20.7010775573167 5.46217750181724 20.2487471544077 21.8785442828196 265.609877764205 407.017972795439
29.0256036803049 23.940675476884 20.9896376523939 2.15793230064147 24.1273000873426 21.6312166327899 4.65473153088996 395.432033052594
17.7974428174865 26.3137662495504 21.0910028127366 5.83438152487435 17.3314305835426 25.8002738593788 258.535328817471 456.534224724553
18.7890822047884 25.6934227144388 21.2889764972766 3.2573957857696 18.884087090391 25.9659496423703 419.369127930434 310.531197109956
21.6749528595096 25.3663725843144 22.054128980861 2.67318258867199 15.1375877239627 25.6377804641194 359.280998975203 336.717160486016
29.8513838040119 26.5776770414304 21.5915006283779 3.44938190874175 20.4453923787927 11.941385565531 387.690155640468 306.823496735436
28.90029453919 27.6608988423132 19.5381030492638 2.3726318234759 20.1376027761837 23.6245842092804 373.576400404513 13.002363076201
15.3814194065869 27.0162311298698 20.1546957101886 4.44245494020975 25.895891886525 22.772860780481 471.542592057424 232.060315102932
27.2743124146305 25.8325311265153 21.7873151800424 4.314795931214 23.8536993294594 16.0022348271848 436.678706477259 373.044268531643
28.9482372744373 27.1696360604563 19.3658133255052 3.06499392614202 19.4754074855849 27.24886750948 445.052331172723 157.64905316503
15.7335309930254 27.8448254539244 22.1048892959185 2.49015794972633 20.3186884275861 25.0603845752769 390.281732464087 337.715058217569
26.6399000595267 27.0458944182865 21.6046788279572 2.99620261628367 17.4522268262733 25.2172684879252 167.675315202095 414.787453122277
5.6563186201734 25.758020528409 18.4951942442478 5.96580405187199 26.5996308096549 22.418868082942 496.577348286973 339.26160964954
22.4135798632048 24.583992373213 20.9679504683517 3.89174065407243 28.0319520785974 24.6265129230389 433.317925427684 321.254322561516
20.3207112234629 27.646163313476 21.5442524587305 4.03974715261594 23.2602057423232 27.3801922697983 316.555084876648 381.450822741986
22.1795918646759 28.5689008092549 21.834994806691 2.12559480704818 23.8139528779011 23.5812392091538 438.418560369527 248.37766730395
20.9805122077489 23.2263413432 18.8017052136748 5.12047551576612 19.3374910328272 24.7009176469898 488.246515422091 413.344593782055
20.3374484608923 28.1734393899781 19.8123507949082 5.62083181698297 16.375639789053 26.5400346914217 356.964847102975 357.444227874669
28.8846614899627 28.0313893734443 19.3075484232767 4.37794809334677 28.8913599043 21.0077445356316 504.287661329825 190.11441182781
28.264169926372 26.0617681615426 21.7101534777363 2.36372319851514 18.0502354649355 26.5464958042374 105.488977483725 372.378443770894
27.3533034256589 25.8507719146526 20.9722056706409 2.75869344871483 17.9379327642086 26.2366129367571 102.911692553481 376.786453482539
27.563665236766 25.109543030643 20.1325305641594 4.98419765815246 24.8350251420642 20.3894151354957 431.595594058641 373.873146404214
13.6675525908729 28.1001584942151 23.2202668054984 2.925136784252 28.0005540229364 28.3114261130897 478.95430300419 270.849340403059
29.588450127805 26.7035699697618 22.9633111175769 1.47034153240662 17.5366066116816 26.0969005605941 401.136716117716 194.270274214676
21.8564264353048 27.1232099559536 19.8259910379253 3.20130861782333 23.0555458132329 19.458157461629 302.103816208901 386.079227598286
8.69069455003717 28.2839509508772 21.5285832552149 4.84557120012944 20.0802211207897 20.6241377961897 508.85962009233 353.475106545725
10.8800782287256 27.311275170389 21.8422036892455 2.70718392386043 21.7458110133276 26.2001413713437 476.846420069801 274.017008045094
26.4537193993981 26.2986163512629 22.0274295086875 3.37476436724222 14.7150770546942 29.0053378062387 480.445074794262 224.125496466958
29.602625385932 24.9499635954814 21.5443894916279 4.05159985345841 13.6978735029976 13.7042501943658 433.075890418273 304.965598191355
20.9068309661156 25.6755451579478 21.8370157243173 4.79587997588229 22.3454820275975 27.5032246197662 484.001490497517 187.897740692658
25.3111637276682 26.3610068531796 21.2260631188518 3.3425586001829 27.4151919073429 23.9692787508531 466.033731426396 159.093201801749
29.4262128813523 27.7706868693654 21.7499905959998 2.69275235881956 27.0622936405944 28.3640226191829 441.782389702428 162.97300837097
28.2626804279345 27.8049484374267 21.5551783102213 3.15314720459819 20.9139235537089 22.9800169031832 486.069244509279 101.824587609213
27.7291822313759 27.1612384479372 21.3944898121481 1.97679685696729 28.4130914406234 24.3878363508469 338.631968068992 191.689908569425
18.6171363738046 28.1415064449787 21.9712171881662 2.42596940548293 17.2063829951283 20.3534362156125 408.343234615597 111.119539963768
17.3038672624672 29.1919549736787 21.2009795043178 4.30492603532093 24.0558712208833 26.7165560537398 288.914779330003 316.465688401614
29.815429093656 24.3923118828384 21.9140457578707 2.51771530207276 21.5482714133981 16.4468110493595 453.671711710309 99.010371670882
26.3868268080053 27.9745344038437 18.8700377582628 5.51033011983504 18.6880776648136 19.277510384722 82.9115693533817 124.011517146623
20.8043157195194 25.9164193953874 18.9762419422071 6.79347219547842 14.1399907508871 14.18192690803 270.315660838707 402.480139735156
6.39053675658351 26.7209149388316 18.9516488814638 8.0891574235595 28.0675142866478 21.3891562120071 476.4230623722 433.744634622165
24.6742896723315 26.6729585284066 20.0768923641183 3.66033867540078 26.3015513038989 21.6127045473449 183.343689416167 476.807388896373
28.5494334762359 25.4886508161544 22.7679506177192 2.17559931407205 29.8315402458837 24.4982805485655 241.407850913034 280.840715750758
29.644059098318 28.2124833247068 22.1470689504033 2.71676630389134 20.8065274395549 23.3371373050865 71.9717508774585 467.384947924743
9.63959948009691 26.4032090875757 20.1670717805083 5.03461213009578 17.4754189982631 13.3880875460575 529.285487684885 136.490101236784
23.8006466517124 25.9005844347453 20.8863072143269 3.07164532438729 26.9563860650349 22.4780146038583 172.3487980732 356.260350600981
22.5906252660698 29.2550829561949 20.5022908569316 3.94412151533145 18.1635718138798 28.7982360486731 469.953005996897 105.28263610156
21.4264617899208 26.4724147925557 20.8276705468238 5.47735724512333 19.0211707915002 23.8389420509349 427.775969869282 240.526220944521
28.1803593844541 26.1810619876682 20.8434499918112 4.88323976079713 26.9561475158894 25.6193289234096 338.274815397804 340.523591534399
23.1101233585369 23.8324656854411 19.6157791844858 3.10461787602495 16.8806794937905 25.7871398898235 334.286411985073 310.755923221129
22.2718738572383 25.1511991680196 22.4902045418035 4.27693459078657 19.6838195042075 16.331324050124 472.141135301692 381.137230306512
29.2480907392331 21.1764470560352 21.0062258761039 2.29352424546117 22.5089520903313 14.7797560530563 6.46894930123178 444.907121366723
23.4935637268055 26.8368807259554 21.0514871262195 1.47109552389364 26.4760287946516 25.4212514019232 119.796147089254 85.3777217218593
20.971230167256 26.0514565718646 21.2888896955664 5.15570420645302 14.9730512016374 22.1047056126334 316.219483089842 395.793974675584
29.6177639759056 27.7874672043441 19.1064420879888 12.2932360480672 28.8276924209885 13.4275508314241 349.329835941351 345.231558490335
27.7719241231054 28.4410895152317 21.3059770483796 3.66619771865975 12.1620309973681 26.4133460372281 155.045606400751 362.360505763697
26.1964280752212 29.7521412983267 20.7865370096199 6.98509758059417 9.77321242903664 27.150462100802 422.08652710951 335.102498889115
20.9226917637817 26.4800786286487 21.5304981329642 2.71424460488228 24.2345276352498 26.7325409960042 459.267685179267 105.703007005484
19.2424605492525 27.302004707644 22.2334815277067 2.04549692503825 23.6129523175184 21.0574909780255 446.24210657966 315.256308760176
29.7624746896544 22.4852516490588 19.6176873776597 12.4181240528278 23.6815637005758 8.959491116069 117.382436447758 511.625524760926
4.61545347873022 29.083582931805 22.4259142506907 1.77599013584246 27.9458121588488 28.254729491983 290.481670555996 5.44711855650774
28.1614816409012 27.6774551365997 20.2340970217468 6.43052862998862 6.51350006782953 25.7423246600131 160.520373911453 388.519424105406
26.1097559859226 27.5764055689183 22.3079461023446 1.63115678198288 22.9720961385929 26.9336331720258 160.739914824607 285.67259648247
22.601641537271 22.5225699529384 22.3883463229157 4.3634436014231 28.5479629300146 27.0093493366626 364.549365012913 397.165117660826
22.6130373735274 27.1423186173943 21.5964709994352 3.76597063249976 21.6747165401878 15.8023461919971 474.058399131611 220.785213804621
29.824975539989 24.1485586433699 21.393929729281 4.97706095357595 18.1808038579113 18.6664786619529 404.839562381943 379.735288016769
16.4173795626472 25.3803056448509 21.1724018544737 2.84194901109721 24.3798813575708 24.2851213079657 274.581088080888 387.678435619193
26.5943727635212 25.6743671632774 22.5266709521333 2.316039977492 17.1412367378606 23.091916991837 246.777203014554 369.062882355315
25.659236614774 25.6389957902837 20.8915801204608 3.21359957938647 19.1306027172068 27.8659307008276 441.987772612855 293.766203918705
29.2110006807231 23.245001022039 18.7915076305096 5.18607991055629 20.7478223699405 22.5612693939268 220.321733000192 435.762087096048
29.475994824319 27.0994190494463 21.1440386797735 2.0919862200997 13.8416789919684 19.408874976734 400.611077644436 249.097552254147
11.6312525705943 26.0924742180061 22.3791506185706 2.1658011031228 19.1400833616 28.410429755235 399.615242339387 74.7747097752017
22.6331485105934 26.1209595987353 21.2757039619992 3.29016931797061 25.4552262448699 17.8011250170144 214.032090620291 377.332225623624
22.6514404630566 26.1835090624 20.9378919049391 3.71125804181198 20.2531674088229 28.9714052935306 460.836753042851 58.3155116765093
28.4344105614918 26.6366911561741 20.1424471651581 3.89781099356396 25.475420127844 17.2688043387306 435.588091157071 156.640768538748
28.5050933904125 25.5133738155892 20.9725773307194 2.68710290635915 23.4400085839886 21.2628146309472 230.203063942845 250.641929314599
12.5975765379309 28.5341551031933 19.7075696651275 7.24765814061429 6.30049762925798 24.6692498654106 497.2380915139 156.88451246697
25.4786712756638 24.9812549963027 21.2273004585357 3.25543976649612 21.6653858075344 23.1319384716489 312.93417542839 386.532288444901
29.3454477040219 26.0916217059276 19.8821025394922 6.04269624757729 22.1051135707729 21.7690459896025 445.053738398962 326.359412774215
29.1277729092173 27.9211426965897 21.1223777970299 3.71295784676837 16.6103152953143 29.3114380739762 344.275637996631 328.269178376549
11.0754633560874 27.6532149269658 21.3674912890814 2.82233575786353 26.2755850472982 29.1652507693324 474.440876903013 175.241209940758
29.0065961279424 28.1707675965204 20.7294387601557 4.8810256455404 19.7585126365883 18.7671339363262 477.558615591032 65.9524422774708
9.59202585305043 26.6743102729276 21.234776273711 6.30071792243011 13.1080615537471 9.13889530195884 531.15928457043 310.244919968976
24.8053879176078 28.316371241817 21.8931462055939 2.28008618994148 22.6769132140642 26.8942738364823 224.254511659639 209.126895090998
20.732782814526 28.4950023790153 20.0317619111536 3.88095068685495 21.8906600930216 20.8284240243128 399.254319294019 352.12886529168
21.2390137255968 25.8454444562276 22.3428365254145 1.50795137327241 18.8111157606512 18.0416849087216 404.42165181262 250.778201335762
28.5806713724014 26.0163129975774 20.3144205944832 4.13035216954876 23.720502735379 11.8851371972774 235.757466150862 366.009201618757
28.9840478094615 27.701097344569 21.9060239559601 2.62312007824546 28.6638274053455 25.9288504435345 404.388172120931 59.8376914399006
29.5106423576631 21.3397996118683 20.3674851111184 4.36088234585695 16.7481874517353 16.2171127175723 68.3670135724409 460.3583114328
9.69164339172693 26.5369246871991 22.7961719047441 2.09366295855172 26.6636705149543 20.0405855402944 399.584797421336 84.6924461915302
21.675663606452 25.1003943198631 20.1116148541973 4.8943484753528 20.3811533988016 13.3264632690842 468.913467855741 321.627496594867
18.7938325989506 28.1066205881002 22.6608632035343 2.98703336754634 20.575416045937 28.0499393944452 475.895961732283 222.217737441418
24.6802720330171 25.6349419293049 20.0133543123618 2.8366412671718 27.4079333686212 27.1276484927657 411.521363101172 224.728921862562
12.8778017237281 29.1382233583868 20.7967818704419 4.36076961713886 9.70279486920703 16.2288778532174 473.742159584407 248.183571044756
19.4492838209352 27.1433148351207 22.2398798470841 4.07538412425876 14.8498953851618 26.7430941788918 412.083439276016 305.895575175341
21.6779390323862 24.8081093571849 22.6248835473787 3.09456632217506 26.5129100385413 17.7749070867024 388.285522693114 335.050614019486
27.4106648995382 26.6469873965044 20.3978334356329 4.49672149161215 22.6697128653554 26.0889880707051 277.816146191843 255.186181315017
20.3644039740481 25.9334328397943 20.5064405488439 3.17690575448976 26.4393667174817 22.75530147845 331.64210324543 314.611129891207
28.9788739536638 27.4119409296587 21.537588884332 4.32363953622859 20.5221533746512 25.3553229568165 496.596994890327 115.367047456842
21.2539219999651 26.6020853589513 21.1651389823066 4.21316836954456 18.5433866920448 28.0741304151746 478.836086638132 161.59800985256
23.9583180157665 28.3374378858198 21.3763888495546 2.02704286104903 22.0464303381091 25.0665102978802 343.497805226817 147.123951090629
26.2538158035794 26.1503831843653 20.5911303363015 5.32953606010191 24.3964069027249 11.0366082536781 443.085599710904 309.681063825755
25.3103485477965 24.8376797409533 21.1772501324953 2.67923914802065 19.9165754160247 28.2061051683898 302.541089024808 253.744235251706
28.4039623651348 27.3332035167698 20.6326942620083 2.68370797722772 16.7641597288207 22.9738252246369 313.105288512699 367.062468163495
28.7054218387765 25.8182355211401 21.3626683124563 2.50480995968976 20.134726963697 13.0474423196899 353.395758676701 306.539307122365
25.3296309762988 24.8649827771902 18.8056691308403 4.67541242787882 14.0087637575235 27.0827046942818 380.795912692798 321.948561115635
24.7399627756842 27.6837248180681 21.9966138146221 3.1982990046527 25.8527238713815 21.3959334881912 459.031697708565 163.587379774057
28.5666223539343 28.9084056990281 21.7792249189117 2.07961871621876 20.887744719639 26.9258050578214 134.94355882178 263.872735696197
28.7288716970313 25.8789865812111 20.9078250666706 2.80084517375274 16.9794762740107 28.8896395462649 359.489733171624 296.953120094019
29.3824609764899 27.12598328675 21.5101811083863 3.67765436416368 27.2840453909699 23.9323773726464 464.832024381779 113.897597532268
26.0469873581981 26.0137996754022 20.929051584376 4.4717082751709 12.529154047116 22.7213458515332 406.565498495754 408.342547349782
29.5458505229245 25.2021289722705 20.8287273294291 2.24214620202532 21.7799102948762 13.1657429175599 421.134038437379 329.33117097678
23.8173761117202 27.1981248595958 21.548685180994 4.4229361199279 18.4804310291038 27.565727946841 434.122225156341 261.276339266207
29.9584556437665 27.3819116699446 21.0901254902373 1.92694857161938 19.9456555681612 18.1553104512754 417.19934077677 201.83317080334
20.6758598100911 26.9716440157727 22.6473863663042 2.93814986619274 7.47371166411768 27.5546451560619 391.801920343317 297.254862749587
27.1822259746884 23.969496695322 22.809526116792 5.04968109885819 26.5720235662949 21.3600550632313 363.486588264754 360.725840661011
14.5260216844649 28.2886356405625 21.5453356575582 2.7003413609611 20.9373996010166 23.8605505208875 463.121921336246 338.656709674279
20.0759480537167 23.7300311785579 21.8557684872449 4.19645057223739 22.0447973547817 14.7402960467254 478.144293474015 360.746644288161
11.2166036407577 28.0862148110611 21.6523667212246 3.17647060988031 26.205789772693 17.0520178872055 496.220046363436 74.0966834229128
28.541453240909 19.0002126943551 20.3554331772784 5.29492599913076 15.7503622615233 26.1019375388145 308.25835967873 443.228374076344
22.3026646135412 25.5758252111525 20.5200202358326 3.58112029909169 20.0189895932135 19.4986214133037 450.471226188638 344.490269818286
12.6684315958575 26.8800446912368 20.71942203841 3.50997721144054 19.3740238563852 21.7921298378828 495.196796603935 84.0435372163257
24.040809761478 25.8586981908424 18.3263655030196 4.26108810443517 17.5170362299364 15.7743032533822 417.122753572734 365.499049472222
23.8764654815399 27.2980169552431 19.9281911095172 2.39081957379336 16.2156548566681 24.8587110368706 285.029859780332 292.328920495554
29.3204045628305 25.1642211035601 19.4106310329549 4.91331396950012 11.7553671170636 26.1901642880483 449.903621366074 359.992577631006
29.9912848656592 25.1748031869513 20.8243274239134 2.59786339845345 21.7901561665176 15.7110488974589 344.511976496125 331.127920559582
27.0292584336658 24.6662861231106 20.9114747664005 5.04276347305698 15.9469353009962 26.4706398902893 73.0397009418963 425.493362593559
28.0808691020968 27.0937269815088 20.2261122348811 3.15166376857486 20.4804279259603 26.7875792567072 413.835766347793 323.059603769384
12.9632004745428 26.7612342544181 20.1591275996666 6.97194195056576 10.7104388336035 17.4871753830189 505.868251638485 304.339255207957
15.9121383179959 28.161252003247 22.887419219332 2.53959724334589 24.355733181081 26.6375177104981 454.132424996281 179.211998723806
24.8349814896914 26.699615515903 22.1256178193623 3.35931149787753 26.2825665781483 21.6250443745792 308.486962680593 429.808141003166
24.8984077785147 23.9763376387505 21.4147370975335 1.89494020769357 20.6224651729281 9.07322198606963 97.2712532020203 401.840495305075
25.3876462732902 24.4928773634695 20.9512019941176 3.24166800142669 2.96798290505588 27.3703902995669 383.253145300133 348.046525638674
27.7634949015444 23.6003894010703 19.8134143393263 4.83737656438805 19.7869534148497 16.5434003100099 467.304772590245 266.8553836887
26.5246439247913 25.7431366118892 22.0029790808283 4.37360125613957 26.1569685027936 21.0956038698535 446.649131747034 336.795448724281
26.6855292476014 25.1775598158066 22.1737912678554 3.54064398244266 21.6702548140583 22.7244952821071 54.6956908006012 418.117049588267
26.7493832687133 26.8802165932061 20.6222850021593 3.90441674969459 17.80696346984 21.8826613382883 422.415524997507 119.14032371005
29.7326767853912 26.3606795316372 22.0922545826271 3.8675287808919 19.5936225444011 19.751722932659 66.3734121288784 378.524600262174
25.7390996788394 26.3588795197272 19.0580327451959 4.91442167078496 27.8641569075077 29.8614058906274 227.793122642612 384.406756153221
19.5075711959691 27.4539865367601 21.9662814780725 2.72656097813434 28.9831486814454 27.4318687425492 243.556085879384 340.900159273382
28.3488612185421 26.5758820493182 21.2370901388151 1.77806132052881 14.1727844620815 15.7688978671723 362.963893040804 373.047314144533
28.7151943817098 26.5444156956183 21.0657330375019 2.2889045149643 26.0712200159858 27.1717452051552 368.989918967026 209.127816626185
18.3865755822818 27.1261888758696 20.1453475291197 3.50928395784927 20.6098199959309 20.8494316786296 449.881659197854 204.565903954951
24.7950869943078 26.7999983655057 19.7645115169912 9.83005129607541 22.2142690152599 16.7360459560393 27.6993525356569 438.043502099884
29.9999009992495 26.652146171012 21.7226755796999 2.42043149575905 19.1014168253278 23.0093452724553 208.920845902849 315.437139392037
10.1802499361843 26.6850517324282 22.5250746613537 2.28300838315738 16.8562208042592 16.3206532560122 446.755488102058 296.863872910126
21.6312067331857 26.0374883189457 20.1419136826635 3.10568423030457 23.3336922776044 22.5745637040793 317.729327614735 238.089223849487
11.9085644415945 27.7717961752978 20.6136555731633 4.65336423019371 16.1133891738836 28.4229544833031 470.158420915223 191.815653711854
10.0227838749891 27.6800582044298 20.5542626329859 3.62884891775923 21.5212368805912 27.1606571375607 511.746135670635 68.3617240600383
27.1383047445774 25.6460907694205 20.3366318198617 5.47322446473942 24.1788973677399 21.4511022932554 431.242388409945 347.418979050912
24.7703414276334 24.6702747903449 21.992581424036 2.64048077803409 25.190202930789 23.3192478040587 296.918760299534 330.00552466882
29.2032035619776 29.2629018566171 19.9657532155931 4.50065610005763 25.2420437671725 28.3816474687436 308.732023886087 265.240754518178
22.6982548390147 21.5987204904545 21.4730778674931 5.96713551875933 20.0444611068524 19.3789934829197 509.409270271269 221.957757657853
25.0113266944825 27.4092467413829 21.5783969424256 3.28533708074381 13.689346621085 27.9904150980116 467.627183484636 252.890513944803
19.2072882733246 26.043705491667 21.531575803898 2.81140668879634 26.8780326606994 21.2621815520071 424.574193920333 218.627610560397
19.7998684567317 24.7469636962477 22.6866657806327 7.85750107972349 22.3285642213429 16.5638754766375 474.228573618609 406.033250227778
27.4083684788408 23.4531096572704 21.7351130770476 2.50363435744745 13.1014493693581 25.9042733017243 233.929932730837 377.902967749511
18.0184067611474 27.5364886099556 20.1433770742259 5.28618546508006 21.874692934748 18.1362396317738 382.825895757255 410.764159265641
14.3617659756893 25.4454700623465 20.5370076911999 3.57789339896767 25.1676979263059 27.9780526618622 503.473649018788 318.823039816998
27.0438066694867 25.8025962156822 18.6178333419316 6.5256200400572 24.0846595212079 25.739633165166 520.609751146013 51.4202539625662
19.4757875720794 28.4595113139216 21.5068591573423 2.94957647650553 22.8755499346706 26.5301307845644 378.821193435928 244.18827681887
28.033872430053 26.3166142235482 20.7293759777856 4.02065370181578 17.2469168720178 25.74597406312 287.722707673047 329.476258663364
16.6568546113296 28.8198897340762 20.7726692127387 4.20153457437686 23.3668107822246 20.6649492786581 435.281798787793 374.311564118199
16.1330577536495 22.1068141343622 19.3238600533273 4.84361219058291 8.94094237648274 21.3772336498724 462.087264048172 415.28617117619
13.19100401993 26.0192880310709 20.4309164807949 3.41971991393342 24.3856883150585 27.2725647485877 434.524579087945 365.84727846345
20.9302229040625 24.7100814560836 21.1822750744144 3.14411385391389 19.2268007563377 22.2790571911656 447.550749455764 275.353774008938
29.6167986616302 25.0329761727625 20.8015169925438 3.21681605880063 22.3371322773754 15.5375609361835 415.136151727101 339.493886401623
26.1783268721622 28.5982072337669 20.7766660524524 3.03402120031549 23.6234589495951 15.7512586026543 294.235038592812 443.547937989159
22.1847674324974 25.9553811889128 19.0066026918634 6.7013089188843 5.88747030976468 28.4178257029989 448.681082204883 404.059510281498
28.1527940223509 25.044570545803 20.9704324178908 5.11043278258823 19.7681639183377 24.7770233253341 331.626063358418 352.543581711588
14.2510875022529 25.0180655136244 20.6782236330874 4.65688334734731 26.7742929327686 27.239905677783 468.744218727477 312.243837928689
24.806883467294 22.6013747530922 20.0962623046705 5.15509681468803 27.4471891917535 22.5858827695017 365.262870674021 331.053412700289
3.85192844933465 27.2905471120303 21.7395321211411 2.17816319760158 26.0061107084742 23.4008956023384 420.977890794693 475.503872125266
17.8427803342008 27.7214806489562 20.212768611537 2.7783936525799 22.6760778756523 26.2297124450025 378.581905873053 236.010777359117
14.3467355133492 28.3661026662961 21.8127240531294 2.67156652094946 22.5869323327864 25.0857610686274 414.572872401002 186.070968241524
24.750385467077 24.7844229855539 20.9142204574095 3.60934841530641 18.2547723729002 26.7729855957345 256.492959044282 342.060267808051
28.8235168252229 27.1557310417561 21.4799590766549 1.96530238763126 20.9323557492376 22.6282956938656 451.878114808207 374.756048434466
29.3458885283466 24.080836827673 19.1745039009026 5.40748137312523 15.4621634258695 19.6546710126095 425.001743866506 460.207365337453
12.789497101628 26.4988412109296 22.0410735519752 2.31268442340355 21.0097124708098 25.1704697909919 449.633229392316 463.796584586769
29.5162324391378 25.5210215416156 21.8319799834096 3.35731103886222 26.5220139544089 19.1150563044252 420.168723030823 348.406227064483
25.1880362270484 24.9075603824734 21.5666714349227 2.92648371194979 8.49370213421389 26.2893788341778 282.994147089656 386.383212315962
26.4595353380325 18.8277067344396 19.2841396245413 8.92549095385651 12.1809791297178 14.7764629872047 246.38976483264 526.979291273315
22.3191353419344 28.6661490792167 23.7524371166765 1.81005652493544 19.151106642716 19.1130115903453 486.79344919521 70.029711566082
28.7764102169121 23.2983764408561 20.8365926183754 4.23818785650749 11.2740875452886 26.6520850277062 372.270800284974 350.328232489328
29.8693971934424 25.9381626146676 20.2713193529323 5.1757714487412 15.8607724775517 23.8677476450631 481.072696587748 193.66405751928
11.2411566564828 27.5819465024595 20.8206714071765 5.87572630848419 8.22501442580873 15.2389525620234 449.431005542586 348.052968260424
25.9482393464741 27.2541919149218 21.3604192572614 3.82535433784345 20.5108915463042 25.8157473200346 479.795188751524 169.346402580405
23.7820943511858 27.436611940922 20.9860847179312 3.2726725469276 23.7784999314899 22.5282971996412 401.418226180789 289.97040178089
29.8842925929383 28.4222766046101 19.0942943328323 3.94462641598411 26.3808434955578 16.6290910255933 406.897346328052 189.981832147941
26.4079133671586 23.2386434491466 21.9382826808674 3.59692068068719 24.9779513942161 25.7205767859781 330.886035666932 379.38562019909
23.0093034926888 28.1090961671776 22.0069861237196 1.96536373256019 17.3947111584608 23.4066435927481 346.702729983071 187.080338813225
26.6570299451525 27.5897446103774 20.4442430095876 4.60135842761946 17.2512556045183 28.6366051758117 373.444712739917 362.280812803654
24.5449031503805 27.3855349334261 18.9308626047592 5.051975185368 21.7148143681206 25.4891011895819 491.263238207743 134.692305719388
