27.1890645752944 27.2835030386695 28.451333919934 11.1579786316634 20.7863913348314 27.3100207111584 16.9809610052067 361.379007425419
27.6191277857511 29.3585633044834 29.0573986146421 11.6211670227923 24.4156133290912 27.9519554098014 21.5555008176831 339.4968424395
26.6812869496827 26.0653426412851 29.9439965688618 11.720585369353 20.3543408901511 12.6415057582791 269.321234382284 175.881986381184
27.3513018510876 27.1896210521803 29.7075478592095 11.883975203139 24.2459412841005 10.9040720881139 49.1253512874502 357.037210594671
28.4786671755785 25.7380066618584 28.987863822333 11.8493285967254 25.1199599445076 15.1021462145546 94.4645250518933 337.903573383027
27.0999606418004 29.6647736549075 29.0349928785768 11.8287359136462 10.4648003700688 10.1018035079425 136.125733615169 335.738180247331
27.4235149518912 24.4062194941351 29.4703364983445 10.9596732580381 20.2513469388779 19.9123428828258 78.1322356535101 315.390122217459
27.2771525710795 23.4002917653247 29.9268386035099 10.8581936580538 25.0954354439948 12.9113168898881 140.22581079415 164.485639425348
26.7918491051637 25.3662497661525 29.6157444673781 10.5673697806178 18.8748138918168 24.7071518357175 150.003525944611 287.803620458374
28.3732388262601 22.8862076981359 29.5147742981852 11.5005827985777 17.0879035321859 13.2821190442516 127.373646221745 312.664411834245
27.2893628785722 23.3784633378323 29.819089749795 11.7976259577892 20.6468214686605 14.4478162142289 11.8122581510153 293.401419295905
28.6380276676291 23.8604383365702 29.4002223402086 11.6764148974342 20.0095366257361 18.7318290742125 343.892301065822 51.1480964996741
27.3560635711741 24.7675812808517 29.4170125312645 10.7259000130474 22.7895898152072 26.9898348489304 192.448444501522 188.34369526228
28.2823022355812 29.6645940739332 29.4994642279267 11.4072375606804 15.4212696458025 25.4004389571145 46.4328658794305 326.709297093187
28.518830887383 18.3948443455407 29.3542591382731 10.7737944199752 20.216879979133 13.3587876146945 3.98542287933555 411.973655009445
29.0794367654295 21.6153183075549 29.0889619930385 11.1060003183838 18.8602857470966 6.06129236709123 171.551991841588 305.945842782797
27.6033227006473 23.5223908293328 29.4533542493341 11.7420664659025 21.5815477355872 19.7951278456852 97.0226980776113 329.785350388013
28.3426586263545 24.7560622940469 29.564347497624 10.7092097321914 27.5536271908972 18.6859904235744 176.846433268519 216.974178684089
26.759969538023 24.692075690198 29.0146601087352 11.1918479481739 20.7250190437213 23.2649106804887 247.84119718805 229.940826299643
27.4352788377556 24.6882672508401 28.9724508957834 11.8084931761994 21.1480572439541 8.68658209207433 260.771836510667 230.257756845775
27.3432182882569 25.6451641372038 28.7332764941487 10.8851654177157 26.705312624622 14.4729864468117 101.636193652347 343.080050346935
26.3460449075123 25.5988151678238 29.2881248097634 11.5007216918392 15.6393265806017 19.2890710459119 274.152195960641 54.9988984440598
27.1509301393832 25.6441151895921 29.4557517809443 10.9957066791754 17.5759419503454 27.9421479211006 134.773817739785 286.420268184804
27.0686567356175 27.422122147873 28.76861537637 12.0048412994855 22.5410890784661 20.2995531100019 89.2597121880266 335.373627905379
27.1834161923249 25.074389545636 28.3673764775117 11.115402517088 20.9684543480873 12.9789515975206 47.8688096354555 328.406656332161
28.0934054173062 23.9832825501627 29.2304079583434 10.8374415711445 19.1938600151001 16.33119831285 14.559892750063 402.418720446295
26.6572144126135 22.8895730846297 29.0100319841702 11.1808026191281 24.4690263207038 8.55403936929632 111.881735871334 275.331567104976
28.987247655432 22.4546385378268 29.8338848835805 11.1283357396938 24.2397750974362 24.9122632840504 274.094631493011 114.791686941078
28.3030926164004 21.3737597646442 29.5798538031886 10.3236377546428 24.1101100270774 25.3133797394332 77.2433975563737 307.116836576464
28.462612683774 23.7469184215045 29.589534393965 11.4450862541166 16.550034553491 17.3444801488516 98.9362660589464 333.076582779487
26.8929354623115 26.5940871587937 28.9923698185281 11.2397234855141 23.3669243833995 29.1587589959201 194.754076207636 265.511512134841
27.0864816700573 24.4972170417794 27.6678078137534 10.9974589711704 23.2803960906067 17.9554092285923 193.615190583931 214.814556323305
28.182927932522 24.7008067472267 29.7764118028166 11.4423924398965 23.9358650656651 28.4985379213489 267.606559825688 119.370879834979
27.9203640232045 24.483387788635 29.550956693051 10.4531888381782 19.7590451521395 7.1519579623098 52.3432637777469 279.976252383157
28.7721691677541 25.4295403467826 29.2339131452368 11.2423151151213 20.6909595600987 16.686833249566 63.6891648718846 229.134980578471
27.7704091508767 22.1941983757806 29.2478677293742 10.8718762760063 20.1948326313271 19.1227078047739 123.16236009412 320.184226909327
27.1383566318304 25.3707463201646 29.4946016875494 12.1411943022135 20.4109606182933 25.1301626807081 202.459778483927 242.808767942495
27.3078600487509 26.2292717012046 28.9225558635334 11.8269894116341 17.3886936177204 16.1128977380069 320.032583706274 112.16014415031
26.2499132091931 24.7777473527412 29.3516954095126 10.9546706161631 21.3917651861045 10.7596587139796 183.414893809248 206.421272162735
28.1663873783068 24.7821292262166 29.2006688473383 11.7048923309046 22.7973529410798 16.0686037081075 280.779060316715 155.771904662244
27.5742864751197 26.2591597285315 28.8650012321212 11.2984777441692 24.1884373008642 14.5654266195454 132.446412008646 327.658155044801
27.4020599688971 23.0920147341621 29.7770196994206 10.019014355625 27.2943942803157 21.576647304805 26.549005574825 316.454203594755
28.4804658115204 23.5175351846816 28.9843528712647 11.6546914232248 23.4327364188207 17.6808276918393 305.650301506563 208.681424088351
26.8727299977013 23.5345344681237 29.2487194689089 10.7125316351436 23.3344008529996 23.099859365427 157.9115630537 311.849305697134
26.1561233838978 25.1762995334896 29.5741380684413 11.5505798586439 19.2152575656318 9.62603180372084 413.071505878108 159.897487962301
29.0645207212985 23.0998203358197 28.6348022623838 10.519576964009 18.2663507337352 25.9687335293004 170.284954756014 271.068588978622
28.0487560154834 23.235744503935 28.6980241084739 11.6861434133454 24.4724050786757 10.6028061851854 138.988630218985 290.482786355099
26.6782825090322 25.5986974979903 29.3175831857845 11.0615041467751 25.8933738950534 23.3115347404219 66.4091693384529 336.022021766232
27.1814391395546 24.7785380056672 29.8976308559567 11.2614519630396 19.7564061368488 11.6197534253162 373.049216880497 92.0400976594253
28.0648475292123 24.6138252100322 28.6457882397178 11.6131713270854 22.0270700452048 27.3415272253776 275.439936886732 169.198059316068
27.1132587160473 24.6057116421938 29.3636798413649 11.536010413927 14.7797163845682 25.6984401939442 217.770140054688 278.288640230107
27.9579337029614 21.4400609786082 29.9331437889031 10.4379426320388 22.3407623406074 15.4405205942084 3.99910380953166 247.88792528276
28.2690294592352 28.5576939305841 29.6955199246383 11.5334012927063 25.0973055686941 25.0937953916943 265.979033342435 93.2961215644936
27.2051642420113 23.7176421407612 28.9457719012201 12.0127260495283 25.7834672559535 29.700062569641 246.573744535045 296.450914762817
28.1332245028547 25.9355724161389 29.6982463313974 11.3876533866641 20.3009283991441 13.5575863751836 104.434825139468 365.408211284214
27.5308087576637 25.3974920032667 29.5917761836369 10.9686523390899 18.9322908612483 28.9669628407891 346.212086747767 129.89421803337
27.2328635417035 22.9149169156995 29.7956007953205 11.6652340776042 26.3336902988382 26.2210299489402 190.045084684983 263.671571529884
27.4893848691852 22.4397746321234 29.907840598478 10.9009658299536 23.0170820379426 20.0572574182857 93.0852307158392 333.400177279462
27.0789312451717 27.370127260655 29.694814843831 11.267250041971 17.5560578268985 13.5685623246682 398.537459808511 110.893880613658
27.308316742038 26.2120764955968 29.5871182667657 10.7262751532721 27.4985455077715 10.0130450616754 175.248589737792 255.444034170479
28.1288597940636 23.5859477957988 29.6120274928548 10.9062611713663 20.5847490530967 9.89113114076832 216.580265271248 186.685473018436
28.2130205273564 26.0950423361595 29.0168933244187 11.022951468739 24.6729457332746 20.417716151986 174.868631233344 280.637292554051
26.8664886949742 25.5951184114666 29.3301164062121 11.1969719390608 22.1402583800088 20.4879326985421 197.846443606492 108.551214932953
27.7634181445265 26.2792997772149 29.7316223885155 11.5011954890312 15.0777253542689 20.0490338353269 313.631192985472 131.099157780204
27.6732731644278 23.1268531440698 29.5793795906945 11.1284886945531 19.4588702443657 8.97851125097525 270.774945882102 167.331988851078
28.027428927334 22.5798119497655 29.5366759467907 11.2135421659771 19.4873956779188 13.7740724705642 266.558955133792 200.794196974387
27.9324625937947 26.5255264943163 29.7901330064805 11.5634205948495 22.4244356503566 23.0790587501947 315.898769761527 155.605402915713
28.1691271166842 23.9331585873873 29.2884565689272 11.1347799144615 22.5465062094368 16.8710840856853 129.810427130138 324.041768151384
28.2626198380135 28.5626160187263 29.9359840487678 10.7351984340469 20.2404746081405 10.7278366341983 323.529502890866 85.1921608758355
27.688685710133 22.6574120450455 29.7961913297073 11.444400020693 21.543085909885 14.5583210365397 1.42008469737073 367.452894638655
28.7010966674169 22.8953341260939 28.3249385402551 11.9031513863083 21.6686712965725 16.7359087559063 268.941391296849 276.36540763417
27.8229456075399 24.1387345379037 29.206692752557 11.3408578353812 17.7070753035047 6.37091302077727 384.586600911914 228.240307296642
27.6128838407055 22.4168066053307 29.5549406014388 11.0271914621708 17.42121656224 13.9065600720864 139.513199834941 263.620693945183
27.1956952261165 24.2673831121237 29.3853354990836 11.5560138744375 21.1212643409836 22.7623630747406 240.594340044426 188.53283639048
27.4099463592026 22.9498792304302 29.3741842405466 10.543512071048 26.2501911415071 18.1072511875807 75.4466954069123 304.978303321582
27.7933857492385 26.0852265910352 29.2242579607658 10.6760805355872 20.2078512517531 24.7152154627134 51.9514214983753 294.115141829243
27.18271868099 25.3716978981455 29.4112544820231 11.172962073667 22.0992207280267 15.628178956685 37.114645726 331.24050774271
28.069296278107 23.82329032532 28.8645543255339 11.1180342015239 17.5680369789302 22.3707602460452 4.9447246429617 416.86367972515
26.2310458944696 24.4540232456477 29.5848099222928 11.0463422781314 20.3950900300832 10.288378312798 304.765982841493 2.27806428866639
27.2753928390781 23.9733948021578 28.4921995092076 11.7030295900734 22.3063009139375 24.308571777363 172.740541838644 181.081231837311
27.4921165487292 22.3598353845652 29.6697909939298 10.7817585999757 20.6448457408492 7.73915716273082 181.159371583174 186.008305809014
26.7148206274817 26.6173742552379 29.3822852525891 11.1240697589659 19.2146644246976 27.1876164791004 138.17218290359 297.226501173476
27.4856308392187 24.1452627382545 29.1976925647316 10.8261479404978 19.7510996797858 28.8252255129483 237.571752831526 210.641782533613
27.9199085853443 24.192983510083 29.4245741469784 11.5443480123881 25.5027828570662 22.0926997281334 321.780116244818 200.040616521366
27.611447264661 21.8764723490851 29.5399805750571 10.3750496716174 20.2426919124773 15.9767733348647 0.953581439379557 335.894924543689
27.2135266451043 25.4612405479225 29.7918326371286 11.9087548135882 23.1331666161718 28.5209573732781 350.050206801631 194.558361113527
28.0969896530155 22.5116021311953 29.1506567580284 11.1264022401489 22.1572494521187 18.0945881724585 182.254500855323 292.294283911226
27.2196995980706 26.7591934601592 29.2110538791606 11.6817205549859 19.2114653999562 11.3857588047158 284.441331595619 137.693068625311
27.5572912039568 26.4939939887013 29.0088492646663 11.4362395823567 27.4816161650436 23.623789456315 114.958814766869 314.149420751864
27.4961061732274 25.5554859382068 29.587875036828 11.674273822358 22.7514942915169 20.6919777985469 109.671528521237 308.971316637688
27.6623788741515 29.2829194629035 27.001807423058 12.1905252039811 18.3649741321079 3.06657932787913 277.873969705347 198.057349132523
28.0401411091883 23.7042282117921 29.73747103813 11.0522321376172 23.1821701737304 23.9819484629704 266.102285267634 131.454119427738
27.5121857666259 26.9559294416046 29.5170884001356 11.1092714128939 14.1365988941907 23.9165234944911 264.854982658995 279.480335139801
27.1415637411209 21.6530680103256 29.4358592039004 11.3710196198648 23.2651560212883 8.60420515533047 158.504507958046 302.309302772331
27.7194895382377 24.3638683266224 29.1952704615745 11.0781552581973 15.232737823839 25.4223784202352 183.213878816296 215.026616863641
27.7862581275713 24.2978141948612 29.557488827366 12.0605960717643 24.5694652043826 11.7111386175145 47.986847963879 342.479904524846
27.6128323292377 26.7171777026336 29.2118930117052 11.1460719614393 21.2792088585369 16.3926643613162 97.3044802008135 324.129661697082
27.3573741581049 25.2387710280129 29.116397091409 10.6061602093497 23.3648309320369 22.6224052564295 308.126012339382 153.157908822154
26.4719121254506 25.5477531559889 29.3706977288084 11.129901997729 21.6607339514051 19.2487699422092 202.091924898577 69.7688375722723
27.3236698304633 24.3926159838532 29.6804434933606 10.8647319864762 20.2180746163929 24.5568891219459 70.9054138789457 288.314625046782
27.8925164437884 20.6396430522758 29.5927187781649 11.3739985887015 22.20672087163 24.594545149087 244.273562891033 267.550445689
27.5253709693622 23.5288839103055 29.4423704791832 11.4645888188278 28.5629219191936 20.7908315675541 117.923126559683 243.409900971568
28.6700323776045 21.5843369396777 29.1948168275725 10.9981306051084 24.7801353934776 1.79068423998446 7.60893268829559 396.430630954153
28.9035985835556 28.0213412361167 29.6150492873752 13.5126277243379 20.103980995657 27.6953353415046 509.554880605379 68.9223046041762
28.5712212087907 24.8710893584972 29.2700714276457 11.7396283588359 24.4392985663913 26.1965530156292 291.965809580591 170.055521015011
28.4916033194762 24.6138464121961 29.2473612350461 11.1137088474389 20.8025084866974 28.8872318275029 366.266438885151 138.745836003388
27.0219752678545 21.9428001410223 28.8841100793491 11.2636239090398 15.3063216952315 12.0004539224073 101.001191410215 370.311965332031
26.5244512989197 23.6245752994071 29.550638816131 11.4475990151655 24.4045122411962 24.0095704762199 266.08317953467 278.93940672182
27.4110922861483 23.5838670928969 29.1929793966535 11.5797921049891 16.163802332142 20.7008198378793 114.738754660785 301.998060219225
27.3006958868148 27.4764909868458 29.0799310299743 11.1855100587594 24.4473398583445 1.41115159595912 257.824915883115 348.284633781896
28.9222698574597 20.5622375982774 29.5130176763416 11.5218506407575 23.2724864278915 16.1154987613528 56.5815855307996 336.158170588831
26.4645967212896 20.6789276038912 29.0632521984323 11.226979801582 19.7106757106805 19.2346074250379 239.792349840076 186.374872631602
28.0817378847391 25.4386435621373 29.2655724566711 11.5458160782438 16.0509698621845 20.0592672197153 275.035172932685 268.788757199616
27.2454681173825 23.1149450066265 29.8754234108671 11.3784862070825 19.9125049011794 13.6328293274098 111.580679609605 302.986755811371
28.2062221325592 22.9325292005223 29.6500320676077 10.9208870167283 26.2929610620733 16.2176310032277 72.3091810058577 321.849749314801
27.4445201474587 23.2513017599792 29.4845735945396 11.203821249639 16.527226399106 18.0932615992481 99.2962232642632 310.778297222552
27.3464508558304 21.3601088389851 29.0260134621996 11.5939378381881 23.7220523975705 19.0554218702897 239.400415679816 307.297394628977
28.3246645571815 26.6657656284942 27.9447929570433 11.6311893621285 26.2597947192404 26.307004170085 268.467659825188 172.755713913192
27.0298011106675 22.7000495965436 29.2153950726489 11.1101075338265 23.9059475824304 25.394637334759 47.3064545465453 306.954986287084
29.2832263015114 23.8281130464094 29.4266489154229 11.3673198667908 11.5081464123953 9.95325737802423 234.995880663004 297.735707546889
28.3313307853619 23.4382796012974 29.1396962379536 11.430238052909 22.9109144164306 12.7071821681501 100.1323541217 325.297963528144
27.6853950540108 24.3716800294901 29.3140665041027 10.9418898196608 22.726504361739 19.7247308820036 272.887019008424 159.915632147109
27.2796188061371 22.9165825142993 29.3490374456851 10.9633270036842 15.2214052765888 23.5168170510856 80.7203548033086 312.104981039651
26.9195377446347 21.9366113780355 29.4712028796493 11.6067490658033 17.2915761642365 11.299214259147 99.1685078739172 307.513041975225
27.7978322027752 24.0336776018195 28.8902613337083 11.3291958518549 24.3217394336304 23.7789426598481 99.0056142927134 378.293298730669
26.7197352747148 25.7218417959384 29.7266647800132 11.1208301895412 17.9468550359353 24.7075033702505 202.449565336659 206.380416090809
27.7091266965927 20.4850658148752 28.6967387439866 11.6501742378697 17.3884283907143 18.0382825380903 188.367328459311 295.876087649494
27.438841805539 27.631588582456 29.8010054086861 11.6969992237678 16.8292594109019 25.895278849865 205.468583993005 294.191408753796
27.4435873140268 26.1039204051052 29.585739115691 11.6515277737614 19.1453733351007 25.0780951349442 162.856902202772 312.862559259887
27.4353410018744 22.3852280324199 27.9099313795999 11.3031265598071 20.0736080285086 22.0068112736969 135.614972264705 298.122831459559
27.0206258229575 21.0669175875076 29.6355338403117 11.3177614215474 19.1162051493973 22.7509351032926 128.37929230601 342.37650639768
27.6939946331582 23.7778324806945 29.3487755099937 10.9296458121447 24.0727175205721 15.4546922101365 214.463262044947 281.604992436419
27.8024835078597 26.5722928870632 29.6409993415377 11.6501603456744 19.5660831729832 24.7009911412236 334.374324504157 181.582096823548
28.7065473622249 26.6486633600875 29.7228878769808 11.2154188497609 15.9769339654916 8.76527656746265 96.6622463274053 279.404173789224
27.8800018855426 22.3792380457043 28.8443610732938 10.8883469525911 21.6811896542815 20.8240164333339 59.4865780074323 349.916184901187
29.2263818717334 27.8262280052383 29.1466528447384 11.1171936318149 25.7089324048668 18.6757256598805 424.749341203676 64.9400636272081
27.5652768860456 19.8833849957189 29.45778848117 10.8496357807939 21.9016088955354 12.9923525204383 193.377113971571 218.413848873456
27.2266613487882 23.9091150935094 29.0667318962354 11.1079209947396 19.1727358227888 12.3627014267103 71.0863591695119 316.588317584371
29.0325430646718 16.3201493821801 28.8778311813159 10.8710901775551 20.2340340226664 20.908380768353 8.61788040466336 384.56445835032
28.03176629863 23.9790104691451 29.2562199332517 11.0723084612197 18.1552365112522 28.2462014883837 5.91447782324129 417.541568961568
27.0023181139369 23.636427568843 29.7247184593045 11.2672160097504 23.4375467756503 19.2494635845983 61.6370860397611 335.698560840241
27.9807276187444 23.8441021943665 29.6365577382509 11.5160294859598 26.5214798450824 16.415528116858 270.598550083148 153.729872638409
27.544383089059 23.6196502859398 28.9085823837146 11.0405507679161 23.7267777580331 17.2942695864007 239.328006188021 185.522075874043
27.6353658780459 23.6096523068809 29.7139697369095 10.8957964347287 23.5528668889827 25.9928630707451 95.2416603970889 305.836799096856
26.5132370806559 28.2505386450283 29.2509102239349 11.7046084102939 23.3785458205469 18.7499076895206 339.848474765928 190.390036997607
27.495384221295 23.8850170074045 28.76457007051 10.860333212751 23.0687888130075 26.0406764349778 82.5795498147294 329.49422620987
26.946996871282 26.5505120290438 29.8998461231725 11.0022052930761 12.2866243224419 16.4593006723817 111.26468940212 295.385614836663
26.6552422044498 22.3661009754415 28.1555430274302 11.4178670260497 19.7997497287689 25.0735028359265 251.590361324281 318.889086050013
27.2822786863683 27.2479091770795 29.0835236378315 11.9475963555948 12.3134484193573 12.5016123311081 252.749242413187 239.809621070366
27.5439810116891 24.0549123633645 29.6455238147678 10.8728380722701 16.9378276496049 15.8808157235621 117.857600492029 353.387319069078
26.5508938392965 25.4126680850913 29.026713100773 11.2087216068712 23.8102963426973 24.6292925356408 158.882941670049 282.608470469495
27.6061617790704 23.9943502715883 29.261674913566 11.8001463230773 22.1773247246251 25.891258195133 227.721787119672 241.546470806626
28.0409750888846 24.5991053334577 26.2549275932299 10.4642269799787 26.5694473558592 24.3171264149737 4.62379720496773 321.359946328084
27.8030967431662 25.9310023803624 29.3071888649788 11.0408968002518 22.8375660005736 24.6361204642328 215.057982325474 269.2036491978
27.5461725174879 25.2189405962016 29.2045629767587 11.1237694892764 25.6256470064156 15.4671645025969 38.1602915348171 388.762960429441
27.2012534640694 24.6190168501266 28.7010942533712 10.9375049839291 22.444671890236 18.4689174480141 237.008088950817 227.778659015373
27.371906678103 23.4467947968157 29.4826327768348 10.5667171883966 21.8624249591491 28.0517850181655 199.05507688945 149.591790897726
27.5945354877568 22.383855094233 28.8355938104552 11.1842479123166 19.5702640382672 28.8026029754095 295.344502298815 217.848072097702
27.9511087291679 23.1463681828425 29.5781081087521 11.3051936947224 14.4817267381091 11.893152907106 230.484449514952 278.144763671393
27.1721500531527 26.9750822824784 29.7015603908956 11.0897256518997 21.2622104079454 25.2173041867227 200.74412214053 205.711028409386
26.6494135433714 24.3678047195481 29.2663896473505 10.7586533699255 19.7692925742321 27.1360963009547 225.933228985787 220.534875737503
26.7782319986086 22.45255169009 29.9645838890458 10.7097119423948 22.1546517953386 23.1216636591796 294.228774009424 302.363645506565
26.7236735261473 28.2224315172281 29.3337210692182 11.2151489427443 23.5823164391538 15.6702542386994 173.323205802389 316.114677095872
28.8586873529958 21.9063418124575 29.7103525304028 11.0188208680799 21.2288807421564 27.1085603229565 90.4854075919977 289.247489619199
27.1382548281023 23.5217108571884 29.7693892507641 10.8384872158725 24.9174016733501 21.85338983764 8.80054720765711 344.354641247999
27.956821370993 22.8805595975916 29.3617457858212 11.0002411683814 23.7294059726261 10.299217385463 264.240576466371 176.417165710422
27.3528302534992 26.8276467284589 28.6583327489737 11.8031573615739 18.9567629689082 18.2009964669448 161.589811249116 312.100408594189
27.4052272218413 22.7230009657169 28.7055060348523 11.8137222441426 23.4583999320975 22.5406802013141 99.397461944383 330.890250519042
28.4428300996123 23.4133200469785 29.132947971414 11.0529337490264 23.0193633939923 26.0186500138333 176.685719558927 266.054775886158
28.1935118958777 24.4221244694352 29.8914179700276 11.7584305337196 27.7516964245694 13.5562495935344 285.662999865757 103.486277088503
27.2184650582802 24.1207784759314 28.9610698984161 11.0330543868038 13.6418842853089 12.1971247155751 132.855153616986 327.699911227323
28.2900726520324 25.3087544456244 29.653498511141 10.9769869612654 25.135912786079 26.707018108334 216.21322882018 108.545258434567
27.0320167535172 24.2569057660992 29.7174544084786 11.2633839729898 19.6975801435057 17.6890140107589 305.939922972841 210.611469107951
28.4988471823435 21.4902545962871 29.8164505525995 11.2667415766661 24.6440769264611 22.5092188721629 193.027217153416 285.196581507591
27.4947812195469 26.8468478439092 29.7247537686175 11.1040667224654 25.1249002765402 23.9419921059331 67.0617118167042 345.194998222549
28.9328573581275 26.1470227790318 29.0403480595996 11.9545210021617 19.1000465121257 17.0291057153941 288.396650794582 131.1827921807
26.9796137607576 24.8213937716329 29.6332601764192 10.9936948968971 22.0075069505324 13.4622546475215 242.053416512036 172.280339882957
27.1911756171604 24.6516355750184 29.3500629781953 11.8948091816693 16.5134675095818 12.8746573283599 231.9483827405 307.119054144361
27.8432842770843 26.2053499667508 28.0959933090035 10.7983264013099 21.1944884725556 5.873355374113 146.44398526351 306.082390497978
27.5668161345218 25.9765121402197 29.2018259278585 10.8842078170725 23.4966248964541 17.0147546915759 6.34915049632272 353.246154348874
27.4282251635187 25.0392648810418 29.6461227596259 10.7771646231628 24.4140553872288 16.4293361202503 74.285167766623 309.970465676409
27.3787871512501 22.8432011072661 29.1580494802827 11.682289769737 19.7650186703506 10.7023054761439 137.24010382264 338.520483415502
28.1242555866168 25.1486695113036 29.1148404830309 10.6922838190129 18.6761966855298 28.6053209374026 27.9509347732564 366.838271866801
27.359610336303 21.8507093402301 28.2530584579073 11.5226244635685 23.9375228994285 18.3263735426999 114.394770011293 329.904092687152
26.9488757994092 25.1696286191967 29.1185273300431 11.0643864071139 20.7267685513838 16.8860216893732 67.4158462679314 335.763594722808
27.0623214691796 27.6382219251574 29.4663151351039 10.9730242963966 15.8124677238599 6.46035378561591 397.934874411196 9.70627078757797
26.7903020745997 26.6428724867056 29.0345939718508 11.1799795294168 19.531498790844 17.562591901808 69.2035370809357 345.721075459583
27.1954793912346 24.6994672257801 28.593427949354 11.780918712809 20.8549542647936 11.2718269323715 94.058563306219 349.347694697133
27.3859654028387 23.6338389772601 28.7180394269475 10.8466664705062 20.3714794651226 18.7255869738373 183.793889165213 60.9981053682029
28.8591574656145 24.4213656198468 29.9475170314068 11.6544304745598 20.5783978013661 3.27524679969624 270.454137893281 137.76755666803
27.4095831046506 24.3185892379477 29.6640000827244 11.7781511501362 25.1998151046244 10.7228332264745 201.863386500115 322.905641226569
27.8138940515479 24.4616969837458 29.2368642879489 11.1571575010402 18.0933361970676 25.2471358526655 222.212142432446 177.934272233418
27.532642589637 25.4177487177773 29.3574587166442 11.0957977444034 21.9644951021344 7.77470831433316 60.2274795134572 352.699322455789
27.9101696137397 23.931789330896 28.9546151553796 10.7634890842859 23.9690924861893 8.62798035352402 272.960287085734 211.842008439906
28.4192757733841 22.7203843410851 28.8960673299595 11.2018476490738 22.5539525632589 4.67767280721286 116.535900169058 260.965849342651
26.5804864546465 26.1418728868873 29.6800476669797 10.8985074279072 13.7707323860277 18.4237003890732 80.5299728837335 311.224023601382
27.2213715421374 26.10565051257 28.7467897573095 11.5604276745554 18.8676266780954 23.1819029083777 403.816406727125 199.432697213135
27.8020567267345 23.6709574512131 27.4292655225315 10.9712380699997 21.7753418533378 27.8670425076427 21.7528864859142 343.94151985966
27.6328285275298 23.5965862388354 29.6342733680573 11.7310695063019 22.414921621354 6.8637105611826 259.409810889639 247.488718871785
27.0344142034193 24.1195775587258 29.8658649210254 10.7329365275905 20.0074927721663 20.1111467050546 229.309119329153 231.611425432152
28.2566334537473 23.6995055001489 29.2372769626801 11.4671901685031 21.9757879236161 23.5411517334481 39.7544118551258 357.086809662979
28.4171990167795 22.5166946435028 29.7651149216049 10.6415994036116 22.4926095293746 20.150968038682 260.512846215902 111.578316967087
27.0473041109802 24.2221620763355 29.7419479724348 11.0150816069828 20.3063270112232 14.3619395829368 337.230221949472 42.4065121304508
27.9418333740389 25.7089227020325 29.4740252418238 10.6624996001502 24.3053331484754 23.1383822731186 53.4017363027504 342.418478984723
27.6625906946179 22.704617819105 29.6834006145378 10.7701901888428 20.2712608454323 12.8249965062965 69.1350751963801 282.565294752872
27.8920140769199 25.1809427645543 29.0063117325773 11.5683219297015 26.7770829562321 24.5254928226564 54.4118127831807 349.904504803724
26.310823116852 25.6755593309232 29.7439015634174 11.6732599075187 23.9465382559967 12.070083197676 71.4206489604165 319.854940943247
25.9897815512401 23.6413951011846 29.1173418743371 11.1281743853434 21.2246008809031 10.6046145939362 180.740513261703 226.866623912525
27.6168441943439 23.9692955266074 28.5972623084742 11.5239370544325 26.062227737244 24.7905628147744 102.696981274956 297.614252732961
27.5717657755216 25.3228679753741 29.0264667387318 10.7735674161538 20.002079839967 13.3546984547261 36.3297309644993 219.774878473535
28.6600134988353 21.8252307859744 29.8236259168179 10.6725919286807 14.2979034458737 22.6504825693407 74.9497913470604 328.358600612948
25.659909935419 22.8420258866915 28.9679040728203 10.7350727020297 19.0066229608762 15.6693117016845 180.797000034504 142.491921069071
28.0292236630693 21.9726523234526 29.3043213905057 11.0729587181298 24.1373922167755 18.8685244658796 177.894301266491 216.539663706667
26.7266969624323 26.780347697236 27.8772808001987 12.3526900947424 20.2631281352697 2.6274437856432 232.717304969397 275.882662733876
27.9375140650075 17.8030109888562 29.4265913014025 10.9410403975642 27.9238468049226 28.8195054063624 41.966929940526 354.255488935302
27.4317904042107 24.4820732911987 29.3248439378665 11.0708045175255 20.7234150184022 14.3929963098574 303.992933744193 183.924546719486
28.2660204204211 26.5209056953049 29.1933499980558 11.1628463679716 20.445982210831 28.1959235982782 328.87139734156 121.612171733718
27.6852562235601 24.6468709191514 29.2068713859281 11.0104005661868 19.422641786709 27.701854867893 124.052649944567 253.076504310885
27.7602706664175 21.3999081214904 29.707522102663 10.574887920843 15.508353332215 24.292294356524 180.615543545839 254.710137335658
27.0881293488361 22.658349444867 28.6831599674826 10.9807924729988 21.567833409517 22.4390863184716 254.437028060192 125.285388075698
28.1020307321979 23.635141759417 29.3857932232902 11.798440090244 22.6367171050595 9.63617626462518 76.0775416072903 321.097412404888
28.0395243801544 24.9343650299904 29.8142397265381 11.606704824628 26.7002776065514 22.6698277454069 29.8597540906464 290.266570280563
26.862290793118 24.2862061050772 29.1036878336348 11.2153692285825 18.1690131440547 11.686931010403 45.8682056833272 311.610007048381
28.1847261206934 23.6489606980833 29.6652688145529 10.9244639377689 20.5266551004655 26.9279495903719 16.7761968063273 362.752955671004
27.9824273599519 20.751469536352 29.7276341868541 10.9231012746643 22.7945284436825 28.5659197186487 243.302660318216 263.07546270813
28.1210499542057 24.2419236482725 28.770168142797 11.5714386377434 18.9744918525065 23.3224842756074 20.2265419952931 273.558332123233
28.3459647579256 24.2988395755767 28.4812641086447 11.3040774341645 26.0460718945982 28.6725815599178 292.302884373106 172.27778694037
28.0738382131097 23.1156411456983 29.8959807859366 11.012871035451 19.6756753967598 23.1559172119276 157.154877685245 308.78058157264
27.2781314955505 28.1884629322125 29.7168489482098 10.6411815135968 19.3360240955879 9.67361930810011 128.72101629254 300.449293540943
27.3551191161592 24.3540050347219 29.0862390336828 10.8750918039873 20.0472480595996 16.4681952398814 60.2975079311273 318.460671161719
28.144425435446 22.6964514492087 29.2987580499017 10.9874425346591 24.1266600405853 16.267333090879 188.50444758807 263.050654291126
27.5279755812418 23.5358249537521 28.9504359976583 10.3862213282041 17.3518237713645 27.4106749303755 288.586548781326 199.469510390792
28.1837988038972 26.0744421884184 29.1528793502966 10.8441957418421 19.3357735147861 15.3857721828522 269.137732089484 156.773477350884
27.9878977749837 28.8171248612525 28.9781276591489 11.5945257067316 24.3896601143274 19.0031783381511 32.2264598710525 350.2467705651
27.1660830317881 24.76126761403 29.7446428483173 11.5155826606138 22.111885534163 27.6500728128725 261.399221808983 200.742386402137
27.5876976819479 22.0691908272393 29.6269370387293 10.9543882120448 20.8555317637808 9.12139078374531 96.2549752553472 360.288197866959
28.4663862271497 22.4584483312103 29.7878231462376 10.8382553397688 23.1807885094358 21.4584412737066 70.7950278872806 291.936051485912
25.5735587870889 24.5221489545674 29.3191581686236 11.403972884108 23.2679379702801 21.145220010897 283.572777998565 208.720989730266
27.147833411507 26.4216909258398 29.2494149480855 10.8577667456656 20.3814504127066 19.6509859560596 272.51909192426 116.727918175831
27.6303052484486 27.070156977466 29.2314096408093 11.4861121528953 23.4783366335482 21.0581538143728 67.2745795054805 293.950936479281
27.9892661484946 28.6278446028637 29.4620856507364 11.6922345187111 20.6168972781523 14.3022893370224 94.2637963999566 326.570154658117
27.1232961420849 25.3260249671147 29.3880740706465 11.7484847729635 24.2625504444851 15.8340612292175 374.362668155156 261.874343108827
28.000587557355 22.7054334121177 29.5311388802507 11.2214747838354 25.2403693197769 22.9184715803434 277.486426741816 188.28827769612
28.832954048538 25.2932106490542 28.9402654555967 11.7391466951376 24.0853298660562 22.2752859547982 269.994872412597 217.899414685968
27.9981481044776 24.0316145705574 28.937425526452 11.4752173032635 20.7539675731146 27.3654752020374 86.1292225979776 349.978989029359
27.8736082589891 26.7034330866008 28.1109222903269 10.7379645948506 25.639861154876 26.9286153286362 255.434772569391 135.325491661858
27.5454642291219 25.5226630575125 29.7224361503034 11.2602643404934 15.3906018306214 17.2115252088445 123.748941963194 332.805040211139
27.9081700226946 25.7481245229125 28.8416698223227 12.621429963909 22.1337360225648 5.26709009881664 214.88903723485 285.79622760076
27.5247837967194 25.3678892795846 29.4674027497499 11.0487196076798 21.2443524133649 24.4660195554224 12.3599058512516 287.816909979384
26.8827893308724 25.5262435835345 29.9999381673821 10.9682970941533 23.6409226037137 15.8049203062297 57.1813520464328 349.120012452619
27.1631676966283 24.5018254339097 28.926261553303 11.9938669609685 20.5310406407475 20.7377344445752 177.342539900822 316.750888728636
27.4263254831151 23.2657712603726 29.3915108016541 10.742767398213 21.0680622348884 29.0222152454242 102.339629712804 279.427873555281
28.8314750669498 23.1324378655011 29.4668954445282 11.4835559767501 24.658179564939 25.3415204268661 311.026614076445 144.541033282025
28.6569668510621 25.6072067471911 29.3966709591021 11.7687901845569 27.0842642554076 3.77420713581361 282.586187623684 149.361113263546
27.1832684519572 24.6289499870845 29.1839623334927 11.3006512136476 22.6617130915646 16.2342021272666 203.268782200657 188.215749408066
27.2647971252915 23.8728787202989 28.8317160424942 11.1053939271144 18.7295371279654 23.3016443983918 110.608235864443 316.351014665828
27.9610202040441 23.4893473799651 28.6135930619411 11.2096496952918 20.4945893141748 24.1657959461281 25.932936573208 358.640354678768
28.0496681316531 24.1182200447892 29.7535433553727 10.758877499949 27.1102440711821 21.208241947864 17.2465729571049 326.674312576546
27.5201143439416 21.9819356503204 29.5270492317754 10.65177438916 24.0165195438915 23.8969577727789 182.753690915903 219.199361537779
27.6114758799716 26.9800184852277 29.1328430568423 10.4605166641975 26.110269932499 24.6146833602795 22.1141466057732 332.432476343098
27.6567277882993 20.4957135536077 29.1776043313363 11.6084037715048 20.2718792504671 19.1842571747248 273.809425601644 178.439726729445
28.1281068602854 23.8667244914117 29.1950178409503 14.0996529568083 17.8120884131687 21.4900324417615 35.2276624808652 417.798707898765
27.1203714552243 28.4768923897322 29.3509038698858 12.2492907629293 25.8902162031451 18.6285062778825 0.761732998189872 401.709783268054
27.5053914352416 23.8092152834647 29.9171020434765 11.0601862295327 12.0875751287892 13.4033814104526 181.73626125825 298.856688606091
27.6672542666554 24.2109840402563 28.9303417527196 12.0940654358232 15.9171182578787 24.5743642314385 357.52091062076 339.364247874681
28.4634159361199 23.6259799433433 29.5663473550417 10.8967325078574 17.7791625048902 22.9349923302932 0.81213517222802 277.287338255041
29.5713961285525 23.6869496044328 29.6266798074862 11.2600194597906 21.8283941825018 7.36936493793909 142.258297545493 318.037224192537
27.2627658209761 25.5278897856324 29.3047351774145 11.8711879573439 22.6827328748372 5.98102546751148 297.719489661499 204.477036865195
28.030554276969 20.8523176875141 29.1276894418474 10.8206136776678 18.4899097877053 10.2769377078787 156.757627123282 347.453772987453
28.1514763730325 24.9225521784281 29.0449536106605 11.1210114958836 14.7535953182003 25.9057041133936 0.64122873176999 336.993609390413
27.9854504336955 24.918601587744 28.8381617730943 10.602383458511 21.5144389757395 23.7510070218655 258.529189278154 124.626453369992
28.0988790999013 22.6586243353926 28.7798975738112 10.8493409665977 20.8687558065933 20.4439328257471 449.88834447132 243.170578714659
27.7083036843233 24.928998916279 28.8878139866841 11.8433351830709 20.2613781780875 29.6906145341271 259.914964613195 255.631881470981
27.3820258130239 25.0636673452631 28.6371872230277 11.4224182702617 24.1796553319965 16.1210710170073 238.187601886973 168.572104124999
28.9603225387334 24.2793140816487 29.9667528564709 11.4876975012833 16.4787398127599 25.292537630234 28.333716748685 331.110341529177
26.9112333281981 24.0955641909614 29.0491058466545 11.0347265809878 20.814743737775 24.1745646559885 240.201142407718 146.449348440481
27.3646771138535 25.5756495567891 29.2151453636855 10.9164485332005 23.325224555346 15.4740631889343 266.997948336605 138.357290824029
28.2535720531261 22.9093946394749 28.7746696873268 11.382827431598 28.4349504437218 15.4631613067589 9.77322445013 360.135395009832
27.3030789228773 26.1901729969018 29.638469813293 11.4520350121705 18.3137366620987 4.05103126088925 305.835020910473 286.425874210067
27.087505798843 27.8934122566805 29.7177497257518 11.689392284959 21.1738567020605 2.43183131305488 322.419593590529 43.5864309823331
27.2891199068879 29.878426456276 29.0652168953342 12.072018453677 19.7712858136111 13.9509720651248 78.4615527563574 327.27144068279
27.6183062572299 24.2909824116065 29.6304897820329 11.7765238653743 23.5914914210887 12.2058762508047 280.921058081796 286.34196417519
27.1601720894671 24.0043904800118 29.233065091848 11.5290749604309 20.3549845184416 26.0216414411635 185.088193049313 222.35591401236
26.5615711729585 24.5096014420528 27.3246695142497 11.8126172666142 15.6360774654331 4.72843436529232 402.292411689899 155.211629841792
27.4863465728908 25.6671672168147 28.9239647494875 11.1444155348151 19.2371126228991 11.3709957016911 31.7333517670852 360.191518491464
28.1901456279409 22.5297318735615 29.3598053349451 10.9652292493424 22.4463420371395 24.3893876140127 63.3965620886476 334.479761888466
27.6333229214626 24.5703796874864 29.4970302752456 11.0217209828765 25.5576813415568 13.2168455487471 164.229880663265 304.860325392454
25.9292918730265 25.6874579627751 28.3198827871013 10.8781487309501 21.9840647756584 21.2018191634869 209.860208746031 270.801886579432
28.9082933721919 24.85925354994 29.0454620117385 11.006780753888 20.1658053220263 13.06998902624 277.924714210497 60.4877214155732
28.1601119891219 23.0913690949211 29.2670167495991 11.0450558522892 17.9243326123847 21.4965938289023 34.0001236557791 309.419985412054
27.8873030397504 22.5790044275859 29.4435880709872 11.558524063314 20.1931393928299 23.6885435533627 95.6945566911947 373.940668796056
28.1080680778048 28.8519302374618 29.0213041125333 11.5249109071641 16.5564064681458 15.3354585064632 275.179572995061 186.702608013576
27.1298846818631 24.2312799655183 29.6707570790149 10.9866850971026 18.2680175835486 16.1792115435224 177.071328711247 39.3847734123227
27.6263274389979 26.364690660849 28.8017807095514 11.1933916834114 26.3876907744468 20.530412558534 35.2733845742442 360.457531306591
26.9264866301018 24.3119451674367 29.5581701496895 11.1398763684093 19.060514394636 17.9205374860955 114.402295530908 258.452591450418
27.2670086202232 26.0471576879752 28.7622842151185 10.9389584205992 15.5873077755576 22.6411545652323 137.580351227504 314.571861345092
27.9657164886963 24.2926161392909 29.2115227280552 11.7195649856486 23.3525122006054 17.9222631195079 185.160254197335 274.435713302707
27.9825768442719 25.5284877769752 28.7723659932054 11.2818536887501 17.8170740436233 13.9678121595142 276.78116459405 126.420958191376
27.3564992407509 26.49956879051 29.5494303940017 11.0696794339283 26.5549477887464 26.1288228224343 31.8707137300902 319.25341975794
27.254216831956 23.3616942979973 29.0715940445594 11.2108443267964 25.4568449212873 15.0222459905616 230.812010575351 209.144341538976
27.8850323922292 24.9427980980519 29.2439257848506 11.0430350593343 24.6388398292986 20.6566426348619 226.804399268404 207.497546111356
26.7451221663859 23.0764721014114 29.6162249841898 11.0737259629212 26.2033894376026 27.6210134681866 177.769659647733 213.072378492003
29.7637127813482 22.901268387163 28.9933873221287 11.0893445623077 21.3023784933935 5.03174014214967 139.523459241856 400.904718293316
27.6988116601446 21.7910923660655 29.7259276536056 11.052164926179 19.5780926187753 25.1446952845816 225.298772026501 239.22908071596
28.2417069799432 21.3012602906141 29.6216023724754 11.6056358559066 24.5956542385928 24.8863606487535 305.678428806422 214.50056978598
26.9880589943084 27.2377823932749 29.6810961583491 10.6031363200504 25.8637641868398 27.7102804199884 278.709011138586 128.786084142487
27.1913349671742 22.4557069185269 27.7577973373876 11.8606559494365 25.7273372893863 27.2435394968399 142.010989877654 296.920361742053
28.3119518166682 27.0911530859471 28.7682212355011 11.2070988383574 27.9611524119641 14.3464049497363 410.874855892151 85.3854019409379
28.7452954892282 26.2254571874625 28.7357275864588 11.1648714802488 22.8982321394292 24.2660410858066 344.699702263147 46.228218500414
28.2486314845069 23.6722845077867 29.482466135147 11.1223894360897 23.8173511861115 22.5545282560067 354.158161214683 157.484150195906
26.891009418151 25.5784247959952 29.2467548222289 10.799891872434 22.7631293176833 24.8066467545607 112.389357793792 320.403670080335
27.4200970112683 26.7945803213352 28.5369357014294 11.7207149925274 20.5678815224114 22.1920444436041 87.8212494469162 354.579796351199
27.7420964971535 21.5531228613424 28.983924239857 10.8514056905682 19.8179614990437 21.2509619933676 118.95151753044 356.156769303343
29.354301295556 27.219680299312 29.8609703380148 10.7415293735702 13.9426948864065 19.2276951810892 89.1832048715201 259.37530744317
28.0379768107039 24.0971285103361 29.8319817115475 11.0612352853164 21.2402423431618 4.33356532562968 263.046761269805 181.5341010914
28.4747609947908 23.1988365606382 28.9802146934788 10.9420555046321 14.3423661735835 8.90807361035111 99.0265929898687 308.416113733264
27.062499282422 25.1358873504815 28.6743988308748 11.7635299607776 23.0496318931138 24.0129706031005 206.92734444674 308.917712790959
28.2478218913275 25.6691804413925 29.1692103625349 11.0450763003968 20.0022898302537 21.4491916530282 217.315877909234 268.331803768553
28.3227415858115 27.9163307919264 29.1722078803212 11.2229186006057 9.20333959355217 28.3860898890178 42.1559604373407 406.118869967689
28.0854582229363 27.1369460222154 28.011000003689 11.1185148800638 21.4105067207116 26.0614076963208 280.157917540587 55.7635689048599
28.0885247876866 22.7185087823477 29.1423865826255 11.3750772407475 23.7580607249177 27.0307720235267 223.378649304586 41.0910811968942
27.449381878792 25.6573279662018 28.6009118331877 11.2445784494773 16.2242957005841 15.8287578407239 263.30236756038 202.598154042582
27.1290416872086 23.5704609813777 28.9450002476373 11.2098956381506 18.7088806495634 27.014603473632 127.345363350168 306.603144941377
25.158873933217 26.306051339377 29.3576767110206 10.765558457742 24.4735067633067 25.9304806776298 17.055427111029 346.00246378703
27.7841203363623 26.281374293228 28.2979529938295 11.760398479761 20.4129218210838 22.2801559450316 157.78386151084 276.440963248153
27.3600619692189 28.0799450485118 29.5890892221878 11.7713485259808 25.4095818817827 21.3937590429429 260.722605128317 137.379817343128
28.4456080246674 27.4627147521009 29.2296104099927 10.9032385549506 16.4424370031415 21.810451950081 224.109029262638 245.367768664784
26.9103890492701 23.8251178668047 28.8782701370359 11.1194978448676 25.0516434249827 16.1004815288717 19.6084295002894 248.720518068791
27.0132513842039 22.4327672724848 28.379340624708 11.0732086007675 24.1921883045524 23.6109804104443 236.946262255645 290.519507753496
27.6067886164357 25.5764851690055 29.4501615599506 10.8846570663995 20.0187210160794 9.05158812696498 262.863394902904 141.364649306363
27.5164422858344 25.6130706121097 29.1529372071098 11.3491143705701 19.091007902241 18.8945989173547 239.097898742158 118.149952080402
26.8152619939071 23.4409700465883 29.4238399667349 10.8171158014069 23.467215136656 22.980680690281 361.596808570065 163.16720959591
27.8719568457456 22.317718571906 28.7700935168971 10.682845139909 19.9829837329748 21.9589184165409 104.396747814793 317.700147668397
27.3466440774732 27.0751122627366 29.7605851639217 10.6578141577049 19.214539150138 18.4278542221852 9.60164422083826 375.518573861803
28.2432105595852 26.0901779443154 28.6709445781091 10.9440040358084 21.8620657821689 11.4621019554582 328.550691273842 183.822339463494
28.6011343559604 20.4157973842124 28.9056578532181 11.4053520933038 19.378437363526 14.4937507108075 227.066066366373 188.857747392512
27.8602012910495 25.3178950754902 29.8648420820241 12.1252903187323 26.5701355845283 5.01711708592714 201.088042616598 131.520615430369
26.943713217393 24.6555492628115 29.1319509336782 11.1238135783754 20.2574529932125 27.6512454835748 244.759264639679 197.998351724171
27.4345517474994 22.7812500929992 28.7448207072494 10.9771268922075 15.7365357071045 10.3373023414008 175.073697173365 312.435351875041
28.4265594241123 22.7674290617916 28.3464408847741 11.8045267850382 23.1236825121327 21.4967164575785 38.0308698816923 381.195421615771
27.1466570583323 24.0668617760522 29.2793588082714 11.4079807570876 25.4730071046376 25.783026714066 103.291911450948 312.933341891545
27.5747842134371 24.9525617186861 29.2476544197193 10.9660759452667 19.9781239883743 28.215949568898 192.033193765125 253.332760339614
27.8753486103511 25.7478227230537 29.1759242065597 11.5875595123067 22.5768571118518 18.2741509433552 264.268264953848 218.140428129783
27.279686997112 23.3448038389603 29.1678009630893 11.5630184374467 17.6965145154489 9.07379814388766 45.3857778023161 360.155243989192
27.3424270888336 26.1447025036962 28.8344157797308 11.7746150166677 22.0774805021417 25.3457210505187 106.574637695095 308.296288343705
27.5728060180603 22.7355421116484 29.7300945236717 10.9979502998564 16.559906813519 16.1331355989298 62.7821600220246 329.895522995389
27.6716549479812 22.453176444209 29.9810816549337 11.4725048387464 24.433903023683 13.3693429189951 279.239021043376 210.183963705275
27.6472436043072 26.1833060859926 29.5336681345081 10.9555467856431 22.9990460665325 22.0543376777891 56.6009891228171 315.910688071467
26.9297802841717 24.9954825750405 29.3446646232192 11.4069804927619 17.7628452193914 23.5003909030335 260.710238436768 185.019636593291
25.1102516339937 25.3966732360702 29.4340555932739 11.3391857827052 27.6936587137438 20.1639323345235 243.143452258581 273.581648506093
27.3686419763124 22.8835209417151 29.487051642202 11.1488145042121 24.3565293368056 25.2036323968795 247.119415553098 147.145555428201
26.8802028984319 23.0258458336257 29.8855125267793 11.2243486126137 27.553575680139 24.1334303894739 128.592670124957 329.348451007082
29.0626515074018 22.5321602889426 28.574865349993 11.3941308227382 23.1765932504326 14.9200034947985 230.158468953055 204.164151308486
27.2632071825005 25.864445321826 29.7703785742137 10.9750736954402 23.6075923540901 18.6165880987637 237.252955949946 207.886302216474
29.7651415520187 22.903004434012 29.5368634958996 11.4452058929156 19.7151230516732 11.6070791212418 132.846020897273 277.836149710714
27.9127659284173 26.1651886686689 29.4925765988166 11.1616614914316 21.8677028205789 9.61961107013746 83.6790516152128 337.179760570639
27.105883163767 23.333266037979 29.6469521655244 10.7889031202672 24.9322017156713 15.8405253188537 219.272550261884 283.344998576662
27.8151418343684 21.8922696810158 29.6372227450917 11.9678976458119 17.0982951402512 11.804220499061 267.765445323662 145.614899998755
28.2709370954785 23.7906680924131 29.2029941513424 11.7832409545885 24.1784924171634 15.1678726590202 321.63905426646 219.400644965442
26.7486449080081 24.6181408806491 29.3636105307579 11.4778632485359 20.839031175921 13.2782319482624 177.625930447657 204.558898012128
28.3128815545292 22.4078522482627 29.3636019360566 11.5707057448794 25.2691679442845 22.5113567685415 296.552640276079 222.033501104153
27.4899546771949 22.566556507648 29.7880354842814 11.315917019273 13.7151607986654 7.29437296556394 27.1971231612241 374.651465437841
28.6723081865453 24.7498156590834 29.5831494739959 11.5382736774875 20.2157170552333 7.07793200994732 265.794698818836 230.134685097218
27.1573160484981 27.9300315670133 28.0938381970833 11.5157409811389 17.1937230250461 9.84896227462922 167.328886127388 299.8643684907
26.9915284477 26.028201510816 29.7259052242875 11.1021164992365 24.0096971707697 9.98241239719389 248.073314816778 179.054044111799
27.1433231659783 24.7958369059755 28.7761757019119 11.7166595332316 23.9929614070531 24.4574453828193 137.23627107337 284.967863175298
29.1714791741753 27.1796266305911 29.202866904548 10.6981156504845 25.9091945545337 14.2396805838247 171.824679092513 155.723572062126
27.4742453556844 22.9671087760584 28.4872392943041 11.5886113348796 18.7497243177672 26.874034634667 343.405161080648 203.827587592443
27.1641324059977 23.9724181101475 29.8963212407209 9.83452321179674 14.0530698480167 3.76004086652918 91.3650091161844 278.555753880291
27.4170212070172 26.4943404266268 29.2520220409194 11.3969815120406 24.1029187225138 17.9505022125319 62.9619168468475 324.207196568867
27.2315255634946 27.6831636943025 29.1894402059723 11.0119212853773 13.0153662439206 24.6036995135917 189.13966437008 275.990087560128
27.4397162931356 23.3090345402851 29.48016092226 11.2282341096628 19.4644217425283 23.0509235130819 271.111305249488 213.102949022828
28.6851499056843 23.247932785105 29.5509536714959 11.2281674644962 22.4841113980293 9.6299640267716 231.002055300822 184.432646952148
27.6486869835523 27.5758145054324 29.8104476516328 11.5692932325179 18.781283615429 23.4677739920357 367.600686549885 93.230969790159
27.341663955521 24.8483768038204 29.3390866279143 11.0335835101611 26.0143829589824 26.4389921509298 162.544082052735 314.59400137035
27.3402526858681 23.5927342208807 29.7286067078833 11.1836651807224 18.4725753552551 17.1101440950754 254.428889965359 152.842432858943
27.3864323267908 25.4988156985345 28.7174286800872 11.7281520826113 25.1099518040606 15.9412169091036 19.5156435808119 323.157143840763
27.7771862458803 23.4529154165512 28.7734275167619 11.8896296004714 17.3046410785396 27.5869809633779 169.505766037985 351.335642634572
27.1957589872512 25.9490129979397 29.0248144076728 11.2033787715489 27.1430203692725 22.4748957417752 297.720318524896 178.637866836625
27.8010481696934 23.5553986580967 29.764540926357 10.6194356399969 25.0928969616693 19.6544219981167 44.505105861266 384.04182880863
28.0140400136417 26.744059518164 29.6686138603098 11.1658783830174 17.2267827835365 23.399262789088 221.423305806466 270.312380978038
27.7289549818968 28.5575703468656 28.0641413040514 11.5802797112162 24.5406634545559 20.6992295740251 75.2244565541551 264.461266043004
28.2212776639841 25.926812747091 28.2848728126098 12.082377158335 20.8608245712454 16.4305158797806 186.503686269795 73.5877863560952
28.8447671736506 24.3363850818764 28.6800759642748 11.6607751802462 19.5699268263536 25.4216073916455 242.168578366959 210.001328054139
26.7857465924754 24.2492355877259 28.950217569157 11.6360142557771 22.5315264544581 21.494057929494 27.2270359454307 361.856223747885
28.748140821197 22.5016133036421 28.7939387936022 11.5339585058084 24.4622801519177 18.8553539745497 266.08992626841 209.679097535217
27.4711753006186 28.5726688146253 29.7533556401168 11.2094816128111 21.0249966615081 4.00124961109167 356.690614854244 91.1208099990802
27.0500890330123 12.7662288076616 26.8236326946836 14.4164380765137 14.5131944162093 3.00678299993853 332.958449894987 349.30396208011
27.5418456847781 24.6497100174078 27.9692481289071 12.5340251516009 11.528046009323 12.6269661114549 87.8837884189122 375.051970369278
28.4152951172671 22.8254636857426 28.9876150285245 10.5985624729244 19.5465551832081 27.0040082526234 95.0469157603518 341.456999882774
27.0879549656724 25.8810000999007 29.5658518244067 11.2180447878312 26.6983704167487 15.3862479013843 276.189296150883 72.578512981659
27.8220406389343 24.9179923357995 29.6175409912201 11.3526088351223 14.3954968800788 20.0987858893741 27.3242236357962 333.723594375239
27.2432985185109 26.1587873628698 28.3951572962332 11.5704933860825 17.6273695505396 7.71793307718369 249.696542806088 274.407039864402
27.7881453801164 25.5698047973702 28.8170024367152 10.9770447891262 19.4874595296467 20.363402654048 205.02831488964 32.241183129994
27.1544240533187 25.3993222823555 29.018759248022 10.8970106613174 24.2627795890992 10.8414533126225 189.169693409995 313.561412026293
27.4507303273032 27.3358624334304 29.8330262772445 12.0192499831335 24.2957646050215 10.7638760401956 370.504730585912 77.1018827861482
26.9291645990018 26.0442985855787 28.9075776707935 10.4438921729063 14.9282204678504 23.3438544892286 251.342646969627 58.1526598466999
26.9047059584801 28.9256972594815 29.8026834298818 10.8653473311468 24.8552869693596 22.7634911674289 226.989037714016 212.739912212366
26.8605031419504 27.2387613624162 29.5094076714627 11.1218670360176 25.9290055249182 23.7687940742576 166.712078552251 255.907997568495
26.6142479919255 25.259554272 28.7943136557377 11.0533909572965 19.3278186713304 9.86754990137823 411.808398730726 187.592636435443
27.2189798684409 24.0789163448567 28.7145244527584 11.4587943695436 23.5910505112247 18.8202159427195 96.5934075087592 326.591975841963
27.6148164285789 22.8377624759687 27.0560751359865 11.8603874230471 13.498167388085 5.5871518064119 178.246109822327 348.362031515068
27.0464376216344 27.0299489168881 29.5691226497147 11.7991917317367 14.587468373259 19.8189635936723 32.1278707753572 327.988120919632
27.5486077664074 28.9872376544018 28.7246104730193 12.3224082976719 18.0703183340104 24.4554509761711 62.1657102483518 365.408389821542
27.6479717644731 22.8223368795569 29.2561774791477 11.1651840537368 25.1043530300777 15.7993389167511 182.187761267142 244.611743551081
27.3891716259207 24.8207400552333 28.873786494358 11.1529308868595 21.9405245507506 20.3236367956772 269.41854304144 143.781306796811
27.8175508169447 20.5457879557863 29.6000266268749 11.0636822989361 20.1720741101144 20.8273088644148 136.541337837414 332.011570982516
27.303030915878 26.6610116591225 28.9842632196222 11.2559792636313 20.2788491024437 25.8032657298749 311.573786253972 34.3676149330021
27.3745652319659 23.2900270838931 29.92862642636 11.5699402213233 18.3581344527007 15.2500778785544 270.568737837257 200.712442173201
27.5628344747903 26.2813980897898 29.3064577890879 10.8142127803134 26.2536052855376 26.0926352492701 64.777337010947 216.404100925719
26.5687773263713 26.0080576339711 29.793462561924 11.2695175361186 24.2001744155415 21.6331844193397 92.1829652806695 289.516529018443
27.4711170916169 23.6976986084283 28.7727967061889 11.8775700405525 24.8793392131734 29.1364346575845 205.722083640622 341.939540525616
28.5520506854143 22.6439668963287 29.0674425127126 11.197394641606 19.8646783496078 28.1752258088134 236.649483202263 277.032840117989
27.8759617636823 27.8323980226149 29.3108428486376 11.4278342992614 18.7686289686447 22.9320904020934 43.3223788580873 342.84290907037
27.8388074585697 24.4300177765474 27.0528833076744 12.032022348086 24.2596838043091 13.2272793041029 227.197720738372 194.961936706946
27.3619402517352 26.2548071017177 29.6462640812815 11.1455778639739 20.8182316830985 24.4940968952355 161.479609264508 266.755059118635
27.0339227247296 22.8850416438867 29.7447655435067 10.7105182652501 20.248066926684 12.4791431089349 0.742733660410193 351.020735047854
26.9913042521987 25.5177656990814 29.5638665968105 11.0932267137512 26.4952630754592 17.4584079907051 230.909851601696 202.508008446434
28.000342124429 23.2554442447838 28.800563880794 11.4607441744332 20.8161437945159 23.2497507463348 339.731859337371 299.793057891338
27.0526186696188 27.1384264535654 29.1753038218807 11.7033068860071 18.9765723296968 21.7322637262241 235.476460122585 266.844807936514
26.5579586466028 23.9347633927654 29.3594847840821 10.8572997922383 16.0034890981948 15.8997912015325 372.299226395175 225.938247246031
26.0215555073339 28.4910834208162 29.6295376566315 11.6822600770385 22.2853881823625 16.543534604119 315.241013730966 157.556567660314
26.8886797148043 26.273040427689 29.4614680933489 10.9306323258774 17.3426430436906 21.5193642548962 192.347500494262 198.328819576512
27.3673628335706 23.4150249239191 29.2741860463441 11.7741732827742 15.8939780817177 13.4191271122137 284.131098289163 158.288307884655
28.2895500868508 23.7598554946563 28.9291458742015 11.6280374997448 23.9004305315125 13.1454154641745 272.699342001873 182.951231078531
27.8380468079945 20.2556914946783 29.9761231172861 11.5967500590589 23.288035942022 13.3184579724934 148.815144933127 323.14748502545
26.8162559416172 24.4262779702111 29.1569939852527 11.6658090915108 24.4490841805834 26.2787839864098 331.825885228153 174.608327808512
27.4028690613532 24.8459074667156 29.1043322424404 11.2175938039329 28.217026143007 27.9055565292037 230.585564209549 168.498669406525
26.7438574255906 21.9978483216369 29.5882523597401 10.8915515818606 24.9132050788211 24.627331247159 182.397175236582 168.808822744846
28.2343600812868 21.8539239428614 29.209102201663 11.1533039085726 23.6182032772889 19.6015347259038 99.6107767976395 364.646255374635
27.7457037022645 24.1221868308904 29.0927637754111 11.4467764269901 25.7066511999872 27.3943048972096 119.346352360527 235.886448023012
26.7776198460388 26.0492648391799 29.5826523256979 11.8851514178935 21.3325170263584 9.85014105768715 329.446742429755 161.10908813228
26.5245755056272 26.5745732301499 29.3821692837318 11.0340963144673 21.94575880812 23.9002690902039 224.612795038007 283.12964559324
27.1893664367904 22.7968062357548 28.8093456457739 11.3092696420324 14.1589064048479 29.2177444647828 20.2389105820816 377.143528833346
27.4454846133747 23.937822785972 29.6122275554453 11.5983955386532 22.5341210592119 21.6039063608262 196.391562778147 278.170991364055
26.2810981619364 24.6147943981093 29.6380291448932 10.7407085530357 21.0028662019454 9.02154277085686 210.808252396424 174.204380801602
27.3441811341756 25.3297559197375 28.6760298320319 11.51230874319 14.7251644970777 21.306594102284 261.075615216686 223.98543181622
27.2670427903245 27.556445100912 29.8815158570366 11.9349861959014 16.748231841868 22.3308302772912 47.4394145796706 341.789030059173
27.1971608781139 20.678355926029 29.8505273721896 11.1478896919581 21.1663136711093 18.6615192444778 181.178478035267 120.224078722622
28.9791440157916 25.1441968018151 29.5139052854061 10.9847677725234 18.4987272092822 13.2261925265519 310.068001710345 91.7392438495471
27.5030650623988 26.4786725846629 29.5861303988644 10.3624622925986 21.7419638264203 24.1658160168991 309.156384847923 114.980222488599
27.3697212101587 23.8373313770698 29.1266439866074 11.0851383008403 18.9232415475646 16.5991090691097 84.5498136766698 320.1269385071
27.1813242700219 23.7558477390611 29.8444795484006 10.7633934896756 23.2488561096889 20.7051555749436 279.857256653985 269.086912136064
27.0237394972739 22.7680837229352 29.3575326227602 11.1513039720313 25.1687653024141 26.2418288727581 224.399688883511 258.562273662131
27.4329686469877 26.2841757856354 28.0880597711042 11.1484534224447 18.5305564947166 24.8391621079527 62.9251475815381 294.972179583145
27.728281949557 25.278315752181 29.4619789970714 11.0109421984761 25.9463842912471 6.85560949577747 76.6568782992272 324.947949640276
28.3363388963999 23.7041139699246 29.4057831570988 11.7274451496595 18.6801777518688 29.6740947470448 245.770591885099 205.142966415067
27.6886220496732 24.9193191105462 29.2674161428764 11.2234985589468 24.906446053462 11.1433994504105 87.5976433158365 353.29796896318
26.2487866764503 23.7187388843223 29.3686981036697 11.399593626351 19.6016808101759 12.52834270033 262.783281911189 207.628404325628
27.2083842118642 24.2107855868778 29.8805681394166 11.3905819022878 21.5625258976179 13.1277426939738 322.78775302295 162.881335606693
28.3381903907767 21.8996539585279 29.2737656518643 10.8327793522487 21.262185479355 7.19070714372446 241.540802547546 222.417839538625
29.0479874065444 27.3290849712719 29.4233454100056 10.9875491008073 26.7871188728723 10.3295758648062 302.275346423401 5.50075375047217
28.5586462670301 24.1088997902659 28.9750022380566 11.025063931506 23.5678412120851 7.19027817136997 219.953249584696 157.840851020276
27.5958246608208 23.5205115778283 29.6392086475391 11.2517164690714 21.1622607411999 20.8323312662276 168.784296769104 360.713555680387
28.4866658015058 27.7746076713473 29.2437130279821 10.9358829863408 18.3575924519116 23.8442026653109 384.973808844745 6.82942404198534
29.3332257515334 27.7757293433235 29.6730934040044 12.0806887931992 24.442832768986 26.2858284870926 256.154343654141 150.861745303438
28.1009534092368 26.5589413916682 28.3978228289062 11.7575726746339 25.9511887124876 17.3473278695742 225.111404321984 201.087028839388
29.1059043671518 25.5030712971921 28.4747675399428 11.1396814204782 25.5287519932977 26.8753693254 279.958439427967 185.314431900148
27.7773970281063 23.1382374587101 29.3512788793817 10.7556522861889 20.951365084938 23.6894424741208 140.088495390043 243.176672928664
28.7884548340918 25.5930799029611 28.8269029895134 11.2941383659888 24.0768138803484 11.3613995408281 293.630502280778 42.2562399790514
27.4647271273629 26.1573839029365 29.2344926231785 11.8637475444511 19.2371872064491 27.0144458420404 259.111039123933 286.383527906638
27.9598108080945 24.2938640809616 29.1693770610222 10.8505086804915 27.0000861432377 18.6351840835532 146.738704065708 278.14282607291
27.8154074515798 21.0781311217129 29.941087724518 11.0053802678802 26.2193858145865 16.5233064924491 94.6665449286945 339.198353668656
28.3105193149305 25.3699500726402 29.1958435707371 11.3282510634402 24.1991013580218 25.2045161725414 175.225649762073 201.127611962809
27.3194557300062 26.8354012605718 29.5257223422682 10.6983817574462 20.2095777861482 8.32502497415738 190.737217879131 165.16929803865
27.3481634152784 21.7498460655767 29.6288218449188 10.8696222692628 17.5612248835031 20.9413114696019 16.9795520961422 348.348854156592
27.4243088033845 21.0524825253845 29.1765351889794 9.80261903159172 12.8283729855054 15.8424361316355 90.6007151808275 303.295594820726
28.2947835874531 23.5864763994759 29.6973496331382 11.5004405875467 21.3143670725981 21.2148389414744 89.0270423287928 323.325604263497
27.1963847323772 26.3466619753544 28.9265920601115 11.9090048803787 19.1541849290671 10.3745256963773 295.934544446823 225.352514349156
27.3965991262345 28.7669294835387 29.0527788957107 11.5169468694486 19.5771390295337 17.6380230261642 141.092423480013 316.610425302636
27.3790157141818 24.563454568127 29.1779023680553 11.3031941304706 24.086984676248 7.64401272081373 274.314900232857 210.455858256427
26.2947744702997 27.5258200499084 29.8179782397711 11.3510400281575 17.7094600102445 14.8646680144748 67.6306077488421 309.384351128372
26.7497928391922 27.4541298931743 28.8287697910854 10.2726098215818 18.8497630240891 22.9139246855689 68.6363773518303 172.179031853457
26.9308280191014 23.4249800850987 29.7934512732933 10.7239788275441 26.1064811910197 23.8042647484334 90.5480587653224 328.534015016861
27.3753595648456 24.4635220197191 29.7797001276773 11.0741294459912 23.5850288837261 6.26796847887585 170.173331353191 208.634965651533
27.7899780743636 22.5015690650984 29.1098426997711 12.0742655727087 19.5493823736421 12.9579208106526 273.724215285904 204.334418838634
28.4765566238135 25.7162925909493 28.5467377359517 11.8926445416604 22.3855348050602 23.6682368862603 400.250180825298 104.708544449242
28.5618355799749 26.6543394849694 29.842030362548 11.7726574954115 21.9780296575154 18.2648143184985 58.4208381295268 297.657119576575
28.3503956832324 26.2134971133225 28.6523991590834 11.1875415728155 22.3567706394696 16.5210772199008 322.967227423232 169.224274643329
27.3224771757764 29.1846627634638 29.9740725162971 11.2558649536707 15.5771083145957 23.348729893059 12.7450349455454 337.864693953807
27.795704238314 26.4129848786674 28.892499797967 10.7488771378043 19.2016807116132 24.6812751833926 71.1384145754489 352.017654515198
27.5368423306635 26.4689680512843 29.7226835991573 10.7620091069666 15.1956749483803 22.1760055968581 2.42864498424807 330.592493107923
27.5871483492231 24.515719581352 29.5998549925149 11.1995871257851 22.6406646738449 28.6129184100934 305.949870387117 175.893007433084
27.888294414304 22.6650245200446 29.8294261714735 11.5386463419605 24.8013814505526 22.3558516627192 81.6424521371426 333.839244741329
27.0153244086343 25.6739489487442 29.4010408774705 10.898422454741 20.6589859795358 23.3987472772953 121.642189977424 268.547689614842
27.9209168501174 22.7347613642936 29.5899776011971 11.5765828377515 15.1586203305289 7.41883925539312 122.332764545007 305.337245991682
26.1502441121485 25.2025281600581 29.6464820874708 11.4954657097942 18.8458177762481 19.1232509689849 320.54990733633 151.370481925624
26.6720557742013 23.6948890317507 29.9548870558227 11.9142474802491 20.5691523226294 21.7062873575954 248.704068918439 225.683661240965
28.3666124978963 19.7925592291559 29.3680802092164 11.0900855612723 25.1654472213492 20.9782625861231 117.190996822602 266.576086741425
26.964978066064 21.292785848977 29.32726293206 11.5716019980947 18.96615735713 6.24743434234225 126.879680269206 269.080752907687
27.1924641256737 26.5096033218199 29.7816847369678 11.2816629667318 24.1489132887123 22.0557826941233 124.795526309996 311.361728861364
28.3522682796058 24.1597327741858 29.5307152453206 11.5078648677662 20.8153325821828 16.5432546005163 273.226508416607 233.971501444369
27.3656861786783 22.452092659948 29.5686903726435 11.6112416548575 19.4749616514417 14.1835757553851 89.4937016768761 331.929875624116
27.1826796666723 21.1999717548457 29.152143651641 10.7202955171899 19.4781193659379 26.6689071639557 146.54888125813 304.873373088193
28.1017927230763 25.5467690281832 29.7554945620831 10.852068372638 19.6764033232122 1.2048038111832 256.117020157208 58.3280112287643
27.4155657352511 21.9303725597694 29.4688482897299 11.6236909195129 19.4754672537696 16.898970044368 150.334628645204 301.186813414367
26.9978996449039 28.3577377951337 29.8280495430049 11.4692384738224 22.3704682623298 13.0143829089886 42.2828397446413 344.66731444345
27.6439594924488 24.5626405319714 28.8835607396964 11.8579983124784 19.0970254205831 28.2214114746264 182.504607475202 274.835256178457
28.255598670054 23.9151465887535 29.8595156103688 11.4262776138395 24.1405473957204 18.404360935947 293.689092620931 282.471254794726
27.2633575899161 22.0243271109149 27.6814147109008 11.8200914400078 21.2385573120564 7.37024818514989 105.884359971424 356.945854646322
