22.819060839832 25.9705962407826 13.0473595491108 6.36498504537372 29.1669506655973 18.087499277656 31.8685111548154 329.28464823366
22.3470759863375 25.7558469901767 10.7545931178537 8.09407789697303 29.4569273961053 12.0608998646599 38.3751357913981 255.473104704429
21.7730959731194 25.8873979131898 12.4705644584798 9.96515657523356 29.4664102090253 19.3506075238685 43.8226403055696 268.133201205727
22.5517190392026 26.1656957999395 11.4699452692647 8.00795426869614 29.313953454709 17.3805367611347 26.3117344125909 352.06223195234
22.549645631812 27.0123166185732 10.9600948968979 12.1061942084669 29.384571127075 13.8815846628089 24.0343867271351 341.229342133332
21.7009025440483 26.9165937063531 12.7737871540175 11.8911458119833 29.1998182103928 14.4343912679081 39.7708551616621 190.872396423492
22.3335319182254 25.9396969241254 9.16899320619445 9.57821761656762 28.6759685711417 13.4069856772972 26.4784790913198 301.53444586062
23.1467891653667 27.5619733576483 13.5431868714383 10.7694600792691 28.3421118163491 14.0448041362618 17.6159699960221 361.973088345873
21.5603910674028 27.9730030730284 13.4590657556516 6.79759569576223 29.1629499886745 18.3714098083774 39.8580944426495 304.680927159573
22.1809830339678 27.4064474865733 12.126456884979 13.1358875562354 28.9760356846803 14.1262177419683 30.3463023431233 373.741200580129
22.1547662442021 25.1270177152567 12.692495137885 10.4881466826479 29.3459464342676 18.3197095662388 36.5144582506638 305.085788093727
21.7093609507414 27.7571152385212 13.7121672749316 5.99939111271157 28.3082734186209 18.7125624050008 37.6132904806993 205.337430075925
22.5294334897781 27.4468076363463 14.4300374566218 7.68894493423635 28.9385653000109 15.4550880570142 34.4577276889445 200.692689552404
22.5413755185683 26.5464589744019 15.1834057262272 6.84896376115785 28.9494410007972 16.7554129758693 35.3744240796913 232.846710303414
21.5442282129022 26.079590649505 11.3599259194371 10.3963567105207 29.1883034438193 15.0323524231575 32.6115030118536 402.651625627004
20.983968263332 26.539184762061 16.8331372177023 5.93737502687804 29.3771790389657 15.1723347974766 42.3582395314239 187.334380129318
21.9052509323556 28.3794843097889 10.9335122323112 10.3041383317305 28.5909738872204 14.0644874763767 32.6523035049489 294.292400588688
20.0790365517975 28.7305798371462 8.14791230426916 15.5196520837312 28.9637349024071 17.6068288452797 41.4995736957708 231.144847960019
20.4312500878808 28.7666189427523 14.7929600879254 5.79280801076994 28.8228334105614 17.1854343926226 25.9026317634655 313.930461647649
22.1843790133378 28.4759504486272 8.61014967625182 13.8082568675385 28.6208938123927 13.2158051157178 39.8171580554918 272.372580594751
20.5590537589707 27.6784899888894 10.3784787392546 7.14851252139079 29.1433673510985 10.7760562889541 40.7066689120551 121.916354127099
22.2026112890945 26.0455600296759 14.9353015386286 7.7848752449397 28.890440016553 17.9562808439319 32.141016991798 302.158427026581
21.4582314632863 27.1488267189883 14.5527925096428 7.99854023595959 28.8648014886302 19.3801745842747 39.862002481948 249.867512846292
22.4738327582861 26.5358283908901 11.690234840364 7.44777965439487 29.5156750302833 12.9333963603573 28.9453271291052 333.742219491912
21.0903738724759 26.9781929174575 11.921203391856 8.90976745538483 28.7777125186922 14.1444023568805 42.8760774767525 113.487001942854
20.8224191221939 28.4892517949943 10.0620284197672 12.6688099343582 28.8818009080839 13.7078898416393 39.0921229781113 266.186104012779
23.1780396828198 27.9840706615547 13.0866568251711 7.51268534785015 29.0941040007667 13.2241508127626 43.468398588468 225.852850815209
21.8145006160761 27.8859741103398 14.1133328441242 7.6341603460187 29.1465801722311 19.9463596884007 20.7432974538262 383.179303454347
22.280913745088 27.32179965581 12.1637242446687 7.87982241714251 29.1731732010708 13.9975519840283 33.0692735563691 377.884895176074
22.3600468896673 26.6780157769918 14.5640452890399 5.51809285883624 29.2876588998569 15.7897629323445 41.6740636998788 193.823914015771
20.8774703202688 28.3599428918736 10.306439327553 8.19033732259826 29.1134862284489 15.0900539732913 29.1682307345358 318.223024111757
20.7620654370559 28.4008331360348 11.3365949248968 9.31414821676999 29.0812776750735 15.9399063460573 15.1514400397085 323.103947365913
21.0904990559681 28.2397079808515 10.4404767280918 8.21385805157345 29.5147250063908 19.2181379598794 39.3159020122666 307.692892569143
21.2100946440691 28.3447754663902 13.6141380905494 9.95815941017688 28.9096308769017 18.8162919208838 40.1640600653565 224.448567984687
21.1891468607093 26.0690526652867 13.5452299568735 6.02404176301758 28.994863973163 8.28932745742918 44.4502216303761 252.429226508032
21.5201881679847 27.8155669115201 13.884039217104 8.60662735145898 29.2593415715586 15.1798557201328 32.0711118885235 325.879691082125
21.7434832966836 28.3816426180338 14.1494528331144 8.05947605678125 29.2708473520489 21.43299831015 20.5361353884347 344.646985589459
21.0107077923113 26.1894537094318 10.7853052086932 11.0909883414168 28.8214953616828 16.1545443185698 41.7180752163807 165.202623527114
21.2911029718603 27.4696288463493 10.2442314663648 10.1671319211689 28.9380980063998 17.552303417363 40.9784864745602 267.292674104267
22.7443270021331 26.8827375032106 13.9394588125777 5.12172594023463 28.9087023728065 16.5926404298254 24.2005403238963 322.221787729645
22.0309155447856 27.1643277585934 10.9354492825607 9.28577139611384 29.1698673295375 14.6125919889963 31.3925295252254 308.194068133202
23.305069450089 26.1711968215079 9.82756929432533 10.5265706140938 29.1215003804431 16.8830166122379 36.601427280342 253.144717757558
22.0881043171527 24.1142001260099 10.9605215697623 9.58097121830186 29.0332093440891 13.7148523062872 21.6334431193581 355.25269925284
22.2298230391079 25.7913217187186 10.3228118173008 12.4617085140007 29.2603719411943 16.0851633787636 32.7691992995532 328.170927666576
23.6835324849476 24.1718962598197 11.6087629874093 11.2406946963145 28.9201251268504 16.512287851916 44.1013777592496 248.771255281233
21.2141225417947 27.9928713457513 13.76856745021 7.8481476126263 29.0872997749293 13.8526747047403 33.5138162171209 308.546422372442
22.9133188357325 26.4567787530612 11.609524063567 6.67141745701277 29.164566613393 16.3943889072175 31.3294134544196 306.111605278531
21.6124319226154 27.3760205618086 14.0656235371 9.43662465716947 28.9851413779803 19.0285249780569 23.1362528893557 338.218112113703
21.656856351354 27.4111589722751 11.7654047281993 7.51228565729521 29.236986522592 12.4306221810435 42.2150968028048 240.154087341923
21.0572192707592 27.2654277588637 10.9521505908066 9.84616159341307 28.9981546565404 15.4113449319677 29.890568992993 320.382015213206
20.6538136873567 26.0989602082129 12.7961988275293 8.04141777613632 29.1571009001716 16.7035974260146 30.5248177245681 343.407753600143
21.6573784027189 27.7367002894455 16.1322200109321 8.11084513611337 28.9113829799973 16.3871592380674 25.0835705960219 319.079557346045
21.5319305836166 28.0341981617481 11.7025294762639 7.48497235259417 29.2914743090949 15.0499098860681 23.4231185633733 302.232204770153
21.6529718324164 28.0922456297602 12.229106607481 10.4720843533106 29.2265670117988 14.1118243778258 31.8687831343066 333.261832483162
22.6679801363749 27.490479853179 11.3998952833198 10.946062784884 28.9569880088439 12.8540728215931 42.5771744143839 108.003441220428
21.3928722189204 26.5137451866084 8.52109479306178 9.53339205745249 28.9449773445303 13.1444781236762 37.7398335999603 286.354390648254
20.9485674390592 26.7610749636177 10.4007856047933 8.00485767404107 29.2677705434084 14.3773777212269 43.3375240563142 260.217059337898
22.7923466930209 28.2322704240504 10.0484201917593 6.60676539566335 29.2294120763208 17.2623006381792 28.8765527245347 213.841704321035
21.6208074891552 27.9342758563533 12.3416461256957 10.5287853331835 28.997424159642 16.5795856323017 30.9183250598011 375.267515088621
21.7750385506713 24.9248400044062 13.5074736722242 8.03068910080176 29.062622551017 20.5493143162473 37.8616452222498 264.888317176607
21.4995278613074 26.4728223984665 12.9814610165654 10.2536144576179 28.62564698231 13.6328977432976 43.6506499905329 289.493137442442
22.7449644053567 28.0084079069017 11.3174500997273 9.4848784961669 29.1490137644777 14.1829560270302 17.3079093087681 341.516763467199
22.3293609875923 28.6157380089935 11.9437169381419 9.5672370111244 28.8870018747745 12.6357845116371 37.2892567756461 171.605042215404
21.074377517118 27.8434426290108 12.4322548231879 10.2339189487935 29.0538459612521 13.5627138111934 36.270135530164 315.193118544085
22.3951379699439 27.4660550470288 12.2438366468882 9.75670139675158 28.7465021766201 17.2547952180039 25.4041547957682 342.341070140504
22.2627398296739 28.9162505353194 14.231313650251 9.86084045750883 29.581563813786 15.9351294610669 26.9154159413655 313.555277953229
22.4872719505896 26.1486277450709 13.7714653687955 9.21457608033487 29.2430644960366 17.5650360013258 32.3160581707498 305.120283253646
21.3016867728676 25.9497616598851 14.3804615679522 7.44505145688463 28.759660618999 14.5402948957051 39.0603978885205 265.123583297456
21.6901545499415 26.0287967456449 11.018950073343 9.99885035942317 28.5798569231359 12.548092185211 23.3960941186131 365.511474645567
23.2647346313858 28.3544810442315 9.47191552003272 8.70283384257412 28.5390789236187 20.3752734327762 26.206271331639 343.30366957191
21.400597023013 26.9249788828873 13.5062533947161 9.93141508444959 29.1386028901712 16.8598709901155 35.1039781199008 293.020031713014
21.4023640167729 27.5687442258403 14.0227656853488 11.9734740025568 29.2772589137634 11.8632271929309 32.4083188693087 377.518123531085
21.7161526827351 27.4080276811117 13.4180490098544 7.30959001133244 28.4982481064412 13.8449872109069 28.0019013997972 306.236351497428
22.7103457685679 27.2368059063399 11.0428395150201 7.02137258769816 28.9175057767281 17.973710815406 30.7746520498502 157.811717315759
22.0844375718807 27.9559329199428 13.787184095497 6.42854486792361 29.1771692095819 16.3698085450379 46.0038362869636 234.894497058682
22.5235041499986 25.3843407474639 11.2584610473854 8.39244708111114 28.7774967840898 12.2172903638402 25.0664487949731 379.722546498734
21.9581004809578 26.5262892510244 13.0546094300066 10.2444845552614 29.2268267803746 15.4685339116493 28.3611585615813 315.413225342364
23.0555989866895 25.2249396570391 10.0927658865463 8.43362039467668 29.3587897694773 14.72699810217 20.9994901281034 346.824284709409
22.1431821820444 27.9392549836542 12.263324961486 8.16168258617467 28.4893282921584 12.5624092714901 29.923184564683 317.687277916588
21.3042574618745 26.6611598950042 15.8498302481854 5.86774570252775 29.0039897635043 15.1843412648668 46.8702191495213 206.507971966349
20.9761943745902 26.3702780563637 10.350154098627 8.45523721441075 29.1588637661871 15.7171264581233 52.3495212880831 182.973962393246
22.7749612798121 27.2387975583686 13.1485995268509 9.45916077803665 29.6101168156659 15.8089784371793 43.5643915166944 274.877435594326
21.9512545956083 28.4726698107463 12.7221870809516 9.91283260567854 29.2504681350844 14.8026758075087 17.2640693733773 348.606786752963
22.2223268202606 26.9828125269083 11.7630358154296 7.64059187205397 28.9923929066681 17.4864976715634 35.0699972635083 312.329994548183
21.7222789649101 27.6023344224905 13.8771932270869 10.6657353706299 29.3457794079172 14.6815388109168 44.8536882179013 169.092930004071
22.1511776263383 27.8256219665414 12.0035881243877 8.94967488936423 29.1495603594193 17.5474499398784 27.3080353786765 320.165719385075
20.6836753918518 27.307926649746 9.93735969414941 11.0102790145525 28.6084253453952 13.6095715868451 38.926669630309 304.456745921597
22.4085356653535 28.6076762277663 13.2140112469985 9.05542273755372 26.619233504085 17.3876833916621 27.1189752954957 326.953224199884
22.8998241641375 26.4118093802468 13.2620381332967 9.70728227141799 29.1811434172619 13.1441262103285 46.5372508776663 154.726676476511
22.5407714671142 26.3466562096179 12.1042478274309 8.25162267097394 29.0643745314352 14.457261158052 30.2662742684777 307.995133404063
21.4887271539303 26.2905497896532 13.9987976412428 8.42117862635754 28.8848611174691 16.6693736753544 46.1766053161425 233.341546347967
22.4833657407874 25.9021508175434 13.4574951442423 7.33314114979937 29.1223675587958 13.8149815817257 25.086815784301 328.915225935081
21.5102157975274 26.2252521967234 14.2410998911396 8.09369104855198 28.8512088979312 17.439364618939 41.1294965602355 139.842160563327
22.1526269018195 28.2947665343653 10.9005023243385 8.35906856311372 29.1686767382169 13.7901051656759 29.8050367875955 317.721892851815
22.4585066877149 27.6283310132168 12.5236097400644 8.67485516445173 29.4297888587113 17.8777645476473 46.3285856915523 127.999444482487
21.1698002667385 28.1624726440212 14.0218441891243 7.53618186656242 28.7455180237239 15.1153004758307 34.052815601604 318.828797467693
22.5243373435228 24.8096030971257 9.86066724271396 6.70955678920617 29.2388987236767 18.9568026977439 51.1205418088545 165.631060527523
21.6058953763944 27.2044001606869 10.9167470376728 9.28905073529734 29.33450357928 13.5357162964627 35.3991386628809 297.282645152108
22.2833014653206 27.0764163154522 11.2641040820041 12.0076214220454 26.5567062300518 13.7661293191907 14.5372808204758 344.34028834838
21.6000089946198 27.6343053636726 11.5256313536546 11.2057850224328 28.2939859291407 20.3129009233703 44.8311088550487 194.063833888286
22.9175830930771 29.535289454926 12.6787747881514 10.7940216171811 29.0745227997203 13.1139030857592 26.9377632042804 369.548091916917
22.3269209989884 27.5070947751899 11.2775170576557 7.84727697377918 29.4282701233816 19.0125444095602 30.7482806061902 355.967883575571
22.0204444637057 27.8028971576674 12.4024915257787 9.74155174664718 29.0226600866819 14.6587719000805 29.2836360750638 345.419223566665
21.5845382489516 26.4566294287252 14.0965453952361 6.02560232762406 28.8189330777171 18.1206856947936 39.8615761668832 283.369231450388
23.3687681052754 26.727249308115 11.065973644395 9.06908182832633 28.9772979734668 14.8859017072618 38.3084724958161 264.693344540893
22.2325362859209 27.6805871936411 5.76667641819492 9.12992464019118 29.0142474026652 13.4466951260216 36.3600584153548 233.943039392253
22.3646858039502 27.0955821154274 14.2612452106525 8.64194419501604 29.4044581241051 13.5024256693164 28.7087929876469 397.32624217749
21.6268151106989 27.5342157945833 11.5975509770156 7.74199921814031 28.9683794335507 20.5403899885931 36.4883836322871 229.626805950925
22.1954114824576 26.8081017673044 10.6453457687597 9.61602182468777 29.3988049696896 15.6492933351907 38.5336874045449 259.799292248522
22.5848669984269 26.921379777226 8.83792098505495 10.2108453312348 29.2547083916512 12.0281064474575 40.6648136352795 288.347923737766
21.6736229135197 26.2087374553852 10.7425851787937 7.86153724040512 29.426744458968 12.0198888547919 30.0044274668272 315.571791501168
20.9889174056418 28.1376658285015 11.6346780760743 11.6931179752246 29.4374956447751 21.8404505144872 40.3110266379232 260.858978652717
21.9179551148761 26.9514498328744 10.4001214314044 10.2228783470591 29.1414984795686 14.7804960502535 35.5798830899211 309.519942662623
21.2771432313387 25.4157574735774 13.3580407135042 8.08089360936292 28.5480140067377 14.2699215752129 39.2172930940877 255.736345617558
21.7621889348013 27.5738581924133 11.1735704910271 7.49176719905022 29.0564701538602 16.8490302820551 34.9868723198474 204.4109120017
21.9622467399787 26.0541386911145 12.8553181128703 8.80225183931533 28.5303594393525 17.4327845613563 38.5104393968798 264.349203060635
21.460315308492 26.2029817978103 10.9765406438936 6.98203272178281 29.0845427311031 14.6458743610576 35.1042724538662 324.699734505029
21.737483630092 27.0579161732281 12.0862333086723 10.1993630960195 28.7713407029298 15.2649349594506 34.0089154562372 276.405506648315
23.526820809265 27.7264701786856 12.6030178691617 11.9478494035477 29.1571105783632 16.2766663585316 23.0491811958425 389.316109174418
22.1475829812106 26.5776438423883 11.8399321714824 9.01563759609769 29.1501200485538 14.2263547196412 38.6801088242569 215.243210943591
22.3238294792344 27.828521660165 12.5817304363991 6.75032718979803 29.2026164770791 14.7029517061056 43.5735620696876 194.473563449423
21.3895544054591 28.4867376986546 13.0994402971692 7.03292009426313 28.7557587431252 16.1295019253004 39.1140240756266 154.492210622187
21.1808795283311 26.381864876432 15.435541738681 4.97781344100319 28.5356736832108 14.3221075364341 35.4360445375654 332.958030452808
21.5073601150492 26.5186036796124 12.9199234751619 10.0014102733526 28.965587546217 14.2260533896397 39.0659051981179 259.459234381519
22.0562715117359 27.209225585422 11.6316968436965 10.4811060185231 29.0371520751273 12.8403843953601 30.0765436462882 379.987747697172
22.3365889241711 27.1894955826479 10.4329822168053 8.46332158667638 29.431603800173 16.9880894233128 35.2923241373079 278.696284571832
23.9434106876953 26.6374339521576 13.1046780527414 9.37708847350474 29.4183227799434 13.9351889337809 25.8447900900681 372.536559263589
22.6705800540944 28.3919191623178 13.2374837073806 10.6435918722674 29.2578911360145 13.6532581104865 41.4770244741302 156.321401349322
22.1100532754847 28.2326273448873 10.5317735123514 13.6666096391706 29.1097516794565 13.9296702676571 42.2257871187582 273.182768816327
21.746969012356 26.2596704444529 13.2413603370956 7.34123439476215 29.0072354587562 14.9482221993223 42.1246869875366 247.18129046647
21.7298437761387 27.3915792199981 12.0748483218405 6.22233905027531 29.3473199593995 17.9020258713658 29.2084858412477 306.300945052102
21.1637173648706 26.2232935557985 11.7739941184409 7.25874367842722 28.6550782825212 11.3928307665975 51.5590067927838 66.3600362305774
21.5195491451451 26.9816878160545 10.5334576402177 7.28260500406161 29.440323592636 8.56256245551284 22.7307667201658 364.929240700531
21.5160778151067 26.6743599866677 10.5611681394482 8.6776149602617 28.9248319911229 14.1598089485451 44.0447697469896 191.437121203748
22.3876580649615 26.660317269323 8.87160292718828 12.3969256573899 29.2105557330494 17.0676085812559 35.4223989352915 293.697222852436
20.5929565158802 27.8786662672453 13.656407679123 7.97259273244147 29.1978485411123 14.1677328639667 38.5383172770504 294.202757765395
21.6782025159381 28.5908483294324 10.129478275794 10.2055026788815 28.9633470940404 19.9203780457714 26.1343290473475 335.028130315971
22.3982404017794 27.8493918335406 12.9854277451474 7.81094994602831 29.306744119564 17.8469489039045 24.1405962969686 349.520784193015
21.5072375181812 27.895540944776 11.6145728197218 7.89813445480344 28.7871829383778 13.9200816874783 41.0082220497874 113.404251987926
20.0491611796951 27.6732092074819 8.02033166116406 11.7766538892405 29.2766957324491 20.7478148650426 28.4206307822914 307.49823402089
22.2208794635821 26.8368615599703 14.1197835794377 8.11728607688379 29.3555383456124 16.204380266813 25.6417010072899 354.948597784808
22.021396530043 25.7374602632544 13.2914666388942 10.3781540988865 28.8960513053899 14.983786225902 27.2690054065823 381.173728038143
21.6518039567748 27.4433975400128 10.4525267608188 11.1443495609222 29.075921358432 16.538849203832 36.6593815095331 287.854029838721
20.6330182008944 27.8470770869454 9.96352205773913 10.6253300824768 28.9574263613417 14.6362050179159 39.9833553910411 190.464254550851
21.8809886048864 26.1669493911872 13.5724537170943 7.85097478976073 28.9225026931632 13.4535356944966 25.6572218017319 294.464673793344
21.1167963386603 26.14360806232 15.3702092956767 9.27433596477866 29.589163456426 15.1203007318863 36.9512690519398 274.938513350709
21.3220351860049 26.5444733699621 14.3209628567205 9.11226356907578 29.0713020194388 16.6796355447002 44.4664521855888 270.547424753937
22.2421424243294 26.2688431327288 14.9663657608327 7.76944624494509 29.1851415308459 14.0463222359216 30.4575494843726 289.982763083446
21.8803693017534 27.5138779862782 13.4724797658139 6.80705879783742 28.7967031869679 17.495545041007 27.7061186939232 311.50743051549
22.5377214424676 26.1900736796799 11.53550548448 11.838547184612 29.2571085885295 15.3149186581262 27.8198371705707 324.149684965411
22.0099135081144 26.9276290688678 12.8712536248519 4.34213454158124 29.4057375225786 13.8169405780093 30.7925826373772 275.351593619236
21.6608648816278 27.7893469085073 14.5866574812886 10.1086953666094 29.2146327551414 16.9106817295332 43.9334987300234 105.838930615792
21.4993993210747 25.8336665027773 13.9305912028069 6.9195976184872 29.426547284561 19.1097457876251 37.6675749037968 282.076988891144
22.210893174689 27.4112665772107 14.8946767352849 8.15066909523646 29.2368161682451 17.9748054469459 26.1289960639558 309.474845841919
21.4347096530395 26.5351181923182 17.3506900520625 9.00343989098449 29.3693296808979 16.4684347996125 12.2743010300906 346.782086801119
21.4057695259622 27.4049721337229 13.6273306312378 9.1661653299253 29.2492366813033 11.2906414713123 40.7590844619712 292.111876261523
22.2716825990658 28.058893717912 12.5028951904295 11.2997731600167 29.5875786548767 11.2027685280248 44.6307062557227 254.186047840021
21.731716534449 26.5017404248456 11.996011668584 8.4901374689202 29.0968451528393 13.0101937860205 32.5940658983563 322.140074133747
22.386261425793 27.1624823330172 10.2332687945511 8.03467877606158 28.976912919813 16.3553267809144 29.9215014289625 317.213797234999
22.5305734245132 28.8440879733072 12.6189984347735 11.1494147132729 29.2479706676691 15.483634499368 32.3022900915379 336.264161097805
20.7618575826644 27.0533475558317 10.588761440787 7.49375179102938 28.7519426204019 15.2025331226244 37.8835141583373 266.598878004556
22.4302691752944 26.3049750442899 13.2782014036947 8.5163570690676 28.776342419607 15.4010373356805 26.7681997047561 340.498191293257
21.4719634650316 27.8537546532093 13.8624919447688 7.08409709883333 28.5048872251302 19.9542481610307 38.8006069786193 256.605797080647
22.2730839734113 26.570674419813 12.9542260944311 10.3876701422833 29.0078910594275 14.1448773388561 32.0676898715325 330.088487870333
21.7460241589091 25.2646357942824 13.8571163419549 7.68773442304322 29.1009649242778 13.5308254807122 46.2026107897027 78.2680669563819
22.1302239268861 27.3229338591404 11.6346769404691 9.4849045795854 28.912219618163 18.3902606324166 38.2194211846436 202.632042186376
22.8217894246845 25.9915649349 11.8992053004594 9.10660069876822 29.304327106301 9.40059208436121 13.5598823665599 407.964869682814
22.0336854867626 25.9059397697295 14.3908637894767 7.54670175678993 29.423744201039 16.413054912003 41.5979265051794 237.527166129097
21.3664864619406 20.2422585968504 8.75963205305396 7.66040647011832 28.7706530750119 12.6219707219659 23.9716307782766 318.996626243834
21.3752013855072 28.1581755990723 11.3752193462544 8.30067784702655 29.24199735316 14.5737920288775 39.3881429844856 204.920730261224
22.1416589629632 27.157914213003 12.9817407404795 6.97282683995013 29.4178237841347 17.7503199531802 31.9929841878731 128.259034997948
21.6602555095041 29.3300997471284 12.7605514806618 4.98310615471592 28.9559502378077 14.2207703207118 42.9781978503868 108.150212899814
22.2110115331526 28.0595211475135 11.069431570177 10.513189040147 29.0963721038864 18.0373567356456 27.0020515748502 346.983056877801
21.4887277986696 26.3455541006901 14.4954362243584 8.08682931804619 28.6983120137925 14.3135869503026 41.7049399394937 264.944352922197
23.7404819642469 25.7371515773416 8.2463802117932 9.54683627364456 29.2838159866979 14.8932426277905 45.8090516353705 153.713499772741
21.2743122620329 26.4432989385776 13.9357998991418 8.91361852381862 29.235529695278 18.0245887432662 41.0451604957873 256.960406367452
23.7830405668134 24.9934288389638 7.60503677094538 17.8209317425145 28.9478441977826 14.2165885886791 39.3268313904057 419.389174394711
21.4179785616529 27.0434246756841 13.9885111895992 8.53360515855105 29.1973999988198 14.2590542757026 42.3141783890509 235.36324861302
21.8252491434928 26.8877978640888 13.8381299910045 8.52040610472872 29.2672023076454 15.0389469249059 38.5804400190302 286.381697804217
21.1013338915458 27.7042314763693 11.102722934469 10.8964663260594 28.9530309455582 19.1603407791793 42.6352826421163 257.385742555973
22.7870326421079 27.7516399274223 13.0637590033016 9.67205348181345 29.0545292039684 19.5740604288957 43.4394361225661 201.14874638
22.0817921074032 27.8832279535594 13.677227704422 10.8300677738126 29.6334337567335 17.7740385824657 45.3497675039641 245.775550269239
21.3814381292374 26.5759444415683 11.5738965999043 10.4231951886397 29.0179656547562 14.7468837748897 29.8232894424278 365.717994520774
20.906525866149 27.0119207824598 11.6644465500988 9.75168193558809 28.7103581801024 16.3739320004801 43.4080122244313 135.545827243866
21.7372805436862 27.9482590726648 7.64753904033588 7.18568356916194 29.4391422532775 17.9399317214014 30.5933911340511 295.30055932046
21.380961003489 27.1218626575921 13.5597860395264 7.3333302425407 28.7785423460628 15.4281863907663 44.8382314702755 131.880549848715
22.304111710069 27.6052216682639 14.4833887013298 9.11028840376103 29.0853857164709 17.0704699047303 41.0339778763389 180.002069315439
22.8077886496024 26.5058078425181 11.8694755896643 8.88208866953489 29.0391159732096 14.2009683126338 37.180415668562 94.1277547036939
21.0287624222818 27.0385996799897 15.7140932039305 6.81731018633642 29.3023333658599 14.5484249006632 40.6818662879241 40.7478498240785
22.0274994640333 27.4875056385431 10.8056252568117 8.55367364887908 29.3684598019714 13.0169976047756 35.7878147283881 295.912361091779
22.2867700912516 27.9899386788466 13.1085471070338 11.4384003465823 29.207265863067 14.4333300377862 42.5718509655204 229.754396548417
21.5613099343389 24.7595372691841 12.8924510986314 8.39353460251441 29.1417203498277 18.8720472116434 42.8961152073184 326.764291561654
21.0959886099839 28.3407326342659 11.5693985842222 11.2713631445243 28.4410520141165 11.8560397849606 58.3526778005453 218.328493361646
22.2325318719014 26.4535963913729 14.2835578041604 6.42599085029288 29.0417985102619 14.2029061616238 34.2861307317275 210.733901402349
22.2835425008797 25.392371888865 12.5953447068931 6.91268424475208 28.9672856761449 14.8071079883599 23.5413258804147 317.505701187155
21.4403919815925 23.0336072986741 13.5866990367366 8.07680530024336 28.8602042973728 16.1909613664039 23.0822329432518 334.264746531449
23.0610267908131 28.8207154581369 10.9356771040907 6.52326267216313 29.340035898724 16.4062638437817 26.0900956952633 332.053191688013
20.9867676081988 27.484890225 12.0577069710104 7.01787932413636 29.265950139021 12.6380606771641 32.3938388614942 323.908785236696
22.4832981456317 27.4763557935016 14.1988897376657 9.69078751555626 28.9407057896885 17.9394693680761 30.2431592282647 261.791295027109
21.4517927258544 26.7328015568181 14.5279647487487 7.96850773169702 28.9625751212134 16.9036324063163 39.1222789277236 183.342947307571
23.1751866164143 25.5935993554864 13.8695384266223 6.5512290941777 29.1213776946729 18.348615689914 35.2413473158752 258.050475214022
21.8223632750418 26.1258957473231 12.8190909627071 6.28771661037452 28.5915727198501 16.0165291717146 36.5350038049547 284.312209990277
20.8886095198598 27.4236790989929 13.9632790218533 8.61881589628673 29.3064494020516 14.4510905283656 37.0181501222384 275.826909934332
22.673419448634 27.2286938942436 12.9838600031418 12.3441867346482 28.9649599367884 15.9456219047574 26.9276679798316 351.771980223519
21.6817997124257 26.1319688345652 11.5230772898643 9.07120583680267 29.2291501676124 14.6475036666285 36.0613235679031 353.395825582493
22.0255636455339 25.8818371221292 14.8246626668313 9.77241711312779 29.0149490735429 17.1469740000943 39.4705195081244 247.366015572833
21.9764989385363 26.8219168575492 12.1901163457436 10.4586212745786 29.6278385640403 14.8253128609105 39.3456933543179 239.987169307059
21.6206210774502 27.1309678265793 10.0871360404869 8.93858734112377 28.4567694177257 14.7710706704844 31.8473836091762 317.664312800226
21.7098097151926 26.7846377420911 11.5744153473644 6.41730153098199 28.0293965193447 14.6181214480539 30.8432080152092 307.822789937602
22.5472325996664 24.335435181167 4.69312622809884 10.5107918238573 28.9706797043027 17.3989095695433 40.7741306441963 245.075828054819
21.4660266737474 28.1434708506379 12.4254913454173 10.8236721025996 29.0791372643941 17.2991823212276 39.8010539488392 206.487242860162
21.3584136724904 26.9987558206003 12.3384409617217 10.898023726122 28.8604614976312 16.2681811561166 40.5982077517567 291.380235239692
21.6312856568696 26.0432579091656 13.5773557489774 8.36611805123222 29.071470960774 18.005181821763 54.9621182415276 154.206152114636
22.6297905631954 28.7311623592795 10.5916683507054 11.615275063156 28.4885971755223 16.7627472797793 41.8889639468352 159.044581083681
22.4546154741738 26.190799498539 14.0049287612181 6.67299498647663 28.9410070289079 15.0793085199942 28.1574952567381 337.095599033609
22.9749033277924 26.974949411401 13.3152540018339 9.71103128674463 29.0111400520041 15.283740812525 32.9812622004703 297.281409520845
21.4860289992867 26.6281853426418 14.5837195812236 8.72235776799096 29.4254051499852 16.1593651568849 52.0407388782085 297.968089410744
20.7018086185127 29.5418859113329 10.0362065224221 11.5995455282977 28.4823959293451 16.9887960443294 43.2529982293477 259.478510388813
22.9594546855745 26.4648246463801 13.5951599521629 8.14422565102951 28.9546486233167 17.9261730898864 37.6364116473867 228.174866562223
21.806348791047 26.3594998882134 11.4773995399575 7.60122715050673 29.2745417870157 18.8048298486102 39.5696814492933 266.310101661111
21.1695085054599 27.0842605034476 11.4720244939278 7.76317469613118 28.9671810960924 17.7498540125659 25.1611142057504 376.701308608717
23.4085413509345 28.6869789787867 9.40001802801865 9.59595945646223 29.2028808312843 18.782355906466 25.3021903532006 316.464036702412
21.461023369064 28.3535446255992 13.4535872953141 8.26596208874833 29.0558273335367 16.2017771226033 31.0439326667457 318.614438095724
22.3503727861862 27.9153670522789 14.2499132358351 8.55608911832253 29.2346475807014 14.7140027449643 51.6191162208955 99.0841958169028
22.35332130787 27.0187488082416 12.8224359058172 8.29908051743502 29.2537290754675 14.6484720950508 29.482729395405 315.397229912595
22.1240005968296 27.8027017872944 10.9227151334893 7.12591398529837 28.7478043355639 18.8826726116962 28.2983029132094 283.819551091652
22.1534246825301 24.4242939652331 13.5215037819481 6.08864743259375 29.3280477910642 15.4481160255497 37.5880434095682 246.322224905405
20.717998827242 26.1926138185023 10.3775082733133 9.96211575543011 28.6625202981257 14.1595739555389 40.6573101750926 261.288502690613
21.6351797234407 26.7700230239267 11.9904936971071 9.18270449704935 28.5078472329772 18.4977062908856 41.7149402733721 263.30836628444
21.6913256133737 26.9426653975316 11.0708784983283 9.36742762279264 29.4169075615664 13.4761598485626 36.0007256380315 324.823164820521
21.129845709646 28.3286428794134 11.6397478799898 10.3297983378659 29.262471766492 7.85189406570942 41.7098924982605 291.133690007259
22.6685294536342 27.6131609199518 12.0081693510572 12.5308442849065 29.0271273021506 15.6102693269784 34.5789248938886 368.38060653432
22.009898596219 26.680138450057 11.3818156293061 8.49576432918748 28.6349393471652 19.0407154548808 42.9836804353905 152.545577076485
21.3747262933911 27.8023416585488 10.7070952928781 8.06405910873219 29.3476678305884 17.1166107690141 37.8818110234287 297.486181852286
21.543435724572 27.0852202695729 14.2386975544837 8.92170849129286 28.8192363408641 14.2122265943334 25.5120695404171 362.923941905783
21.170678341033 26.5369991949233 15.040568371626 6.34436319110187 29.3065756856465 12.4661872277523 30.6823994454372 344.584488402244
21.4459438254466 29.6842517918341 11.3682340059038 7.17321002292112 29.408435751362 20.9271807831395 38.9552437135777 254.655314658409
21.8131177775203 28.4473647695222 13.6358758484318 8.80795047179956 29.0912409064717 12.0095839053471 52.8211469320604 23.863691139176
20.6757421675775 26.7299449136959 14.3293677615005 6.63858388618701 28.9625826619876 13.7198929989535 41.6914731824957 271.394639216112
21.8865909229559 28.4367939546665 12.7568429754405 8.36228207395481 28.930376103605 14.0141135402121 23.3035266940741 325.02399942744
21.6305117791351 26.7461384518463 6.79688872234829 14.4855511877894 28.8709125092115 13.0714580789166 40.4070662370627 298.203623249316
22.1423250956419 28.7423077145591 14.2680592066864 8.35443609218201 29.0039435651538 15.1222635817683 31.5364661943602 325.298359692649
21.7749809519703 26.3564804360291 12.7030796127934 6.2094678978673 28.9708382773849 13.1744988264205 18.3127975326672 364.398660650047
21.7757050881599 26.2399119881021 14.4217435677708 6.69295457570516 28.7562959761319 15.508993614068 43.5324800119509 193.118603637101
22.1792442013279 27.9701094362245 10.1573886414889 8.21446317190637 29.0816597235105 17.8136129017945 44.6591081041846 225.172368778617
22.3976889469996 25.940172774257 12.4019889567833 8.47696432319705 29.188185978221 13.1727204903628 37.6902403028439 316.722551025787
22.9569197147357 22.4958214540112 13.1139135078233 9.32541275489221 29.4167823113939 13.7791071425842 16.9106676074559 380.986446153604
21.5348855497474 27.4738730611031 13.73553696041 8.58882743327979 29.4317821270909 16.2020245282648 40.2729675439311 252.246539274599
21.5154034362841 27.8799449943606 8.8687905998536 12.1886492541181 29.1991199985413 15.4371327174278 31.5387410001069 340.87809250382
21.4133681418896 28.1009161025186 13.1203927099373 9.4301951460763 29.3336548866183 15.4541182767576 30.8352523339486 344.368313204364
22.3104749729097 26.3300735996551 10.6886634821955 9.19289816211165 28.9944243536855 14.9752821534548 28.8002999100743 305.377986742946
22.2317112760158 28.0162055814233 13.1187748882066 8.04723422920002 29.0160702825805 16.3948872516259 33.5188461758781 297.049710590488
21.4874242429312 26.2595803077185 13.1043764960971 8.32412169211355 29.2917845530168 15.0831970865349 39.3174679315819 250.811637632674
23.4709644583123 26.6949080058225 12.8899866612283 8.2902459808728 29.2008876138477 17.3786336822789 24.2818080702078 356.884249006871
22.9467717450403 28.6614619842791 9.83884884299995 10.337404611572 29.356274621218 13.3721006977356 36.9816874370319 283.476880236502
22.2417330488684 25.9741240385917 10.6254609178317 9.05283107234449 29.2970012825928 12.7948840283694 40.7261969591243 288.142305409689
21.6585141271589 26.7866255229034 12.5418511428141 7.4183268771071 29.1572765995714 16.9274474225339 27.3491470591829 236.707410964382
22.0913451830907 26.5485673081972 12.242950939604 9.27141561156874 29.2088431456273 17.3097537622274 35.6703622929258 290.25177444047
21.6397643497839 26.5059517765364 12.5488159472742 10.867263194955 28.9760644720212 18.1820343056801 41.1866300202641 321.075370261151
22.2052807625568 28.966107255472 12.9566649465519 10.3802296708933 28.7738888900049 13.2618757491053 23.3510524914476 339.785057518831
21.1436502967495 28.6741279816657 9.27957221949123 8.83065096756237 28.7694211870649 18.90463906474 31.0208491447393 318.273291037363
21.9776559134464 26.2394132377464 14.9000552173484 7.93029284013148 29.3497315865603 15.8238841093605 34.794124297485 286.83131165923
22.4618685857402 27.2460202381787 9.40498089876561 12.2996459428068 29.0153070289559 13.9527232208797 26.7430835965484 363.117587969692
21.5096617358518 27.5675323106893 10.2287950403559 8.58201404613491 29.136375532971 14.7017665550466 39.6767307649317 240.726693415225
21.5162829355773 28.6598281995358 13.4820050063524 7.11406573674383 28.2995143404829 10.4344420862235 31.2952563569454 415.99309436885
22.7083043634644 26.4401516078641 13.1906953067827 7.8467131255882 28.9644841985491 17.956754333581 42.3396229291521 201.989740852778
21.9955199250821 23.9228418589024 14.1513106821809 9.22657117052429 28.9591966105774 14.3525260956344 42.3361973624125 202.912751272184
23.3794454255981 27.097911303027 11.3776943734182 9.73495160450675 28.9099488275192 15.0303991937496 20.6505927218816 364.832996195614
21.751237573779 26.3056835991469 13.4076750133607 9.37898812121598 28.9169395711781 21.0305061974292 29.496559227229 295.040784542295
22.5545832340985 27.507778527514 13.7504938547841 8.70962435196688 29.0122676067 14.9803522361112 29.9212367275239 310.880436923488
21.6749712654058 28.3245159898317 12.6930951833838 10.8049084135024 29.2083897891577 13.4694081302675 41.196928125498 260.758147185106
21.8478908829897 26.5427365300888 11.5992174291386 10.9374338278055 29.0029892667153 13.4209479621753 37.1852711317834 331.418293658121
22.257729302064 27.6377656891372 12.4110950006595 5.57396099937043 29.2690079621066 15.4097741005105 18.3499393760667 253.828133535542
20.9352262848908 26.7711498695979 11.9116879780772 10.4826542881162 29.3586317150828 18.3618569065671 45.377975969422 195.351859182839
21.3537655605307 27.1621934884909 10.5400315502953 9.27018590247076 29.3726215981909 18.0189716213189 29.7287783139035 329.866144517778
23.3759814622523 25.5397221109155 15.031091522477 7.15975914371026 29.3648222531206 15.0702747616765 29.1366147955782 359.659830988797
21.2755262237877 27.9719399970236 13.3442923892189 7.75897822774028 28.9913566154618 13.7776230432724 34.0309179273303 350.206670321146
22.2041372902405 28.8172200421625 14.1275823996669 9.89503062259704 29.4690962772712 13.5574175565275 51.6704417608008 163.647968699419
22.1977246100204 24.4090735010093 13.8137041623641 6.12870970064298 28.7354733802754 14.9958878343494 34.7936876848052 305.28891813486
22.0082063513531 23.1711687828367 10.7023561676604 10.2634027273851 29.1165987102534 7.99352462544454 24.1625138652522 376.761357912417
22.4794888840295 28.2232524694216 14.9869360909516 9.20376091697426 28.9689392809507 14.7625723849755 27.0584861507304 342.287876505884
21.521358734503 25.8241757358317 11.5832005153547 9.87889143016576 29.4092053428986 12.9029380318464 29.2394409496091 349.656670848459
21.2770550050706 28.8162676836866 11.0558107653922 10.2923210487889 28.9091966937509 18.9267519340147 45.4750158180625 73.3348000943453
21.2277539082501 28.0514333878489 9.28080619141645 14.5169691080169 29.5022768882684 20.5137754106171 35.0675879097762 287.082291816115
21.329776109229 27.5626642116633 13.066917631168 7.28097264873853 29.369869977426 13.8262969109505 38.59467197266 131.046629137061
21.7583730084463 26.170734019766 12.9142745696388 6.49886671263477 28.8079460412087 16.7616156404468 36.0557619735449 290.435905393697
21.012165455231 28.5099852340799 12.6995793927748 8.04757310891858 29.2541552219061 19.2708250817029 24.7150719901006 362.770935446885
21.5198933620052 27.9847369759066 13.2330794723744 7.41584597076803 28.9081618620863 15.4628514577185 36.141280425744 289.963212781119
22.3558691469934 24.5441450474507 12.8913606450562 6.5319730554188 28.9098989575909 11.8160410575188 16.9924902860515 323.688017966574
21.0282603630446 25.5847617057986 13.8212394590084 8.19202004156348 28.9362046605355 13.7474544079833 27.4307614468884 381.78378299474
22.0222657358499 27.0634969633497 12.4048052630483 8.06336895846038 28.8833396370401 13.0305556359977 33.1409158541184 334.1064922368
22.8252481933882 26.6633783067401 10.3835871039582 8.90789848597934 28.6817174637163 18.8441734169096 35.3994461674301 224.953258945835
22.338500643301 26.7452887777834 12.1787973514116 12.3926725091658 29.2149455700005 18.1915284978077 46.0700596734893 247.627877524134
22.5785754987147 26.0665528556185 11.2221233279316 7.98155333663137 28.8694083434196 22.246812985844 38.7162356568691 218.978534701958
23.6726771354993 28.5573928496638 11.3593810946142 10.9989940867967 28.9930093697988 16.6526630631582 51.7582687825158 205.718929004271
21.5320704922336 26.685258695023 12.3856381209447 7.6422553539356 29.2718251498483 16.2769598486329 38.7850296992644 265.463839102906
22.6330519810064 26.1204980396709 9.75861881104086 10.0255980599734 29.0502623225134 13.2117957145814 17.7169139588434 374.245221536529
22.090800558332 26.7710300764706 10.990766201855 10.1137061590539 28.836935447769 14.1670519560464 34.1717158943816 303.843152491067
23.1732348147156 26.7459624106883 12.7022394658799 9.62595719113941 28.8579860105381 14.9777292423837 18.4819828050729 393.752853431897
21.7819442734861 28.1709248911954 12.101793208393 9.94425217793077 29.1946698824228 18.2817794192023 26.039051228875 341.51678030325
22.113182661202 26.1550202620371 12.5631974132802 6.71238707279716 28.8618150875186 16.0991064534452 38.2183984730306 283.921582635945
21.6482513933434 29.1860277757574 10.6283865589316 7.81334006911097 28.8122033641633 16.9607450269535 31.4322001574291 301.978064909648
21.4892051193565 26.4134627935969 13.0021341303697 6.52299437048363 29.1549964538445 14.4713241033559 19.2361259146095 324.26877330988
21.3073769689415 27.2541434455274 11.0977490947385 6.88333500391034 29.0040788547074 12.7462776393662 37.3672175554462 301.667098256629
21.9111297482983 27.6558628159389 11.1828479508502 10.6611055390352 29.4001790978117 18.1234080022493 35.9660482535296 321.710132613043
21.5134425649348 27.2827600237135 12.6519750669327 9.70471647025665 29.161386066316 13.2745929116988 26.4803748943603 321.25852077693
21.5307664870908 29.0754593421467 13.7221652789006 8.05534452971345 29.3989268514244 17.59365626888 42.2348308974791 159.71482814928
22.0230001829146 27.1072444225842 11.5158961861324 10.670410098491 29.4427105345407 20.8593929661234 41.6589145315402 232.548858370225
22.0005933952536 27.1193898105593 9.29173981182921 11.9956154595642 28.7540110186635 18.2870941979245 36.568457164329 300.455909534245
21.8599555274458 26.4511709216805 12.8041983771277 5.47230879165152 29.1923766193793 12.1133779422805 42.6648501985245 271.50513917569
22.6905949625112 28.1269127762652 12.1952939872459 8.10688561325687 28.6321177235309 16.43413181496 34.5580097984711 281.949811225873
22.0677156448044 27.3678596159978 12.9500772116021 11.9844308872836 28.4533078589125 13.3545052689753 33.3252332798954 332.257836753781
20.8543453732354 25.584900353282 15.460410026883 7.76941287689007 28.840431240124 13.1457001031533 45.3047874490913 267.671892335542
22.2160007599596 27.8988507085662 10.4531350464091 8.68959558575661 29.2384556214629 18.8803172614708 27.1073455710809 334.811262208026
22.2241551141907 26.4851549453462 9.60873521659767 10.9399623805352 29.2020457280904 19.2843558297566 45.5483041142668 138.523789948425
21.8067056220332 26.8235326796295 11.0065136677456 11.3556454054807 28.8777836532756 13.4610983812883 24.4133616892076 320.91575563061
21.4224290764082 27.2103437922688 12.7840744599247 5.86217028536481 29.3961744907765 16.7099049629098 33.7455490562921 305.590323833774
21.4269339413103 27.1603967585885 9.53541909273617 9.01753226488064 29.269375638032 14.8269842860113 41.5339788812093 264.387686193113
21.7185900072942 28.1141592536564 11.1311373802345 8.89325479770535 27.3760079450809 13.5744216040176 30.1251854962831 263.754599085012
21.4917839464014 26.9155838197322 13.4957312270748 10.0525013928745 28.8889385870728 18.7469098063358 23.9717761685443 386.953793052941
21.3610234305037 28.6008126122023 13.2042539434956 10.9725615897979 29.2823042700478 12.3504443927327 38.7465551139882 310.391548756798
21.4057039483479 25.679685889602 14.4219971458468 6.25287775196143 29.3294448225229 15.077626635213 44.6744506635893 169.206743903227
22.4377021318179 24.6907614070544 12.4852131747402 7.32603398083635 29.2480669238964 10.6702834118072 29.1098063265925 421.872776577844
22.4011474628821 27.5895285937142 11.5632728691676 12.4546063519101 28.8717186090081 16.9056816026123 37.2031769815601 298.745013434041
21.1374359219944 27.9074889620731 9.52802554359976 11.1133148162129 29.1604842749406 16.9129189795676 31.3256736352867 305.709849503309
22.6737038883815 26.9304423399746 13.8357332570994 8.7829160883435 29.4905955509539 13.271917263762 43.9344120215584 189.805871456836
21.7121561135907 26.7072741117979 12.9318204709365 10.6485695769984 29.3069396000782 17.8567422804122 29.8681250803168 333.520301432939
23.6667225842522 26.5403976914976 14.4403688075414 9.22424393448984 28.9724463712577 17.0986650798653 38.6188072788576 221.366092078695
21.4144015100851 28.3970843674016 10.9018714733641 12.7395600526991 29.4510130419587 13.918092530364 44.4081308490787 270.456638893165
21.762449709663 28.2883863306609 10.6391256033038 9.433948909234 29.0702059670717 16.1217326549196 36.254322923688 309.237373488058
21.7385508707596 27.678309160999 8.97914683131197 12.686345468089 29.292756086952 15.8784090973575 37.0405351124993 292.906155662769
21.8748123088455 26.677425430457 10.9799047346361 8.11068583862043 29.294327441346 17.799418194375 28.0111070115513 316.502762073886
21.95687633902 26.8309037299502 11.1145682372708 8.85079824245981 28.4468537405508 15.3209179117158 29.668219386743 319.322997008269
21.5327077990118 27.1819077226602 11.5014815530781 7.79530792148902 29.174118326063 17.2773851611451 43.7806229177301 266.549200114148
21.6520441310964 28.9827524242061 11.4007047334771 10.8022104122865 29.063854973735 15.3926858625104 31.5728433788299 310.797944955564
22.8508587273004 26.219743469776 14.8442337289364 7.86255499985875 29.1988976775694 16.8117795067999 31.8605330702759 342.063261784044
21.1389060026608 27.4537658717251 14.1958623193689 6.37298408447234 29.5035777249847 21.5426992410104 28.4218157855481 334.157564762963
22.2326679214074 26.6852044104907 11.2880907641928 7.94220355168734 29.4060644080467 17.9795996064648 37.7415864202223 218.776455832342
21.4355792968962 28.5046329581988 12.5133257491566 10.1270834564666 29.1528910181437 15.6070652966555 41.214711220478 178.995653011483
21.8713041263023 26.5720520001144 11.4492928686959 7.03302293142465 28.7091660569657 14.1270686108441 43.4216022269421 111.177250477301
22.3652750205532 26.1632552916187 13.2408596141454 9.38840810886995 29.0684038161631 12.6257612395438 25.2495327036856 330.164363561526
21.604460623411 28.5226882615543 10.0245682783055 9.77774799973111 29.0367941698833 15.3398578437161 41.1723070225757 230.215159299886
20.9576082168799 27.2412690334905 14.2731577755461 8.5784660679311 29.1247273431878 13.5192921826867 37.7149018714376 244.662755480449
20.7460063294879 26.7322624500616 10.8714990506669 9.86920154698863 29.1727768123841 19.0523337959259 41.2883600026516 184.108334366165
21.6729530064011 27.1686033730517 11.7625491906621 9.40423888626661 28.8615820326645 16.7078683224392 33.7110843409456 303.103649914051
21.2301696248356 28.1356959803816 13.3083560648624 8.62686931253686 28.8762830904485 13.0800509834055 35.4134488600886 372.963052080963
21.5002303982668 27.5758526703747 14.1649286126894 11.0354002068802 29.2203400109533 17.4996362076123 36.2450848356532 292.439999722671
20.9993140841343 26.7747764834582 13.5411453623139 6.5067243138785 29.1905529943445 12.8612105231605 29.8278546087264 319.845268123922
21.3521510623555 28.587121876647 13.5668875558618 8.91191523704865 28.7153446472747 15.175166780647 45.8471247153819 256.843227637607
22.4881704577227 27.1758055190026 12.8754659428216 7.76255668834918 29.63861033239 14.1130730041424 41.7284262182571 192.251315822437
21.2065500351821 26.8181087649866 13.0366762337742 8.39388186836794 29.1776536261369 17.9615078473027 42.1897989384324 189.214301368991
22.5492175402471 23.2419401231444 9.05029367514135 10.3270726051611 29.1495585326114 15.7870806728274 49.3987218280649 139.782450435591
21.1646064798615 28.4431845649079 14.2243933014476 5.74701218040797 29.0996373172771 16.5902010144012 48.7683923602255 296.701593304734
21.1565287677871 25.4377845760504 12.6224181631878 6.99006746959216 29.0080407787789 20.9024735076334 33.730757187355 289.373011123552
21.3580440641174 27.2879473797644 11.7000727430491 10.2002812256935 29.0399960286301 16.3875740939895 38.9036835800454 246.231729477475
22.4258210118849 25.3398644990698 10.9911684234614 9.01382400158747 29.2675929385007 15.8416891187643 37.3238333026228 307.61409367216
22.4297321033331 26.9859212180844 8.04386111115967 10.5074699628034 29.2933153477279 14.9539880334214 30.2064496715906 313.392982398289
22.4622492139321 28.1121863535646 10.890910516452 7.53891556175746 29.3376902741206 13.5095968054704 32.6296917559313 283.105768427587
22.1919153097244 26.7838227428549 12.2592300976364 9.28888073340209 29.1450354729639 13.1593442809974 37.7349373675215 264.200489585646
23.1264293807568 27.4962556953559 14.018222708043 8.28890268926793 29.421724555216 17.8555086068716 13.4072798204676 354.874582347519
21.7993348457878 26.2368405664063 14.1177649984754 8.6107166718379 29.3779692423295 17.0171867817015 38.1476105742306 290.355679523749
21.3066349853296 26.7664644070788 12.921245649397 8.17650154814254 29.020059150727 18.5116263501839 42.9041903299981 198.165974171293
21.5581369322101 26.9289782903688 13.1190967109839 11.8739117629746 29.0691457318187 14.900929747277 44.3381070254053 195.743718474093
21.3581189216279 27.857879147498 10.070345352617 7.88797141185374 29.2159450014626 14.4536195992156 31.1321865587013 296.695500546665
21.3393890618266 25.6690446226374 14.1698358459681 8.99557841963453 28.993251117794 13.7983659325617 41.8327738341531 179.132364691756
22.793303466582 26.2197433079582 15.0999746547501 6.48354478672459 29.246481316054 11.128379994637 38.1177517206122 281.124419051968
22.1789383009169 27.9414637625797 12.9543231875153 11.4423639869358 29.344830259058 13.2992022436819 25.9267920695338 359.28517313603
21.7123442513861 28.7595932387937 13.4542275271726 9.20237890465671 29.5025404636659 17.2718649092384 21.7295474151238 345.688933798743
21.4121090695123 26.4766200782753 11.5709942755389 7.49546606698826 29.1832424686962 14.9520065538702 29.0379102200402 335.532919407382
21.8665481605267 26.7291792098474 18.9317317273753 4.83080952392816 29.2163118172896 14.2766469789397 42.883924086975 198.665528931321
21.0501236452569 29.0665628602732 14.0719254252387 7.21026308281449 28.6868021559462 12.8063937495729 33.7760549453432 315.720850520569
21.7516580088557 27.5391243922862 13.9218867228233 7.00284737898854 29.2705323218172 17.2175452734502 28.550546174772 331.185864535999
23.0045643611248 26.6060755627931 13.2856894544547 7.5731749204666 29.247269653997 18.5105683907567 29.931644617043 329.681064078194
22.1022348342435 28.6765370224346 11.0821283114632 7.09724475289596 29.3085510312777 14.4392559653722 29.410058854955 301.394728175354
22.1890808284882 26.9003613858513 9.6581039832337 12.6485555946234 29.083362357936 13.2121960002836 40.0369618308335 283.491427622585
22.441247441318 26.4587546641853 12.6145856384409 9.03838029738115 29.3490995495075 14.1349593847648 23.1868137228283 338.842817779451
21.150272146807 27.1120268823293 13.493826957038 8.36330938787768 28.6950269143262 19.869825474284 46.5496448700068 218.335973670731
22.0350314150701 26.7935254701933 12.4443948290407 8.96486576620505 29.0153821920333 14.8269986763149 37.0227550388114 309.776974330981
21.3387824972373 26.0714681859859 8.25322863302103 9.34293476835813 29.5390571054945 15.4646021682537 37.2958457878436 288.647421475194
22.3230752273385 26.5182427047749 12.6082871054226 9.70362264618881 28.8502531601733 16.2455464025741 29.7920358378631 316.921916276129
22.9214521277483 27.7120220658007 10.5026402617887 12.8503483087313 29.0875637682935 16.6836799842363 26.6554206181011 305.759177128534
21.6473415817204 26.2499664763157 12.1393956620762 5.90148883066216 28.8685719131471 13.1238934457763 36.6593869526724 225.476605576268
21.6779165934439 26.8820852732553 13.2901517261899 8.71445899493147 29.4463030344199 13.8882910942395 36.74040735622 228.743053392909
22.4766356293632 29.0198811823404 12.3645488223685 10.3188236555867 29.2823819600893 14.4186353929837 24.5555717267346 372.258244905294
21.3410482993326 27.6004863309622 14.3765042211763 4.84650175145846 29.0827758911346 16.16848362989 43.1783948551291 212.942262070504
22.2308642994052 29.2214013558665 10.9544822858332 9.81387642124723 29.3894645075306 16.2818644142512 26.5862581478329 338.083115880757
21.2656972757258 27.5676326299357 11.4121935930797 10.5997059498835 29.23771338099 18.1392388544089 36.8269775510575 259.498085392967
20.9200861235626 27.1164915505144 13.8982480128061 7.2949663058975 28.953050291862 15.6269211815348 41.498933955381 210.281022746015
22.3606189458439 27.2592996884509 12.4323717315751 10.4166570543224 29.246516920425 12.3248732268663 41.6187859712127 310.411991517919
21.039167187287 26.1535773738736 13.8134924752453 7.21737163424786 29.0488797979228 16.5196724954859 38.2859555620144 243.48930904833
22.2572456475082 27.0983309386885 14.5179223818864 8.83868607919043 29.0520951551001 20.0395251787291 41.7558099729624 217.549821546039
22.5326755775297 26.5767316694676 11.3415633654842 9.72177121135907 28.8392639459631 15.8511709149467 16.4720658828352 331.906341983055
20.9402116338162 26.7198679155771 12.7783382236819 8.13595247216884 29.0473837966364 15.9996728672221 43.9220712577975 253.330190205708
20.8245291508402 28.2347610591395 9.34579162944094 9.78523917285823 28.9378367788342 14.7093846597351 44.8286931344279 190.515296202327
21.6523316550465 27.3186233786161 13.804510477604 8.3695121630847 29.0556922589085 14.7422681402562 42.5800318709043 116.198385991811
21.8222835431402 26.9309107390983 13.5989143185682 9.41636831124556 29.3675502562539 14.8349571413942 43.3308173852405 263.874926211905
21.5447778648498 26.7469727261242 11.8888442691965 10.0010906053794 28.9810518543325 18.4964487862555 22.0179700823639 358.475072367381
20.6680967612364 28.3892469683904 14.8346926230818 9.85594798416055 29.661411711014 16.4547531783377 41.9852901520629 219.259444308921
21.5328791910816 28.7475733601928 10.6478280204479 8.60447058064296 28.2817399772483 13.1548854660801 39.5721338939384 323.625302752958
21.6956400532848 28.3681062737394 13.8226201557048 7.54057009211085 29.2694499011192 16.4706077441998 32.7157879717984 279.458889566594
22.302568657596 27.0158876629566 12.4891691652976 8.27265591441701 29.2504209303938 15.3438221884752 33.3462566845995 300.674675057505
21.8529607152224 26.4017695050335 11.833675894325 8.30334425745937 29.1359962970132 16.8488946879015 37.5847562134017 357.110287213845
22.275565030582 28.1376009030607 10.9394899705303 6.9714067379237 28.8816339989586 14.9767277192212 11.5296253138641 305.017356608685
21.3857952640528 27.9716625078209 11.6801914040118 9.69191727882363 28.8807768040225 16.9239438434938 27.3263003781124 334.225128272847
22.5264621188872 26.3469578606336 11.7424724407656 5.6224115018438 29.6664888726779 17.6127039886762 44.5938945252501 207.533915358793
22.8902169701856 27.0326838758965 10.6978156086036 12.9380170803177 28.4992512561592 15.8254731109454 43.6485117666906 248.289388566748
22.3789765224616 26.6532548390962 12.3728500626045 7.5559986360069 29.1912386250635 18.7674100152782 25.8425196699324 334.43635922181
22.0577559904061 26.2750527505173 11.262965764745 10.2923736539404 29.5459700023622 12.2349845375706 41.6539560026525 173.280273892871
22.6238487571337 25.923059307808 11.8577468796785 6.37333715406251 29.3646420914932 14.7182501945743 34.4912900863277 245.749339824908
21.9318717976459 27.4258352807364 12.9825388305263 10.1183232555188 28.5764040797372 13.7360274973984 42.7527402789457 232.14702387331
22.4377230940121 26.759360139493 13.3766267132491 5.40202621498867 28.9688135042744 17.0886322806111 32.6332837093109 214.797555112417
22.9247248801392 28.0858575371164 11.3847053593971 11.8419978586958 28.8804645777214 16.3644934323706 25.3893633933567 328.383677986281
21.6798831862246 28.0320855954912 12.5649145141442 9.81878919054979 29.1074501889812 16.7159752235948 41.5150230229355 209.016230578845
21.4359510370987 29.3313702155318 11.2540222408191 12.2841075738632 29.3711387172633 20.3146209503771 36.6744849134809 326.745413166024
22.1386118475721 24.5735165287876 13.2574411207095 8.32909476420524 29.0057428671788 15.7299074900791 27.634982377232 348.838459770199
21.6499595667578 25.3529129841318 10.4004199078986 9.00313843784913 28.983096484214 17.0805416271783 37.4326773219097 211.626260319271
22.8162382984699 27.9763684343213 10.5723142391283 7.62607419314552 28.698861600147 14.7888340840127 34.0721207577014 312.284255754876
20.0528987246791 23.6605873173641 15.8566890031202 5.41198954905379 29.1172375534024 17.1413610607341 37.7594465086061 180.71681633247
21.3108546647946 27.8586916083609 13.4545883215077 9.11554883124771 28.8641594216923 15.0629374878624 31.3208296468762 337.713988616581
21.7865461394438 26.6631773132363 11.9836740891246 8.18707603795573 28.8425212349336 14.3796617177053 27.3681683565998 358.57415296935
21.2291224265028 26.5668204965245 10.6672845988569 7.53080514793492 28.7431427855148 14.9675219563834 34.0515543409493 270.87312104106
21.1797894126493 27.5866083653524 14.3501011171649 8.38457111805825 29.7351976801553 13.9197478105151 38.770772337063 230.683696517304
22.2817663104043 27.1481606211289 13.3473570177261 11.6612276602036 28.6529516549886 18.3316668891617 29.2239796307456 352.765819259541
21.8843232633289 25.2350010413542 12.4856614984708 7.11981316081346 29.1310260439622 15.5442632095891 39.8182523459992 137.629937380339
21.9733436924153 26.2889259197199 11.2370922809816 8.32743485389891 28.7593052131272 15.8812784511983 23.575146118598 309.726084778632
21.6584434790369 26.344506400676 7.961703193298 10.3132606405567 28.3446426878686 13.9288660236944 34.2242349534757 301.140132597033
22.1230439432155 26.5539816750649 15.1040472856568 7.26280995126805 29.0701886836481 15.9593971828738 26.5024379131176 296.993662808655
20.8988211785341 27.4188749539199 11.679707691479 12.0473320002119 28.4397728218506 14.5791338183655 44.0058468743976 228.55067004723
22.6773411090565 28.0600812085658 13.0341340949295 9.69186268400116 29.0179843773473 14.5361141917286 29.1092355356582 309.74333230031
21.6759463148781 28.1518512953702 13.0826898041591 8.74963406794385 28.8331478427761 16.3604613804727 40.523187395713 220.745359161737
21.2338137071786 27.3700828172418 10.8907405167083 7.05812886189412 29.4584375411715 20.5309148646374 36.9900197421306 264.903454039365
22.5411474779149 26.1873988515245 13.4455273595443 10.3953085711339 28.7205196906977 12.7758747052512 33.1234088698265 343.93859973128
20.8667439998001 27.4248955185502 13.0206816244767 6.61832943580835 29.1479264393525 18.9259320261743 41.5689593526392 144.671717707176
23.1648344191796 28.5171748750519 12.1309011965805 13.1456122465781 29.1701040926976 14.6896902450949 6.58777318526432 309.660926814631
21.5679604579001 28.3411639518222 11.165190742058 11.1246201615026 29.244173254389 16.9882201506567 43.8075729263385 124.508837031445
21.9209536479915 27.0542139776899 9.47919250590691 7.29969822129789 29.5912468689496 15.0637949568481 47.6543408545696 143.418180011127
24.3160820522823 28.279336678271 12.9017943221032 10.7394670794409 29.1326397652905 18.2730464278851 44.7639227265063 198.2407088123
21.3219417956117 28.1444655569861 13.1024191276903 10.3289477110692 28.9067523156537 18.0955912000383 43.702156334401 205.077588804594
21.8376804888757 27.0268390088867 14.028814561074 8.70216483376853 28.9397246887994 12.5834303342386 26.4095945278627 352.832781215454
22.2334412858449 26.0688695135052 11.5424726778436 10.2574320891058 29.3554764121413 18.1844172653359 25.4482282406569 340.343884274942
21.2572112734748 25.9917048644784 11.1621189489577 8.05479496649524 28.8179526156666 15.042966468263 40.5350036520282 224.867006421806
22.8483256708154 25.897780899124 14.7562807465723 8.21883744474103 28.8054001866869 14.1501237200222 41.1044913724834 208.458012122443
21.3047750740543 24.3944822403965 13.8423430592405 6.62341297970586 29.4785981683283 11.3228415493814 22.8168017911769 344.413627177774
21.7237368990913 26.4221425578376 13.3018889297043 8.43001530783093 29.347718922854 16.3091037343392 33.0184066419192 348.284443471889
21.0240631434348 26.1700015345333 13.7331475850406 6.12519270734896 28.9053456646521 15.1398082384125 31.4826123287824 325.823497022124
22.3211038966166 25.6696477072455 11.6057953142336 9.0591753332062 29.2349945865481 16.7381627369121 25.3774748558025 334.9270479634
22.7047199074688 27.7563075456405 10.0063429826121 9.03982573757873 29.0910253329072 17.4037563257116 47.4281161853269 169.571133322434
22.3186830596952 25.8775688698006 14.5508608604364 7.87670871839488 28.5159439994186 12.6658468843241 22.7258479251218 379.968015236981
22.9705892600025 26.0259363292919 10.822060977354 11.2918758732363 28.6866769430583 12.440055956392 26.3817844948629 334.569429807977
22.9200828066282 26.2159586765521 11.9519290016232 10.3321587370656 28.4227882064785 12.2262320697644 45.9400037965036 216.665681313582
22.8234904333029 26.7836763660002 13.1697111694948 6.84050865612011 29.1516500515307 16.5233154021896 35.3104441748846 283.032584939025
21.7757438242013 26.7227603454682 11.9446655318342 6.39808933188914 29.168940213838 15.5218941214445 24.2566509129295 314.541012431049
21.1816908068952 26.7092091376519 13.9572602052192 7.96369144723116 28.7527176117697 15.0632725610555 37.6537256245557 289.85114034161
19.3776230288372 27.3611650594934 11.7540619450127 9.95193361384367 29.4386779074601 20.7136876370043 17.2123153076384 315.69639753916
21.7243394538491 26.5212567832958 12.9387448323953 8.29825620837047 29.0551489306413 15.6665751329195 27.1431939046415 338.343226779636
22.5981551428196 26.4828755218455 12.9591549244596 11.0752884679183 29.2285253355729 16.8263284107703 37.5086445311218 315.638625110667
22.9217183840986 26.6931430622101 10.6992584041614 7.72494531709134 29.30749366202 23.6948189823375 33.9728523623284 296.033057397513
21.6038573162527 24.7216042361512 13.5556275239078 8.07902068785499 29.4336411672577 17.183819775875 42.0091801108032 247.642476734728
21.6880139803143 28.1788926382022 10.118022933204 10.0347785709218 29.1241272694377 22.2707425233439 42.2698191392926 196.936754839898
21.7750653526062 27.4990246853529 14.1609049426009 8.27238010286997 29.1559675998686 16.6004910270976 23.6962216051869 324.657003284808
22.2592946077618 27.2045621678995 9.92280387717767 8.33288973473514 29.3027751434651 18.0078486141738 29.2875427150681 349.500091944822
22.1188279275128 26.8016288044725 11.0169654439128 9.1963913387575 28.7311479505067 16.7357802639575 43.205778973071 197.303155718785
21.0403200079283 27.4655591908327 10.9188696116568 8.06343123762581 28.9492271283174 15.1403101180649 25.8439211068679 305.254302771916
23.9953356388516 25.7786115032307 11.2562354041515 8.94251233851576 28.9098347765866 15.4233034937918 20.3729783368263 339.209371748064
21.8256341798432 27.0265179337386 14.0660874035175 8.99397126819523 29.450226146111 19.8455457503446 36.3630682984203 327.339155765601
21.8707178576907 29.2725756671601 12.8421930611298 9.75979637856021 29.0338031817149 14.5628582431754 28.7294184311145 362.334150708136
22.0632233812357 27.8249588974552 12.7747219053836 6.25871094504719 29.5029714513002 19.787992593561 30.2176159105565 324.758427698845
21.9134635013832 27.7679609224087 9.77052790868315 9.59401512390326 29.6223276173361 20.3413845812393 43.5875992952587 127.952172126161
21.8686123333335 24.9707161495636 8.86221359053934 8.01750960458265 28.7089146299581 13.6739493148279 31.2617760723714 297.125393044932
22.3147938835401 26.391187361261 12.4596549801777 9.89380286572785 29.2195049364542 17.5515721157308 39.0516625770753 262.185905952412
22.067768110708 26.0074377570936 12.9246811849634 11.0963672808381 29.0352561624301 16.173065967159 35.3627273582757 291.269379681145
21.539183496929 26.9884760571694 15.0474218085117 6.31111304022987 29.1248718477393 16.2552434744233 35.2454994074869 301.41614806024
21.6207463694425 26.9805375981062 13.9185067076291 6.49126549824364 28.8189867079704 15.6882202786225 43.9117839129163 218.316906788766
21.8662025532774 28.4038845948002 13.4619201447838 8.72235527376157 28.5624176358525 13.3731659472919 30.7415438049399 320.68550043424
22.0521013044225 27.343437964049 11.9127097485106 10.3085610547787 28.8013983891078 13.5704650838014 30.624208061542 356.03009678596
21.6731949278891 26.6627150096071 10.5023527646711 9.43294784509584 28.7214820896384 16.2611278573266 37.1068018808784 327.065996447601
22.3656948507163 26.7437607820067 12.8094260131116 12.0948219579748 29.3816807901779 13.9557982095264 49.3192701560501 278.177479501215
21.458447541471 25.8016845146867 14.3287772948753 9.39891979688357 29.3160035477427 14.4955846075485 28.8591798527802 359.044419909201
23.1892913298934 27.7324750410411 13.7111191145231 11.3270365514622 29.44163974315 14.679228431108 22.8753507168287 361.750791843293
22.4479197604217 29.3145876542439 13.1687483283462 7.38403822232285 29.2964112894808 17.1886529658096 24.5143249496242 314.627866129871
23.7724385182395 25.3376516238199 11.181241875105 9.54056549509206 29.1233118746739 15.1275851346276 32.977380644261 366.067316359076
22.0474006266549 25.9875157010729 12.2889236958088 10.2219207667454 28.5312163278909 17.0493655164412 34.4025614568844 315.561980094177
22.2100084989783 25.2007494988255 11.7542681729655 11.1605909077326 29.2383616590609 14.546420928022 30.2876734941876 332.963913357572
21.5723142616194 27.8038396336542 11.3738671887143 9.06810806863317 29.4573987651955 12.7724092721376 41.1677731842476 121.072085211334
22.3127437183596 27.4109915561246 13.6560557081352 8.42509232487663 29.476266695764 14.6819822947127 42.9634063378387 207.152786090012
21.8188581752071 26.578740336123 13.1112434081314 7.85444903891899 29.1324007888628 18.0531302612017 33.2982663428464 364.389135811618
22.5422648265583 26.1168355853582 11.5240841925638 10.0159749702609 29.2072571033694 16.835459829985 29.8849131889677 349.267832887976
23.1978949425844 25.5693058371209 14.5835004375781 7.78704476551007 28.7693110730114 17.3363236627293 29.1481983745945 296.184473306531
20.997184347529 27.222869780383 12.8204462227442 5.86099785539102 28.5823085783506 19.3590963267084 36.1850982908799 266.416511051494
21.1513366781048 26.0936864264096 13.7887925782937 6.75388821802515 28.6813147982755 15.4623088755253 25.3116889458319 316.585133229336
21.2679921283743 28.2130221981186 10.2520745471188 11.8686544244888 29.2098039960066 12.6941325761312 35.904323471168 280.234303388797
21.4171141913024 26.0993523638367 13.7056678723825 5.9960130996591 29.0650151201072 16.0482747298229 47.4773837066304 127.853847498756
21.8593041383473 28.1083803362501 14.427233401859 8.18685213606833 29.0154783491521 18.5808083304268 33.1679883985223 293.202180226745
23.3851327222104 27.5646749961271 10.9361721499747 10.7664983790211 28.9465588301671 15.5839311268375 38.6412040572816 232.559505688171
21.6057549375551 27.889851666163 11.1466285114075 7.29674532983745 29.4357905337189 14.4151612238331 26.6269712661987 329.519578681106
21.1268549207758 27.7000031352552 13.4962291414072 7.90021892777111 29.3979889671566 18.2806529488362 34.6123500021742 233.533846696721
22.3662677899787 26.18952408526 12.1958724816542 4.85763648011515 28.9091855727595 13.7069575655604 21.6876869161036 332.930877640717
22.5037076069864 27.2097597757868 9.96925329557219 9.58189845463961 29.1117888951958 17.2944100957199 37.6722257136113 292.459236147863
20.0947718636041 28.5188505430199 10.8656382227654 9.34428483709265 28.5928153658759 13.1618720142767 32.5339477909887 302.911722699403
21.3976048574708 27.9944203872657 13.12275811187 7.09912638086092 28.7170048539747 12.7429479895891 38.012675295249 294.039203012229
