26.9367718314185 15.2871114138614 1.58012782948279 13.5452396011042 16.0609669759702 6.20891528315467 511.150758817309 501.38103936627
14.1264409536726 12.9139662409527 0.500646719400268 14.6302033425625 26.4098217017219 18.0931487811364 511.406407659181 490.573965657954
9.28304145848267 23.8895054918631 2.3898907966542 12.5838474055153 28.2842869036962 16.1325429916612 535.198344916444 422.31270904381
18.1038212692143 26.9680470105842 3.22132993414219 9.54271832250361 16.415782997215 18.6740298684009 501.457672469289 486.503187877155
14.2300950610487 21.2574148950652 1.15282980495223 12.8942837498044 14.3131199796943 3.764785043805 518.635204320544 441.330490439572
13.0611128995209 29.9989789269631 5.07532265013053 7.91791535434061 11.1553197729499 20.2750692604924 531.544132679025 406.650199245162
7.5381965215797 19.729143453027 3.4390333603467 9.55548866895309 8.79209935239195 3.25220247538426 533.145782771443 307.562237867745
28.5754818567927 9.61999093081903 3.46080564980919 11.0318702952818 15.0804083679936 27.6265192915357 522.967098545514 470.580050597724
8.53609498632485 25.4585921616487 1.03933696193301 12.4478164369639 10.8646607165906 4.99425739286051 518.372657971031 359.733134056031
17.4959772576403 18.5026353046213 1.46143762713499 12.4169825093426 23.2586178159069 18.5011340448588 523.91191212347 440.908804018883
15.0029117112339 29.5997679481156 1.43079561040622 14.0589464286068 4.67195745243606 8.13153988787329 520.130980160721 448.279217178384
7.40366016500479 19.9076522721296 1.41409724905215 11.6656242293719 14.7926483196035 21.5537753881919 531.613373892436 235.810606351709
18.9620930613966 13.7959691161786 2.96607270357359 13.0541390073573 11.1920771829957 10.0170155530313 494.975999776989 488.267973958433
3.84112805447756 22.4832882325622 5.69603630346035 9.42459797936284 19.820605506227 3.38195587169173 534.981255679044 534.179480053162
24.8581423429796 26.6878888621533 3.6356510983538 10.9081179980755 5.9595128973872 28.4205819122231 520.557604971521 354.50532388076
27.4365153401545 19.2557036752248 3.12093384769893 12.554593656561 24.3812513311471 4.20684315146632 535.569357239772 330.01587568639
7.37017323115734 24.9105319563069 1.06684143501627 13.0322441260852 18.0923599072577 10.8997151482826 528.221130803895 500.468128948893
12.0219777562019 29.0060206902867 4.5057029016461 9.12001061562319 22.0589704573321 29.5676660866225 511.037805956939 460.830561864492
13.7189865527731 25.6318989099168 6.4311906783495 11.4824096284454 25.105235201061 5.48281359776042 526.194007533807 384.36613114124
5.64272339765637 24.5532480670002 2.41078865765032 12.0395038543339 13.0602341434711 15.1145553879547 537.047294405713 242.374391300964
24.8467448945104 13.5043191007555 3.93819981056245 10.8283041273808 6.17706823012228 22.0270290091776 533.117891939836 428.736558969618
8.81914566821345 28.8250932449723 0.720888461303552 12.2579618753778 15.6824503758989 19.5816080956717 530.150227529875 383.474414704743
23.2656539486289 0.513956480832868 1.2109566186214 12.9571557971299 6.13456408460967 13.9438773636121 326.410917439014 537.87004082627
21.9095455126651 26.2091348747023 0.720482149611093 15.0787504936512 16.725501842149 6.04444890530859 537.004003817276 116.894539538297
20.6084227855432 23.9241264195553 4.88385965710782 9.65079265430725 24.990054366218 13.5799653285404 530.360384741742 253.182920659061
15.6212144446152 27.0774362168201 3.76988699148872 10.607141779681 26.6824687737959 1.07142253045291 526.513091108166 300.876476990923
6.84212112303601 24.7385025805636 0.162620051827867 15.409026895772 17.2347724796106 7.79661844422611 537.020786893431 65.0659624679634
4.91721936183911 28.5101371606294 0.544050047626686 12.2337337071396 28.1813629946816 8.520436450518 529.632605680549 422.313489804673
10.014471507298 22.2633335244389 2.85853132158653 11.8165341803752 13.8077230131746 2.96240715205125 521.139924505462 489.659705645504
11.0139937364174 26.6542380184593 1.86316058328943 12.5310755349539 10.3342848211985 7.05821054970134 486.692979472217 345.39004427214
29.0739901192514 8.75129678506978 4.27899441784984 10.5260720027984 14.6395981759801 21.2527966618058 514.771527411779 517.968664443392
10.0206890040834 29.3988848438175 0.906659360805769 12.0755531243554 20.5717900561475 3.27313890579221 508.59612147094 479.486728515235
28.3586405143533 26.932823507785 4.92036336459055 10.8933266560185 19.6000317366444 0.59757419390892 533.308583635939 428.08393854253
11.7908341432358 29.1967024384936 2.11022513397293 11.5516151624324 9.64716432038377 9.63082853877848 511.721970449164 473.065251746941
20.4462764896774 21.8710419842295 4.97200899917657 9.34501604769895 23.7686224918316 6.10090152884984 535.556148994559 371.648901561799
10.7376944830434 28.6505356146985 3.83147856046304 9.97006127733611 15.8543031942628 19.9968118505041 526.349395373337 443.590753180421
13.6348015774282 28.8488881339266 3.40805397366824 10.852082419323 3.74640413858183 14.5342885083393 533.799842407566 377.545619835461
19.4876932361108 24.9988777405645 4.33273442627749 10.0441270325213 25.5962607347147 7.8809174445146 505.571607726257 433.899863794691
14.2116305218518 25.4170527803657 0.396449890671612 11.8376166676375 20.1391775632845 29.6222176983771 531.307081444697 290.74714395871
15.0361909355564 25.4423986551802 3.65491337467717 8.97455762728494 19.7235879762396 8.76592255696039 534.711165763489 298.568635075476
14.6135925286958 28.7307918172084 1.47527352747934 12.4158693424932 4.19726102449157 4.2551694339572 530.062261391725 376.147790976697
17.3169702214049 20.6552196612433 2.97125591584617 11.4014291704282 11.1809107540885 22.8182011545246 505.209201681273 450.38650815423
8.84116343568303 27.100143100004 3.21566422663116 11.6521071038293 16.7689029284341 24.9551215484947 520.232712931205 469.352865700229
22.1087572301541 21.6447137980736 5.13773596964776 10.2829005182946 29.1602500276202 21.4384990099233 431.127226142184 505.476578191792
14.4807990424217 25.0203735222558 1.64409204463577 12.3419497355663 20.5312626813536 8.11728134872248 520.458751112601 254.184325081139
14.8943032817472 26.6814574734064 1.8390485834507 10.8376114455681 13.4454076276942 1.75383034921226 528.393911011649 329.589222063213
22.8082872561002 29.6332833629785 4.15889508044093 6.6593363677694 22.0323163233722 22.0336252982874 467.48474072749 281.993352503235
14.7025641030937 26.432137508138 4.38296152567201 9.88634043368831 15.1116750983328 21.444650543277 525.379044115832 342.567594125308
28.2808294544632 25.3090755262131 1.98877760352994 11.0333216244186 26.0852459099993 3.75524343764401 528.803618571044 395.456725463304
13.046118442969 17.2053780452032 1.19351807235331 13.3648972481361 24.4053546196976 4.60603931304862 529.160625559239 395.298395942281
14.1754193239066 17.799385370456 0.0942601436400953 14.8801035866518 26.2254729167415 18.0823737330684 533.776202554033 428.239444891375
5.47778990228154 27.7935607263109 0.234982129272774 13.7676720749864 22.4020581748125 15.1599856685395 532.994051911708 497.879239022036
10.2739911567506 29.4428697980986 0.407246873992167 14.3109802291966 5.86778977860602 5.6407972532572 513.068642290809 478.385133302831
14.0842648676069 26.3964380906699 2.61292267806019 10.0617649850361 24.3422983458908 18.3146606059282 514.532343133208 449.198829040816
23.7997160594609 23.6567335271941 4.51316497018559 8.10103008479125 6.60350672071082 29.3106370382843 528.739277468503 396.970747536054
17.8315881409965 26.6713099355795 3.34078173421785 7.98816687252985 7.60884638265581 14.2428472836856 526.786776841651 470.287607266242
21.4486747603485 18.3178090110373 2.15814862495138 13.5183617026056 24.734863531608 5.70949560526525 523.671726854306 491.123977301556
11.652456415668 29.7241786514153 1.15448006004815 12.8195172996818 9.79213935046941 24.9210296911283 524.234031804558 452.970974492598
13.46132109259 23.7152523228932 1.01029360098519 13.394984381581 6.48108387289999 13.9357236903394 536.644741581634 314.936969712295
16.2547439543535 28.4731606402677 2.95554191827802 9.49182584378226 27.9350087717902 20.8596450020661 539.574524938615 153.29026963276
18.4897533238743 13.0327497163046 4.60698362770861 8.93065030052052 29.9008565017787 26.0296764358193 453.455922006842 508.010446157302
24.367815520321 8.20986658168942 1.05946932849315 12.6459768367473 21.3293463312439 9.6402969423485 532.498099852485 491.052968055041
29.4061056967479 23.1239206979299 3.02021352079636 10.8646828933361 18.1828539355112 6.43590740302761 530.281313841498 379.192296196173
23.3337458050389 21.84267185803 5.25357963942563 9.37501732909334 25.8373857331232 10.1242552387307 507.917839847143 503.637679381415
13.9680840810218 29.1549460771916 3.28644583778888 10.8175774331095 21.7024373874616 18.8189253708929 492.370265112647 411.877305865051
7.46602265196925 25.4568004575841 2.74467278928154 11.0406637539195 22.4827463607665 10.3416164690594 534.605003618979 367.664434179132
19.3366267904076 21.1165698090767 1.45936164275312 12.5098379460578 14.9440133501734 5.58037863909472 484.890794463792 513.729591065383
7.90980001413625 25.4791856494268 1.59116909968426 12.7446812455295 25.1923436325839 14.4428921261063 533.967813146129 44.7292603123371
17.5838491420607 16.1496048434512 3.31329057197271 12.0908067635864 4.23902228792911 17.1581915153983 529.429760416059 492.360438634879
24.1326328012467 29.3097726986464 0.85031951885814 12.0615617584613 20.601305278734 20.8098168232198 479.278859865756 495.87737183329
17.1150123759349 23.1769079275724 3.04696498949365 9.7552383838697 16.448561024229 12.4612207112768 515.19659732177 446.304756442976
9.64679253192398 26.3986880320895 3.39314839145853 10.2142163392299 13.7052939162249 17.2239599125894 528.649841510741 309.600308405852
12.2468713387808 26.7050747765104 4.11642290207877 10.490997542635 21.5639100455359 3.59848125737697 527.859065419983 455.882615302789
10.8451954220605 22.9324216253504 2.46654049834664 10.7890655164185 12.1640367788144 0.884184682215004 526.14195070465 366.16821295308
14.4021660337035 29.9012612716651 4.2015313491531 11.5087764717676 5.58904012760987 16.3263389543036 522.17512150594 473.523092125984
21.9549486577784 24.5112822808268 4.67201431365514 9.65567084203183 18.6911848834848 19.3579425175537 530.404160535825 223.553862375747
5.52831712762759 27.8084327505099 1.61513863376277 11.2469573182445 20.9566880404228 9.2248132788988 532.773917617394 360.155988982928
14.5697762868164 19.6073191599088 2.32961542028886 9.72756638895954 21.6712193616465 28.7587711805973 530.969661077595 361.843415166899
12.7022601391048 9.02910076775136 2.4641414858765 11.0690514682028 11.5549264882853 27.8337755268539 512.134312018655 476.097586923139
18.641243591039 17.5351893939943 0.851261551014502 14.3556400286616 15.6332489132225 20.9537447076697 526.340291867436 162.366603035215
9.93292545172941 22.1966380963991 0.560275087094085 12.6428913216547 24.0866268888801 12.3291767349105 535.543134442797 333.726150767644
14.8523630105562 18.6056934288707 1.84884913025463 12.7155067315059 23.0299499213381 14.3465494557835 528.820172029854 450.292025340015
24.4220010236871 15.8006067975431 1.65481110879797 10.718382230913 9.9937147479057 16.201897002778 525.740536768504 423.128314146948
9.39710521152313 29.5814466498404 3.11737906080477 8.9836452634197 20.5247888810594 18.7413722641813 531.017898084344 333.404188276225
15.3713171787624 28.6677842862707 0.917889841460401 14.2136616564581 21.9361800444755 25.4475911892866 463.527933490768 503.930888145957
17.7212540380722 24.6276440811233 3.92102992297872 11.7591528878975 3.97935965171391 10.3929976831524 522.655056870136 526.317433662528
14.2952778452922 17.4854099216683 3.49406916471653 12.0795196162326 24.2370062174654 5.14235658541008 487.926142807982 457.196338906551
21.697790668723 23.100884298386 0.864792518201011 12.6179057458707 26.0457156707153 6.55194589149313 501.206618088465 437.460045327635
16.9946761549315 27.3369190523651 5.73579320148008 9.20051792847575 25.4236351231213 4.55880157298968 515.124815110975 418.936802639418
14.1261707970448 29.1215033984428 2.78086460125707 11.8976618487686 6.46507228137692 10.1599196037445 515.070120402619 470.77841339125
10.7700649723475 25.4065681823063 2.6495861616648 10.3091274933306 26.2761833768953 2.20935009541543 523.184760948231 449.950584009849
6.59771025115714 29.9847331479766 7.25827347103137 10.1632200398077 8.7415400076673 20.054605200239 530.750249866238 485.926977777605
20.4633482749156 19.6369054631411 4.95089870091159 10.1715761961276 6.29085466951169 18.592097725427 518.375841111626 453.067090754474
12.6646982935597 28.7415291662335 4.10752521172191 9.54247359333391 10.9807152643977 25.228199608514 517.675243943371 408.860065619382
7.16471551016272 27.6254412752158 3.91776577475843 10.2429783953923 23.0933866115563 11.0236254919101 532.303576938201 75.0706335165335
7.79195533060184 24.1087629668213 1.68302131768184 12.4126932872979 11.24115121525 3.60524389162524 530.955681370349 451.292569489344
9.87767219529788 27.7713447301072 1.52243735650865 12.5337066245817 12.6756873332282 17.6007831790012 528.900180816168 420.059451950572
15.0758596609069 28.00333731736 2.36331151868141 10.3378003205447 25.752285492969 14.3038497363689 518.307947457522 426.074958785016
8.55344576834927 29.9640164606662 2.10109020885189 12.0975603029359 24.4672513045619 25.2383303951861 530.056990632539 417.954370898416
20.1636420168792 20.6626758678667 0.0320692931447558 15.054768538416 22.5390296914257 1.08046172638923 530.571780401659 438.143725456326
16.7000635235872 23.9434505174463 1.00767893866497 14.0783127015653 11.7457614297992 26.6391505426571 532.71917349314 388.816944361702
12.066981736754 26.3530879284235 5.3637454732251 11.5890651219038 5.97820041467218 26.6159581635958 532.074780341986 488.455120728752
18.5627346594402 27.5984704718426 3.73605861660558 10.0459253548115 14.2698306918182 6.44802905817531 499.226168467195 417.929853297118
12.6624611095101 28.0506500605933 4.1440619498532 12.2451862413618 11.49858232761 18.612767912484 521.705826092197 463.32823267628
14.708076775424 21.7664523246851 1.45496232603033 14.0567829077471 15.2671159394493 4.19474940675684 494.44393742809 486.44806136854
13.1817540524763 24.5719194061722 2.38010098992689 10.6573334801441 14.0597761971979 23.1396789784521 523.902100541351 461.537585662557
7.92335205193775 25.4091702028739 4.10988509494732 8.72020997342176 18.7154514389676 20.3800437554487 535.545764530354 424.191449844495
6.44106288092368 29.4634910564216 3.40304990148546 10.9306083139024 10.5438459854755 3.82219315105028 528.991387560629 296.215043893001
15.2152968574564 22.9567213230415 4.52776415397095 11.0309855229219 24.4943399147342 6.2183942330212 526.959664213549 450.117702888558
24.0770251210063 25.0561926368394 5.58033548927316 10.2036769380878 12.284360941636 0.548422452927928 527.875463827918 120.761817163701
12.2622396796322 18.869198219504 3.07416081708147 10.5936501160821 24.7234225150334 16.7262492907629 535.652032029421 528.074041762379
17.6871904784049 28.9252591445696 6.07434098752417 10.1359457102844 12.0471095889549 27.8102629100261 450.564988067824 494.165889622915
9.59410129577228 24.1713358996278 4.52694111066732 10.0396971071161 21.7513387605648 11.5913166798375 537.474344065665 529.258000799588
20.9303114794935 20.0321300524519 2.1887514752746 10.9466390539259 5.09488659002189 7.86416093155143 525.195870221902 475.987469977095
25.96000564706 21.5565197510841 3.45805413940425 11.531857203546 25.6157141725994 12.2939310288283 516.710702801276 501.600862750941
12.7338852338461 27.6104249290274 5.1771096545817 9.71648793160614 19.2001766233915 27.8268043788822 466.097491382899 477.366679518831
19.4117086891011 11.7968039132654 3.0829592903814 10.2031572843184 5.93357745210908 11.667473700129 529.877514888199 396.716047095698
22.8920492182715 25.2025108819103 2.38397182662374 11.558739845411 24.082804745511 10.1143220740334 530.305604123676 334.652631465642
15.9217130392075 25.2248426725404 3.01162411064965 9.36735375478919 9.39995451420117 22.7008413367813 528.628589609994 473.272413660261
8.55332745721294 28.4913689763181 1.40913728901024 13.709139993063 11.5366021743693 12.581096448009 530.572941940036 358.663759326878
12.9374858396462 22.8999979401078 2.22358546075372 11.672937009695 20.6141812400656 19.3187247711853 515.762531438608 475.784111938664
15.9796495861967 28.1654037720282 0.789501089035258 13.134981147114 25.8245479135876 17.6302658088701 485.475508691842 410.524438641648
26.0846158935111 28.0041486818335 2.97157020380133 10.1021633085991 16.7155511490914 2.27884600746634 459.264960666886 438.437634358236
12.2439856064933 28.5296710508503 3.19457922288465 9.91528819273712 18.7387438242586 14.6391531651145 524.668709488072 336.263274507257
13.855449613031 27.0903171139153 0.441798374095432 11.0908079124292 28.4417411275689 9.91338457243761 535.236109909529 111.644615037131
26.2914011160933 12.6184350273771 3.20413014652665 9.07361101028477 19.7037347768474 27.2917148344605 477.767009842269 465.581851718543
17.2641960333381 21.3982725997282 0.197661165415 15.2201454298776 5.21116975269893 18.2964198107254 536.075452194743 284.554528448753
20.799586609417 19.9581566229278 3.97870883648771 11.22047245343 11.3797228900154 18.5981863009409 486.494128589974 495.217950302166
11.465708175477 29.4604062298943 5.63540708455086 12.0090766722755 15.9831956817779 3.20358734682783 521.270599540581 412.59963870903
16.2337006266806 21.56255800325 1.07776710026949 12.6464992605434 19.2682210564568 6.1454581822914 529.596132530035 420.777623759604
14.6695404085313 27.9243485793653 3.77826993870688 9.75746468647283 20.9563602414528 11.560137213672 481.340778051099 503.638376163287
14.7948716154207 28.8140007617276 3.99079121197156 9.82534229511805 10.8366244652944 23.053221602413 526.75338141435 367.02365933567
11.7485283653767 29.0694966474229 0.633212103793576 12.2671208415688 25.4780807905879 5.50930001178309 516.47251780563 452.224637176411
10.6837502442757 23.3127506588519 1.58628190199842 11.5034040526601 13.1617972513196 4.19382847656316 528.59681851667 452.135414263697
10.7236715470628 21.5495272987642 0.989561688791335 12.2962444760722 21.6704681595867 19.2861957521361 535.719327819248 369.65441858641
14.2414453794253 22.5031100443921 0.8491544569429 12.0900689535642 17.3557854954052 9.69523133596963 520.78284787875 502.418756000804
19.9848062716085 21.175303570221 2.03862914877961 12.5255680291743 26.4496344248905 8.18333476852279 525.543003059223 441.850592474922
16.0419912411207 28.3791621943477 4.34863922641548 9.88263732442197 26.9762777110059 3.71233095891701 65.3875395942747 484.402323559748
14.5330747413867 27.0460323227573 5.52975241850495 11.599629004407 5.70710429590614 20.0574135623568 511.374784069844 507.283529950029
17.3276044391528 28.7052835862593 4.5570291607314 10.1422403541326 22.8007922044388 7.98405333847484 505.380696991045 522.398828190122
10.9645483914095 23.9579206093913 2.78550609714188 11.7175414185378 15.8576802507484 4.40785954036863 536.402273462639 268.824913254903
21.2378381376735 14.7745857041064 2.28864147432422 10.0523090001091 22.1331952639463 13.2796739702214 512.371156794117 492.397325403885
10.8425613368478 24.9197283128491 4.96872781963355 8.39492701444362 16.9683779254734 12.0349121451209 532.426600739605 408.334723626648
11.5019223236463 23.1537572624481 3.39009360073638 11.526268115666 23.3100437794037 26.803188986329 515.016020996271 481.605826985018
11.8337312964346 23.8765900562369 3.27105610529009 10.8763878635617 13.3938466952921 25.4334068058761 535.654238541473 360.926691503693
4.83296868862255 25.2950180731939 2.93433048025033 10.5924105379633 23.9209135064229 21.3484320705551 518.231306349791 516.441963520667
9.68112236234846 22.9529521462862 1.40667092314836 12.0499688051928 14.9804296808306 19.7082769925193 539.532876425123 253.050871660728
21.7992347113635 16.8309298225627 5.49270081179006 10.2763484890166 2.54548607943096 7.66013624672375 519.204529764165 456.373840884318
19.6227438776976 26.0015767057738 3.70380581196473 10.0922170572201 9.9319860051641 10.4081681585544 509.740729526491 427.72937848174
13.1535090487327 22.2412522219176 1.59678152834509 13.1434383250819 10.4067546874728 12.6176622041415 535.868713720668 253.089571438136
24.8153263643062 23.1103090922937 2.64543954292269 11.7629306433453 26.9028180286207 8.12796819098507 534.297460048288 434.992225954545
9.65323145045011 22.3310098734986 1.93204635826041 12.989716842154 9.93786232593611 15.795484864661 535.392249865469 231.363415600505
6.72897297262872 26.4014433799588 3.85197264134884 9.95443173924762 11.0634287015187 7.04156302646433 534.928032828706 454.365446110909
15.8875552545765 29.9130250798392 4.18799410426957 9.16202588910031 10.2809989950288 17.379343814989 528.810101331241 372.828987119269
5.64615073596326 28.3961201021457 5.03538500029069 8.988072952034 7.39228775935605 4.24643458833353 538.363575600512 62.538934660603
14.6791533106778 24.5804084972126 1.38821942892821 14.5862342956202 25.5626492228148 3.85403669869617 533.297636297827 459.775329139529
12.351802697828 28.7955681708019 1.44368624885875 10.9986206946618 17.3938597922682 19.0989642601048 474.027703461642 379.506211529571
8.90215356652785 26.7616973874117 4.44006458060946 11.1034830427398 23.7884270593937 20.3152881820543 530.891886215162 232.34268184069
12.1154944477793 26.6354187724071 5.14363884864908 10.3841722233839 23.5302313017015 7.11168986334553 505.441929633128 499.67095161895
9.87702763264703 21.0567710774561 1.59111634373696 13.0044892042789 13.0996491255757 6.80939199146884 518.623303440105 484.384265332288
6.68819498804331 23.2400229881831 2.17269551223417 12.3404009102588 25.7016902458595 7.94681281917415 529.667580520884 490.742466397977
19.8731325078858 28.5977074988481 2.29645161564259 12.3891343589986 16.848761547184 29.742151180878 529.332172504061 130.735781772935
16.2694797587458 25.659773116627 4.9327697382016 8.98477202439313 10.8871674581116 26.3495851178534 530.765791169938 137.227958230002
19.082751951223 28.6318741684261 0.672851931409057 13.0274023810144 5.91927095927973 6.24573101144237 374.745018336426 524.120870709596
10.7833072974062 29.4949138419939 0.448475035917139 14.715405628322 5.51174736724912 16.3011547399231 526.887850758285 454.40136119296
15.9287686665939 16.9577440810066 3.08477721747574 12.241358434047 28.5654020753133 21.6017973427911 527.010485206613 483.53163588732
24.8009668618421 25.2168860541481 4.65296939530436 8.76780577385585 4.7400225203323 11.7855394992666 527.439358795071 307.186926351923
25.6689779076782 24.6566813432896 1.140488116478 10.0839698589005 20.4350229356176 2.99621536044926 530.492787923018 446.129483138185
18.7857438717371 18.5597868719556 3.09868588818362 12.8694446717202 0.700699972412966 19.0810815133349 497.730399792894 509.863704044594
21.3483303803722 27.6170310945913 0.36774390936092 14.1057906964821 28.4820432760568 29.120559278584 518.455806288132 464.576034911151
13.2061982177188 22.8178826313615 6.02955404197566 11.0241137954439 29.3010781547637 11.6187826963236 517.894447752778 471.9748370797
28.7056311081642 28.01933836731 2.27474297099617 12.2864391419822 6.09398493000841 25.0543774516434 535.06923541937 308.890536932284
19.3886936255168 25.8673985910267 2.69726739890654 9.54113421832195 25.755629930876 13.9366932069206 502.66471651598 480.233626301477
15.150932596761 19.793113859316 0.217177463549499 13.662074703503 25.1958950412898 23.6489275749704 503.899910443981 421.988045420278
23.2929641246104 13.017085626253 4.61164378734237 9.64261210534434 17.4408458594543 25.7914129316575 516.12940276962 462.636249184789
23.0271514409045 27.8347177946205 0.394733573875878 14.1626116397622 22.2827681766207 15.9012694295071 533.232059917585 164.397661098704
20.3813440122755 21.7635621698935 3.54659491418977 11.8149531145298 8.50435495916894 22.1569599253997 533.060590745625 479.843371105765
12.201935731632 22.6117265455003 2.31742284233474 11.419767437394 11.8015501899361 8.29109388679163 523.197951014282 431.500546755049
9.76445984008747 25.2276954114475 4.91042383750708 10.2474820650361 26.1702726404983 7.46189833496399 477.83250226546 461.176840828384
13.9677889219603 26.9717935431657 2.10245245776595 10.5849799049949 8.74573078690822 29.6784446239009 524.406653082315 427.20916081701
27.7602692206133 22.744923962243 6.69815202534793 9.6776213895713 20.3397768186503 4.15505486372005 535.434842407494 486.126296500842
13.2721272343773 23.4753456346506 2.46857261555554 8.60830170835548 17.8011213309881 6.88775065727124 520.61636710033 410.878779327301
20.9652614395858 26.610847117582 2.09970157936606 12.364584641172 5.84854437767525 16.1276096814716 532.555454943271 184.699533542218
15.8007979640706 22.1553007177757 3.42006212356901 9.48873802292299 6.4996347320373 6.19060299084392 489.154405867823 410.733958230098
20.862233437982 10.7852530986967 3.36465413727806 7.58367870568513 5.93819726930647 12.1190406716969 538.939894733026 455.265700473543
15.091973294879 28.0504345620352 0.92879917559668 12.1054278546651 22.0686138634407 3.68823256194166 532.308023611483 377.598579082898
16.2760779034143 23.0622775196405 2.63462267074878 10.8965422514185 10.9620385227521 22.3035270677516 521.412117986427 462.781416283972
10.7316350876919 18.0520578256373 2.26873470476365 13.0773232900085 14.721764032523 26.3926950778437 529.311522548389 507.643944866146
17.4781264572831 19.3695646558657 2.85385338714977 13.7354336483404 12.666489102162 3.93815311273386 505.99064456177 483.272130704275
16.9391019094655 29.279822004759 4.18615934078856 8.63634571905901 9.52383208697928 27.9956852104999 525.384037468942 360.91929946985
26.6631366710579 29.1958960245556 2.34425141722244 10.5949759626424 5.69114826829461 29.2222990997383 522.948769430828 397.92559258854
8.06955508645959 22.174364526412 1.97861669796897 13.2788878603324 18.9791021509572 27.3158339608027 510.67237836921 509.571761707763
11.4954852161219 24.0612578572931 2.66612350971954 11.9966317562895 12.2358541851184 24.2992406536199 537.246231860894 279.69535732451
25.4077704295285 26.7472380374974 0.56223433006477 11.8443420070251 28.3316929746011 8.02625704048442 477.306691604244 497.669034775484
16.533824463017 25.9783744988749 0.885778568796057 14.6770212496822 7.59867430833113 9.83037473063977 204.852241332452 505.424371281681
10.9694186242879 15.714443535325 0.139486803000135 13.2345536956682 12.3686619637422 7.21416631521464 534.754746537074 424.635737946917
8.13878387509677 25.3175050872366 0.171909128751158 12.9646919024462 28.2690357638868 0.746684425662607 531.220395471435 298.629755511829
14.9498174389602 29.922537573501 2.49381182884053 10.9762934995284 27.0307142522091 2.90719860691035 473.257662641533 490.235993987812
13.2584614326887 29.7496438804819 0.582456542688988 15.1085115616961 4.96604443938301 22.5395615436492 518.792106252413 480.942277852917
19.2206317625602 22.3359963898122 3.21083798768445 9.43268518404419 22.1958060050936 23.1152797931603 516.124936233645 455.923315403442
25.5480493093883 23.3575571731326 2.38898643583489 9.86521600864409 20.2954904296715 13.8559989271305 531.164541868529 309.356619823826
8.10306074032127 29.1103760141523 4.01976077028275 10.7985302254543 15.6976320132302 22.7215228683906 522.290176519335 445.37679314382
24.4464723793124 22.8455437096547 4.99868729463929 9.45629969456966 11.9279971051983 4.39921587964929 506.19964364304 477.321608022671
8.50630325783429 23.6618702696792 0.641271455308679 13.5602121552841 12.540860611431 16.8156346026515 534.787246132197 438.99464134871
11.4210906816416 13.466286506563 3.14785829301534 12.1528656594613 12.2080969136226 9.31498753854565 522.346382355205 497.819234034189
16.2871267955967 28.4318995334652 5.91528792328097 7.35282878474156 16.1512146396983 15.4709267350065 538.107897754305 134.880878693237
8.03116225869104 21.6288761328862 2.47781367885697 12.9074800384402 24.5784825967577 21.2424762688744 537.39762149222 450.689346951455
20.7621478684105 25.7001140241712 3.26217443537704 11.595309419107 7.64776519728041 25.3026196360033 521.904790479258 442.717245345815
19.9976995904601 23.8986011135773 4.74878720566319 7.95040603117721 13.2933917523037 9.83445738733416 517.315217690792 493.616727054503
12.3057013147107 26.6253251725973 3.9802039356604 8.17040647059783 14.9457125216372 12.819559283521 523.319641122138 414.404013887988
14.4056637607194 21.8933438510223 2.94719193908959 12.3893495461876 16.5781546875425 3.38681486454695 519.987344959089 493.40217156268
14.0878373553481 20.4011277918185 5.65978732640804 7.85000054936971 19.9847204631619 9.35825527714448 487.607352322685 467.250820812985
6.62814422765886 23.5662941601456 0.539123726486118 13.4451901551962 27.0507394227553 20.2799635220357 532.457426970835 393.661982101228
12.7829805563046 28.0600741076091 3.4832316081547 12.5573828556526 4.14649464688304 10.2945066042432 523.071559395278 462.260960812166
8.98259409490799 29.2162059036494 2.72101516305219 11.8118327987616 10.8199420115162 9.65602659999225 520.54868746815 398.20874690853
8.77689767013921 20.8906953795735 4.54951012735832 10.3468768065941 8.57490121990856 24.0132138766232 536.540984305758 427.386929877891
17.9704290424668 22.6114966539037 3.24936334945085 10.0087049879309 22.4280170226451 10.2851717586964 521.715137148948 307.150093664555
13.6371446177924 21.9715146147342 3.20098960884456 10.9988384173047 28.2116791897356 9.75455992408308 496.197125086911 475.374687258936
11.6178672374005 22.298543202647 2.28695003081302 10.1658935290928 22.0649281074042 9.10464890015522 512.73202146353 394.178897175885
17.3112179777682 21.6712976822252 1.78132421537532 13.6980604555604 22.8303514013611 2.92715898755934 534.047463952184 453.882183566257
12.8429551243016 25.6075322034036 1.03749172485942 13.1255440624507 19.9329669027206 16.3214231174447 487.937891702192 504.882955426277
20.109377754022 25.0945866469799 0.86245690899743 12.2736984904189 11.7670612313779 21.2717999219511 491.780583039622 424.344651753854
8.84042161554624 25.7450514430793 1.33989401989026 11.1301181831836 17.0955255109486 14.670208874745 534.569039786906 167.774301279359
17.0300004067282 16.5621458116174 3.741824942351 10.1688862419023 24.1606561937337 5.08834411007129 515.950617496996 489.079344039427
11.2080075096986 24.4648732346902 2.30989602313351 14.0596574385997 23.5674263349211 3.94000516097313 413.027710543017 418.207183714782
13.832813239839 21.4937154821712 3.13186487376944 10.6458481692873 9.95047509945683 4.15317220693493 528.635523227632 353.46253572022
8.68086927431062 12.266449020155 3.90445452883775 10.2693664167147 21.225899159634 20.9552529019275 534.300803118176 482.287080652075
13.8506132413845 29.6955776712461 1.89037189060153 12.4978735798914 22.5488911338087 10.562436434575 472.725219220555 347.743383558458
12.0182121606643 25.4965934412603 2.44344181263884 13.2848850843196 9.45321616876259 8.77910997915574 535.540744913157 375.658528867045
20.5327010691601 24.1787988487906 2.62724872529543 13.0179086449479 1.98113108261264 26.2051145372726 522.7247897588 480.797695447366
25.1936756827571 22.0835769263038 3.68256387965822 10.3468077993819 17.4470261275242 4.8645525655961 521.040242638298 373.370613635787
25.153623997043 26.2050456894912 3.96070551004023 9.9057951748502 0.875501389524407 10.7644973305196 539.03437691238 457.747660304271
28.2671433027197 16.6177210718748 4.60929327631299 9.2365611078644 15.068238744098 26.449577574343 527.734576348016 469.951931329096
24.7859984836828 23.2747551570534 2.38457005154301 10.7720160851391 20.5138544381216 8.6052569179519 518.788301756332 409.302038925585
18.0611439520858 26.9327242588502 0.314601652853856 14.3609752089729 23.3137491313527 7.20747891002078 454.930605209591 496.715555594492
11.5048555294583 27.1885231209056 0.160950684251304 13.5924495335217 1.41600000032399 3.13965110125135 528.925442872087 507.226015043478
25.8669530866991 29.5230056585347 2.71507335029362 10.9543663516104 11.6335230347688 21.1237380511396 525.41201901563 124.816029756813
29.0505289945362 21.9063387507839 0.970273310956449 12.7865485088441 20.3036418608367 6.83325168664146 515.517034773978 467.610994794527
25.0415895225468 21.7703771942893 3.01972967118678 10.3023559803332 8.9429979007852 5.03847700303604 522.320495695093 283.76219357256
23.0664737624415 19.5652898815523 5.75341884517132 9.36250717181077 12.9966728102592 3.88576938862002 515.586625376391 492.466713996284
17.7504031825282 19.0025244310816 4.01954037594875 8.55444765270608 25.2873246563683 13.5380172717492 464.607818665749 498.331001154671
13.1120242530214 20.2785253396781 2.73820021272487 11.5529840881755 15.640160032306 26.2993868368157 515.180219903023 530.142400647885
23.658709843827 16.5095298614572 0.00908871184958355 15.8674428489911 15.9093843820803 8.25151955019859 441.435676523758 501.560502318922
11.1817231363721 26.9877821547597 3.03653091921144 11.6122978684983 14.3424898830014 21.7451099142907 528.795480452357 446.403453068782
4.0110004091336 22.0538570568682 2.68846482785269 13.1874742108328 26.1486611699157 29.6791692404045 538.304560665222 435.143451801335
4.79907089981489 22.5704228917312 0.852550751239108 13.2336515724958 20.7388980179297 5.86391636102278 538.027400374551 383.663647363291
23.2977523829594 23.196466138186 2.77568796260333 10.0298461967041 2.03831063060519 2.91558984699414 503.714667719773 480.330917022821
9.23956732097349 27.1745643088627 1.40211008959952 11.4485250047291 21.8658433207337 23.5256929540041 525.501480066081 495.35269403894
16.2400804453503 26.4748021927687 4.21244327202662 8.50045409435048 6.53511813104251 16.5045002581456 533.339346223298 262.49914847705
9.44296297531031 28.8835906218242 0.390795723988016 13.6469512636792 11.4743747032861 5.00015956675137 510.65476214929 460.161947928411
14.962594683116 20.3643029954005 2.81719062945719 10.3903937818824 8.64545742103366 12.2274522576227 503.727075626083 481.433741202048
15.0967147543456 28.5140441736824 3.21153550148338 10.531135376097 22.6022716426307 1.41541888283562 530.803688477562 304.264937109287
27.0685461510927 26.47161258279 2.78724550947849 11.4928335365841 8.62574599388365 13.078345963527 468.107959770569 497.412821699118
21.3798396916883 26.0090719055654 4.46381473830002 9.5895607981682 20.8954559322507 19.2398572533398 470.432784159107 468.640664187096
25.9409239905662 23.5903243433124 1.14106535988144 12.8098430402864 19.8913066035452 5.34762685190719 530.03316111876 441.186756836167
22.7488618856763 29.053575859475 0.852977729121201 12.5932884115169 12.8422342028692 23.4867364039105 482.358479790966 501.397566737984
28.3140859818582 13.5302262335257 2.26609617716681 12.8899180192517 19.4321426898023 26.6801488731248 515.98745289085 401.762750856949
7.61301378780788 28.4150391960402 3.20513359297457 9.98120356772183 20.8347726152221 26.2806658420658 525.746556782953 475.535648272459
19.0262829389604 27.5000889083087 4.43494899865274 8.861785381112 29.3062273375223 4.64035780817887 536.948103293449 184.103010149158
7.88977922868442 23.6946399440203 0.363527761236466 15.5911477856505 16.5804812488887 13.0966341338416 537.777925030407 208.886670944095
9.91840144884324 27.6682193248649 0.421051358588938 12.5380891088059 8.69016930104609 20.8563594919814 528.732076312884 378.604548281131
14.4219952076159 20.3221167025961 1.0575211593329 14.1953971224781 22.6451942550562 6.46662433184123 531.414075486684 270.344626339108
12.4431891585343 22.7999434116325 3.62008001173149 10.8197414942335 28.3153517593628 13.8364886946204 523.189931472354 482.748731287861
15.4395818033916 16.1092780700691 4.26831920310562 10.3157976633796 20.3227539787218 19.9833164652602 510.039930450423 475.60667259686
12.1098820866129 21.7359777934695 2.75051040195215 10.8487654678197 15.1334232770927 10.7077972347532 527.111705210108 410.667899384841
11.5031512241527 27.7047067288137 3.1495698807683 10.0449824610571 5.69267916949214 8.59596700664275 530.95957065733 181.195443223261
22.0397500667995 20.470596627388 4.63045049114662 12.4722860284353 20.2844514376974 4.29504366700103 524.195134193658 470.907054115602
17.4764116771201 24.6021144643306 2.56564432721188 9.68328068553288 17.4004494543229 22.4196891228359 530.119705791964 298.800372911394
21.1864911005293 23.4979936968839 1.92839523435999 13.0421517511193 10.749112993316 10.5234462900312 532.247876799487 102.056795218883
17.4967024320284 19.6723609815808 1.15103972956756 12.6687439358096 16.8344518927217 4.94611555297825 521.930896604476 507.747933919007
9.89095894712895 28.255989603995 2.80955987528277 10.0834731914081 10.11106559535 7.86472214287505 531.521438213261 306.907845067418
8.44608649299952 24.7137970620384 1.39399792201348 11.0990959924634 12.6561835799108 9.65237255596906 533.408589183513 480.325705293185
12.5971043137483 27.0190968529899 0.702732136050302 12.6264844209904 20.3867483651645 3.18307623167412 532.328282951058 429.138517329529
17.6189301305479 29.0789573163814 3.05238112909472 12.0846692284406 7.63623985406806 25.9270766700532 515.418715263227 489.712245373658
12.8940225611636 27.3717625193542 0.773115753432301 10.2203472050683 10.9792414354532 22.6375815637453 511.545010726861 416.748704920473
27.8125759766043 27.3654744200855 3.87262887455589 9.12995733068081 3.05911976421476 29.0765183283287 491.549984320142 466.336587673305
19.5958809341038 21.0797052631987 3.11354037446935 9.86137183730626 8.29233280448316 18.2876427037775 503.42297393079 435.117393771113
9.63452202041525 21.7286479645251 3.67446459033669 10.5743632753969 25.0583539197028 13.0967760764763 511.137514227753 486.580865591652
9.18685646650797 29.669249961363 2.64980680601378 12.8925110395257 10.5470155229341 26.895874493464 538.840235236313 67.2746515529737
18.0921813459669 24.9562712903908 4.39610639310625 10.8804933369335 3.90134473324266 24.6229399305896 529.27723520892 421.231047206212
6.71607104369289 18.3455522350113 5.09627796096163 11.4168593206983 24.5849462408691 17.0983729127842 534.757583634432 451.419512461465
19.0112171732739 29.9947984911553 0.429918278570725 12.9180620010684 6.02646024278263 22.7456860516313 504.625794604355 458.911814979505
6.42581812275491 27.1727117447991 3.67525327995843 9.48651201988544 13.3321748864313 5.36538515078053 529.781346806821 435.092509143716
21.6137920887991 17.9973985635863 0.903046867861305 13.3958246086994 28.8389311245849 16.1757248198677 533.843837907691 397.41940813989
17.218371348166 24.1997446571043 2.14301188291633 11.9270606947599 24.1542588047449 13.5175705266469 497.406307750706 461.297370267758
3.6994186300663 29.9352676469926 4.98065346737471 10.6779796459022 14.2608919063118 9.04390642931287 535.988795714296 275.594919860141
19.0077507045214 25.4262097654982 1.71590607008241 13.8384335618379 9.65016399660391 28.5877642833133 497.19558095664 490.046591770781
14.0258070863156 28.711341960011 4.00455302993146 5.95746229875558 16.0163925845333 26.5007853667557 518.981534252453 502.014541102363
7.135502115079 29.5107284427539 2.43056908908746 10.3541335107791 21.1380704683338 15.8698691674923 530.75702478868 232.614153933551
11.0335478000679 28.2991372307613 2.56463434579166 10.9166556165011 14.048300690927 9.87332046340801 532.989381388504 154.499119459788
3.64848877850858 21.0489899259362 1.43738136472631 13.9949023139793 14.2946241773963 0.307024170231934 536.917717109725 362.262619587299
20.2747327706194 22.7036927465871 4.34604433281519 10.19402624244 15.6431352819282 17.3028189916732 522.098412450727 506.429500852161
27.24879463262 24.9564752325244 2.52517840913691 9.89665965461327 2.46061897372982 10.217297041599 537.091332215117 439.810932708625
11.4434902792631 28.3325335698905 3.894402100039 9.79186654003501 23.3878342060259 18.3376340007972 521.797916695746 304.214197015429
17.600294919727 22.6001105414293 2.01728291664033 10.6657000604453 19.3760781137727 19.9416981981528 352.357349874741 522.578340656553
12.1857282302875 23.3688412436675 4.96182857939064 10.0246470333656 25.5543232633122 1.14592570133811 528.428750308883 331.401451504865
17.5876358333066 26.6619802577524 0.103905577187248 15.1141360696664 3.10372513342637 10.616654709323 532.981330676118 427.037184475031
21.8572614503454 27.5093216783916 2.46896781583101 9.54725514494329 5.73251452082513 23.8975036168496 533.180762243228 419.59561489946
16.8401436150269 24.6901512532498 3.14623615954523 10.6173035868256 10.4810230432541 1.54177821662172 532.724509734752 374.026708054352
14.8641912563966 28.4347288535039 3.02798344073466 12.5659379211769 8.88243024771712 20.7558428369551 486.554139639481 425.793609789816
19.8041152902329 19.8418524087079 4.33774033058096 9.84717547675874 21.8634983977117 9.88200840976262 532.92617251643 510.539110127858
15.8169211115361 29.1647426949277 4.84015720631867 10.7894735581848 6.53278906886328 24.3060046772336 530.87799866341 312.346148320274
27.0229936864713 23.5056527997359 0.667209191060531 13.9532513912859 20.1917222756845 3.65959356907365 532.481527378695 340.311333294783
11.1847646561997 23.3991883790292 2.64261199810682 12.59269668176 8.35397929168195 26.1245614254042 528.899614988974 472.824021182321
20.7273887719466 27.2308889965131 4.3762703017272 8.53002188116945 10.6682103906341 24.3001499937144 530.024407871637 507.659700825922
8.9547047858576 27.7478685386322 4.32556904534532 10.338067868686 26.1866070833983 12.8264162215083 533.795611606793 276.56119031536
13.3403326666652 17.2228306156986 2.45343775371062 12.483358535565 14.1371457360232 20.5280552126232 518.563563136093 481.361492260999
20.15154371601 29.2931265734875 3.44434391819347 10.6962780482172 12.082606947762 10.3355129488194 172.377401582441 519.616794916871
17.5241302736819 26.7291577911693 1.36949325567861 12.8823237209576 25.1156963476475 6.73324653363348 522.56878672255 441.623931773123
23.4708350294314 16.1249254639924 3.84343718758997 9.27973907755911 4.7968598893946 23.4367162388986 342.791379391633 497.321633279485
23.8820126845407 28.439428372169 0.97208739758621 12.7816525591428 14.229461981202 25.1701783060466 510.864052271389 477.28115299405
14.2682336053733 29.6321100414168 5.16307856211406 11.297711918223 3.93111288694714 8.93318272492628 527.943645844999 477.406259820284
12.2625482007561 27.8134268851898 0.269529233740065 13.0340796344669 13.2991016959014 1.93409434147996 532.266474192525 418.939153313096
12.6041506168002 24.5453566801851 1.60851746712648 14.028161357887 20.4964122176223 1.35833553701996 532.895051316397 402.220123701858
10.0806714887655 22.5061594549217 2.20980694682843 12.5315503515935 18.1879119526911 1.0753197226224 532.505944487008 485.201526948619
21.0283795908249 26.876572515061 3.34922210810501 10.2588684270493 20.4637815097312 9.88975658750143 469.913906613251 475.759883596682
22.3727401312307 24.6769323146804 2.73354089719872 10.7809982592044 22.66324435093 9.04864399059262 527.096010962182 516.411743973958
10.1204255506727 24.7332247223031 4.23390279515472 11.8279249939607 16.6677320218699 16.0403628045716 534.486790672254 209.301945602607
29.7750923046712 27.8736029129169 4.00444429446496 10.2928119861014 12.9270760642803 0.918301665104075 536.65629961114 195.428304085542
26.3883637157667 25.3763201909052 2.91863310375413 10.0200648452148 8.25058671185107 19.4115712499021 527.402728538493 399.29291973148
8.81580033806182 23.8074155368673 2.45780186011148 12.4228532915373 18.7398284350236 29.714080838606 517.256688722155 455.241442192193
12.4184584869053 28.6992785093828 3.01467543252432 10.6288732049518 12.8078025585201 10.7317851576125 510.059806146469 443.64386357317
21.3126034766204 22.340194283979 4.15788453633895 11.4609197375825 5.35939559831159 22.0868758654753 514.056410220248 505.985574451711
16.1734604507825 28.819420793365 3.44131366306124 9.88711141168599 5.51113215138494 12.4319178160776 531.433497514631 300.71309253879
19.9218518185092 18.2060232127736 1.35768204854037 12.5094421883036 7.09058091065723 18.7807369422335 508.475424442588 484.371971579658
24.7030415989954 26.9030761526824 4.42663862843313 10.4265925836901 21.0314316849531 2.93946500587846 518.125518133295 269.880383723238
28.3633137320765 20.2135715399766 1.07348572189589 12.2287337485327 6.93128378741105 28.0188021405849 531.321100414388 409.348085618826
18.2340315305324 23.8889826142188 1.64673082964552 10.0824892373772 10.6770159275889 17.3904488967115 527.745355100602 459.711318176114
10.4677151797562 28.4192761249848 8.32090495417425 11.0624697884664 11.3919657412764 14.5668214172631 494.015239630657 530.439763645727
18.8180062032675 9.78347241731044 4.349095402487 9.45115885648951 15.6004563838702 16.5066962970478 527.880703044322 467.778396386369
11.6187046349303 28.1633148476137 3.04983645563851 10.4197883916283 29.426234687605 21.6650147955216 518.264762524657 458.960716429779
15.832654635529 27.383702991989 1.84957761766049 13.0422231140485 3.57072712422556 16.5605229163405 532.98481684473 471.410906726447
21.9478412616009 26.5913722472547 4.84902707965202 11.2807764886819 22.0357371004578 9.03715451882995 476.766500193877 443.165648661692
20.8046828852092 14.0686718493307 3.44768272817985 11.2272835937579 17.9672423745382 28.2457843510381 485.538709068621 492.491686845477
13.012469085809 23.6891364254622 2.52849121164435 12.3182841776276 21.7620207719641 8.13521739361576 532.013757600006 370.359777569047
11.9948054445441 25.0975763576894 2.11327948768984 11.1305340594939 22.6158810827256 5.17233965113144 521.967464894442 511.167963987524
23.0707163945061 22.9133046985419 1.46893298665609 12.887027051644 25.748185611222 2.06167766860481 507.839735009392 412.711384387498
10.531976397602 28.2900986506216 1.89824744357048 11.4973180085298 15.3030482547054 7.8151242562382 520.793403505252 392.884787026109
15.7207393317717 17.2085820576293 3.63772630000881 9.2105646714482 23.8597109066076 22.4967378554866 537.944339394215 521.777699576297
27.9303804199749 21.0093537891716 0.78290732136298 13.8877203495393 8.18095311721208 1.74507819352231 532.12766897698 373.556309245209
20.4022951946885 13.047268196681 5.410273673122 10.2332783379609 8.01207088258964 28.8271533914249 520.351302399882 503.588427083087
12.2635986519486 24.6027124894944 0.96091314939307 13.5957570357565 6.06803288429394 25.4249191507102 523.88997397287 470.494707909433
14.0790136576072 18.7126920794645 0.146111895740425 13.6850002538087 5.89002543546272 22.8883983217381 529.489629439354 460.558029780665
11.464814648165 29.3451164001132 0.303284193064554 12.2508014688512 13.0085652647665 28.1168191230005 519.310585286145 489.473791648801
17.2792574847394 20.0791157164695 5.97767668367973 9.79805528457614 10.8577909053656 7.54705788254515 484.084976532694 507.240146953685
25.621646648521 28.8823720770251 2.99624885488593 9.07020304587543 26.028890509658 0.8893892959727 513.749852559014 466.556454580539
21.6615806643442 15.7497028506326 2.50030412584597 11.1739363809437 8.47741152846284 4.58023781095959 512.926752988706 456.014225143276
11.4375185673995 20.9310459017236 1.28373030523048 12.8617109832103 14.5350038362286 5.55491491393142 488.032688518361 470.071425781416
19.4412182944776 24.4533051984181 2.36609048572125 12.4300493365603 14.456542290207 14.1532590030667 359.974922837622 516.164533950624
17.9425898865008 20.775141534167 5.16703723583443 12.3999603093605 25.1767488233776 5.67493611914675 526.140995858172 473.700003062157
5.61708241943125 28.1572009953784 0.493271766043814 11.5532173309239 19.4276647496842 3.14243627033384 531.806145277705 459.920414949727
28.8225227322476 25.8370840593173 2.85314187708691 13.9196573251753 25.3987745744737 5.80766802086162 529.406199083484 257.222318709247
15.9891869444404 26.8959878116232 2.26496005847509 11.9106760379022 6.6567763111074 13.5011953357425 448.080217522064 487.932343589462
17.9634402742594 20.1526198677425 0.0368934605270143 14.4773522428915 24.8336219259782 25.7161547418851 501.47396514718 507.279069836541
24.6969667557742 27.2612005327413 3.96770199359409 10.6004837479588 9.74450744061063 21.730059720127 519.611364353506 63.1515193639375
21.1632296689669 23.7147622730956 3.60257278265894 9.34198458231582 5.50297579628808 19.8300110397006 530.964169767397 382.579043650059
8.27003525637497 28.9546150051185 1.67887847021437 12.5772619643783 13.1338006948539 16.088138239301 526.592318076379 440.44669229375
14.2900251934408 27.6249379411292 0.898452147557856 13.5590551971114 4.07894988616425 15.2092081015749 536.684111638192 471.737422491393
14.9211796667899 21.6451224781697 0.598188976402241 11.2900283163275 17.216039938994 13.0094128940456 531.757385685953 491.018934975837
13.7426825649134 24.4478033875908 4.89528682225152 9.57970209097752 6.12663717733434 18.0069754984516 528.794101099808 412.47288167415
7.65105768453805 27.3794851766789 1.02224794235252 13.0948944500703 16.3393603360471 19.0194987340022 537.181546813548 360.01421548539
24.8397257902361 24.1251480913565 1.53372158275442 13.088314101599 26.000603200477 0.282838543042664 493.781990323345 511.605309781447
5.97489518768796 17.5435694840595 0.120867433007656 13.1697509009522 13.6495779186041 7.10387004745378 531.404102988022 471.389160919746
17.4356952079933 25.2102229666226 1.98799077312514 11.1260009636806 7.53171280555811 0.525553419226963 523.830292061205 477.495860006398
20.2256509804399 17.9346708641163 1.02406960536731 13.4157354416884 24.8075405607478 18.7836600471741 530.75964826166 446.674788194079
15.4112568142673 23.6456552051727 0.578832908133367 11.627019834478 15.6224264860375 6.6261821809729 529.781975076054 316.891372720416
20.1040655501106 28.4279909633367 1.22695017334989 12.0716936421105 16.6810240486538 2.45014299898714 529.160020614262 203.816459230604
11.4959018033575 25.9769007843399 1.53604848287556 12.4623323037958 15.964689353825 18.6510696882636 535.458467986924 165.209399455523
9.59791335491947 27.6457364675426 2.79153640556909 11.0048499334482 24.5276960800351 1.95099768718122 530.990077003389 301.84001169733
13.9905506736526 29.8885695775169 1.68350918366672 10.1798710304687 23.3208453294183 10.2127439682446 509.31420881392 450.845981899407
24.7180586084055 14.6437328487838 3.15260638032465 10.1735382167479 11.7834693379832 15.5939908270691 483.268031856227 505.027293233495
15.9913972295177 22.6652195235901 1.69033557319653 13.5515498343178 20.9807484098831 7.92272444070177 514.279372460711 487.050152057148
9.089530741126 27.2245678151594 1.92880000790195 11.6312274231345 25.1393203837229 17.8513825282237 529.20194608359 278.751737538826
13.1674701683882 21.9019634484261 0.924686810724036 13.5607583767196 10.4016702796926 10.3676766768754 534.310693021225 291.23446341937
15.7337358454788 25.0972631650785 5.32605883298074 10.784019387047 21.2486845332814 4.39556432798282 514.023978874053 498.858483300173
19.862959288511 28.4748723706044 3.64365985558241 11.0114389975626 8.27890242792892 17.1263178107327 532.801317362402 454.909810272817
13.7714651145478 29.8990154727182 1.92497175377875 10.0658246213783 5.62105428196964 18.0068713400809 535.786720744776 69.7416042341222
12.9296776559031 29.1609418746235 6.52729945933709 11.4593783813882 10.6848354883554 22.8752863964812 523.611632606798 446.203531599698
12.4458813429148 25.2899640862448 3.00903204569135 10.1420609210484 7.7302134263033 8.27732014070381 530.199753472705 340.195738322022
11.6962045440819 24.7713025221883 3.79881154682011 11.4852376278612 5.93082273395218 18.4770141855836 476.347077686385 476.136054642707
16.8715706539616 29.0457260659254 3.01536432456339 13.3534277883432 4.66328408753084 27.3259238962453 531.461467694839 439.223175908213
23.5947969386744 26.6583320760605 1.14885907784407 14.0209618427591 19.0625220168319 2.0073858133422 517.43494857011 425.637710170298
18.3027910742476 26.0682772594566 1.94157271770041 11.3131825388648 25.7854264421849 7.36003438807319 530.77076460246 385.160845779778
13.9311623791016 18.5641411003238 3.79463672419985 10.4866371910278 18.0202150590609 15.6213180556381 504.743300798173 497.412373075881
19.3672579948896 7.22608485555748 5.82139227968621 8.17830427187427 26.7309490920992 12.8488848847188 438.744203080216 498.658914856814
15.37707867051 17.8065863790522 1.26287489623928 13.1472780282574 4.36018248190434 15.8800519923363 522.531734852354 472.047979514262
25.6539869643669 25.1278326442578 2.6027632994701 11.6850570584267 12.3573264982647 29.2774698736901 523.189924571452 397.185650658445
18.6896269273683 28.6293201104893 3.64629115515446 10.3005736896574 19.6966260331018 17.42817818503 492.091348638943 484.562607967909
21.9008776281987 18.8043983880101 4.19688703585081 9.34917655054268 11.4402142648089 6.64956945199618 520.549421420865 466.412336271254
25.9774800146194 22.3407677065998 5.58576634740054 8.88461442511717 17.9199117352389 3.87533632056592 474.528674586913 492.463964602983
16.1189171955122 21.693859093547 1.14093321577536 13.2016778838106 21.4427342942445 4.85183600895365 536.479751103644 357.654227551908
8.11899406120028 24.8449254380994 0.72510985982072 11.3683889674896 22.840295615948 12.4746721008925 532.463258238774 270.347034617613
12.4957161278584 23.9566642497385 3.81280868983642 9.73735651851849 22.7124148853894 15.7267667206041 523.221070935276 364.269286377446
20.1246850350324 26.3189249463569 0.713450498083365 12.6239703379832 23.9092041826043 18.9746063737932 532.834893242696 282.041675986333
18.1149381381618 23.1712733533239 4.73173828238748 10.2971561658308 6.99537698647305 19.4295236219694 531.482610361172 456.995930639091
12.0649452969743 22.711557268232 0.833390569394932 12.533952933561 18.7619701149453 8.44112885937725 510.550023554305 453.380368866117
27.5580662829573 21.6078168568073 0.227660309092352 13.7339346525186 20.651614802312 14.9872029426585 534.609377297777 325.452239559758
15.1552724668011 20.6805121190033 3.05785418063992 12.2074017791005 7.89231428328209 19.3606333279116 526.866362616218 432.51096542837
14.8916613169206 20.0816797048875 0.950790151204064 13.9442927537586 16.3915510007069 23.3140249725137 524.514295577189 462.163252376874
23.5224680086528 24.0435484541956 3.77199200192518 12.1830690952414 18.532482544687 3.8028989751756 530.634516318705 237.316477445975
28.3224302041957 19.6606443281169 2.73343931412173 10.1092456438882 21.5656499967414 16.4824892152859 535.650440069551 409.953734243736
22.1490844452322 29.7064280821753 1.53867156568458 10.6402976692943 15.135954158644 7.30850036339252 488.20672633099 470.255973623434
20.3369250500788 29.221318803808 4.11682440963196 11.3793182500736 3.55926568517475 12.7733233833683 525.842464303628 365.818685291194
26.769555482918 17.2922804563006 3.15905777318378 8.92092477038681 3.03229152683336 10.1013381510907 35.3046350444757 533.650313012331
8.14299818799041 28.747489423352 1.58893721173682 11.1809089052885 27.5255771495466 7.53824194030631 538.553944787196 168.023764823878
14.5257241897274 28.4907262128042 4.40428189325414 9.90913726803372 4.10434744268806 13.9481773894307 525.146117375866 457.995460727351
8.22827203021112 28.1746459224878 2.90594688688551 10.6835382513819 21.703899002827 19.7035221793155 520.731991217727 496.737412161346
20.0042524720317 21.101927743989 3.12158260671228 12.3549852880196 6.94181513009623 23.4886414392586 489.399724927599 456.054171739419
12.8879693748651 27.9399243287107 5.03900369933865 11.4791974647054 13.6996802236609 22.4028791738202 536.103889420766 231.546641814487
19.6491335223489 19.0987495828634 3.31415765332754 11.6247038541205 16.730500290052 22.8499863873691 502.684819615818 475.101369008749
22.4068461703014 29.9298436921218 3.45765154494907 8.82372166608142 22.3982657802834 1.75600135723952 533.868556809898 238.372851572632
14.6577966773243 22.6738795431069 2.55198030109642 10.7351494245326 25.4145961011556 18.3533136613439 525.714111811048 380.78966831449
16.2491735674682 18.61380509401 1.02821008285861 11.8839064514922 20.5425789683063 17.5221087965718 523.809327940808 441.212295645958
6.42400967881347 20.4741651916576 4.33809610241682 10.917850349294 26.1318659734873 18.8443612909507 537.758360386525 425.587123983216
17.6811508973699 25.981198988996 1.25440477658128 14.3756898190845 20.6475281645471 6.63150347120984 409.486351016571 488.779886024128
18.1227541667037 27.2080320713283 5.9877762397074 7.85763189631416 7.81697246104139 23.0277546535255 523.018617093037 326.992730223579
16.1297640570672 24.9448443363558 2.38938996129629 12.3446450191336 12.2874815395137 3.06429200124309 517.118601063821 474.034969741709
18.50613159269 29.6092814562147 2.89024515728064 12.6272201952628 1.3996026990301 10.4455137036087 474.93122164055 409.723960343243
15.1345151462873 21.0398070570631 3.75491819488289 10.0798287310215 11.0023004823986 14.2676725409465 534.118791508095 190.038857257397
14.15693396056 28.3386293585385 4.52475386053762 9.37359378376508 23.2293350128868 4.30555108098587 533.743669536929 413.601330306312
12.1324748684076 27.8029156918028 3.03633235421931 9.51031126706237 8.52769797073561 14.3187591342921 531.471642398368 483.553773039782
20.0143192185715 28.6409251401813 2.77685470268255 8.48919054651275 14.003324005104 1.20914806592031 528.138532841681 259.285716442266
12.4357844516761 26.5242539268672 0.892858721648311 12.4685405663844 12.8190473070153 10.0404556336764 531.542983278613 336.089282014914
29.6315541203959 29.2247603891013 0.058194191046681 13.3765068552241 21.4625730545453 2.31501462694115 531.298793629782 188.077686062396
8.50158524856566 20.6040360305226 0.568674176346735 13.4522599763972 9.48689329435099 4.0725353643657 527.302967552624 409.370791588
27.4832362438304 21.8262628890417 3.6724495095612 9.78894886880099 2.79995798718535 4.07019466378332 532.846222223705 468.074828599824
16.8262150367265 29.7215862796385 3.32807913696013 12.6625135520493 13.3739574530056 18.2099048666513 512.79698314317 524.249048217444
16.3816574425608 29.6738200965498 1.62531143609007 12.0486862633712 18.7286008263491 21.3379628347248 509.746284286918 499.110344870996
23.3314968192311 23.3910560883159 3.02695539642952 8.62761861769775 28.508282696928 23.4211015193166 521.917879820308 438.690945403756
8.44692811369397 21.3562260468662 0.221857062036701 14.2395201635504 14.7205553224181 3.83787822945621 531.524375911984 433.012666186542
23.7064436428779 27.6719489991554 1.22801270520085 12.5598678744645 23.8754380816894 4.71291964373014 500.585725463676 473.435544481753
12.3557906523632 23.1621330057683 0.345893049051714 14.0285861024258 14.699938668241 2.16929564480296 526.835409321168 449.506513746519
15.8859419132256 22.8803301303408 4.05771552334788 10.4024178771676 23.3407913719965 3.69252825017953 511.841673487154 469.157058319311
6.08888218135332 29.7465107543824 2.68733961961439 8.71594567150084 15.801575500253 14.3298880213749 536.4208419585 150.634985442756
22.1980162181471 26.9071073221749 2.99035770300742 9.68328776520737 10.9650992961002 23.4783115435828 492.340934617796 474.27467307211
23.9264908960183 19.8987807116543 3.59069844498991 10.0801838672909 27.4251009190065 19.4466923129716 506.926486413825 442.061173383805
7.86330907939454 26.5361524668844 1.19883778675986 13.9014279604754 17.0048251579943 9.3854851903293 535.673073099116 42.4671789243403
21.6439070192349 20.9686858082895 0.276948622619664 13.2574727234313 19.9241845444365 7.15450378249929 517.976968930861 464.074381639252
5.07759772038291 29.691388424726 2.53065168159538 11.3040115409536 15.8877667027488 29.4677273349456 534.671639306806 350.64586928902
24.2770678907711 21.8587636599855 1.18000610710073 10.1343769032734 26.9430757727768 4.57927769813204 532.309980453118 268.858508505198
29.9183850053174 22.4859815168807 1.96985864417299 10.6157792801434 5.92231206403914 20.0266253894718 498.431731525064 442.776438493822
7.26990103943181 19.461502220385 0.0480779205407155 14.4131550435346 7.41756807551918 2.48040231772552 534.646761448538 381.007384043818
8.61144408041144 28.5274801556256 3.27256524666639 9.04439114436386 10.297652582913 10.9751293220303 536.068923524421 480.59789247219
11.713778532785 23.3577902166489 3.71624878475873 12.9868170463519 7.22745028997491 27.4026360185407 529.144485652418 379.388957978536
23.4879755662379 20.7394084984683 2.31863528029257 12.5384192703935 25.3317598260854 6.63410790291403 531.03391137576 375.703515408948
8.89821622346836 22.3107437023403 0.630407818750305 11.9473454110405 23.3297006090402 19.4176000581216 534.34649418588 357.33132761098
7.31301111111246 25.7148846998947 0.0279148766555038 13.0050886445521 25.5231854435597 3.47229082833243 530.30773066053 408.592467754511
19.553406522313 12.4399292627298 3.94048245041579 7.55627449001682 10.9871220556749 26.5516353994231 534.254204620201 416.290212243072
27.2896420418981 28.8701183565113 2.76425235263948 10.2532321653878 11.2822239257768 26.0974434069583 359.950762602952 511.800842445084
20.0239316868407 25.5376537178725 4.49548036316566 8.1311073428291 17.7321339112483 13.0140526820129 523.40632238305 327.554764390457
19.7582989034766 29.5035001525948 4.57872149337552 11.3273358410256 14.8785140873689 1.16365210498927 529.870939621703 301.391890490166
25.3160473025041 19.9310795325933 1.61545658817977 13.227399845323 7.43924024126402 1.43735211056217 535.549924461532 326.725851195413
7.42516184461012 26.3552951331304 1.91537781376875 16.3278034700105 8.11147929158112 10.2253811801754 536.867958170859 476.687115641294
14.5933213985173 26.3957475561796 2.37242584400364 14.2473705637057 26.4648192410914 1.72480901705972 529.161752837474 485.605260874677
18.1537884770782 21.9128917140808 4.26732667388039 11.6592274714011 24.0192891329102 17.041510277847 534.959093152275 256.23130939675
14.75639199027 20.7284843904604 2.97259430813467 11.1368524970139 11.1002540119342 13.7449362044958 501.740372630862 490.967890646566
17.5992591446582 26.8360633636218 3.43026565738005 9.534565653752 14.5489251918037 8.78975933894846 532.964488098968 181.883174090687
23.1641819857229 20.194727812084 4.6203351152814 10.5722916100691 16.0408570536655 17.4196397507059 504.479639105981 475.351476597446
12.4734048349493 25.1406689442813 1.8434429091304 12.7142681263788 16.1983811471024 1.32312044656858 519.06008399011 452.449564519152
9.34591617178782 23.5203640088518 4.49527958252023 9.4790337587231 18.7345619821211 14.0817599702277 534.946165407349 473.640659951135
12.7808885928566 17.714956910489 2.50102526548826 10.3130770393693 16.1992876915619 21.8745884726943 531.25870059115 342.837116365494
13.5880235714601 28.5042061171761 2.74048879739153 10.200366137998 18.4633277631198 26.8586860678526 532.109560686707 410.53030156857
29.6294841838819 29.6542223496917 1.18032486177101 11.3870071914605 5.12282559985958 21.6487083262333 525.478896116169 358.676282698226
10.5880466106925 22.4564705070402 0.333075886227867 11.9769830484496 23.6197300370622 17.8214931648049 528.302367404147 468.831708929892
20.7131357230145 19.7917505272166 1.28224399723271 12.1225447366681 5.53934148151614 19.708854018941 532.576985700101 360.046560108944
10.0839648992827 5.40602785710078 4.1658276568271 10.9588457606129 18.0031642684372 17.7715102211685 517.781161653435 494.8854008197
14.4353587249985 22.940931407734 0.568371961903486 14.0686821039213 11.2444105025811 14.9741648706499 528.509090782781 308.210312209253
11.0582097037536 29.5432646214558 5.48196548958217 10.9331669360957 25.743977507931 0.909868124678759 536.328164291856 244.174623423873
19.8447186409783 17.1197869743074 0.748572722201686 12.338895838266 17.9171076664371 16.6089196026639 517.945071144582 458.023683688104
23.4416848427383 21.0958281099673 3.66816163085759 9.89126770030791 23.9521969218424 11.4009024710473 529.351606369649 432.18771649052
14.6913610984263 19.1893253058818 0.170104747899589 15.6328386880381 29.667647533573 6.62971611081151 523.09384460165 425.967191049921
12.613048703054 27.6211541048955 0.513663844062836 12.4372496180769 20.5487186739906 29.0858500621916 470.224318133168 534.972767701797
18.6511279037476 21.4352035807902 4.4603077665494 9.25850425522659 23.3966306900179 4.00491080651233 496.668087279908 458.448045547567
17.3403623061009 16.5643222215198 2.80721809634162 11.0808697327145 22.5152170002734 11.9139263236062 526.666058625675 455.968504383221
15.9775145976021 18.0413573564482 3.12711641285427 11.6442743890775 13.7046897505372 21.1852874643578 530.714941314434 334.312034738791
17.4295951095324 24.8521908085193 3.6182654059587 11.7046551767233 19.815708723564 22.0129107489324 447.613587013311 493.782448924933
26.9028976019041 28.8249631760026 2.80389256398784 10.2852924545941 22.6639824709287 5.52403855371866 507.535084824632 487.746822216669
19.8291829406499 23.7920116221392 2.68600200666343 11.9129688158267 9.63749195884224 8.18693866797091 484.874238381891 489.818860740632
6.5324347963736 28.1801858210948 4.18483389628303 10.9534573387402 15.5383244817644 11.65008965857 538.138231696484 350.448172863778
15.0598009977262 18.8535910332972 0.0347442572609969 12.995614877708 5.21351316434888 6.49752622890123 521.026085015544 459.693774583461
12.0174132178295 23.1768975482696 0.722984176626395 12.0481197258918 20.5753261571178 10.0568190654566 527.587319026372 275.011175917183
21.9493815899487 12.4919656558943 3.8665959440928 9.93942307666893 1.52558850985777 10.403933663925 505.111370169103 488.674705140801
21.9968283697012 24.9719442773011 2.80519232534003 11.3161022111066 27.4985019373566 2.15949997944577 534.501946056307 214.801986165282
21.1874220344968 22.4132617300739 5.34339018157636 9.61140714341276 5.73186813373881 22.4788226713452 519.915897234636 364.698528134219
26.5093259225955 23.3627067916768 2.23159270128319 12.9321563179487 20.9157341144705 4.96084256487025 531.78549010513 349.418593567079
17.6017598643528 25.7249157523592 2.67270309779554 9.26113231509412 14.3623471523435 1.77249194631137 518.219156053839 336.073733503478
21.2825863341152 26.7752775541183 2.92003305575695 10.1657276190603 11.2171942813258 16.9034410141873 428.853914884845 479.934194350921
18.131193117607 26.4058390299749 3.30517493758878 10.5330395616004 17.5440291247695 22.3903220072216 531.283448651775 315.069697087132
8.99366160893891 21.8272749680298 3.53144938904342 11.8178818419941 13.064999648878 9.90684158554958 532.21668996328 369.120126616405
12.2092419750036 17.936343221505 5.25705480646211 10.873693307683 17.1423855655457 28.9120677799154 538.640378451544 448.169556089737
11.5212855457753 28.1464622152912 0.543798422839019 14.4837409961332 9.11887316719312 15.706395153897 534.653992585616 316.578084845517
24.074732276532 28.0783781384828 4.57100157917279 9.02982293365174 26.654170227796 17.7685906175324 531.544982608417 13.1815990050163
28.1624332636581 19.9187925278677 0.315646193138349 12.2153202026481 19.323716419571 28.6880101165175 62.8532243655397 538.171613459715
12.7073040126639 21.9012061529007 0.994735292639059 12.7804382065455 13.4536266913636 10.0680158194989 505.291711815839 507.100013870672
25.6446689202883 23.12160168697 0.648167034749796 11.7055160625376 20.2681806460095 4.49983901567047 494.79086599228 395.247465137478
24.0143710338943 20.0588051561615 4.68592676819159 9.52090289712633 4.58022416451697 18.3333341143696 530.522012920866 465.53837346641
15.5931540073744 26.2480281000842 1.93408045903091 11.5460519345239 18.7320408585368 5.44979054342558 512.249316935373 457.44914543834
14.3178862592785 26.2661077087044 3.66493941425398 10.9633073282691 21.8880583220536 11.2625936446348 503.082788182376 447.645807567169
17.9164336184626 23.2525583489669 3.09017822832643 10.5208820712953 16.4128760213601 23.5101241998128 522.389369519085 441.388551230131
14.0101607930881 24.890238614961 3.87913068666199 10.4136003702122 19.5343938205712 8.64213049622899 531.982569905689 414.255894834245
