14.3475217197569 20.3009266232669 6.50743064654968 9.43891113729519 8.34083290330596 5.0137594645321 167.140654805544 348.656982926593
14.2440085817499 19.5733677060894 4.27283756883347 8.34442951050363 6.98038539698611 7.2750781870505 195.843426174973 169.171222438248
19.9009365834966 17.7693536000344 4.60549044519849 9.95173105766978 27.3385581681986 0.600755409001037 115.609384048154 446.777679047587
15.0687566672596 23.4600380124262 5.58998642880347 10.6222381566745 9.60282957105626 24.7883385310473 205.631300981645 242.000152286127
12.8216514882292 22.2341454588281 7.46028504065058 7.23585929223695 6.62078597579143 6.87817918967939 155.341870573396 281.213267131363
12.2152754313976 21.2898817033872 4.91672004574 8.00357484797085 11.8654215221952 6.25541390469311 162.611161998212 322.806942241315
14.3014620616631 20.5174322798569 7.67824770954292 6.78079480064401 18.5752833018123 21.516563706258 77.390026167449 438.371943577534
13.2627683542127 22.636604105495 6.05945544489339 9.34523259519265 18.6059610939601 2.60120750873515 70.8306964306461 358.780104443264
15.1583978204881 20.8224633871608 7.27399851834226 7.48813133056072 4.06920792021351 9.72859866844872 146.391682062771 276.930257670308
11.7878298852026 20.2186303170962 5.42013061377063 8.28514042032483 16.3372473252598 18.7905857517398 163.955506292214 378.871875536674
10.6991251638838 19.7998113573557 4.85190882648458 8.42753601663873 12.0791978965387 19.4898634489776 116.665862375105 370.524178729416
10.9599724217514 19.9781655821285 8.57282842198423 8.06237010815684 14.3391915537653 14.408867459101 150.342229425894 270.929698448375
14.993772451737 18.693479519218 6.26308392289128 9.04925112652566 3.66514022500631 14.1866357078921 201.018935959811 224.924844400672
14.5096595067594 18.6948921771655 6.14180159981291 10.7772902935447 24.0230189254816 11.8275607725813 196.867763036854 349.743139234538
15.7492220313657 16.1794362465437 3.63530951759885 14.3611141793022 22.272674817219 2.21159210022563 173.37053762367 426.511171273833
12.5744922962403 22.1079845831471 5.16547434581008 9.75897958851371 25.3726728349956 2.83597521220692 175.569966305955 470.284206340017
11.896860055081 22.0338763236718 6.37397846507177 7.15306361217763 10.2496097903725 7.24573527977327 92.8447978220078 200.248144527877
11.8843922553171 18.58785649143 5.88835656546031 8.23264788119211 11.4235580245409 7.12373977656108 192.481269428635 180.266106943837
14.7300561892903 20.1260343046006 5.26479618553907 9.19474478328899 3.8955402627947 2.04065808476152 110.15980678379 439.328692920789
14.4681044179111 22.457086739173 4.98825868508026 11.2850652374205 6.76723690983213 9.95560984708332 219.350875917423 347.789399677421
15.1258684926401 25.3156839417095 7.38190890594376 8.24490711984959 23.6240669489688 1.00536921228789 31.7492052569584 468.883162758823
14.9873507570287 20.6827406579871 6.42307597516775 8.91909648964972 2.43632264416161 7.85015664691718 157.784535496473 353.966964552528
11.6225784453144 21.6466011698696 6.0163527316393 7.18168485187454 3.25131123698291 4.42544355298938 72.8128169241318 417.900124594468
13.7782711266147 18.421060705496 7.69315769662655 8.19058061231452 25.0994133319803 12.9643059767962 181.445508363371 268.867523593136
13.7672918114126 20.2183773687518 7.91694580679904 8.18671736049052 13.1440164447072 6.15900272975018 189.632757120056 308.359442581181
12.489927869696 21.0457753222261 3.60373008467262 9.83992810553138 8.75523521750885 4.38695334901955 114.088307098261 390.590921870899
14.8523093863257 18.15476308168 7.47322836515465 9.06224048693223 6.20452519533158 4.63533472124037 224.318528438727 276.63464519026
16.102224772667 24.4670646418695 5.76105882149971 7.85312855090468 21.7995526610646 1.42158765516563 40.1703171178142 388.384979239413
13.9541916163647 18.4732807169702 7.91662507335398 8.46714186506128 21.7588616841608 2.36136100429294 185.817481190468 218.740729956335
12.9994910430821 21.7181587065086 7.06864935225095 8.81527921584139 29.7993544561746 11.2728202634071 150.53796030553 408.167311615532
13.546507905914 23.1448360671754 7.63106838963344 9.20444073175531 4.70420106364487 3.01194401520436 153.794731743857 298.934461569118
13.6469879733177 18.0348442333741 4.60389153845541 10.0495164346184 11.6975209942142 5.61053310535282 149.074576187461 396.962223079308
15.1161829612389 22.1866627209757 7.12623419647959 9.12070428776767 24.3720604909443 2.74180636193459 100.43038730357 395.703682324604
14.6670362477909 19.0092400549626 6.66475596793825 5.82422419395006 25.5953163206948 12.5664692532393 388.332972415334 133.239797063198
11.3748178511509 19.5250680367576 7.69384027000389 8.2194385137775 11.3633476375581 4.49088334608685 183.020847887761 328.287848604469
12.3894595497116 21.4159028616483 4.63560956922673 8.66026328963981 2.71173172171849 19.2328826411383 186.021038849154 347.843980268689
12.5283084486649 21.0699436321619 5.49005114410343 7.2474257541908 18.3170795492739 14.8973169201074 156.24168769043 144.215754694088
11.7108839019185 17.868522148205 6.88127170447798 7.25263481566219 21.0586486229796 2.80457480405604 144.182846675848 391.103227768645
12.6754910224368 22.2096298389276 5.80205302591934 10.1513149629709 4.53330259083639 3.62174474592824 117.922120976668 447.553473100917
10.66520979246 21.4926437031162 6.4211608589382 8.45036833532014 14.0794019173746 21.6620032568892 218.917039269658 191.39307541433
16.0519431155101 22.1732769157288 6.98630300968093 8.78153997206385 9.18861322566981 11.044211248448 46.5238385540828 436.965902124984
15.2224926732878 23.330179848219 4.0435837212001 8.68172890065423 14.1544364282548 27.5329318449997 119.039985443912 360.671030773374
15.8482552951593 17.7096744569661 8.05167963429103 8.51959976630508 22.7205772070014 5.93218629611879 135.142369847301 422.67539774711
16.7484480650741 21.932091193645 5.69207726523195 9.09529575703488 18.2858878089781 3.60905699626256 47.2196664159369 430.7236045676
12.5402191943217 19.4303178452132 5.45061084280979 7.91466692962365 8.7289692156084 10.4305080854063 126.408681728476 399.148317945864
12.4804780564366 18.494671275884 5.98015830515211 6.05290689176414 3.99356570832481 16.2090271738982 216.227327590458 298.492657489875
16.8732473825397 18.6657186267299 8.66633925002696 8.58915393075529 18.5384903395625 6.02282192809604 111.826736248978 337.96906366607
15.4784304514409 18.2238340430227 4.50059689793992 8.78972710985663 8.74462748476662 5.34212784611292 74.0827899614582 438.226006262647
16.0133321103218 19.4207733540356 7.35966214496456 7.67750829920189 6.49047117970118 9.78255022050018 194.821209571569 348.843928265109
14.8771962227008 21.6618832783573 8.46073347375344 8.35297821113981 2.88674654134998 14.378538888622 150.882355025151 364.997172912944
11.6521645457662 19.4392206047408 4.73416165977291 7.98251711739549 29.7670578135925 14.9328242083609 282.507840363832 313.866607837327
14.6306348937446 18.4885578792676 6.38328646560869 9.43454123374486 18.4632320433856 15.8697328231948 207.435407501594 303.789758015133
12.5966177855074 21.6263191302666 7.95179508076181 8.12246796424741 24.8415954864395 5.58946255916439 143.549214262051 355.130712310844
13.4107052081424 17.2922775226338 8.84859008001498 7.718323516916 21.0266245649205 14.4227591158416 142.374173053474 358.004852972884
15.9253521352819 19.0903262515673 8.0205558374298 8.44160205708484 17.3640944388183 8.5288082334423 120.312464975963 391.027208261104
13.876507229354 17.8169584477698 7.76815308634909 8.26320043769392 17.1021675841925 5.12460250457583 109.171180762823 336.421015028855
13.8489166354894 21.3829922553817 6.15299010464018 10.6494120924492 2.82683467005916 6.36702927723218 166.63664918762 414.39715008147
12.9137264447493 20.3591668280785 5.65712425189925 9.00227804572612 28.4080262793437 2.22089483969592 230.219700978455 146.557241007302
12.5166650914944 18.4628683116381 5.79635253789261 8.00197257448292 1.10484119803825 29.1926437589242 178.752540458504 372.064083260377
14.100784528022 20.7854654892377 6.49466447147549 9.33310328472855 6.13833202483267 16.283950632214 115.561724904119 413.758150195346
14.2404831055068 20.2883857542319 6.06529021747763 8.49983960748841 12.7069209239329 25.1450381727013 181.383806253317 128.752007200274
15.1229952322763 19.5499477206743 4.93379389968049 9.95743216001194 10.4839257029584 14.0283990401037 141.735612507379 359.376564400841
17.1222204834906 23.2888261804352 5.63483251605057 8.88516165189249 29.0309512079769 6.25116379969516 110.284567171629 403.110848779158
17.428244890953 19.4010430663781 6.74842003347201 10.6417078341581 4.10675691508208 3.19185558463154 79.9833289104226 442.824737648404
13.5588270216146 19.7641539689776 7.98715843986978 7.64101153542454 3.84497142272633 12.1808032084298 102.168159830477 401.046858684281
19.3331715940172 20.0292728795245 6.16780546566148 9.55278855184878 4.30222713947775 5.59996377933033 20.6069518935371 416.638327215853
14.706644749237 22.7386766568535 7.51211606803173 8.93163950097114 13.240304161577 27.0131872114855 172.030226832549 392.260404570804
14.5587746171125 22.4338617820575 6.91797728836346 8.51376127774137 8.93180273496952 5.20347555277241 114.36664582676 375.711711230883
12.0342229652046 20.9637250761718 6.6543251336979 9.63822138099133 8.98262983298866 9.53268833973003 183.188443207512 331.470240812936
12.1556362816719 22.6908587169763 7.76107870529602 8.84783659751233 22.1093323927091 10.4278823974906 228.168376068446 83.8541428758068
13.9799448943025 19.4747717814902 6.09110669865464 9.08087760004946 2.69055326222283 5.07118852399194 115.154831786374 432.422828006543
13.6799620084173 20.5667787980373 2.30683150634933 10.7106881032149 20.5880521322804 16.4168809795905 129.921235146579 375.963873045067
11.5667655664016 19.1706944372417 5.92843965533255 7.65683712456517 5.80979582659061 20.6003611931517 154.722627359478 321.589217414452
15.1604181925709 19.8685059486127 7.20498268064319 8.07206740669204 6.43582410916361 9.83443208529845 113.942488358136 384.026792145229
16.4045406207423 20.029486733518 7.40411160921524 8.81224601677185 18.6067327991111 15.8717017675401 130.184898978392 419.279341126929
14.1427333323348 19.1194156235321 7.08728811190527 8.96135996864306 15.3372186308564 12.4759862718764 132.350839380411 163.871257010354
12.836609020174 21.7480393990215 3.96610824343502 8.65801349303324 18.4097730158063 7.80579773339032 122.041624063857 367.855498787336
15.6326953446477 19.3634730471724 7.43572910662076 8.45548580258586 6.12051213873276 20.0416181696283 159.400771204459 351.472316932819
12.7029713025975 19.3669746708852 7.90041934986783 7.98329191063018 4.31590492642372 20.2450513604689 185.641273210243 346.466686920444
14.5927028031128 19.6433429381308 5.99283149001168 9.47144914838258 13.6574056556655 4.35469126849921 144.382483202322 432.195873146688
11.5650642261626 19.1717842478566 5.09785670480614 10.4775941267259 24.6194458847428 2.26937542398322 129.318105398459 422.139907333782
15.1016032720359 21.7325102143406 5.5100859439105 10.6121079718968 22.5771392343222 10.0541701611101 123.751575172008 404.128355390502
11.4762856438029 20.5784991688707 7.18957424921805 9.82015895295697 0.389905336698194 4.43154822035833 76.5969206636079 470.640673585178
13.6728049574943 21.5272393771702 4.44408960437794 10.8768790392423 1.11387224350094 8.18351036248391 114.144503877281 298.167626269946
12.7566194940755 20.6353986024228 6.87350491844887 8.32167432374307 19.4312112456691 6.29385006502764 198.563554459737 243.81405396286
14.7785009778077 18.8187917827043 6.52315232430504 8.88405178862788 21.1653879257456 16.801964066993 139.473794215394 455.237308840425
15.4763639600122 18.7522257502093 5.44443637258934 9.44315437255683 6.86371480545467 2.87819868330114 85.6179576657917 432.718561605532
11.9129700982696 23.1990363195234 5.71629306053758 9.61811956511372 5.84254412539742 15.0983610724081 198.089456791158 232.538009851467
13.0480011498289 19.1194432907756 8.23662826364795 6.89561548971402 2.8008469436987 13.5836563426442 114.645632507866 397.139194332076
12.5625825546148 19.2938298339658 5.33113552434799 7.40027518557697 7.41802304597706 11.3258470071547 151.828857963134 273.430711802959
15.543156514006 21.8606640743289 6.02081387320826 10.0409018154101 5.49164475291504 11.2049910482695 160.649931048811 277.175375071719
17.9734418814703 15.5698553539402 6.60897172105359 7.89909567083828 14.6616154124966 11.4004887286748 106.589817143234 405.667072789401
13.7087716754795 22.0879469401432 6.79120552640573 8.73791291063254 25.4860767982954 20.2154690081123 242.499764490318 416.773587398796
15.4862339243991 19.9487758276047 6.85846833103139 7.40569868102581 0.977260850178393 14.5254350408808 143.873943996405 422.438205986825
14.7108348679614 17.9994413072396 8.32398352252365 7.83193245838342 13.5637367604341 10.2729791639507 141.168583738969 342.827357735101
15.8650001146442 21.9542199732436 7.17304371913391 8.05605693476204 22.6330592561366 18.3944859215348 104.145002614019 394.851341424373
14.1051742911459 17.645130557243 5.93755497567321 9.7249273323501 25.0569269840793 1.84075149147033 48.871637416808 370.461351551482
13.5647345449458 20.502369955213 7.53820994623615 7.28110575048928 10.5154744618359 14.3247620408454 155.580444575619 225.584463031418
12.9635667138982 19.6940662984872 5.26444313729947 8.74717199104 7.00094475847858 5.00862656258027 151.982008345845 383.505982542108
14.2770331966399 21.2814841312098 5.5887064947279 9.52377162715104 22.5425539710893 14.8968984199796 123.754559255371 349.517467793507
18.7894847108878 17.2362956249787 5.88196545097291 8.15729696821756 27.0173335571702 23.7570313851976 72.5523974546364 437.611586637997
14.5860839818691 19.6334934882877 7.46951560396951 8.86026106876614 19.7942284877458 5.73457078128763 52.0757934988027 394.242523391601
15.8751922937038 19.554367546283 6.77126263828763 9.15425596347711 2.10746576695924 8.27394127077664 200.594623933276 78.2701356043256
17.1311149161358 15.5752124239904 7.35197717537391 9.51294287595008 24.9891851049016 3.67443332987435 145.332492618095 415.145712839262
12.627402359421 20.5217360936034 7.64633325149309 9.50163507250303 2.93012272138585 25.5736116123345 197.173819896827 315.649543420417
14.2384771955574 18.179373693824 6.35958243815778 8.90238322265862 5.92109045414758 27.4082998790317 108.844004075524 497.235631984851
15.597069763362 19.4330666097753 7.34872372633418 8.35619605117427 10.7663206234465 21.1061847824246 57.639231686836 392.971863726524
14.9244998647534 17.5680169388249 7.08647204915193 5.69733842137901 14.2163251551672 19.8972542053658 130.166230154397 370.070361345741
11.5946994740954 20.4047074539487 6.60617172443121 8.69611880292677 18.7186286526066 17.0793381968028 124.216478991615 448.725959317218
13.4929965977516 19.6199901772989 5.41146772913677 7.23339332770223 11.7248026791897 4.62732971422662 112.077439653361 311.141484495252
12.4689600069665 19.9360133282143 5.27774544205677 9.78132558165764 4.64938133961892 3.80764945807251 126.688471666305 383.113046101534
13.3144535001858 19.1329918004948 8.14834586700048 6.79051557122058 5.0127463273524 7.23559494336615 223.099347921347 254.545036606986
16.4760405911371 20.5794003705792 8.15278596059243 6.92570900484061 11.0910908281335 2.85899713450859 122.7986785507 377.273227288809
10.6107815548233 21.5392035945042 5.45744795521441 8.24487521371 7.65906129373213 0.86451292881167 220.332570340615 254.41768428372
15.9972447924367 19.5993150879676 6.12353949941067 10.4025150236225 21.1196492488391 8.09820580995878 180.429740769387 375.464459532735
13.2561141195254 18.2785586770929 7.87763206203878 7.17197589816794 28.7830755689883 2.14049175098615 166.883034672039 369.526652938226
11.6419516606506 17.8278636103609 8.34994850345648 6.99212561880475 4.51971404843173 10.4392084769323 167.230998215072 360.609321536346
15.4024765760717 18.8139087165469 7.56812512963383 8.64125223134366 5.50192254123129 15.9421482995876 97.3145640547472 389.560113041555
16.0680246435106 21.1195137511775 7.009766115673 8.56435996236605 5.06039426429688 4.01287784414901 171.876047280579 234.276803424892
12.8500982348472 17.4218153820875 10.538267807873 5.34718368902988 21.5122243478002 5.14616434553045 130.139433556996 337.814310287161
15.049282084429 17.7365811941151 4.63563970788246 9.50895440938139 18.9210107930787 7.96913966775923 168.523074167217 371.465423801746
14.0446680738384 19.2706961383371 5.12458632397002 8.48756655310391 5.14962245628356 7.68142729651539 114.851296731245 409.60282968611
13.7721285085069 21.9263997308845 7.22149827018495 6.22750076988779 1.6143769147717 21.0904918576284 172.550177540825 353.766075744484
14.9131870804363 21.2506740561966 7.15500768895188 8.14978860570441 6.77779391731152 6.59687212097016 115.842855831746 410.724157000337
15.2594553846096 18.9237210070836 5.18008026566104 10.8418936701161 13.1665137678897 21.1773382015164 123.225777201417 427.176331255454
12.3257549256778 20.5761893782331 7.36832514698497 7.65205645224517 11.8595753500746 28.549316429154 142.441740867045 308.433031945062
18.3649797454312 18.2377353767039 7.28719267406187 9.16083883692625 20.8602707107688 1.35954489170118 109.806067325021 421.082914183985
14.5421234086175 23.7766568453449 8.8124760617213 6.95526811511247 3.94917074410375 15.8927820693728 152.873480655842 252.733651507373
13.2708879357589 20.4903255144936 6.86785908072332 8.16608199690704 0.111753525838428 0.99887342872448 99.2145583147041 405.35415849963
13.6925266289175 18.9765812796178 7.53812530578085 9.24888363094857 3.37553097930787 5.7474073714144 193.338433482479 334.717354790936
14.514352640334 19.3104256462848 5.90541336850647 8.5712972151991 15.0673580908848 7.79198673174281 139.295632528422 366.961504028172
16.5712418098636 23.2499878117497 6.1509073721853 7.91338605499621 3.60910799953402 4.21301328445709 169.17251259784 194.290557777839
12.7854875997888 20.3778880817346 5.61439842894353 8.78001341775732 8.38282962671758 4.31937396311154 157.952018362175 312.458980266264
14.0541575417852 19.4011915744768 5.51602507041108 7.95852178792865 16.339603706928 16.9726647055611 121.964786319427 413.427052877398
16.5082990351477 20.7624042121092 5.03616718976581 10.6443915808151 7.13260503087112 15.3734764986478 157.683293534294 384.931641162728
11.2010095710468 20.3168616573759 8.05108888315503 7.01032684205691 15.4761641865097 13.7364687312254 201.358729370585 300.770888785882
19.4248538039945 17.1693206051315 7.47527647600785 8.0077189972808 15.0791727304482 6.66609071991242 115.643934899852 411.187378542937
16.092132279702 21.4475751044319 2.08249291485262 11.2261430856215 3.57956368753577 7.97623136311793 238.058382150158 160.745533118264
14.8434416562867 19.721043428684 8.16935712987276 7.66465776116419 8.27750201834592 2.95454952903828 166.303633269551 223.144821997165
15.6419343439431 20.1920607978872 4.56323179365306 10.1900881485068 7.96650431432442 18.3913019164802 123.60277524174 361.092799617702
12.4005646646513 19.1472701455967 7.86467574421743 8.01213412268842 25.6921418231232 11.7286163187814 137.42386693003 375.382355797292
13.1668536068681 21.5629746394858 7.04854029974374 8.13223675189719 4.96982769021249 15.9929661295136 185.892113696833 274.333045429064
17.2068138635187 21.3108511171284 4.06227737573876 10.8654462149655 10.7388072228161 1.25580685793282 138.427845752301 390.885832711799
12.2777862824379 21.8268727048106 7.78171353390847 7.5551471685841 7.07018038060557 12.9639071499394 167.081476790039 213.686316823978
13.303624187566 20.0678412160066 6.71465037305555 8.74144536889819 3.83918481739729 4.40968153033154 144.043652178293 278.449091509679
15.9136308050403 20.232059056125 5.15626604603158 8.59358114374264 3.08418309013044 6.08550855221267 91.6902303949256 417.774619390288
12.1627349531606 19.6739559999222 7.3387206441181 7.59203959844693 15.7679591258432 23.3173334412352 170.146472874128 285.557888120181
15.9335338611127 19.0051471680213 7.39251222458705 8.5384428326068 9.3491154201094 1.79884287513409 156.869894660562 283.083593323467
14.5931709747984 16.7661757786476 8.17562090944326 8.41692261074962 2.00556055694268 3.24586280208175 150.032381554415 244.394952518177
12.8380743579791 21.1239794132857 6.22249487210086 9.40001059249022 9.9301291746092 11.9115539392939 204.928239003564 301.035686217491
15.7544040324677 19.50531264927 7.59631904326696 8.86875551548613 2.56810566172584 14.3215345049827 169.900596411625 319.443607573154
15.2058653567208 20.1588968931558 4.82383425608642 7.87906085528856 9.65313271072952 0.989296386271947 164.019277200384 398.032282639597
14.9357873881742 17.6798959883516 6.91246156355937 9.87111511513454 5.17884939899442 7.62177150636406 193.383917523384 448.594318499589
17.0628497655609 19.2477891941967 7.15889973106298 8.8534819295706 7.27708218744507 5.56937268752855 110.772969014101 428.565793349939
12.930882061242 18.1347662761026 7.56641739019083 8.90686546789859 10.2882265832039 18.2794952614711 157.452714199285 309.704591298909
13.1378066405782 21.363256945178 7.30705806091554 7.53456941426562 17.7780778014155 11.1784762487056 115.97875386876 331.576725824591
15.7120478048077 22.167949945907 6.86557934836143 8.93614738826774 18.7599884410879 29.2456841908988 178.911190193433 185.392034467761
13.7293665934412 19.4512864302093 8.25882245727177 7.53679798410474 13.3401862380374 3.84672495275287 108.559201619772 347.285101339916
15.5264828593386 21.0192641624816 5.09458224853421 11.0110213278191 11.1665815037186 20.297335898388 88.8954808040461 425.633635032024
12.5281326378629 19.1182058534247 6.96081987960565 8.00216795549876 19.8465659246266 6.84463414061901 98.5069506389921 416.237881110165
14.7545502086527 23.0082460845772 7.92331895288404 8.88950168661721 24.3362095901726 4.56458097443605 147.564959834411 428.920910154487
12.2711458063509 20.0107606222234 9.1032542084293 7.81774254976932 26.565184276875 28.1681206498858 185.803759654233 343.850489151518
13.2217623694394 21.3509639810399 5.62361701499673 8.31845038480302 2.70331659132635 11.6592819985758 95.0974952559938 386.042237090422
14.4667127197827 19.5177858367579 8.06896638295245 9.23353807837919 17.1969882061272 2.30300089758613 126.538554546031 380.897145181912
14.8014039234462 18.032599948089 5.91937969147507 9.20329295585857 11.7630194993706 6.43028930436507 110.463530169005 387.335767336797
14.4272962284529 21.7886655710642 7.54955483380051 7.91226048497625 16.4850809563446 5.52532611343255 116.798933751814 376.12625776052
12.9923023910345 21.6970474057817 7.62678019556118 7.29698056616597 6.35292079211519 9.53345877400458 124.176152133889 370.195429632627
19.1054244837393 22.7251616391883 7.69013515035604 9.92772935557142 20.683102983876 27.633952049226 129.245212419567 286.87406070019
14.2018786210295 20.9006993759371 4.80562322001534 9.50658111983546 2.87037206936534 5.39648676390491 99.6816388270871 356.500946290485
11.2265602030825 19.670628534368 8.16560610560211 6.95917097446939 12.8586097417972 19.7805797629692 120.542971297986 396.100155531242
17.7753425349264 19.3338223743662 7.773316309032 7.85359829305375 23.2094784445964 9.64137096191343 47.5149210368178 456.76096097051
14.4493171713629 18.0380788320995 8.45372118716861 8.34552669587529 9.05808703367084 4.97353892479279 105.364148948938 304.830601971592
16.0518496123377 17.5519341374903 6.67125313591405 6.72566064413974 11.8675857216979 10.5159870948348 109.713803741283 414.976549088807
13.4947788902214 18.2519880652842 6.24635112951742 9.78644171686689 8.24715966875258 14.2747574107791 195.873394284044 336.712750663406
14.4193742814793 18.7302018260431 4.45177053846805 9.13246676492111 10.2604021615072 5.51363950889534 173.491715220706 265.543743645089
12.4654814489679 19.4282434254377 8.91313717523365 7.30453278107219 21.3364952135014 10.8808589059238 145.596852725068 290.142536910895
14.4193461852872 17.9503466337766 7.49660502256261 7.72403251670687 11.7039901930933 13.8896190817527 95.6444738930115 418.455424633115
15.8086206307455 20.0631811455392 7.61043163152636 7.49340063978322 12.4816324038281 14.8093179215092 153.179921697335 309.244311911312
13.6519845037212 21.7715638864539 6.34865656427645 7.36944696816674 3.29024690206315 11.2929986955428 178.594766973933 214.28957115453
13.8060611813009 21.1239860462269 7.33056697228977 8.50124886401668 22.3915339878058 23.779881259482 83.2844139471446 397.914330476842
11.1041365718957 20.5254447903149 8.12681358160965 7.30373853276386 15.2409700507757 21.6611978737903 142.649682097425 298.937648405938
14.6184101929865 19.952979956805 7.72122690279437 8.42439267261848 12.0630258490595 15.4462402940388 199.203846154042 146.790372964549
22.6309910946523 19.2608294411937 8.60222930052448 6.10488329754162 22.0525512897206 3.00334763759314 159.353505002708 324.281840297344
15.6445939778589 23.6792247034527 7.17124147525391 8.00020764842409 3.43048135713273 8.34581555514451 228.503186363718 312.424488329551
15.3663183207674 17.6415539847032 7.04205629504271 7.97577245703769 7.62677772925486 4.32869518816298 99.4999916148631 440.782859805424
13.438808186839 19.4420910131442 6.93626115043189 8.76251930254879 4.42242464473465 5.77494265224932 112.361825943137 427.184865344612
12.6703461045491 23.6538294061831 8.13602676654302 7.50986096652652 7.75765685831913 29.8046276791821 137.435978341341 372.004613630938
12.5527017563155 19.4844122257857 7.7811998490114 7.06416035234944 6.90885800240113 5.23472261321565 192.75664154965 271.770369883788
16.2234771304571 19.1322238884306 6.16111689258132 8.43688942755907 17.950648753722 8.60796120726762 125.665052738781 356.733491546202
13.8564662103267 22.2138257431006 5.06750122804171 9.14634859814617 17.2794935242148 3.02465262031486 107.408430170754 363.177832674928
10.940032905883 21.7906519278514 5.2651491850987 7.69442452679086 6.21208809729094 5.55560273665081 163.539563796786 315.259024268138
13.2118574071934 18.5681408046851 5.82191216796875 10.316168734848 10.9019222788744 12.960322076282 130.556269587825 409.996703420545
14.8757754854252 20.8519934366644 9.79632609647501 7.37801265882837 11.5832664509787 19.7326411549136 185.668740740079 306.185981324883
15.8925754129364 17.2939387719693 7.60874812913945 7.67522176211648 4.55603787120204 3.04278563206543 77.8449761148082 411.337531880856
14.0633283519652 18.6790998791238 7.78938717904182 8.83294504025688 13.1770618792547 6.46514554558087 173.663126039855 278.771173843015
16.0320691110043 20.2316951123821 5.99061756014643 10.298696301894 13.4283039916055 4.64165350669568 107.886888245514 424.818532367225
13.6104552006783 18.9460903655038 8.49897411065019 7.87465673816235 9.80521413595611 12.6816785011866 148.158555533734 421.839645749699
16.8602106250858 23.255732086397 6.31619240031458 10.0351086288397 4.72490418823689 5.93167403254559 122.123686079095 386.460915315813
15.5436935828003 19.4651682983529 8.33160889935337 8.71164290482243 14.1564865298391 17.0360659189996 152.934411686864 368.969544953004
14.4528459182604 19.3635600472286 5.22764306520235 9.15001618003753 10.1051771980451 17.1916324071239 174.78247403881 394.106121660715
11.7887982431944 18.7422980196385 8.25377292723492 8.0978441502923 7.13487731643158 10.7741399343784 291.92308359725 251.045372124052
12.1260973526372 18.8792881380852 7.53702979215218 6.92229081445055 6.15382909455642 4.01438458141367 94.6759763637132 324.191877088863
12.5968831477307 20.4388948825706 7.65715903539757 8.37107811132327 11.9236507405057 23.0310352790313 171.606487945341 326.157582872368
12.6585671835398 23.3489388990048 6.11564109206003 8.61638795171067 6.36171477181613 5.71838606499933 149.38437384655 246.880199256257
13.3476712059563 22.3723292404739 7.74749788133052 8.30208054186299 5.93278497297751 3.97684590765267 174.248705804093 205.237312961163
13.8203608045975 21.8029882398615 4.7399233638641 7.88970342049171 20.1786994363917 12.9216564464877 70.9916013892611 415.973220985839
14.1130383564434 18.6618065847563 6.63650998617126 8.00242994419417 24.7156693002732 3.96514212340476 166.543075868725 347.811296768458
15.2450312056292 18.6890850328252 4.2347753764295 8.58716463253439 1.73712136367361 3.93374875193544 186.20609976105 137.274172103573
8.94961062708951 21.794251012642 4.26604126558019 7.65541430664471 13.3223126817745 17.2486818142382 186.225204830928 300.179043644812
11.4129030933574 21.3337930860682 7.56292005824449 7.40707874983014 7.8433287073369 6.08272371113923 142.149336567493 188.283845662007
13.9736947106818 23.4096991789064 5.43484199128649 7.54976347162673 10.1322027730392 16.1735823816823 89.3755117288748 397.696537332616
10.7807862206904 22.9625076052018 6.13465012898364 9.45023138526458 3.49640758805162 8.69778750667682 114.281352224008 301.070879002788
15.5991025772552 19.3921300380047 4.5916297379486 10.7356139212613 15.1179821313688 2.66059983325791 184.859408457806 337.861217276128
12.9521724394304 20.7761007638012 7.37969677918839 8.95368341924632 8.74689222449838 5.52064068705502 116.689198093939 375.02969167926
13.4983918915663 21.1915949403543 7.5439656242506 8.74757202614837 23.6709377428038 1.44256502772828 185.60569165013 241.541954562008
13.7777510115223 21.0309029053087 6.81527497100655 7.74093818943518 6.11071326081389 7.34645664441666 112.584833626818 411.880047859893
11.5425336831147 19.8729230287628 7.95992316310625 8.75702387225647 3.05248197482666 11.9653161411743 196.11713729003 296.63850142223
14.9536706383909 18.317673228325 7.33364629640608 8.68190461016752 9.30686453206606 14.9525474163267 117.224825267587 260.458413647036
15.2252855093158 21.2896691816431 6.29659425338328 9.36617668433696 4.10416175723485 5.16550105826667 112.025107380779 397.737722761402
13.7252331271605 17.874237971482 6.23167917279495 6.5522841766332 9.79790041029834 1.07687575259583 101.704389980293 425.89625071854
12.5037836436158 19.5085111363887 5.16378683828018 7.80973014497306 24.2187990836707 1.5343295022116 164.224921101043 108.128106221031
12.9348531634575 19.83935376357 7.60839861141349 8.9561170209624 7.58038486357495 2.12538568720462 115.936312435789 320.927258746897
12.2175227371908 20.455008953382 6.37361766255767 8.04568041360578 7.93971429963348 14.0873051120564 187.815791105001 348.336674473389
14.7567303874478 21.5835317242001 7.04411508757973 8.7732603711647 19.1236896366734 5.47495098583007 135.149700440605 391.093639554684
13.968421562457 18.2611282117276 8.00743611856125 7.06277537154693 21.6281963566371 1.94056749724516 196.333705483624 290.217738907089
12.7815290862497 19.4096958882724 4.90676930539773 9.00136772079213 3.51655119780515 8.48767909124365 170.49527676465 349.906230118901
16.710489859391 19.8511671468947 6.9243138760222 8.10267273958458 4.89200060138658 13.4107775212867 168.082786138782 286.351993445052
10.6640501716294 21.4514616189626 8.4428987437047 7.57691635638798 21.4551691189217 20.0495142220741 179.8928421527 307.872650680542
14.7189557309392 18.4626660082353 9.20924564013232 8.34886309359184 6.71922009431203 11.8112657520818 158.776634016839 334.192205426288
21.9681013125523 17.2287775717635 4.90540384287119 10.860429189658 6.62083768332038 1.54472793178042 100.397131980331 423.392267740583
9.44916956905261 21.5521907058154 6.06931292540575 8.73439245444802 3.20776841190238 13.6126613354523 137.394539455441 238.119640234757
14.4599621497077 19.2163245910205 7.9818534351983 9.18759937408594 7.57471542488172 2.12804192316164 106.267480807278 445.084346451012
10.6318382703051 18.8867080043958 3.84125939851582 8.27626785921048 5.29103057961571 2.75252991876901 151.263048596112 228.419323785803
12.7290812374371 20.1685918894797 8.93548937776239 7.75866259665801 10.3472510266279 16.9700629545767 160.329272166839 167.456707495064
11.5239082627391 24.6313757900383 6.92478426789404 9.6486220409296 4.40889147937229 13.1978043347577 158.329536891468 110.430328466107
11.0692792786999 21.2491172200642 5.5369905359343 10.1432497223979 21.4519196890678 4.90261366830092 151.877531933611 350.481571268271
15.6002865320523 23.2349184322796 6.47828228345899 8.83737532767474 16.8032006633134 2.54773792699394 168.513732737322 284.830457424261
16.1831129700493 19.5035673088463 2.65932110610984 10.2330215260277 2.31189014625702 9.60039862865526 308.372367886416 36.9539712850932
12.7854395704787 18.9590901077945 5.81143011507007 8.99689417614699 1.7622876139139 3.25147802278557 449.180550266101 244.13242601731
17.1300922713341 17.4783382939445 7.30198033409314 8.09182510642146 29.4387598776292 16.4267353196436 55.2852584768242 415.316057926115
13.2175612744267 16.5636099076559 5.55685361422562 9.4791386902534 20.6942998827481 11.6459305960018 63.6779361486682 401.402064598412
12.8413109171352 18.7980924806286 4.99590457553414 8.58338725351926 6.77320345227057 14.0657047107566 85.2292948751661 389.112736957171
13.8425586182387 18.1227485803182 9.0473005042056 6.53155423425118 20.2619214461742 3.78346623630901 130.926542484185 365.055769176299
13.5116994465708 18.19461415127 6.57425440585179 7.78572696584119 5.25672567057733 2.89927702154275 103.780559792129 410.683342998595
14.2157994094864 22.964727449848 5.00625448884211 10.9879615859848 5.84453898951213 10.2264439173098 112.416304230252 414.21328329281
15.7241649194288 17.9127221882216 8.15568504363341 8.38829221438414 17.4713974680159 0.553554786110465 172.875251964521 397.623472288787
13.1212564147128 21.8609821616711 6.48855785070215 8.53079355012558 22.1091322735385 14.2264786529764 125.127631054311 457.562863937206
13.2938353222555 19.2313026113309 7.5588486902071 6.90635983537259 12.6769291679866 8.0581506920469 176.134071865374 282.924472921988
15.7015431713827 20.5868237162284 7.25671940451906 9.11867223132172 7.30701201112589 4.4049160877384 68.6726216700234 335.273760727082
13.5918636703447 18.8648096962232 6.83140667530806 9.10045452438512 4.07097611789634 11.5609599631118 157.124307352498 382.336860452575
13.2910569605581 20.2399293111689 8.22860538011598 7.96083862302891 22.5359898483454 1.39728660692418 180.051028462012 333.88768138497
14.0693044815572 20.5517493607175 7.94118174796788 8.07749000404133 7.96441894093213 16.2953967796787 216.438453515491 277.824283521448
14.5968718623575 17.6262422736462 6.9573013514166 9.74795130227805 3.20289928113782 3.42873990027602 124.775308022063 463.202877575821
15.4511823231421 20.2972223303081 4.0441897608004 9.53960563803144 7.69806681529507 6.05056100055194 97.9311297981851 382.657267419326
14.1743865113323 19.3534024259363 4.02197490294857 7.78262404410257 1.76623986800948 4.16021527495903 64.8427510555708 419.155617947134
16.5413741384493 20.5684297146567 7.2257681974271 8.61368317428818 11.8615326227412 14.8367615746869 196.893773059854 211.978028760389
16.9791012524946 18.4199658325795 7.28693317639885 8.78706790881593 7.69297989003531 2.25527970773269 70.3620257687046 417.818267760972
11.6777455703416 20.6919656975201 7.52220985986989 7.86689320964827 18.1638011480761 7.24097048396187 87.6292955553125 336.542381656367
14.3414247493828 17.8035248267265 5.0580884017006 7.98390556433971 6.12014119585968 9.70972594781478 194.485628419343 281.962040932624
15.7136877637416 21.0177355635112 6.1684958331195 9.36361737796433 14.1693133312949 5.24721240321232 86.591652989806 340.645706747252
14.1177697402436 21.6273928660904 7.2823770082609 7.43527009396273 1.33859875042712 4.17915883407972 185.760957680123 406.320860273299
16.5407761944561 19.5761369983478 5.36807392033653 6.45971050921419 5.94778073984074 13.9403330384907 48.5003756293339 429.100172251158
14.1101103170335 22.127910145962 7.11340582261082 9.14632519967688 1.32385837975759 15.579506410628 163.178218926747 370.727612570007
18.2148746000414 19.1744033718128 7.25412979204042 9.82009311643256 13.6173720689855 22.0973581716488 162.711693701362 265.599536998477
14.2238984972649 20.4875888979793 7.09607224833768 9.88690778185446 6.36610848652793 10.1054529561764 86.1194882064596 435.324901822988
12.1661719165384 21.1930164596685 7.18097522594721 9.22976463138192 7.43385854950405 15.9275543382547 183.676021099175 347.377850113759
11.6033253054693 21.4532285553601 6.89138328275929 9.45368731654352 13.9934178810385 23.2928774205142 203.978892704818 239.080811767999
12.0925434464225 19.3345271340723 5.30618895758306 5.23394450534113 3.9779434295181 13.5097259042568 114.400292845983 339.422877390865
14.2839101948109 20.3678255625459 7.32227241375519 7.8110293655025 6.51627407809496 24.5226440716068 149.162844467931 393.63425029973
13.6116996998741 17.7092055185485 7.52010854164083 7.67845266548855 6.16338654765909 18.97460378793 158.462563799999 257.330657011931
12.4142542783746 17.5097442321891 5.70029437203028 9.35528190068599 15.0629793317556 2.66152000856607 203.258972136782 328.241667393083
14.1632004949745 21.0536839602879 4.54869788198049 9.21428279496555 21.7787798850572 3.76682594841302 129.053754917475 390.567731401629
15.0793879703151 20.0008081218086 5.65311868067537 10.1332671579682 3.43452735240686 5.69043552232015 116.78781873012 376.660635555125
12.8315707175656 21.8244481578827 5.76159211557247 7.65624728602062 4.67601943019242 17.4613866206914 89.2655891018297 415.666839513844
12.8850960247118 21.1237935944108 5.74400653150647 8.29652045049834 26.2703826371638 13.8057588202367 102.311010919599 409.300008606221
16.1183822680156 20.9711535394267 5.78422233179259 9.18152690560288 7.07748662501735 5.24525417352066 196.848562846721 295.00006182947
14.6546773593028 22.3768082819208 8.45128626217581 7.54806721501981 6.65468665031291 13.1571015910122 86.8996158825442 368.330029105958
15.016239324665 19.1022605821495 7.50662324199572 8.77900949008028 17.762895513895 11.195569020617 106.02308822273 429.84991825377
16.4718788198087 21.1907899839232 5.30044784607407 8.98639253281364 6.48022306123437 3.02426380167124 76.6649542992451 450.147489519526
19.823480422673 19.8693758290528 7.55805574805964 9.36056254634134 2.48762367878324 11.323954512937 132.401355840744 304.976291267825
14.1873040403388 16.8196903208793 8.21032881559786 7.54558844226314 15.6597061067818 15.9111113349629 154.093052420896 250.74105054016
14.3014215766265 20.0302759387907 6.34119669998485 7.43051141996278 15.1593414469849 14.2276185511608 214.580285751857 355.059814261337
13.4069530421381 20.3677512621817 6.12391207292863 9.88824060687443 13.3416637530108 9.18527355201558 112.992459951725 410.843322423785
13.2571754546482 19.510162040404 6.93028552805765 8.47115015603777 9.08516734179187 12.2677380658308 32.9133835554943 409.252645892062
13.1247897792907 22.0798219568191 6.42273692709562 8.563734050261 6.86558542123033 7.85571877462036 37.6550847999072 408.341309342031
14.9984096347184 20.8310259078662 6.48736933041766 8.13485941134337 22.6301185794818 15.4387569162412 126.97493894435 351.087265902955
15.5016405237915 19.2635331997794 6.21001535233503 8.57737758529498 21.6286005466518 23.6321931063435 260.729962594964 200.420953297654
13.195818915347 19.672368280884 8.73699453121666 7.54961282337227 28.9117277802313 1.70420073358504 115.15140824176 368.982778779935
14.2626958500389 17.9436565158925 5.13226195506209 9.60722851260651 14.8433773994827 6.20363206638755 103.485389471416 375.467441677008
11.5789395721307 25.188594165276 5.074923892735 8.14130481844371 12.7378052858445 18.5585695317097 169.394563472476 230.02765123648
13.1612541499995 20.5887645314222 7.42328259539628 7.76982636419623 10.0908607224459 11.6711234001094 160.627507143121 342.439776906419
14.3587959839842 20.7347725910254 7.72630542149297 7.30941968451773 3.67376775532093 20.6977949944639 146.58653746873 212.537893341876
11.8429398456894 19.1220544878435 6.94405414159128 8.20737028261442 23.8963807397109 12.5426672702034 190.680149658883 294.698120435058
14.5563879469059 21.1541220922511 7.83730148563326 8.4734130681256 24.4656416312426 10.9002238542663 62.7592477265221 418.847959442918
16.5415585115554 19.2477618454758 6.65674206120628 8.78609754692815 11.6575711360713 3.69591454178305 66.7457276084021 439.350163458651
13.8689587174739 18.7584629834375 8.80658620403288 6.90256686536873 7.67615936221043 17.572492988281 138.457268105661 324.732598368925
13.7711279430184 20.2642948828821 6.64202964938304 9.37968363635131 21.1193039489226 1.65663692083567 98.4522265258648 428.702956789645
13.555755305055 21.2784380873238 5.94896711744238 9.12109613889887 3.28392739412806 5.39960282945507 159.481847533177 358.768236419355
13.6008284595792 19.5415380014218 5.8153563023303 8.448491467885 27.4971332119428 8.73771036222034 120.252413966891 418.83093098231
14.3199253807841 19.0522203043654 7.20323597197002 8.26046096806609 11.696860489161 5.50198610721545 143.442377837882 403.903052853505
16.8995157521921 17.7681025419353 5.9667542679059 8.48804621194776 8.8727166061451 1.93267278592463 230.190303618704 273.235931553646
13.4718324418621 22.6315828875002 8.3570275407465 7.55641309247972 6.32800083250423 26.4586444809906 193.181538773154 236.659844226966
11.6914986972611 20.1343276786324 6.30953803800844 7.19498897424422 27.5863169379173 6.93615019615973 188.938660384014 362.379410556586
15.9369172966344 19.7306930848419 6.57034553584505 8.97062754041411 8.8972467879922 7.96380545112051 71.7589957444639 390.772462987696
15.8111457960115 26.7366865383358 8.22800309994798 8.57539794486508 7.74998873184007 3.57202450245421 127.014103036425 210.817468673626
11.3018995714541 23.3744128877503 5.50987976512115 9.25688134397095 3.64947171767313 10.2541574387861 197.204414569652 341.302596216545
12.3820246242784 19.1729736699249 8.09574367847637 7.00199795190948 28.2363774549425 7.4850324627407 170.909984682803 314.653178993218
12.506691261549 20.78127687857 7.01482746178965 8.51761871098749 8.05807264025405 1.89132450048248 184.799065900151 311.981024289006
13.6450283403944 20.3206228105682 8.15828068863824 6.99018639642774 2.68057267816683 9.32315965898549 157.970904289607 341.977753061278
9.4670555105828 20.0842472507023 6.06846435577212 7.34244644410161 3.58560559380044 10.877650936975 225.345909775836 324.732470133832
12.9989924657941 21.8679937455781 5.42932601162987 8.16497347997826 20.92965135564 8.82794312367163 113.561381871802 279.355811172466
15.6017305735757 19.95001461563 6.09727991423233 9.08547180235818 2.62273539795883 3.66037752260549 94.0164706042071 446.139138125969
13.1094763529365 19.512213688702 6.82946570708324 6.831392095618 8.45398112588287 8.4951313737224 140.653277169081 287.958577414339
13.9119745716932 22.0103844239405 9.61923303525301 8.40073724190575 9.90247766506519 9.95340627560889 202.853419640779 192.591237063384
12.5459920828546 19.2321627318202 9.21375457814202 7.10606681157647 5.96937520530706 13.8916004450625 199.751156653544 231.810707444505
18.3272570188375 18.2123685476863 3.04992674364514 10.3373441465164 17.7913544111346 0.148422480266366 180.313927881996 368.730700124442
15.5537411085188 18.9540694089083 5.54005108030639 9.72450126171943 6.91933478787625 10.1001632702914 105.088961780117 418.543692393901
18.4227819912115 17.3720913950313 7.54457847549648 9.10992972255935 15.2392247833859 10.4385485028303 92.9772388421697 437.912624032562
11.9527796098961 22.8908727417946 1.46928783689195 10.4213685473176 1.86981649752319 7.47539492657617 105.786741824793 405.045699768258
13.5593091316811 18.8876741701303 5.41001399463529 7.15932764741396 10.809863051529 2.59259198373502 93.3862527168563 360.524609447107
15.5935969928697 18.9995791459787 9.04217230031862 7.69173989404031 11.2108176728244 19.0078757204465 137.185353565877 365.88091117791
13.0454066052341 18.2059938355372 7.11278094488133 8.98908741443582 3.78389794485423 11.1344299654404 202.941392964074 371.465695852302
14.6222838720699 17.7791590504982 5.36944687942702 8.68305643942838 8.63609395887572 12.0913127337454 170.277372697602 382.409153424814
12.2072824771675 20.8264969551066 7.19244006999782 8.89297627087855 13.8776211656826 15.4095822200219 53.0830598430932 238.038748199962
12.8595735235998 20.6958910570895 6.7583937946294 8.82451237155457 8.90308988916606 6.82896592328697 170.861664313968 400.184747364685
15.4979296356806 17.0559901832898 9.77369434101433 6.45727780916866 12.896418021234 4.10988415203053 115.624882190492 364.747276632324
13.1353294506448 19.088247925857 4.84140030297169 8.30657129901348 17.8343171105007 11.8045143381937 89.3701225344886 405.466474026019
15.1013591814894 20.6165330079506 7.08841557679218 8.77755967108373 13.6185778154507 17.5527767851375 63.8659109109406 442.363935708575
15.1355988485971 26.6566154705172 6.4065325004463 6.94617139522524 1.20444336578204 11.9592204077907 149.002697292467 330.751837732682
14.7192296499613 16.1879047312168 8.00296395050855 6.91961896732835 8.74717322642776 3.88774763483784 120.996283319632 334.175569621676
13.2114436838161 17.7212979119957 6.37257249559931 9.1582094771019 9.80267556075274 7.56395255237605 96.5481566233558 427.457150313546
17.0037773726141 21.0558879187638 5.20779425027102 8.80907653254992 2.04728776384324 20.4083291439302 146.538971231507 389.778474126712
12.3561699605632 19.1308140826374 6.07988838057347 8.61909794561575 13.6281471861685 6.19466691748512 184.467258967614 296.847372569414
15.344934509395 18.6526319382827 6.33995137390208 9.91079594300523 21.6749320338729 25.5238733714737 173.403380749109 338.800242530268
18.2809213104912 19.0495861993092 5.26915917423236 10.3276022170001 5.23608776619017 13.907573134224 131.420181793341 481.91861727919
9.94155862103317 19.3924525604748 7.36515670966001 8.80794016436947 26.3553552785168 4.30198580161429 178.53106755598 329.370176240797
14.4921341689583 20.0231808475511 8.14541981459843 8.62785378790176 11.1488935417301 6.29621827154843 162.177969141143 243.39692026967
13.5611708343069 21.5878104300926 5.35838800709084 7.58846090218781 12.963503958297 10.9061982791674 81.9363215045714 378.940629514639
11.6730260596944 19.8700187835621 7.25129269731173 8.67082593996861 4.92810491512099 10.9547542763803 187.323465127076 321.780076500514
16.0090559168533 19.8138761011294 6.68104200635302 8.65855697714233 13.9537982452987 7.69221593892911 133.207590391692 405.627699369687
14.4827506844599 19.8294588917521 8.5339067699331 7.67289092356556 15.1960954048792 6.89976873779106 122.374397299082 375.193356929771
13.6507479758838 20.9370432770403 6.14595137876526 9.76738521056478 19.6579125436523 4.4239803548163 127.099477213938 408.60281553598
11.9162439485964 20.2411127544901 4.71481290225015 9.76665822408847 5.00953097924599 2.82776029387861 189.273877579537 209.986915946467
12.4891615380498 24.1706011647536 1.32539458518592 10.9102591084583 3.39955874277297 24.6941603523988 147.550439184777 283.138354108239
12.8867012281116 20.0407556098877 7.49263057222581 7.14711977466778 22.5821570908186 14.4189388349104 99.1815313531832 391.934618845544
15.0332450472976 17.2998216357028 7.56412878716286 8.12981364474103 12.2484993119684 3.96201447948961 116.306490314461 411.562257716352
16.5135887187786 19.4885588169128 5.17143272227665 10.2847019576173 19.543740171522 3.18640105649609 75.3253380071079 432.27154101048
14.7325875779122 21.3797482150516 6.41499698377115 9.70128003356398 5.12718628684373 22.0633065815239 209.701876873319 237.530514854543
14.8905564104173 17.6721881564876 7.3142063313252 8.1498588654996 10.1766566098891 7.96760979173817 168.681367751407 373.072263702525
17.4739670420857 20.6652640091188 6.36779063050514 7.83961582710206 9.37227028862501 15.6226473116362 106.600313510831 347.562223925858
15.7856522445823 19.4699281029303 6.81973610641006 7.35311065629054 23.5831973374544 8.08310526521355 94.8577358092127 412.859040241372
14.6509785441095 20.0626952971786 6.1779805566783 8.67076486951058 6.37502911223871 8.59339482888589 77.6409092065651 414.400418677383
14.101705369915 20.0175365664206 4.09606469079918 9.61264579840762 18.211530171796 4.89937059330558 80.8651752162587 443.935976649067
14.9089427167599 17.2240371210314 6.20221066806895 8.02455109903051 15.9674967571985 1.47581259287791 198.70037351997 353.047772829106
12.9473579370158 20.2969178927056 4.21293788902388 10.0640264063909 13.4170330143074 2.56097254009345 151.661297129498 305.864163213508
12.2809608629669 22.1247982628535 5.46224385491232 9.81816952804088 4.50614562773399 7.71721748187405 159.264867808336 389.387367776116
12.3887655549666 20.8770594984282 7.05138300268468 9.04430629717602 1.14031549392025 5.4257630940959 204.240384349334 329.802672128156
14.3219522832843 19.2986018935191 7.72484718222138 6.98491886997629 14.4115232199811 4.20631539564759 158.382182998231 213.818627187375
15.0081391139358 21.7613636809719 6.46700382523298 9.52679505652946 19.9556875921866 10.0325459419998 186.319443844985 251.267484985193
13.3847018017942 20.2289054066689 8.81209715292447 8.52180546761748 22.2049217720444 6.38518994097112 103.223049612565 318.06191980368
10.7303526734653 21.3554282518402 5.31739561677162 6.47976615580503 24.1500029447319 19.6277213362582 148.608937110874 287.247102920002
12.447490210642 19.1987787918226 5.88340132281144 6.99827456046085 7.04728632819734 5.12973157780704 71.218343649308 296.244766417506
14.8713843388928 26.3675404632085 6.86930726136747 8.70157785069282 26.5897917239896 23.4468635749572 135.747800676011 410.571889994409
13.304743802196 17.9010257869862 6.12523617618909 8.29257659408874 14.803118578932 5.30908970542783 216.764030941672 321.768223809557
16.0369679552617 19.3453749020928 6.47400413219096 7.30807940617788 7.64832262798148 20.5293281702839 228.235460987815 90.3916011596699
14.8124788462431 20.8344720921774 5.1121957379114 8.01776788886404 18.0813778778912 4.94962715805609 83.1543092668162 351.194864187202
12.4058936115833 20.8369160251245 7.8237857560777 5.47330121217757 9.77230631703826 6.87741897892044 156.577421312067 361.567551408859
11.7267460333667 18.6731801773283 7.51953857739324 8.92302142766817 16.537912452756 17.970313562645 216.393088607794 343.207058941439
15.2072877251056 21.6301626602981 2.53063152413779 11.3936444822918 6.37982673742656 15.8168655043747 98.5926372810863 433.663373543916
10.7950631905456 19.6158324033949 8.02495981405179 7.78104164423108 3.64191214838086 10.9312556396823 226.37043661031 338.73587863264
15.4299198194237 20.0759755825938 6.16619678225679 9.19216128935441 3.78333502865125 9.00613522582864 152.438301256709 271.698316270147
13.4048319910578 16.9949986683843 6.46662932601657 9.08448769326252 25.5391768198833 5.85023670552825 143.927913417003 357.193159887457
13.8379663214783 19.7898438497223 6.47070923826723 8.64529897862511 10.7855535696214 19.2906284854974 40.8091592142322 418.003410397512
16.0599950059428 22.5002199268575 7.09790707780327 8.38175043502181 10.3100691589422 6.56180218138975 99.1673869459007 417.782336051396
14.3998489339861 19.7009672306769 7.13914517209687 8.5809453584731 2.16586056455704 3.11164343995541 100.71132185015 447.559296324505
15.1251642719202 19.1200732166931 5.2886439258541 7.91169745147976 15.0538999236747 10.3555203861294 112.266405769614 388.078398989586
13.1500840231181 19.7825422594777 7.32658513705936 8.27154425532782 7.38029389068898 5.87608920933411 113.722725746242 245.552546465751
14.9253214747686 18.8550720771246 8.16665162927649 8.12398382942343 7.86142906892544 5.44462397542801 123.362535293599 406.810087697346
11.1945430245544 20.695708849173 7.4145206042242 7.59903073343917 6.61368819630827 15.5102267563905 139.517642645377 338.257596539481
14.2448237651452 20.2818300003861 6.68849919027079 9.01020128589101 1.85921117968488 11.074889847044 101.058546369037 416.564190231104
13.348305170539 19.9901596415709 4.97137939851308 9.79764743985352 12.2295224609056 7.12492026311242 88.5202244062248 392.727641564253
8.37582176271085 21.5228340861413 6.11101559643173 8.97444695794288 17.0160051573156 2.18846371811045 233.405592593845 299.6298680652
11.6727520169852 19.6480664032577 7.58486532302 7.38671099537171 11.454205280214 9.53759886527291 104.144489770978 381.800939720629
12.4046349847247 21.4634833511633 5.61905300496818 9.08911010114754 6.70541248170033 8.6754242490347 124.353582171292 399.800224304329
13.8973267708718 21.2414869078839 7.95563454872407 7.67123406185563 9.45334180473145 3.7358551592157 172.0037972387 337.925368695216
12.2500092799987 18.1525557439943 4.56571801223845 9.67242270650921 7.61302823852412 6.96845610401336 121.455407857558 420.539527995353
14.4765930109648 18.8528459596225 6.30121792478771 8.83726016018173 5.48121867122855 2.0110254924752 45.399180092598 412.035774242908
14.2687700676349 20.9855143957476 6.93807669447051 9.30941749820877 24.3724236986705 14.9922946477732 102.051753408683 411.210710610106
16.6346580734529 20.5120087429537 5.64053231524164 8.20371480667731 2.64840933477552 9.82664625805754 79.9868427602261 426.723340801938
12.9332402607097 21.4727795547335 8.07381522584233 7.18541274507226 3.25629825440271 6.10276103844828 174.322738367484 219.622393327537
17.8718032865674 17.4055652225567 4.14683890910588 8.5970596142137 13.8707930008613 3.25237792376337 138.526323785095 382.78009470534
12.2344579648505 22.1017169188857 7.66171386501208 7.9858122809232 24.1967382692321 6.03124658468882 86.8431303747438 432.130091449045
14.646555761619 20.383676287432 8.13202956418636 8.14006331158158 22.3676419083252 4.51120143102588 88.1296379096269 326.10544812344
15.1346635091546 17.4773252436868 7.79217007761828 7.99751013479301 12.9663798223088 4.68402538653767 101.237607312657 412.807547638498
10.3813654742321 20.7169563391259 6.66738484055888 7.8549321594244 4.17759402208888 14.822854655288 121.005154790752 228.925465205406
15.9615264279145 18.8129079821957 7.72012262753516 7.82093981947997 2.66384568126849 11.151375769069 119.769512369998 409.724884779194
12.848654300204 20.7546511152237 6.03245530799347 10.0007849433423 7.91662919049901 6.54287519240259 214.297067869553 289.345289218995
10.3498397743615 22.1530463045659 4.54214254205901 7.14160972492849 0.403586488499813 10.4119399464586 157.106593085072 326.222798265526
17.4304799474235 18.8928127038333 6.71466232797404 8.93173806235652 16.8126714994642 3.14807377582137 90.029346496542 434.147795834656
12.1847981589751 21.9902229555409 7.4833886861385 8.42894476531849 6.28417901820273 14.8155053590978 180.852708835344 289.208858112374
12.6514397420385 18.4696113233204 7.19566837787039 7.24074501423322 6.38904858649889 11.401009453732 189.602425983932 292.851336673694
15.7683574781188 19.363964678882 8.75188445747735 7.4347848221514 16.7056825532115 24.2943060971279 113.85935558194 378.510088149611
17.3389499255402 19.0389399697349 6.47270896348223 8.5875249401908 10.0385647060141 10.9638443743522 190.949348754084 221.186567240624
13.6445397964747 18.7492866649829 6.26173582723897 5.89159792232056 9.32091768217966 1.4694727375217 207.332070934987 268.311840711067
14.7201106970295 21.0945279575335 5.80312741744139 8.81340311240139 2.78827238375444 0.798300604617693 179.126254351265 269.115776006005
14.8182701739032 21.2444930666076 7.35670615954531 8.8327134061402 12.0325445473949 7.11405195656325 120.940494076542 399.728435329063
16.5613821000352 20.6880494565881 7.71418868455607 8.44679197882752 10.2180296331127 2.55902305973796 63.5214431516665 357.677672180001
14.3441222344708 20.0325407506348 5.28422627297863 9.39726132803228 4.85737780976238 14.2338214603878 119.698133639467 373.642175741983
12.2641342888634 21.2658006868106 8.29307730953667 7.88715390556171 13.7349551985599 18.3931968931923 165.049484398563 303.000988769147
12.6728880210286 21.6312193774487 7.09630417894224 9.3841294378596 5.64534530151972 9.64212209873482 189.498318002474 152.34568682782
15.5229719984339 19.5634957690393 7.45314788070024 8.79816977785905 6.32954126145942 10.6076609363716 122.915491013714 304.805091340369
16.0948200402276 21.8044132516213 6.80950412703229 9.4129526341096 19.843135883835 4.39621082222868 192.832362479533 204.577362479706
12.9077576739454 19.354909181757 5.94642943895258 9.22438650950922 10.8080618451407 2.01131728680479 134.21101421144 409.271447242299
13.019375677722 19.0844122610244 7.57621045480389 7.91645237472219 11.6010016316252 10.5549616778651 130.942215997077 409.797942511558
13.8975885785694 21.939225436637 6.49204027996447 8.71608867202513 25.242688594143 10.8548190118091 131.791753569561 421.939815554832
11.8478027013357 22.1030133582089 7.0372777666816 8.37038723268605 17.657527095111 19.553172243332 127.014568069441 380.546603702285
11.304619485113 17.1109448423167 6.78164113937408 8.8787892855962 17.0868017660296 16.6113206764166 110.133811529196 414.586613065695
14.5485615308924 20.3862354261125 6.6380471875563 9.58002146367514 5.79089231736252 7.9832824576615 99.8105593503915 420.787805507954
14.946251668181 21.0470856790021 4.677336879969 9.23760440248317 15.0032325131777 5.80555749058317 120.026242870548 399.626879641692
11.9288615312172 21.4269041847987 7.61505723839557 9.56669248404929 10.2530218215055 23.5656889843585 162.217258121493 360.396974470182
10.5479356607119 18.664499839563 8.06223341207598 6.6031274835221 8.86372378065227 10.4556965717758 248.919501640174 234.661296172289
16.4908685722687 21.9412402024953 4.82750543530177 10.9219526192986 23.9305934958342 5.2421170096613 114.473860174397 363.573729375209
15.3129148897878 20.9601743430236 9.45148713986236 8.00168646809618 20.2803067267652 3.48991313200381 132.376179427889 427.6681933183
11.2335632520887 19.910202209439 5.36696459967041 7.39521038451412 1.35127649379075 16.9676413574093 170.667610522391 330.119198968136
11.3547317014199 20.6650080814731 7.13302871246364 8.47547470398255 2.95298397826621 21.0644845158566 132.685260308493 265.873003906679
9.82371633544503 21.5678312534264 8.38645183066274 7.33784191680108 27.851151430575 11.8707878223312 151.45200193165 158.46346156774
12.5497484784115 21.23738905802 6.15457341859301 8.12363437364043 13.8310857654629 15.1643187921047 101.433637600277 399.928422374035
11.4642114810815 21.3453613471302 3.62003491248459 9.01993320175171 11.4465222352731 1.00081854144618 96.7882982098973 404.023097146739
15.7432537306814 19.4527915090241 7.78533515077231 7.08632442602703 13.9010457150211 23.7346820828304 99.519561101676 396.263951622092
11.6908999968798 21.5219818712913 7.02556670527559 8.8193640454396 24.2941694271763 4.84401411372831 97.831069452854 424.72886114941
15.998753648412 22.2562804232417 6.46190495320351 8.76816578957681 15.053854551718 7.97424223389921 153.122175713392 195.311288679336
14.6969630864317 18.8960974323207 7.89230560689041 7.20178063481351 21.4254598409721 10.5220988152242 66.8744253454731 359.494584851928
10.8110958321616 18.4438227749026 8.35143692817327 8.31395684097979 13.0132868654957 28.6040187030209 141.033497978317 421.614426113836
13.4824640148245 20.7040493858964 4.72952613306911 9.4182216234399 1.17610032336058 1.70668718824687 146.183124559506 368.025848872675
11.3793616076777 19.0993448718869 5.39403823631861 7.74663687012129 11.8975312579373 17.4484923070901 197.615598260063 293.106176174802
14.0717196045708 19.6615222316084 7.07824829723357 9.20014710126219 7.68247959358408 7.14481572257059 89.3642997693382 301.502805839754
12.9021075912974 16.5082683205375 6.54146620308802 8.44967927736897 9.16073195692025 2.69817512890785 100.339566792934 441.70823626413
15.2342707607314 21.2767814449548 7.47149548708546 7.75165364208461 17.5967103529971 22.8157116605982 154.004977804578 202.054850228268
13.7949785478589 18.8323685241409 6.0782988653476 9.23058794461918 4.83086288844694 4.41807506323714 122.514682267439 408.366418698285
14.1000751236802 18.3487632698696 7.53770127470667 9.58386872912589 2.83925222629281 3.4572607214912 88.9416849765001 447.236063755258
13.7216982247791 20.7466222813894 6.01688018716772 8.93240680101704 12.120985238814 19.2532114178197 104.912230244029 393.778789546863
14.0004548037315 19.6239431727489 7.75734208695327 6.76083186128276 28.4605295465505 21.9582969503306 213.03211981757 183.711967509032
16.1446716421034 17.3850634172843 7.12893405192271 9.3146913176499 29.4443638528735 0.580623028243633 168.880839819174 422.207790156416
17.0512240174838 18.3723114823185 6.39390640557755 9.71319180615854 26.5631272945522 3.02557267849396 195.327695734211 213.265642178473
12.6986973248795 21.0713340841188 7.58725044560931 6.30943624304731 6.01000076525821 17.5252687051793 136.810350890188 392.275316626817
22.0339796166788 18.8750506259551 6.34318814996703 8.56545081623663 23.6218939165635 2.90471112271646 99.6694283981325 445.583447022127
17.7760024104549 21.4679241270838 6.95869416958536 9.78513926866052 17.7500399859568 7.29273673909797 176.93121027024 232.517604932485
12.164653707639 20.7699610194099 6.0105918376989 7.63451723248777 8.85323113667905 3.56929491998666 172.262178778515 349.906456333095
15.5513268099629 17.4838589113344 7.80789323522032 7.25179918670713 11.7434046773942 14.3867444800767 187.709825461487 316.9513507811
14.5882406295912 19.058057774129 6.70848888345677 6.70890856132272 6.03398110881 19.3577499269452 172.768549826442 356.464049279454
14.1594490611161 21.3568498541613 7.82669344892966 7.99314858597555 4.53861015068997 3.52439331405047 185.092073987597 290.953713741006
13.3762979911818 19.9631916144412 6.04327856470649 6.43106141663115 3.9801736761675 3.4926027941622 122.691697490964 291.182131594648
13.366638762038 21.190758352165 7.45476181424107 8.66974275098467 7.72666555781265 2.1083145477468 126.734922090575 408.694395328449
13.5441159201113 16.6653626784033 6.25399424735436 9.52243672463634 16.1995913550383 3.15155669627963 71.7330680867328 387.03680290815
13.1650554909472 19.52490329538 6.25042364492694 8.88813944280902 8.0199045794578 6.83875931228189 138.572209058418 398.577960796884
13.6407548595073 22.4310018866314 6.93145167203612 10.1604467153472 16.1342691869463 5.16778734613155 140.862070951856 107.455320609806
15.3545805673174 21.0620249464829 5.31831259873591 9.82253860147613 3.72068642333431 10.7134439474104 194.045517361793 363.5076051594
16.3349975955842 19.4508313688946 7.37834244992244 8.69645677541314 19.1174071486601 5.6948679080783 88.2426081736179 395.553549562671
13.7662184667929 22.0305136488345 7.19361477747328 7.95356518015618 6.58577948772835 20.6150668541204 179.471279191798 118.720352665916
14.6068344511712 22.8108056181778 4.9908200267489 10.6835764608073 25.5687214997898 5.22199599005124 75.0895625553512 447.458191530416
16.3365720320042 17.2241078903832 6.44162668964941 8.64689607762924 6.46752696394077 5.59754732079292 114.658659064321 392.647006539946
12.4636310981357 22.6668668403985 6.62062622996534 8.97397211931293 4.29465563000876 4.10229025458688 157.365280972225 332.708942023504
15.4815710117901 17.9632793102573 7.66986313181998 8.65212612495599 13.092192151 1.59441839592458 121.682426781225 444.804697807006
13.6067464881103 17.3433280107701 7.31117845490454 8.9279656490977 15.3002103375561 9.7695982099452 180.703282076996 277.841026365139
16.3899079444796 20.0912395665586 6.4667553615167 9.16581909405267 25.7385787942148 4.45979855414957 129.536441846073 410.667285663976
13.2905218481778 19.6352024022331 7.32906769745984 8.25212930780126 9.04538996188035 6.08257011441293 102.666006597956 390.371087346211
17.3128507814782 20.5092286243572 7.28998717590555 8.15897695370695 14.4460370695605 1.87267496182021 120.485940618314 388.973906999138
14.0322295527617 18.0215744293898 6.45611352123376 9.50008690296232 11.3872398832865 29.3657603653391 190.476322582412 308.966617776666
14.3236354233825 23.1798683331283 7.56560841414534 8.60619401842591 2.89871239995803 18.4064166014868 133.646229034507 396.439358912263
13.6902286147428 17.1265318558511 6.06026704623456 9.68423587550654 19.7505525672713 1.01294788581815 91.7774061825042 443.962074381405
17.5844698460948 19.8107552425075 7.71718964129563 8.83796418359147 25.2879309384196 4.24978989019816 103.18854008325 302.982027876834
13.6379918356702 22.5047626242909 7.03671382705051 7.04341963464699 12.6262152258162 7.75081548921356 121.649667337451 291.073346651492
13.4806462237902 21.1056049975078 4.66602937057744 9.12363038125202 7.3406529284426 4.16502836811895 172.744754868134 369.334647828386
14.3796887457973 20.4352666181731 4.45032834626672 10.0646526887827 5.67512711695494 18.0567477667495 153.477593852633 362.591601270498
21.5203967262275 19.6178280926898 6.1743494592984 8.31241139064456 6.99667511496752 4.37189143937409 122.410150794196 400.973200301596
15.0074256538977 22.1488834638036 8.27774847603132 6.01710216352771 21.431516923428 4.44600885356803 65.9269529456744 301.776186189196
15.2580545683765 17.4535806522668 8.34008572808378 7.80766688891614 20.1053620770479 7.14628580570106 159.837621471199 229.886113659848
17.4719493986941 18.5491654275997 2.96270832213426 11.2953583228142 6.74893258215726 1.7236452305928 95.3285075108133 431.906035820979
14.7512523081027 22.5524462680458 8.53555316612553 8.11228524568837 12.7289276908215 23.4128186266303 131.131170737759 391.597789258896
12.9641879272591 20.0042880862544 5.3029344667941 9.06073942863095 16.2505799274783 16.5920388872761 91.9397708608843 378.663486323123
14.2876995974659 21.4026859067444 5.52688584619664 10.0715937776949 12.6266196455889 6.95391824495661 204.809909414294 319.047670690073
14.2745847086422 21.4777667981291 7.23643305212954 6.90316699415315 18.8421952294808 19.5720128718429 111.723443515362 260.224771602342
12.1780671438325 19.7602887798381 6.21767798042018 8.89062591888946 10.8249556929371 4.89660632535487 105.098537905377 405.557017337673
14.0382805461114 18.6350375799991 7.47936013311831 9.20301554414302 25.4700175225186 3.05537779591383 188.956140671781 262.301839802946
12.7446708281303 18.1182587218562 8.76966240838092 6.77384098526002 11.8709710575524 2.3075698043174 143.703891493874 237.794827538297
19.6102277992519 19.7707663798683 5.88719670203895 9.63891348841724 4.37592703608066 6.81973324455981 115.665955919515 349.084550178475
14.3144372704028 21.4546093049455 6.05918626589802 9.33268556425334 13.9792787017829 4.93012924693675 114.605753015765 331.91631408949
13.3775815558523 18.8959664089935 7.58919134504332 8.05296670709132 18.2773526920196 3.12157507871582 139.704894819352 399.695831741063
14.1364934649067 18.3808998444246 7.61989619668857 7.12247189555636 9.32736023333725 14.1154799273184 164.985729242108 316.939053197662
15.75842987801 20.3900202620842 7.26052941274979 8.40647736420938 17.3083348158435 4.0712572467488 188.00668791445 273.514741757844
14.709936283224 19.4407833578045 7.70248557621173 7.61944716629238 20.3923703323481 5.86619249447119 126.076069362359 379.790989416755
12.359431482393 21.0802524348874 5.42176403172059 7.79671293878568 10.5220527073692 14.3155980592198 204.767670751051 256.044798868713
14.2936335481689 22.5326747184072 7.37017911329919 8.63307664348586 6.48796264824965 6.0142384240192 92.2865283114519 420.707247478508
12.3547677588897 21.0927606169039 6.94768463446922 8.38577230677111 7.49790265553398 18.5039633338 117.35609928464 384.695011049067
15.4794676517891 19.8776529127332 8.25589847133638 7.21670777214274 5.99341804848419 19.5592738105464 62.6915408869469 371.031293456462
13.3392802791842 18.3565002155046 5.74218988194031 7.87140507824382 12.1113038393788 2.98419504333377 77.3274252840614 316.135702061117
11.4742023350918 19.0184407704801 7.47855450411521 6.92483650546444 13.6932431211643 5.85127926488474 185.842548592979 274.520314863763
14.9827510184843 18.4660848935353 5.87899404479252 10.2940201891875 23.1392404237591 2.80694155379802 114.702744636233 426.431858055361
16.4633740054782 20.1030731075655 5.308268487214 8.0087536372605 0.970969068238611 21.8974126146882 12.9604167393662 373.677318576255
13.407352665124 19.3925218231439 8.14170892319973 7.98698032629546 1.63210564495882 5.67475602243635 33.0328291300822 387.929257451748
