22.2807346954922 21.5903650806249 16.24364977277 25.9478856754678 14.4000418533923 23.9699325818374 364.226188177176 208.597201045924
27.852314858195 24.4330542655662 18.3801627106743 27.4601612475983 29.8665296867297 9.34237848556646 293.106969489705 357.754405738329
25.2220565011852 26.5953455505025 19.6080287360159 27.344605443206 15.9850771471937 27.2589465111558 380.200654483547 194.612266678687
20.4432955171102 22.7145262936791 13.0919183797903 27.5676563329238 18.8085671142267 29.1517671955175 35.2298150742976 421.448630520147
20.1319874463497 24.2023618226172 15.657152012779 25.0045891314784 24.9256758330013 27.3430202112276 334.809937108946 247.007531617764
19.8334924497151 22.4010674323301 14.8835359035566 23.8320412497921 20.7448206016649 9.37384787810349 223.401123631427 362.706323715798
20.5357332007993 26.3510113584832 19.2051992435502 25.5117087863034 10.6447319893922 26.4155507818798 394.365365391078 217.00316496762
25.5468950239171 21.4248184871045 22.7724173651715 26.0824841097769 25.6836753740683 24.7410995071926 350.430493030446 222.954700693273
22.5512237390604 23.5718192350331 17.5912177439384 23.6006092829973 14.8127700450688 9.04665916561297 335.526535222838 283.014054182429
21.8043711604257 20.6128367584971 16.533129975993 24.6366571418681 19.5424127996538 17.4564919420456 232.528463355138 353.694335384968
20.4408616215771 24.5571613239575 11.2946948908847 29.0129403678708 16.0109561851172 24.2687480263878 347.58611325412 248.376299565856
17.9607007947632 22.451669162257 12.2898986004777 25.7638095471783 18.285736526054 10.9650840317497 321.736537666822 257.975506485691
22.2408248566829 22.217062026333 16.6152802832315 25.1789831199524 18.0116586688256 11.1512422467786 240.951149643474 295.638066191159
23.5837884022249 22.0644425032056 10.973952387644 27.148408058827 21.3679593716488 17.8074240358323 334.951786501332 297.415044769545
24.1615700876331 26.4627903346126 22.1398407282585 24.2077822757756 25.9088850170149 18.4026920938369 346.012096035981 195.350699598516
23.8806316172317 22.5672865557794 15.0121302684469 25.531128575971 29.7600695801442 12.8619555542697 199.165516229212 354.383818204658
23.3074747608655 20.5650092269001 14.6476488787781 26.8674547558581 20.0023265593873 28.253002378862 325.15047378195 291.410377691942
21.7643705046328 22.0261563451713 13.247865313595 24.091601947836 14.6458682811728 22.1106589097033 329.413140650755 315.461815889326
26.4357965568043 25.5247456008182 14.0059165056073 27.3322135873217 19.046640637477 26.5194043611701 364.914431939106 198.689751836265
22.8051251028387 22.3560680953877 13.4755113126769 27.2132232687503 23.4824572516475 25.0892498125195 350.308027176437 232.094492944183
22.5575913064275 28.5688892745027 26.3835291320562 24.1947240774619 7.30728712222338 14.6033696584363 186.840179254702 370.78719629249
27.5162138866964 26.7171420097861 22.1394201502333 25.4072681647395 14.0446297836627 25.5784165879227 184.598673131169 347.352905662709
24.897876937616 21.0556955901901 10.780179715156 26.1376150389115 16.7594923983836 21.5484697524153 345.947282755633 244.127360958605
25.2638607125053 23.1897748738144 17.2926162681347 25.5899619245975 23.6132168405871 13.2122957788507 270.515939698932 337.62027090592
23.1952708480082 24.371869916796 15.5539466318073 25.0278748426268 28.9159700590605 27.5442325036378 303.277471720979 296.749410366207
28.7771428064666 22.1556228105653 21.2427838593369 24.4164574669775 25.9187209820403 10.1401471470507 283.494794254584 301.413661478728
21.6772750455191 21.2072366556752 15.7703688507148 21.8059382239649 22.2755378445431 26.9153784365644 335.524655480666 250.883960102547
24.4486302526097 25.4062642246418 14.5429857924534 26.6786348248586 28.5122800606803 8.31899727665978 222.672152428027 378.897315222096
24.939391427431 18.3148303005367 13.0537932760749 27.6472173143782 21.1382448755111 26.1916456229262 158.270656778714 363.066840527601
22.913745648887 23.3227456804646 22.8983039260482 25.0508223104484 8.65604052533192 17.3857245732241 332.820303858789 231.684974976843
22.4054276580729 22.617023272319 16.028494771299 25.2800208639401 24.7441081472834 4.09540429641179 267.164276151255 331.034901869917
19.5297531822018 20.7233152042542 18.3687961415977 21.2749285293715 12.2846429286565 25.8810309444229 245.257111408441 354.876925321072
21.3895054255843 26.1202963078795 18.0344738684697 25.5488382985184 7.971389174243 22.1392774112543 345.794502654797 310.025954531218
24.6414622992965 24.4592021464766 21.3293478371602 23.1194632048765 5.17008603231208 25.0507566468199 190.836878338303 341.112940748145
22.1481287503566 23.7373540921383 18.0232826324742 25.1159230827166 8.76317041666939 27.8911472954111 335.136894472679 277.89524124398
22.848928877889 22.3724085148248 21.716712156901 25.4030423934324 17.8000409063401 15.9254007691362 320.78176960439 274.754834568911
22.0357227196688 27.0175604436986 10.8206270203078 27.25869105135 23.866879663423 18.6831771487415 287.355925917786 241.287503828398
21.330796262475 21.3412211110146 17.885455837296 23.089203901587 6.37796785548894 18.0925913988742 214.443423236907 366.05144044053
26.4949161188528 24.8469966000991 12.4404499982665 28.3854763670747 25.0045143101142 23.0113730717719 345.193853487585 245.388409666132
28.0354934294591 23.4799260382171 11.8432838358597 28.19237518128 8.61111982083056 26.9956462635294 302.417748364238 324.930207676277
16.3458093806806 24.9204798970052 3.67393005124887 26.0498731193727 23.0993420461349 20.2008841358696 39.4817765712002 423.329941128052
19.4226356651097 22.5027961625032 16.2512396490199 26.7911083830037 11.0852307751914 17.4456492401004 345.580726354872 227.678636143931
26.8789856892381 24.3822269597261 7.24533285879019 26.5118788680661 17.2346371453535 28.0577508825968 379.891467396477 178.946656310085
27.0669821230932 25.8017401099862 15.3876363060791 24.6120516194562 14.5573896457503 26.2318560749903 331.149249681532 250.996630324199
23.4788394908155 21.7624743685237 12.5488232921219 28.5483141469484 16.0702922753991 26.9901001972625 246.078364517674 352.712248160747
21.3614850973174 24.36060421747 15.4976095483312 26.8461943450355 11.4536533445529 21.8700349291177 315.205454696547 327.354335527298
21.6752338085339 24.5613771578975 17.2403741736733 25.8584340051823 23.0988402837346 6.47834361396079 370.647310212415 264.449032311843
22.1835635036721 21.572440571018 15.8634395361538 24.0491389019541 15.7903197858887 22.6619051988651 165.525378251206 345.149490695009
20.3013430536905 20.3227700038173 26.4957385953934 27.0032507370186 16.4483592475857 25.8989702652565 183.521492394371 363.044960125447
28.0157766117215 20.5423835536615 13.6349106313437 26.5242381145836 27.8685781981801 15.0405378410509 315.201528816962 252.818954694822
22.5655969725929 25.3747039856707 19.3301571637943 24.1409513466709 20.5396930364146 27.9321704625609 231.32114435315 348.348318116919
20.0543365130594 22.1971877852286 14.5229873822254 26.1990937288412 7.28389314620576 15.8828820406084 347.296604764199 256.310935382989
22.3911772474272 23.5497802306572 13.2408078295275 25.5713409712921 25.4893397740599 23.4942393858124 325.514190058864 266.671631944948
20.8502468682008 21.4585285101918 21.7931221705714 23.8073850254756 28.9274941400218 23.0291121344621 356.49171295835 276.832159980022
20.692351601921 24.7775264364383 17.4800176396479 28.4464880327807 17.6437702542969 16.4493071604463 338.03950576297 252.999637328089
22.0872776856041 21.8645087208315 12.066010489387 28.0847889556716 27.0597239839901 23.1092231513885 344.544089324989 281.315893702355
23.1210199367853 19.3145989565058 4.62825065633004 28.7888078912355 14.7686132907774 27.034450744136 291.891039669018 294.623818796475
29.9096169472862 22.6905453687184 15.5255109813556 25.028218156144 20.301885893489 8.83485050632418 334.288190895229 302.687728449826
27.6347997662139 24.6029189337895 13.118289685187 29.4834855985922 14.6791455020815 14.0991172057391 368.868707275914 170.480402591875
22.5878061778304 20.469325585283 20.5120928559691 23.1585345785558 24.184053561932 14.5373978056256 280.802620436856 319.709144421868
21.7588657627581 24.7436540372984 12.4143194643841 27.1635821327599 8.97049277341487 19.9418010848629 371.349224383211 233.670457521705
17.4183305785064 24.15158983078 9.76451337419065 27.7337826933127 16.5171971155783 18.7954514230703 325.311553242276 357.927149019348
25.0963747120918 25.2678771499284 14.7559702495507 25.0955436503091 18.8100119719411 6.15686337428448 350.905871013438 251.775945750104
22.4994738559142 22.153590085327 11.8978108622069 28.6994693112375 18.0144511745595 12.2984392959545 355.405828012604 229.607728934636
27.8643408363759 26.2702812820458 17.3815418550654 28.6977300606851 22.704438917845 14.6695153389695 372.588535304307 183.232788777717
20.6977537611206 21.9824923606224 12.7965604675505 25.9465214209927 13.0816846221099 18.1812824171976 363.592873885149 252.805576732409
23.7106376016214 25.2324281196441 13.3529715762521 24.5109890857585 24.9048349264208 21.845822938968 336.382047456668 303.588602186543
18.1381145176888 20.1780083783367 12.3394070743831 27.0616707508578 22.6474572537483 18.2965705642686 236.058038129724 380.676687787857
21.8879593095896 21.7989462814725 17.7550280547703 25.2370218224874 24.5163352910542 17.1073604825352 341.802787925347 262.477444444041
16.5241067923398 23.8381367055024 14.3362410131274 24.2889084624623 20.3162454260278 19.6545251813706 335.128056347007 246.545534064853
23.3590205375568 20.4678822314232 22.6013207510634 20.4257574877682 28.9491161702866 27.8474913515577 364.754634314441 171.627390239017
21.189900542891 22.7728269386678 15.7578978635369 25.9311874609692 11.3382133367883 22.4724208163246 340.760664961303 270.259597492172
24.3170099421013 25.0508855477686 15.3095893885003 27.6104789110312 25.99082166906 14.9475873799698 168.68920535453 353.658679798915
23.1589303190557 22.9258270553125 14.6719591530981 23.3863785573041 21.4247678287012 6.80162298796045 312.851068580939 289.726583100507
21.1254437102374 26.2299926750367 21.1915335864711 22.895945257885 26.7374659937344 20.7462458490502 156.553748672285 345.084475673596
24.8407169914328 27.5728366970171 14.4594595120551 27.9890845212233 28.0988464706747 20.8351173341545 139.123890268402 355.600978564648
27.8221741934099 21.9091035505635 13.4069626770325 27.1407591640489 24.9027550253579 20.3572889549163 360.299505334762 264.372885814045
22.8618554942457 28.1875240067257 18.162212821316 23.5834680826149 15.5884297583151 23.9676964581117 239.210379908598 326.574265978321
22.2676627982084 23.2403313367339 15.8337740209586 24.5837513439165 11.8290827775039 19.2207649626193 205.733476561761 360.86184600707
21.6815810977299 19.9474404136619 14.5571789178376 27.7390910794064 12.9883942474643 26.4472658430103 295.914448713833 365.113937711414
24.0569553319574 22.8951449328401 11.5960489913221 27.5445848460842 18.3107966831807 14.6946518626939 289.421255229411 333.634250122614
20.7013430429196 22.4875170232647 13.3863768826288 27.5241274902946 20.2196219840144 29.0567095540822 349.02989997574 278.857346630529
21.0977995326655 23.4366721044347 13.1528640085994 26.4731230011895 18.076475787006 29.930468706411 267.694822791013 318.494302412458
20.8165199538314 12.9911340301256 14.619558394802 25.003391349755 10.9506645631472 11.5227813919514 294.659395680951 333.147178614537
25.9529267503008 24.6974326828423 8.70769484287162 28.08184148391 7.45099653725438 10.199467558547 316.777074361669 290.172062582343
20.6670631395294 23.9096400311211 17.0056711668379 26.2500654432401 10.5030037206291 15.0457564293238 252.606526048202 360.821343557494
20.6815853895923 22.8283825000703 12.5081982312023 24.8210514672085 18.0498298125503 23.2396258664949 319.507487638891 214.577908674591
23.8144512385428 23.8016550826623 15.1428347200972 27.0163324346675 28.4365052096199 14.128389568247 342.358841057675 286.494868134688
22.198052503941 18.6154431138748 16.3334564522723 26.3115001988343 21.5718065274502 15.8216906537321 233.651485087691 368.838941408394
23.8458181159958 24.2968052301473 15.5120092338255 26.8937251488719 7.11354376839046 19.8833317569313 131.6168560805 349.064237402089
25.8306274759645 20.5971534063401 23.2744061576303 27.4647242165725 24.9963313110486 23.6944019332158 358.781126770766 222.828596272464
24.1321317490504 23.5486158953836 25.8359207813134 24.6087191662772 15.2403949261454 15.7051034318849 227.706803235974 334.250409183194
21.4377497642423 22.2642176194368 10.8452091734644 28.2877818052184 11.0493448452916 27.3106101262918 237.843714203498 360.939035137219
20.5878793614578 24.9644839740776 9.38279752963479 26.026804705674 24.8994597833246 21.3313570908099 249.816680961817 362.89395430696
20.2850214250486 27.0558300389064 12.2656268397566 24.4250369524574 24.3400644616356 12.354843779349 339.405874218298 239.363842477921
25.4447815012783 22.2875547889363 16.2812372309236 28.2019107786868 28.0076279795708 18.3973340177577 368.887705975265 215.553607129483
21.9092215440916 26.2304654185747 12.7244025259854 29.1912250806479 27.3291605279073 8.56837607042252 319.932345788598 277.098561254594
20.7509577784677 24.8222925473717 8.22487163005902 28.9893358970709 11.0236422518841 14.6109652699523 314.441753513496 279.685691434134
19.3035760928634 24.6591817907991 11.6100660134489 27.9657383247876 14.1188612265034 19.5125883744771 345.436972940728 276.498355161164
20.7545701299826 23.9784812896706 23.1640730490341 24.8305038186026 13.9062245460577 26.8124541710495 286.496224967843 336.214504120992
21.8138820799806 22.3726747641428 19.3409888164854 26.8960494284452 21.6297141283396 26.9802463579655 221.68893938265 342.278296816277
24.1151749687969 26.5359577418438 24.5970774546978 25.1879021421438 9.65784242736087 16.564749901562 380.35535225264 173.341861923173
22.7804370713721 22.2392583391512 8.82240483125919 29.1312668787632 16.4657638819125 12.9358546103728 280.319106293884 302.948173130764
22.1366052607527 24.2960951087028 18.0141293251942 26.5290709819999 18.3581374609306 23.810235421904 324.508436617347 240.823254403684
21.88072365352 20.0295204025801 16.0271738071319 24.234679934294 10.3537318345833 23.6283343337499 227.981575113809 336.051181223148
18.6800327011209 24.0844583290615 0.385003684252057 27.5955047977096 8.82310451707387 6.56541553815851 345.752367137941 240.966885286211
21.4739909615186 20.8858014427955 11.7658114225304 25.8624582150296 22.5370652791891 22.8962313891717 311.307382428373 285.630141290883
24.0095205456637 23.8272493662163 10.1907698868967 27.2843583952865 16.6603197237167 18.3907228972635 329.713241501853 272.29921597322
23.1073955939961 22.9127737201552 15.401246130037 26.4155046282002 15.8431361801106 27.7534558077538 237.560572038305 343.643083013436
25.1387400509204 27.3681562000094 14.1841766672907 25.2572203272148 21.8081305221184 18.7533101631818 206.506238231337 334.339252588194
25.5358889671519 23.7711352219844 12.9460701901304 28.6686760371933 10.6889486804093 25.032993457806 257.999500953261 320.191313217238
26.534533992904 23.9732621142419 7.47936413289577 28.33854388868 12.5937588257218 21.4395276180304 169.696197634259 320.793815938581
21.4465527681688 23.4285698791256 17.1621766392723 27.2878161297912 10.5136001787671 21.2234236108653 288.118028830909 362.962316931646
26.1180596163405 19.5541906312009 19.651063301208 26.5199889990682 8.15235659612165 20.5948696776619 138.141079161299 339.706407209465
25.3405751132884 21.5089741305693 17.6394208831182 25.4177297517788 16.2745238106486 25.616863721025 373.852850742317 289.159985501061
20.7007260859812 22.873230629469 18.4829910697907 22.8130054869115 25.0649720400044 19.8112143619796 400.734335279363 170.302351212949
24.2417016590174 24.2945585871206 27.8468150586617 29.4557059207624 7.45385835236854 27.0265537087676 274.124137376487 341.805747563464
20.4106283841902 22.8034669720444 14.7560224924525 24.9054547971977 21.4377482203439 24.2858064918915 332.718810817039 274.478837243879
24.7016789408839 20.1711004051108 9.83387209326544 27.0922714950963 11.8594136888921 23.5066243733333 199.205755366469 329.104459177476
20.8836540370807 26.0165000995984 18.0322060285832 25.176593256768 23.8133586510689 22.8358999524498 172.126228338651 403.15419270577
22.5372330172134 22.5508591497981 14.5511517967438 25.4105539049953 10.9127212844031 6.92869541807803 343.754783077739 321.775825943649
19.8875882057801 23.4450627430899 14.9580408418757 25.7578095133358 18.117478584616 26.7705623455261 381.357835720838 204.963166118775
25.8883587661452 26.8718520247982 5.70347443993245 28.1239004618062 8.77930281748782 5.63328253214294 112.560547588476 339.159034724594
24.8852507947124 25.8387514354258 14.5668969518408 28.6608334055328 19.036463217565 14.7593313256972 393.279054640479 234.296793070811
27.2066926493093 22.1793520984585 11.2655075258062 28.689440514086 15.7326792867152 21.8400954031853 352.293234115316 282.484271974471
21.2266315868113 22.2652518836881 19.9180457021731 25.484163492557 22.9755619033967 26.2293780534406 309.300580667539 331.54111278693
22.3849769586698 24.107211749025 14.3023361081636 24.4775522823712 17.8430105503934 27.1526547636723 184.399490585265 354.503339213438
23.642661385461 23.9377761025643 13.6299911614152 27.585646139567 20.4300041398716 9.21213990260788 327.979043965347 310.531566489189
21.8897106875081 20.9757041885409 16.8934577613201 25.201717699582 18.7596471278473 19.880394299401 349.213025860259 244.866698304351
18.3480521743397 24.5604681155743 6.69017545978221 27.6087754886824 16.4460627446881 12.5249393669843 367.946309170546 208.795143952415
21.9804772432353 24.8375021922367 19.1568881457629 25.6261099102037 26.1129359522119 21.2692161476083 371.17768978573 241.524246140831
20.9686791930511 24.4414100493519 5.51451547047678 26.9340203193732 16.9883479783395 27.4317901597869 255.777787945299 341.868448103363
26.3051983987335 22.7908547539128 20.2172878560773 25.5385736362878 25.5709377853089 19.1622062182926 345.522418193014 217.320156858007
23.484227222681 21.8237955772464 18.5847498496259 24.5354982194643 18.500121675282 22.4953075168824 249.622345122509 333.737386256441
25.7613104466277 20.0190028689287 23.4501483022312 21.8934648228353 14.7163509764874 24.0917736036812 301.801977312548 270.748224732844
24.6404032533255 20.8246514600292 14.2639037011876 27.6397016227584 17.8692706210757 18.8576712936908 359.801966734951 281.286224580654
22.7835633276666 26.6883310243163 23.7001292984024 24.5886459941554 12.5515956778891 26.0753384390495 208.846783171402 352.775753856923
25.7707381796252 20.3950291066691 17.9549191944571 26.4710531207816 27.2187558341055 26.6309196081274 196.718903980921 353.159242643155
23.3738756147914 25.8287175440009 11.8702980817016 26.2232254543617 25.0128615244445 23.2075436650698 220.082165140288 326.916690346537
21.4581715001193 23.8482779251663 18.5036725002911 25.0626293053407 12.0665079128366 17.4530829905073 331.571487408646 254.452202534992
18.008054739631 23.9801980382033 13.7675618537172 26.240422110394 12.5824873994148 26.7313795525179 345.849640742507 247.299827627629
22.1927234363704 25.9832944758885 19.0777044638986 24.9130571129372 15.3460435785939 15.5884654955708 274.462578888591 306.709670351096
24.8454440582276 21.8227178956806 8.21747794080022 26.8871471910799 9.11339632175847 23.3876413468047 250.208323219538 351.061575319437
23.131069465459 23.8659412855848 15.2074282284187 27.9131942845336 24.8546703005433 17.5444973561198 171.353974998157 374.040432877611
26.2528618681846 20.1476434134157 13.2194572075002 27.7762861718509 28.4758196933655 14.5920866242074 289.438488146751 313.602662875928
21.5935906883437 22.6929097802773 22.2691813749758 22.7183763487117 12.9851307902836 13.4018953001131 131.201788202799 385.631610578603
24.3657828086462 17.3393531805473 18.1953665644853 25.7112405512021 17.3081644575381 16.8131626614147 190.913293411669 310.987619160059
21.821826541932 22.7888622590959 16.7278788876614 28.4401729036184 10.7822099970054 16.7649177430781 230.397831891126 345.289327842994
20.8447793401014 23.5683980616684 17.5066458808883 27.8063040030225 5.83955913450511 23.8594925298783 296.512804034029 347.933589268377
21.9241137719282 24.5305655582754 18.4443425040863 28.1362086131918 6.5516336760937 26.3530823462004 354.125795068678 278.543859854898
17.652905246916 25.9847027847339 9.64731536809985 26.3544345603124 23.4973612768617 25.3014643118663 304.511357801055 311.519822210602
24.369847051062 21.9767800082855 16.4015274471748 24.0243115859136 28.3076048482553 16.0218071397744 320.502751574585 287.018730800508
21.5376355618586 19.4293402590194 14.9949010513091 20.641741865794 16.5640279906701 15.4475083280109 341.692601623197 212.563914617445
23.5138638093958 18.7722691431866 12.9417145775982 25.5721245985617 24.9672028052682 12.3142345077199 304.386688553843 288.13988073137
21.6992322335166 23.1744241621261 21.5174077751459 25.182498642924 19.9875967438601 20.335176768784 363.551222487291 274.62332430235
24.1577110439294 24.1878097306382 11.4652955277681 26.8228369766523 16.3126337975705 5.10911219190217 358.674283504598 240.587255881802
19.1884113088899 27.4276649080342 7.18408621878932 26.974988488894 16.32290589821 28.1192354799438 323.778064830935 286.562326929078
22.7796976805501 24.1277965292388 13.0757713760971 23.5228230820731 21.942701942077 21.348206855582 325.459737800438 238.623709869172
23.8663473882251 22.3506570890237 13.2063636002071 27.0981828276071 20.7753648875392 23.62585418225 358.095540632072 214.584445738188
21.4980617455642 22.9017653510623 15.8441593097136 25.4756186778172 16.3823189819261 23.6786731165362 256.990265108684 357.99156243593
21.2826959700756 23.480774758738 10.5441477768238 27.2542067398405 24.6955919690703 14.4326005317014 337.514487658627 241.850746064354
23.6819375983448 22.8956642361437 19.6236046255408 27.1922981788722 20.5480370857977 20.0200949365294 175.949200424587 351.948463592699
21.6164140262025 20.3276030263249 6.98269994197384 29.3307694247258 22.3996665118482 19.2200272291764 222.225936755844 361.274885037451
21.1242499612117 24.0999625342055 23.0411810236809 26.6301272848625 22.2612427495737 22.5438467151415 195.282712341059 373.378558818548
21.1983749516946 23.9998980907785 9.80683853063399 27.2057171124464 27.4658352956444 25.1833893302408 303.95891960065 285.160978638719
22.5882259986821 22.6685283273285 13.4468019645922 24.4526497664373 28.1696965712811 25.7545774499489 377.070937207793 221.004610558805
26.1179037319164 24.955591337657 11.2396212280999 28.2174001173047 14.3312430731033 13.9516734462911 155.885824254862 384.967874233716
23.4389855321703 23.4505500783289 9.47548925834377 26.3919568826758 24.3185080063115 13.2949889789695 344.354930610397 270.146479803404
25.4202937894497 21.0891198631648 15.724090521989 26.9780479822906 22.0396840776433 21.7397678825463 328.810563803134 248.335723512866
20.1722460019151 25.3729285956792 10.9419095778185 27.9118043188399 19.3070049384257 11.5695809985117 318.72364649893 244.17927684939
22.8649791310229 25.2698623198105 18.2997381281797 26.8138459685004 13.3541754158543 24.4300824399308 336.043573382404 233.002447790963
24.5707068877229 22.4251618093828 19.2563472391102 24.7681272085235 18.311038991251 14.7081309580312 236.296618732979 300.321680729763
27.7228504432851 23.3916586312212 19.3797742547453 22.0475377760602 5.74404004236993 25.5023868404805 361.847924691034 241.573280992322
20.7635614239974 22.8877966561585 18.2974148568143 23.5663157943133 11.7816897765683 16.9985332464263 317.811480926404 257.180156071559
21.1777896372359 26.5984896620647 18.0583074891866 24.1777609690507 28.4294778317551 29.5266470373835 443.537050056706 145.356972961894
22.4433892779877 21.2889759521815 10.0749071222614 28.5988018953821 27.8500606560974 18.4318023646283 278.252729932971 336.088006068804
23.6632652798179 24.2909848690729 17.029670618173 26.8480700541563 10.4539437476949 19.8353062297033 308.578731604211 298.736419837089
25.139431777434 22.4214557253973 13.0468790260618 27.3360983024595 13.3998663718258 24.8223754683496 299.301016770818 315.217921079229
25.4909159688597 19.1245678967471 11.6284258046914 25.5269487512557 21.1561056245352 25.4859408894089 356.284467351276 243.767493015105
21.6087317327695 22.688771772246 8.73431086656013 28.4512420695061 22.9521067907111 14.2149403622466 330.974101490224 292.116372937198
23.8467524083658 24.0629577783681 17.9604576353217 25.5495334089644 22.7596299328239 22.1848859260996 245.784786939812 320.298602892089
26.4291980987821 23.0340002409519 20.0915087084874 24.7663661575133 23.9930573207341 27.057125063854 327.718373866635 225.174535359482
22.1034451809898 22.4559684454044 13.24456761554 27.9227952988764 23.08260075628 17.6591065238273 226.944880820164 364.985763121816
22.6655314560016 26.3886363522736 17.9810058230122 24.2649820631491 12.5775547896941 28.0947437650265 283.028323834116 337.900140326724
19.5763793562725 25.3792180239618 13.7601408839557 26.6836090916245 23.8883754301996 15.8395013045838 333.771775182884 263.012630914983
21.0118100869238 23.3287401905301 7.56049221744833 27.2839715615691 23.4602504440853 10.2142283342945 325.548774407895 246.521624134131
18.716451779706 25.3004465732512 13.2776876693408 27.577407337746 15.4952582209522 26.6946093067191 333.398129558977 202.344255781635
20.6468809529713 23.3242549589509 11.2735546246513 28.1065536784565 15.6777284895853 21.3861902734962 343.140499743767 256.811864783399
20.5686236913013 20.650777283888 13.9009399432972 24.0194078581002 6.63965190614686 25.9595049961044 174.503615084786 368.389342674322
20.8121541168016 24.6165359915256 15.2637601574456 22.1418830692796 26.0606838051278 16.0902026283174 324.72009098077 273.161486762657
25.8217582683885 19.5940683108928 16.3582104407053 26.2206859334599 16.7966487548204 6.07230395421587 322.075373520318 290.216432000828
21.6691067673138 20.7307589079529 11.5024637410455 28.751231322738 23.7991952476681 15.0807062224621 249.586749707869 347.354899126768
22.5836026903583 23.2950236168596 12.050636341393 25.7564819899095 15.0877245542593 27.1698071185546 289.508956206436 320.427267714066
21.967414258401 21.7770496931374 18.5174261130658 25.0359772173663 21.7935272416152 19.7809720590087 357.497800563936 298.12515403674
27.8739690963565 25.7036223826765 11.2976795325335 26.3664443630207 29.0608939092355 21.8590273500996 369.724555062041 252.088892280702
25.6933825522128 20.4833686081949 8.49528270178724 27.275273159188 27.6830774532425 25.142313389939 220.586855278246 328.284292091945
20.7218293437172 23.2763242058382 16.9289301870763 26.2593846912782 24.136441167799 25.7399456818936 323.248354759422 251.540107686808
24.7819724682037 21.4258042408422 12.3770623298489 24.9687633402679 12.0420427542503 10.6387481186628 221.635068740112 345.963342577224
24.1018468705714 24.3988591597272 13.0919789349323 27.0301264546758 19.2417955933145 23.6226566524625 310.465669674051 300.376979727775
19.3706009760113 24.4088016626264 14.3893394870903 25.4666299893256 28.5332705810161 24.8421370882786 277.213027497797 373.594545660164
20.1117819197774 22.1790604853003 15.1492458346568 26.1523813445547 15.3275203991581 9.05232339884616 291.334550675944 304.871166979281
25.71441135248 25.1495555781592 11.0525112458044 26.7405937646271 13.1498884403755 24.8339214703698 306.938208478687 284.482414625158
21.5317982316248 26.214193608337 18.0056380708277 24.9924829153265 8.5315084011884 25.3381573542902 328.946756896727 258.713273684498
21.301826786366 21.789222199118 12.4145317862716 26.6614202339465 22.7915511111043 14.2264368766466 318.068319938513 306.655118777733
23.5097252112757 25.5849636210984 10.5535363358865 28.6423543648984 17.5373897122764 25.3346416167423 221.392356849485 349.532656274633
24.5450352636302 21.1816850073511 14.1996054915088 24.9840094969029 23.3858990479477 13.0331369462757 178.9977267318 356.055292297762
21.6018968936794 25.9974522324635 14.728081464535 28.7669330322401 20.8464594169348 15.9182817456144 205.820757497174 360.592837066451
24.6385349993567 23.8982168851994 17.5686699757471 28.7017709135351 6.38169290139834 22.1939930548347 369.280723435194 218.839300112633
20.9093563456914 21.8086959276522 26.0949018378735 23.4193341508745 16.3761936497368 22.4241489252985 329.519254840374 295.773884786013
22.4552420308959 20.7487781779596 10.3330990934828 28.271425731708 9.07419404504716 10.9788738871822 212.977728010203 331.060260884943
20.7044397886781 23.5854923982777 17.3090240157307 24.110132964347 16.5097711146242 24.9751717211259 239.06788823394 361.746153178813
23.2655410177403 26.2968964522486 14.0515878852831 27.0005019530765 23.4651945594568 21.747192083826 400.227739642267 142.977529598965
21.4029155366714 21.9490107281708 14.8718953351825 22.5508635639243 15.1929968075803 12.1190931766678 161.890791813422 391.773182051303
22.8350401976514 22.64877523519 12.8854354514979 25.3769559285962 18.517968917027 24.3561923517655 326.627417164198 236.610779139502
24.0463942194258 22.0106252981985 7.16564661943072 28.8717801566847 11.7271806409576 19.8375324606165 183.21347033937 360.355242597493
27.0796896032388 29.2024241959504 10.9217973486731 26.7795620305573 14.8866699110913 21.1552816783568 78.1164697299878 383.938611587935
20.2988320905623 25.9557665202581 18.9429174171992 25.8916139226565 13.9317439168018 11.3262689269692 388.085181895946 159.157281396067
24.1567685007808 25.5554372871039 12.3584912207729 25.3433814364649 5.62342304168051 20.6326839542876 250.625840467699 323.980584978985
21.0438381435001 24.2277615804965 14.2800436891684 25.9430846582019 22.2797372240908 25.0278158102671 233.118316601691 358.215583260177
23.0154547530945 19.2645310692334 12.310536516479 25.2649127450279 16.5493874311846 28.4919564368656 330.87265807347 270.969949948191
23.9907734459076 20.2774436606255 17.1070980546763 28.0331570600597 7.9833107923101 22.0800161624332 231.548952344658 359.917499458261
21.764132837248 21.2630144140121 17.4069730849754 24.073791798474 19.6530960796977 27.785969321847 344.788102873997 257.118104515
21.0434304096639 22.8574781253663 9.94709575897448 24.9930460563642 9.46891575043838 18.8524545725733 214.607528524869 356.042714571454
21.8427079512598 25.3116767062694 12.8206041687996 27.3456618156557 15.0606970782507 15.6397442305378 312.541704593778 352.457747558294
20.2416831366542 20.3932364628892 14.6044525785032 27.3545147051674 21.9436328562122 26.2248863631803 236.663339589234 338.466013163505
22.808724106542 21.8359943732512 14.2093030616676 24.4490316181845 13.7429686616241 21.2042673904523 210.80145208082 355.37071618794
19.9696272440281 23.2210709841608 15.8347378689215 28.3864805192013 17.7198187062756 24.0484884256955 375.991800853352 246.827475894004
29.0354445358319 25.4247660911795 17.5443167703808 26.9512326430474 24.3677815190817 23.2303116245003 319.292684218921 181.199982824206
22.2166989949584 24.3097131438991 9.82756312204648 26.1051392634298 21.7713232118959 24.287334818438 309.257828746241 307.366205533425
22.8431096750834 24.7240127423984 12.1916620241544 27.1247659270701 26.6990754114345 20.2335609494478 216.753273546157 326.992750117358
24.1391503894853 25.0909085473694 16.6067123676837 26.0241382772763 27.1624613500962 15.0105140213271 337.546845897889 235.465537934502
20.8724994986796 26.980168682866 10.0871848500428 28.0032127081866 27.3259397798046 12.4583863006024 351.305219086035 116.493580425407
23.7312936581965 23.3425856890865 17.0043778789615 26.9497040491798 3.81070935454664 17.8788173594157 308.462894551625 313.241787614493
25.6127435279071 20.4793551245667 12.736369025008 26.0194591903095 27.0715080552743 20.6723264889831 201.691012066606 343.616307591956
25.7739824209295 21.5120916994982 13.9787159734944 26.4918635391633 7.08418404077935 19.5887011978941 196.358213876967 351.399331589399
24.1777052496023 24.4580376257586 11.4863149617236 27.249909115243 24.6031837398272 19.4476881806801 343.158391059613 193.654430087977
22.8500976407766 22.354657830583 16.3167590204645 24.6948299380472 29.2582334433666 23.8245321133962 276.769360261654 300.636840445741
21.55193361827 21.2708282173825 29.8574587433109 27.369022157283 25.1451158073469 10.7203752531286 191.779156789726 375.698971804831
23.686862440385 24.6968957667468 16.95633125645 24.9127939379948 14.6289947488256 20.0116530804826 237.595567060334 319.213677017616
21.52103618865 24.6189363203912 18.0168513452147 24.30538321109 25.7235533160423 14.7716847078215 288.341930295409 303.634505878417
24.4762775177352 22.5580036778923 13.4930591630267 27.8448255160677 12.3969452577311 23.6357277889301 181.724248215894 359.864134388431
22.3970178871376 23.9423835339812 18.7477984205867 24.3806582053146 13.5680226196962 23.6661462866397 226.010604649253 343.440339301025
23.7401655657232 27.5856204992414 9.53280615546808 29.7761790252805 21.2076262222852 9.46764864407145 210.825030656396 369.025597495153
23.6523131358771 21.1580244810648 14.1715343558518 24.72373617791 26.874978615306 15.2475653682174 181.062467169309 334.861436663931
22.5042523073281 22.0294786642565 19.3387753521877 25.437051772941 24.6541146920014 12.0084493596363 303.225287990923 315.406034357409
22.1741747894135 23.5935831881452 17.9872947255813 24.9095317571644 26.349852123943 27.7791939992388 197.970468425003 343.471644999081
24.4186634607096 28.3466054693838 28.3576035607891 27.989707361957 9.02054585372814 28.9776948641 68.9292831955293 350.432436576104
23.3770654010634 25.9716544318806 10.7877919985281 27.7060897602635 22.3489088662115 17.4358068347234 200.939041321954 342.623121081585
22.5810556175396 15.8948880072397 20.4032925965338 24.9339108953845 29.2058615658829 6.14564520357321 63.9370645872699 424.79493907468
20.6794665303468 21.8835412886693 16.493917420293 25.0339390121128 11.705854950443 28.7524414297248 351.277265131169 221.315782707432
21.5135125890771 25.3689637623427 14.1602298823399 27.3643367368153 22.3084330821974 22.3932535465252 353.908629479325 189.556339741578
20.5342661591975 22.4321265503409 16.9855814781849 26.7803037801586 22.0905390268638 10.5752120686211 326.786934863013 280.542658181426
26.9596652798065 24.4915347735215 16.1352383241257 27.5627418885043 26.3643657750948 10.4642266244778 348.5757848964 300.812647829725
22.8182527123297 22.8580269685294 11.7424144739594 25.6306314482933 14.2143453286999 24.3826755509151 363.372715205237 188.927852175247
22.3919552494799 25.7193083033887 14.789426457993 24.9882948409531 24.8868660693869 28.3237158172765 359.114894843179 231.738313921928
23.960651094981 26.8490176447046 22.2971782281403 25.0043599270864 26.0133194834977 18.3341094550076 350.939509957895 160.069190402082
26.0332723917356 23.0698602960296 13.3442950229374 29.1647145188662 23.1311861338159 17.7205256835558 210.414215678677 349.006077348372
20.2462197361424 22.6912193249671 9.21975860043009 26.7886414734997 13.4646895502146 17.4157237037652 229.330773826868 345.997358187913
20.780842632185 23.9973869953875 19.2889657034419 29.3534383474454 16.2604977901594 25.0798954049391 406.126022225524 224.208710495516
23.6150940942665 24.4574895581332 18.6373532371222 23.0368311061311 9.40175598282582 17.107292806527 323.700167326783 291.295035602034
22.9375147691518 23.1287621296175 23.1536921300752 25.964203151353 7.64019353745952 20.8519213400064 278.226259649008 322.329019026912
24.2722836483763 25.9402325394699 16.0750116260083 27.6923211566162 25.354451266002 12.6910289452401 305.442442405643 316.876734000211
21.2763865805179 21.8601469809513 21.0859179071455 24.7625187535128 9.81770272140073 8.24280399045818 285.99142362195 367.107626851617
22.9473729922333 25.8174593136312 20.1800773790591 28.6950332752467 18.9715618659536 22.6060298477159 154.401717477058 357.813047004264
24.250254540791 17.7475906618101 10.6494657897312 27.1938751663373 17.7600503533843 14.9278740264879 315.611006921117 314.119476037056
23.8628662601042 14.5961628249736 9.31987895231911 28.5298836085294 16.6435146578206 26.6087023036887 383.493265215567 297.202928950312
20.9283403405653 27.3185946887819 20.809051805283 25.3573368818034 27.8837691596125 8.97087107647767 379.914615366615 141.109607687133
21.7377465969047 24.2261038922018 16.3410430214847 25.336604063775 9.99037735467983 23.4382126120697 232.867792528228 341.687506415193
20.9492943050332 22.3824682404394 7.17118671505574 28.5551642974359 27.1498102349514 19.3391488140999 346.717360917158 296.004880082873
25.0966560581833 20.7603030664328 5.9933646270474 28.6674426420863 13.1438231538992 21.797949237467 222.923591400602 320.76929953057
19.7038500188458 25.0975729688127 9.5707975693595 26.3469627845738 25.0075156667011 13.4935286750983 343.301311888271 271.118048710091
23.4270479678267 21.8204695353934 15.4943804290552 27.6508823352276 7.91786036083044 29.3352834840178 293.597001850157 349.443675491614
20.3297890862609 26.8426350727621 11.7515880426443 24.8761760974534 12.6128477747388 19.3132817060347 332.176647497142 289.059456275527
25.2597669483337 20.2654564486611 8.82014026411232 27.6100221927707 13.8282125176185 10.0270333231371 320.248726921084 299.497675557634
21.5605955313767 22.4162468435409 13.394636671293 26.2709918344828 27.7259627153166 23.2366031988338 359.146897922857 289.628247341749
20.9718787346102 25.9762056136297 13.9726569532749 27.9824304398384 12.8484245267469 25.1519815284797 334.084435421919 218.120474301624
21.6511673268479 22.414642058568 15.5031376057893 26.9770686721258 20.9277076855289 24.1552373214318 310.824741642144 325.776044076038
22.7962296908002 21.643535129412 22.3024009460714 25.7678094251464 3.56436969183916 28.2462597450501 266.666493908334 312.108689133108
23.6611407529095 25.8985458309355 16.891674950519 24.4658262523509 25.7797899314348 12.8723523785394 196.55725755644 321.11802866173
23.4956430957316 27.4399182683966 10.8285769301922 28.9782031023787 27.4752419558752 10.2611058393478 300.726141548487 317.995555488449
22.0893049948864 23.486881214401 7.91725196663367 27.378562519089 23.4851832450136 18.6430581393751 352.236267915605 253.372749245492
23.7656362846117 22.6814579221601 14.4465240345992 23.1599634851846 21.8107365121036 12.0723092956307 314.73179186456 180.563283085468
26.2969480925556 22.4190627749604 12.3376640758429 28.9237789877798 28.3935062103898 14.2896262480781 350.945611154376 264.928613755876
22.8027274682096 23.1990121245451 11.0163601336972 25.7756730702747 17.1146342119494 21.474799095708 290.233047801637 333.010486293596
20.3957301667189 22.7771967376511 12.8504270268722 27.6054098315879 8.06329416506759 22.9508456031592 342.539468555589 284.538763390748
19.7217506062467 21.4074368135133 19.3067959402339 26.2492422265435 29.1732013977179 24.9817133945171 259.534361965222 335.925575300383
22.0110297884155 22.4586554267876 21.3078673006041 23.8167146831386 15.506089116112 20.2033645407806 274.287975955973 344.807030729798
19.0440293761551 23.912203949791 16.3004252897232 24.7660037718913 25.9917672325736 16.8199556202275 346.584491617534 206.720621091103
22.7029358217678 20.8282972156467 23.9443400171743 23.0507779878268 16.8442699229592 28.12765019305 249.932436972938 353.197650519999
19.9129865497386 22.8136904053663 18.5283486342379 24.2166827292013 10.4391934660696 29.4912215329427 309.891938756828 281.898558868665
27.8917438201562 26.198658752311 18.3193251230543 24.5155525232765 20.3243094379987 28.7501497189968 347.918099316975 239.337950725836
22.5021691653901 22.1759427553564 12.1803183700185 28.4525647378199 21.1504562893924 12.2737531860242 302.518516860453 317.884360949501
21.6215670112289 22.2741313629326 9.16518046290488 27.0979468648564 8.31182670633415 14.1654341770978 207.778419275498 333.47974759481
25.5437514529188 21.2829730012473 17.7791055637355 27.9376426422346 18.3643309907765 6.84469456771329 264.145912577306 334.761133206042
22.0349566376136 25.7250643337289 11.8512480251634 27.5870199691365 25.251315431026 16.1149758910594 215.351207162055 349.880505136164
24.1954098099064 21.6616637963518 13.5625807309822 28.2267274687997 27.9772193481048 10.3672032104098 314.063288872006 308.614501947559
23.7444454790776 25.0546205193159 18.8878098731872 26.8138038272362 15.3203194932895 25.0394260049775 211.182368254678 352.21072193854
22.8550816281065 23.0334186589305 17.9935290665161 24.40684552877 24.2340678214806 20.1807489628017 223.670584362465 324.922159231672
23.7316807163003 24.2605797592945 19.6688337884943 26.9819226227905 28.5850681295889 23.6008004484498 152.270604028161 366.692152849584
20.1939293076483 24.9224898688379 10.1281632343725 28.4889306276247 25.911090363437 15.7479671728002 350.556485303404 209.077768130427
22.4554373357189 23.3200565497861 8.82883616171896 26.887373030861 23.124712818207 11.6864417293731 211.402691026601 354.482899865917
25.3446095823139 24.4134657690551 23.7064475878075 26.8530830095642 23.2364091127688 26.3058464031556 144.017994116721 349.526053130818
19.3323635718813 24.7165504846497 16.8821585871806 26.7286181271476 11.2309393856773 21.9897688628729 305.517277843247 324.709798760823
26.0630179091404 25.3312771642165 5.09225847053226 28.194566988043 9.69372367467316 4.19499706387097 358.49095520088 188.940382421976
24.4416834661458 20.0706239376357 18.3289775161502 24.432217544697 19.9638600619884 14.3009953191181 178.674010515354 363.722745191522
24.7134105030579 19.6723375036722 16.6264720315325 24.5005787267285 25.4947206664153 22.8960761427201 148.835955718939 342.404831257185
20.5828970202318 26.396891206044 12.4281900369771 27.1383778327667 15.7420636970646 18.3332929752249 336.994446370411 196.020588435409
25.9525320527129 20.5106408330148 17.7118471781973 24.6824584762315 24.8080894964268 27.2053359549012 200.044036592857 364.899352821139
22.4704051726676 23.8264604757796 20.4234869175852 25.066488974952 9.78592583925316 19.8920136729299 235.98964442668 333.858416839355
20.9116315907436 22.619671082062 11.5397762894512 27.4887878841913 14.2128133903989 27.0765538826109 293.850479787936 288.502452415583
21.8667702066713 22.3962174251888 22.2427787772253 22.7708484069061 18.496216561626 11.1322612398512 272.306373121944 301.872750592928
26.0797313450215 25.6127112288485 13.7130953411715 26.0649413165804 25.1517162647938 10.0905999547907 287.207430923158 328.462076797081
22.8300615451712 21.9984687025213 11.0348396865754 26.4352143861851 17.1689025179829 29.4180032248339 309.022496725559 321.529012437438
25.4304191510525 20.6002786988337 14.2597372254306 29.2166550201404 27.4197469823082 13.5312191018899 326.651985209911 310.359758991055
20.3473832591313 24.7810004288761 17.2911952810719 23.0378830465432 21.2687770555798 6.81043990913172 256.765169245172 346.765552464363
22.1902193561225 20.7959313034594 15.7512789806205 26.7328648575312 17.0516948320791 27.8378035312851 365.57957914314 225.133551471222
23.5392187437108 23.3690935525783 18.7329993533716 25.0281006504685 28.6168144039836 19.0585535332279 337.058038897036 241.811760008408
22.4830248477797 25.3865535010845 23.0878373661498 26.3872261352336 14.9890499430186 22.4208114724735 343.046733115465 191.993070219276
19.0919277969533 22.745127028906 13.2398172760173 27.8225766950273 22.9213452440143 15.5333745142664 259.500480255067 327.350884096768
23.1775859638636 21.4780668060182 17.3642856871153 24.743336124151 15.6381856397329 15.7368178777207 186.183761858549 348.940055784295
24.1593741469398 21.370167757919 17.1499703728243 23.6740007658609 24.5252880220269 24.6319625035339 231.02900172272 334.065130448029
26.6316360928482 26.0085581408046 15.44093076264 24.4601749152736 29.0523671857615 11.0092631283809 319.085168396609 252.010210335266
20.5101201568118 23.7622857070464 14.6772152033094 26.493809791489 26.2767028306604 18.1480822018989 357.980610937313 217.504185143783
25.1488629338536 20.4244701146616 12.3614924308889 24.6339264881575 16.4654227254103 26.5439274957511 160.160057294347 344.587884686613
23.2631695521631 18.5617222107864 17.4501735548663 27.8541733108109 7.78096428873766 17.7351224291129 264.219535345354 333.852924863321
21.1748552826527 24.2202260149369 16.1363078750051 23.3436348147082 29.6232520161058 23.4211453024911 391.760034504166 219.080852929347
24.9518598936329 19.3496056092762 16.4744905613339 26.9616091854549 20.0791660911778 12.8387220595557 318.690489678523 266.310060122172
25.664622910432 20.1667468355245 12.1981319687407 27.6403438223514 17.8533491597912 22.5175907660113 190.72291068928 325.416039996987
23.0378915652174 21.8697677085353 22.8108072984387 19.7105758935759 16.9879634313647 19.3115754031527 188.46775127642 335.173015074142
21.3491755121378 22.4397867595661 19.18985487534 23.1735621813628 23.2856488311558 28.0059576468312 208.839917176922 334.267382998294
22.6190698720431 22.211377294802 14.9784179352046 27.0270260998607 28.4072984766729 16.4501511984315 276.482043114247 336.52196556772
21.9545337409115 16.9344418365396 13.5077151261677 24.9839694105079 10.4450045493801 13.9693865519857 180.127224493287 398.302123211686
24.2732927647097 22.9621353101785 18.8615675900652 27.5923615023737 13.5256385929726 23.3421015321654 364.967320255536 210.284251261941
22.500692552971 22.9619499650665 17.8236181807602 24.7340476009276 22.724742396987 19.2225660428046 347.160361051078 242.528880638804
18.7179970164976 26.4077177387433 15.4283134040604 26.1037808938891 26.9426185647066 11.9075872534496 404.724643962792 188.994792869542
21.793309084877 22.6883047394742 15.8192168378131 25.3402054474108 9.64488115525015 7.58858473680758 298.187811763518 260.784460775901
22.0289428514909 21.8962227596058 12.4420668064251 27.3684800727917 5.09707751742088 22.9266736582596 372.132309264712 260.16408332728
20.4799687950687 21.7142635775294 18.7837212170193 23.6051683385298 12.6891267573943 17.3816533493062 250.651490445118 339.964939828053
25.8251665575544 22.294091679449 14.045937972083 28.4509958567814 12.0193128134685 17.5256438164874 176.723062045279 348.894520602161
24.1522381420926 20.2556676181963 14.3476490160724 22.5042907931487 13.0611188415685 27.7569958592134 18.4829392723213 364.763394667431
22.6039380198084 23.3042151130431 17.9818911396198 24.6189126323492 8.72661545901161 18.8719707481837 207.12056063063 349.439066322388
23.0582194221049 24.4334056785839 12.0937055353546 27.184797858908 25.7242804385888 29.5346815360557 313.579446522994 301.176737183549
20.7731767092419 29.16991632365 16.2998852556537 28.4342563248667 9.19057589098524 27.8396730877571 382.834279639774 222.761017584744
20.7294061703639 22.5488437632042 9.07898675956627 27.5462372087239 24.0056329782285 28.7008202210055 367.099013806171 181.634394838338
27.7136847732043 20.0889550897666 10.3101988069714 29.1047498037905 21.4351361692486 11.1034770361188 355.658144394713 269.929883836904
21.1370105003812 23.9469948488416 11.6780921985722 24.1086314849998 22.4928565070659 21.422954923181 363.980369250254 246.24629568476
26.7847454605798 23.2042878480446 12.8154711320737 28.7613663734804 13.6260283138211 26.7994294333916 342.169089557668 290.955521091333
21.745243218495 27.2219944270474 12.5884675001524 25.0857688999828 26.3331061674827 11.7277348598034 340.603286443671 290.355679671398
22.0322354278955 23.3522705858697 14.3386336536673 24.5929390109031 14.8200373526189 26.4171219012098 312.044673907809 313.944345718906
22.0188245435842 20.5502102577873 14.9074891688787 24.2374177088358 21.0944183167738 14.1024873788879 363.745952563563 278.442179941626
21.0743193295487 25.5738411328261 7.88803979425813 26.8187655340241 24.3090938553844 27.4895955221819 364.656324837594 245.188834231901
24.4985036471424 23.1426717451336 12.7920228861951 27.7876141107906 22.1559591608591 22.832707170158 216.534549622952 352.513980958163
22.4579737213871 23.9866372283726 14.4615840499066 25.9855923803455 26.4514269149677 21.444022630134 328.882840854154 206.037160777067
25.2624085518357 21.4095474060877 18.7801549235752 23.8797876553836 22.3030772645144 14.2465192148302 235.685980934938 335.200475610054
20.4414108471462 24.1630288253842 17.6042261660405 26.5080578872843 20.0871877013649 9.80386359585599 263.00676323182 345.130743560293
25.7435056500815 23.2276517149969 19.2970815295327 27.2148455072496 25.0207715850362 14.6285611526984 343.871639216324 261.435534488019
25.7141424593872 16.7446079794441 10.0816357952656 27.6931006266915 18.7894792133223 21.4982642615357 250.922508457818 343.167046431485
23.4222133078116 25.1718304594794 17.643456335322 25.094454538677 22.358740506273 22.733664152862 260.616226246053 294.701295639929
23.0570605132269 18.5000663974258 15.7509814211224 28.5074891857896 28.4017459930123 15.6758751536859 356.234105832512 299.978814841823
26.3577621783131 19.4483272487294 18.0062528883444 25.2972809749808 20.2329894957761 13.0309967510458 226.276490299572 349.189291099701
25.276027678317 27.3682129799189 20.0989872020672 25.2821233930105 21.9723547950206 24.7490444994894 377.098411669085 144.912453894356
22.2154955917539 22.0171851261107 16.0564754191425 23.5256235113804 13.0402716763713 12.1536559130346 219.993934712636 364.487974997653
17.5566560708788 22.1669705495092 10.0493653783942 27.8977755028228 17.5122155690522 16.9024965349297 375.787836583873 229.14979668981
18.4627182377276 24.2809856296221 14.4401062161918 26.0437977713553 23.0431214932841 22.2330694712585 345.104992445544 248.643450024146
19.9126763930561 24.8348842593323 19.8500245118406 24.0708495860425 18.3138520736103 11.454946597279 214.619103443784 327.722904306936
19.7042455600389 25.8857996191263 8.09409032654135 26.9988526457789 29.053564125629 18.2858033177131 354.101023897611 233.991016604369
23.1775060514937 27.8548577826824 22.7606351546108 25.8208129862009 13.541849863723 27.7561792818637 195.339367360224 375.402889243708
28.9254858658316 24.8100712950969 15.1362408305867 29.0386060093809 25.7708627360045 9.17317774866281 352.768147782964 270.629295315484
19.5694268664096 22.4653708034005 11.9251915972804 27.9250456876798 14.5323738976139 24.4722478250593 330.043993636062 266.244051400182
23.323186256792 22.8455189905902 18.377846019236 24.3981080292411 26.5431413528573 13.2996190486342 291.811465581343 355.253705144986
24.7915326738817 22.0258208202627 12.8356297829699 25.1016242995385 19.4637278165778 16.7582696699088 206.436607631694 336.756118635776
21.5795836904912 20.0997451784741 13.607171148335 27.0446690884736 23.6714745474336 19.8940764451297 370.373311544488 280.501297513959
20.8995832798433 20.9528223547951 15.7698217100901 23.4758329996427 26.3197118636894 13.4479793658118 356.631382209855 237.596432492811
21.9859751092634 28.1518126919382 17.7668214237096 26.0168913860026 19.8018423425305 25.0963841750455 397.774654930143 117.973158038286
21.6219343383669 22.2720238035838 16.8575576155716 26.4121363578567 9.35263743229352 26.448583330292 275.369995026652 316.232601356801
20.9205277539494 21.8388460263211 13.620582365438 26.4037273160743 22.1242583113739 22.6234935037363 343.925267666725 244.747237377842
24.0106523310768 21.2760852520891 13.1058187528621 25.4254248828598 23.4980148254537 21.9947352622936 313.25969496695 308.874885538974
21.6644997574207 21.2542442645814 12.0977024024034 25.8738090399186 19.8929116642707 28.8153210578677 294.52919183269 347.149026344031
22.2799905725582 25.761266961524 17.0923170240948 23.1758719711751 6.50679768158131 18.0921485464679 409.967458669523 133.050939026842
19.3302376224373 19.5375619535993 11.086765502824 26.3691148969666 17.983494829133 17.673908805848 316.976890171451 262.827465250647
23.7796130309716 22.5358396552734 14.8065416733535 24.4528962182347 24.0779050031895 20.7221786054793 243.161387549489 306.808521600966
25.3673544767422 21.5523858658041 18.5063998755779 25.0496797280129 16.8573262586087 23.3209281283154 281.053326126624 299.837148022377
21.5495166931014 23.1469320329458 12.6296726296755 26.0927681372806 11.3327685153861 15.5867468179452 224.868792414404 361.109025674258
26.3038880182067 22.4305834380189 2.78822910450162 28.1449843335156 10.9240581892086 28.3540539779125 370.240561570869 241.344922467335
21.237663573106 22.5219700813033 10.2639320139283 28.6720869587192 27.3406150469404 26.8512273727066 366.782627724903 232.825948802396
19.159721057314 22.0074292643092 16.4844040154171 24.4981389176997 14.5637280651518 17.9202880645175 328.444731146803 276.026056743258
29.0641851768285 22.6517190968103 10.1567096247423 29.0581568538967 24.814817927542 16.4522490318242 370.544384091367 271.717631681379
20.1305986472395 22.8576353548504 7.8599169810238 28.4094765894562 16.060542146751 13.5657070088705 226.114496623707 350.658792970839
19.0364120516886 23.4924190248401 9.68773663719326 29.0332071942612 24.8302567687192 22.3373915751895 363.101648185307 233.28291378522
25.0398660960068 21.8606971950854 16.280334645134 29.4225036013565 27.3133095589365 12.7243651650275 213.813929190075 350.377463172306
26.8822045398296 23.107426762555 12.8567843848275 24.0101592500387 7.43001918547719 25.6856037384468 289.403668676394 321.823149749729
21.4105479561027 24.1138439157846 17.288046662464 22.9290067604772 8.69761073682428 21.8018277944411 272.911764506929 340.531871473384
24.8892546142763 22.8451606908317 22.2959590025582 28.1598982775623 17.4393493246601 16.8747211376318 142.544706788322 372.0290916882
25.9453537385733 23.1497979713263 18.1989206699977 26.1937226534444 15.0219592029447 23.2818756141524 342.928035826555 165.998517898834
27.0783238962041 25.6070150693341 12.2652204675838 27.5031911419858 19.501914955517 8.13974754889852 317.547666220526 255.181472729596
17.8378217230125 23.4222551107913 16.7391672756939 25.1171605005666 14.536957121833 7.44895961289006 344.36013682259 277.216829661359
25.3028229051474 25.7766011910207 18.7818404815255 27.2193709923503 24.2214539634656 22.992308103709 357.648583304787 153.951005194908
23.3149079548087 25.0381359142963 14.6750134286815 27.8167399663377 8.86155239244374 11.5879877650953 203.984628204645 324.833529283793
21.2649804033491 21.3508912429921 23.0643554723665 26.8072127853934 13.448290025289 16.4031762373527 334.29890973707 271.536474019992
23.8312531991967 22.2299446268661 14.2345930086421 29.8979902596595 7.75996560386579 13.4443854729793 207.043339304857 377.229505552099
24.5205283738904 22.5745843165869 10.2860933781672 26.8034709602628 28.4527138061701 16.0536259248872 331.274150348216 291.527464480569
23.8385156551616 23.0599567020338 14.6995923431123 24.4024603109415 25.5234505353397 15.6584441998708 356.270219011853 232.174656188299
22.2407499593725 22.5492225317899 13.5813548224568 27.3441027193482 26.7467656800399 27.6030648613313 259.82754715318 334.142411276186
24.6779566441887 25.2882980361785 15.3517516519898 26.2868004459091 14.2727110695276 28.6283388049652 339.366012529404 252.805759896627
20.4959960963047 25.0870614077686 15.9547978005895 24.7996230873149 18.1074137881133 26.1502822618595 351.86609380119 253.848842960068
22.1797346647628 21.6008053366282 11.3733118131802 29.2383007372914 13.3385696028523 24.3612442532674 347.454017686503 273.345997992133
20.1939874575297 25.0242195086298 13.8832486484783 29.3486931913678 14.0905221672817 18.3216100908048 366.789659219662 197.25295692253
25.6639809999626 25.0512438971283 17.6516425827128 24.6488623883687 12.5938933875465 13.2876677099831 328.456842635787 275.303311230677
24.0550951539136 19.1779069149701 8.50636528047298 26.3669138064152 17.3576394509293 18.0347816616146 295.058546420088 323.177222584397
22.400289684771 22.9464324125717 11.6410289621943 25.0286792447354 15.2472721839837 23.1498566618893 366.955946938112 244.519772907255
22.713041764559 20.8351919395747 9.76673612513986 27.6001902559607 10.5112930764332 17.5601874495696 186.463242695027 362.220493203472
21.6498585034789 23.6547949738112 16.5892373791066 25.0743744893672 17.4671661992543 19.6542362806718 328.263354590211 275.077303469997
22.4844669514605 22.2255942237796 11.7772169822366 24.254881506641 22.5981484079923 14.5726040831129 332.51455585465 265.797544336324
25.1893472155193 20.9839917634496 15.2393476905141 24.1217167109003 16.6108513980041 17.6706279203706 296.179027371397 357.958876605871
19.3001596744308 22.8355089923767 18.3502560177406 23.9668886321861 8.97827158193187 22.9958326783114 345.80621424169 231.500333987961
21.7197057804446 21.7426614815336 12.5686222475709 24.6992980089065 15.1999764997166 10.0567327820509 196.364354081249 347.822012097462
18.8813797609997 24.6778508887266 17.3917616578447 24.0951380107383 22.9539567325598 8.31505966084461 336.916804278359 237.876840601295
19.7508280604683 25.5599801588019 20.4969824819836 23.7504923355331 28.6777096292704 28.2918648921706 95.7863047088962 378.578700002171
21.8430306192441 22.7050621579558 13.2249321252475 26.3731217327087 23.6382052068809 21.5880476026324 202.035235928781 349.429379499388
25.1216514704922 21.7116280056884 17.2329714869861 25.721313015864 23.4453075462577 22.118082950248 328.965434516312 264.830975715721
23.0552480436892 24.8972270809941 9.31269810582362 27.9211158163961 12.8219312969881 25.0946850351206 183.249581301052 346.225614746758
24.6698247269865 26.7885032585243 18.3272198071196 26.8744747237115 24.6454810138088 12.6689112721015 312.257999197668 147.659418507206
21.8693002472413 21.7576755183301 10.7783014933294 28.2538323580056 21.0980748549189 14.0018724154169 356.942856339992 225.060561994134
25.2896936635119 22.8883968705639 23.0699490226307 23.2925535047219 17.0800077219743 11.1110496930058 189.715502404814 341.309083671727
20.2807374005731 22.581376075723 12.7880090210918 26.009195517983 20.5551042672243 27.5592590921621 157.37642429979 371.923952695034
22.602162527859 22.8652375115876 17.527898187751 24.6426500424502 16.5395072421785 28.2360994145806 148.374272329539 357.83150658942
27.9894806230268 23.869782130814 16.6633918766165 27.4048574741714 23.6677280218008 18.6846983809707 341.748269785171 245.131356417898
21.5563422369846 23.9318631975389 13.6007539148452 28.3127847481612 20.77935961488 21.8192926512017 335.165463250187 211.063188329716
24.1178491135399 23.2504580244474 12.8187166068126 26.6270354672413 13.4301708663108 28.2131825286377 254.808304106602 315.021774799166
21.4753662220267 23.6490711704173 12.8772008381754 29.2915320677897 26.9191958556816 15.4665773562735 354.74920374661 278.096749362695
22.149776628858 27.4205738313326 17.8953035751246 24.9606646911924 24.8530404965786 25.23585598879 249.622372355185 321.876462872564
21.1655964268948 21.8055225516516 17.3508857578072 24.9840313907464 12.0141234744196 18.6704279541154 292.752249484071 313.287040166535
20.8129289947727 22.4314285310553 16.6388824687471 24.1189981873511 14.2112031484924 23.46965820709 355.327880320272 266.94288688045
20.7779364671604 23.3472448748811 16.9211490161405 23.4597708568865 17.3313907303732 13.0480960700632 339.037476993673 257.658511272475
21.4547391310599 25.1781996816901 10.3246048870911 28.1179214620979 7.78627725485374 13.0538465172828 263.130982320683 344.329813400062
24.5993852029703 21.6181304918239 12.670975236935 28.163380048045 17.0027451114962 18.1459815824607 237.232769441848 349.613598805111
21.2684293337592 23.6356316458631 25.9708863513485 27.1532329711539 10.6857390841748 26.929053689486 281.349104029943 332.183540282677
23.023594981389 24.8248760669826 6.04351107606287 28.6436573483086 21.6138438716676 28.8184157579924 185.449634902119 374.880593746577
21.99992700754 22.380361656297 13.5382766420755 25.016890161342 14.4589661547035 24.6567515341241 340.681194521493 246.091009786433
21.2414949401405 22.7191855003375 13.7194727030018 24.4055750602482 25.3853741409834 15.2904913618009 260.176864479192 321.686621731697
25.6872717980411 20.9325493649217 13.5575746383843 24.9219178719582 21.3400984228786 13.2004989733085 170.359240343363 365.705592706162
21.62272739313 24.7510717383242 16.8922364006064 26.5933318483535 16.4881528636823 11.8164902622687 346.505298816065 237.558509829662
22.1506925773231 24.065251586043 17.6937310423601 28.2307967211318 7.5901350397048 24.2087516502162 248.154144650161 349.640826665123
23.7332702501857 23.0699914576183 13.7569902929596 27.198001315707 11.360294599959 11.0388732799247 353.08467303065 212.849488437333
21.7912183097835 23.2995760783119 19.9978509305187 25.2099543971829 11.0942251945881 5.01566376594751 328.426174164556 329.630281835348
22.5724011656335 20.7996087814955 7.84049069805234 26.7384909790073 11.1525800654606 15.4977506618804 200.149829283341 353.619413638523
25.805045211447 20.7163562259057 15.9348886750806 25.6720638277223 26.0476228070004 22.2629314991732 224.213719901946 341.285542608583
23.6297657702692 25.0718888079637 12.6235296981865 27.2983984707007 14.9954447985731 11.2501217105905 264.516137084504 323.731642405837
20.7085192324838 24.4001807758924 14.1614677522913 29.8670251927688 7.8923961052049 29.4414483184295 176.348242594725 364.788191259096
24.7921041053901 22.3713941739328 18.7656609361673 27.7740418624481 23.747391622232 18.807425848972 278.623234368468 333.854527437956
23.9560044917605 20.3945472419683 18.5408874649459 24.3668285869288 25.0328387217847 14.9813918672147 130.305136349409 329.964225023983
23.6549484624959 16.8136913703662 14.0054314171814 25.5392682955781 14.59292039536 9.56394254928341 298.217702517556 333.166512763953
22.6142447235536 20.4973985401576 7.85639677482799 27.6747500277128 20.7368853841883 14.0368979448053 333.023513638175 270.300717562048
21.1931870138346 24.0368897747646 11.4214487775385 26.9467265266287 4.13794483806405 20.2582713936516 242.514490039 370.214581414501
24.3017052282484 26.6458697223878 16.9408976957043 23.1222211989648 21.7314833143313 24.8787310478813 221.775626880553 318.456278226302
21.1956176903911 20.6042377821343 11.1628917165894 26.6448704020439 22.5898492462322 25.4881490534349 368.541996162987 303.435406083019
25.3393324510627 20.6068513359197 16.5693620669833 25.3677361556535 18.4994550352282 18.3549743535555 187.609145982738 333.973718443456
24.2005671060816 20.4393577072746 17.6573382227537 24.3053214030979 5.93621808878569 10.9781073252657 275.782160168724 313.997990597895
22.4829046052029 18.8624830161401 15.9864972682244 23.8013442557742 20.4643449232451 20.6061608901179 307.246630225739 308.538620236867
21.7625977375696 20.3724559995584 18.3107131622524 25.9635295996382 21.2727043281885 22.9041478871069 301.467118855785 267.45189028382
24.9173814890071 23.3652582446785 20.8882626724487 26.7539248702416 17.0907479156197 28.0820494923512 95.6223169766056 379.954230616824
21.9711767210567 21.322254446769 26.2887478913233 23.9785853450614 20.3774799030445 4.96472907263341 319.329335798446 301.645729371632
20.10664322904 25.56540331418 17.9166299713705 23.7228565308803 20.8971289179417 12.9512024532837 199.293943199081 320.031578926297
22.537415652863 22.7866040230946 19.3829239943447 23.5694650180745 15.7143105128357 26.3449857811959 247.721734989393 332.105792103447
21.8470341674904 24.0651897515711 24.7970297444155 25.7533846250118 24.0213594491451 23.0276542368131 444.427058923308 187.515952704079
22.8940666175661 24.6022448340189 17.344297768922 25.6943700169409 25.100908321478 15.1032296116044 218.560375307633 337.535277499799
24.8832088942276 23.0482061947872 12.4760206884034 26.0487336961274 22.8726386119895 6.51291224859216 188.591324982442 363.709098163301
19.231089454215 26.510537265808 15.212012017882 26.8176771646256 28.028981554897 27.1211068625484 406.003757396864 113.979767764998
21.094211144431 22.2649357128199 10.618600739346 28.4057803316111 13.2534679395904 26.8618598184356 320.355687850362 282.599994103232
25.4723921942553 20.3690580952802 16.79117813533 26.418036098181 24.8093343461514 15.7718853047595 161.815103673681 340.150213402746
27.064096826769 25.1380298035661 15.1213232373987 26.4100196430273 23.5955738418892 11.9900941977428 368.796171564274 210.113214562486
22.9758084729253 26.0145482921229 15.4965646594468 26.5801843424088 22.5250863600992 20.2797402647617 380.660951051724 232.773378380414
18.9623082705035 23.3639234431701 10.7437646780765 26.9682261316058 10.779994718872 17.0156993245567 316.789413181383 310.320807810454
22.1735013839506 24.2790274469262 17.970497111318 23.4551743479381 25.5493380086528 21.8310784465786 333.616684727273 230.041552890785
23.0858624304819 23.9893070623441 21.0397390059546 24.6547193692316 15.646741712525 12.7411101640901 334.792943988431 264.631555873596
26.0815342037832 25.3201155514546 14.0233701277455 28.4841862784497 29.3220879206912 25.9569955630145 372.505523685394 227.685138447664
22.7721305581226 21.6861269247207 17.8192572028967 24.8725844012283 10.5784010326899 17.0797510843959 332.690279448687 270.523902522835
21.5337255054369 22.6758817033102 17.1320314046295 28.7543938859143 9.18834044334539 29.0498604359487 228.21864595832 372.697166205148
21.2129996214257 23.2596780963389 11.2967913692734 28.2151815587259 21.0846583151108 19.4903458278435 330.363071082862 258.398229274348
18.4606648468588 24.1695719883815 18.0248104083085 24.5397364441613 20.175650649628 19.3315070985954 342.762935759317 284.193112074412
17.5331880527398 24.8326409939768 12.2240402463763 24.7217140170502 14.1756497529408 16.9253251127618 274.355698758634 317.950567090226
20.1013878545357 22.544921974499 17.6320056402542 23.9306528575671 25.4665294163528 20.2209763515111 352.795122116919 219.191268909461
25.4117878986278 24.7789876445614 16.0194415658807 26.0758264757151 18.1139902662562 13.125705062767 227.123602274864 309.788137386401
22.0388568462183 26.0306668549424 10.0422509674684 27.4206602817241 23.8155109155903 13.2056213536256 329.996325314744 279.500500827718
19.9562868316035 24.9803585003906 18.3078939412865 24.2029408605886 23.8067340398169 23.618338056872 387.323212060887 198.731132173668
19.3166211885925 20.5624094012563 13.4796978364294 25.0832093582238 8.05364173720755 9.62157910705194 314.050188260545 292.805943127229
26.6153748598142 25.5328619111837 27.3413418119433 27.4756588935662 27.5504316993534 8.40165611456423 362.728398618892 277.670185859626
20.9562011188405 26.0978886972008 22.4117195359185 25.3099302972784 8.83735026491005 21.7091754157028 336.86660560341 300.812191573215
20.3682259409959 23.7250790660098 18.7295589112899 26.0808636328103 23.0592777692703 23.2442374459972 317.305794679131 137.588599506399
24.1225782462316 29.4246275724799 13.8827174960617 25.0906316095418 13.855964760637 26.6302953949525 309.491364947901 312.275012926372
24.7158015931242 22.102615126982 14.369154796546 28.324469666934 13.6944390420471 27.3797338282675 235.291192196391 334.947766277333
20.6723705055945 21.7888000696743 16.5631240086061 24.6571569394069 13.3882687181879 21.8531353104968 342.658057840387 235.356959926804
20.5383893721467 27.3126012096334 18.2285138412825 26.8783930422529 8.35942401776297 24.7375877431216 310.427386218909 309.533978035668
22.8470233706116 20.1184678506436 6.13987606976166 28.5148944954946 15.5973417523317 24.8589132580504 243.024129408895 333.107789634742
22.3815301800833 21.4654808288049 18.5560734892845 24.8890200572937 26.7402218150542 25.7290310695904 331.30000438671 262.76452629085
24.5044578017015 21.3331569015434 14.3587941382424 28.6358484993826 18.2529715172344 22.5261588179037 224.934478464303 336.658237007913
24.0198950234995 24.9047061349997 18.4165175936776 26.6911283836226 17.5376160188061 12.6811302445146 351.548590661421 232.396820254092
26.3380918577673 24.1763305640058 17.5435146647298 25.6621081834933 27.6608445769991 14.9620799475076 336.549105062499 286.783551277523
23.2521272797225 22.3223445094081 15.957246955222 26.5181064850184 21.0933436153583 26.5488668716885 339.459389319893 306.026137988757
24.9049302640314 25.9209832069162 22.5059864481848 23.9893623469818 22.5761999231241 20.1559463575609 380.634760439088 184.313217510405
