1.97227527570721 15.7126403798158 19.7632557283109 11.5911858971676 4.50984383311957 14.6658269091233 131.795746948259 472.177734474696
1.15133744519828 14.1987623163417 14.32717670649 14.818041175035 25.3658941156276 21.2365979145622 216.991426519966 461.083676229504
1.44906992684302 13.7082457397574 12.9814113018763 12.830147683279 17.7028650579922 27.8705737059286 232.916046179156 458.101766640452
1.38519081254078 12.7439051611894 14.3436233298588 14.5895624286959 19.4034622978251 18.0965653289921 290.217402899792 453.062537063693
0.987330909648533 14.0839843425246 24.3949292903142 11.017496079636 27.0771654892026 14.1849887577976 173.108178423694 492.22326044247
1.56542425036229 13.2724262738375 20.2653492255397 11.1242653457989 14.4107785624329 29.2145254366505 202.802201448395 468.499870261384
0.898958782554491 18.3752653371061 6.95747331902578 13.8317600457988 25.0564347305218 24.6168714468328 253.261592487574 467.609799131522
0.932220500959902 13.9427088982213 17.3610072745695 13.1737366919527 25.8597762467489 25.259784814645 230.184145457083 453.824799111373
1.06419881368011 13.3887746096208 19.0800765541277 12.2456286804424 19.0688208691391 12.4188938205004 220.985583060573 466.41072860971
0.915365814205805 15.2083330703001 13.6277679333206 14.8109614803091 27.7336882036469 25.8794697642151 244.690476771529 435.077094562868
3.2863368683351 12.1228666365984 17.1647133513505 13.5747126788975 27.9476750833141 15.1638105341528 36.9921610071277 470.813378352516
1.42808957579463 13.6383436535971 19.5457021753201 12.7845894074055 15.8962386378701 13.1847337010474 259.769632764024 451.316094658847
1.55917280940872 13.9794444029815 19.4646048095486 12.3396614893368 14.9628982237003 15.1425657695797 246.233428935836 460.673415049844
0.835784934579523 14.3930663240728 15.6194468206581 13.3381195690032 24.230170179292 19.2697082772448 177.110602542774 462.817196090666
1.4121989003913 16.7378086914956 20.0142259941125 13.0211996749542 14.4169236220756 19.1853733602463 206.209931013562 463.826268634134
1.56067168074075 18.36682079136 15.992076688727 12.7993710676667 18.1612601950819 18.9259724345363 150.201473072903 491.359207032805
1.11178451662232 16.2167357851492 15.9478158466428 16.3593349140504 13.3540814484499 23.9272950480355 262.009581574892 446.782641723945
1.4990190419975 16.8922375350916 19.489611041473 13.2164123509556 15.0052211773718 20.3026429752926 134.21869968817 472.313276593711
1.55012099596528 13.1537148989605 3.06619950036219 13.886986940484 17.7464540985975 16.310315784142 201.977978445847 468.373816880578
1.33623000893603 13.2398589940086 19.5109852265227 12.7609766073247 25.339875674368 26.9740089908461 207.370808881856 483.487674971969
1.42010008433267 14.2445045917551 19.2564497488214 13.5295246760729 15.4592041443726 10.2933211923046 204.062231618969 463.465306581665
1.19804936691856 14.0882200253187 15.6467762163804 12.5749743138168 15.4770525113342 17.7766725387126 210.80953606597 464.987921436708
1.37642560083469 20.802535748819 18.4369908372759 13.8077769343759 25.4617446289116 29.2343164046178 235.834925688609 475.361109783028
1.96277918480673 13.9119189258209 16.8666323816757 13.6855071710325 22.3010121009062 16.2489688300121 130.933433805038 479.626991097236
0.953808590433097 15.953820360741 19.2330256402681 13.2818509243323 21.3619643552804 22.1616490221579 149.006131155349 466.942115258127
1.12080707987521 14.3625377528148 16.497300847362 12.5469507459284 16.4504221949517 21.9064068903165 254.388470028587 458.005280441205
1.67754398650739 14.1723301521257 16.5746749748246 16.4493618778273 20.8419672395346 21.3820738502823 208.912049544732 456.929695328126
1.06449006111469 18.7420967041314 15.2419325579757 12.7049795879476 21.9015933181393 12.4396028832459 153.558090523417 492.926936438839
0.788583991895029 16.9461420542414 12.574346991165 14.4637733091948 20.4999449337911 22.7631184511877 256.725004738119 467.669857193094
1.04645221898003 12.7198867747522 15.7975260501486 13.2398427127368 13.1827464075781 9.95808199685904 167.562005758488 455.784619733913
1.01112940190792 13.774948149391 17.3938994891382 11.6972957891065 15.9601817659514 27.9045693975175 259.036402684678 419.957525253536
1.69330808698086 12.2218440964337 12.8466385267579 13.2023032330149 18.0615364014601 28.2378821168462 252.735573177685 456.769909299041
1.71467806992422 17.6709422664108 8.5974950821363 14.283515545044 20.992860264162 12.9010659851576 228.627055178052 491.611100848764
0.916687500904501 12.2662484095654 18.9967947898496 12.0629324790142 18.8652615560042 13.3330523025148 243.008306170201 448.268270735235
1.24946161103043 16.2205329512873 15.5531583768863 12.5674114803366 14.8824244054833 13.1401026450105 234.267903707765 477.06482937794
1.60166540581878 13.4267556454101 17.4680000690687 12.2108195228415 15.186248757666 26.9910373461917 245.98275081559 461.113017739128
1.24213456129956 14.9799023389618 13.783903013535 14.4095404407193 12.0259381844329 29.0172527357339 160.4226331647 472.768259206358
1.47111833217773 15.1194917231117 13.724501722019 14.2221447009889 16.5279882549457 13.3286965974573 234.997428238392 461.814490719019
0.871296491484187 14.6114428118552 6.83569983655167 15.0962299471161 26.5002265702784 15.7482808279535 301.243727823509 450.970905725626
1.88620359069145 14.0798730038672 16.576104164678 12.8530886611406 17.6476408498536 14.4123357880268 134.33504130242 492.329672247285
1.57280322576223 14.6153426529889 16.9460484865607 13.5781329519624 16.4317706038165 25.3846387661437 177.128600640377 477.517595918644
1.27519810856556 14.053537617611 16.1150088348382 12.1969541824486 16.6892375414873 13.7850592977072 172.220046332998 481.735754655151
1.85061362023776 14.2311473097449 21.5320377286443 12.7829660206609 12.6423441320394 25.3504994979442 166.240589400877 469.667308121817
1.63434525042824 15.0423926463557 12.934109861358 13.9610745468191 20.8702909248528 21.2576136679773 218.889389705627 476.266864550105
1.13235029675642 13.8922230283831 10.30689337338 15.4758197235698 20.3583765955953 19.6426143467909 148.332207180255 458.43440474666
1.52159092197362 13.4912659992171 16.3737620878107 14.4470285002162 23.3179221188441 29.3081361351583 228.169343848466 447.310547057519
1.45830173634676 15.9794738168229 12.26737602298 15.5893432752462 23.2140855175984 27.329945735017 123.861496964299 465.852659767551
1.3732516841663 12.4752248571916 16.6044395101424 12.5782706462066 11.193360690314 12.7560668889051 232.984577230278 467.605903175923
1.42998906435829 16.6064389906654 7.53577533189633 14.9812980628354 24.2510624958676 13.5109113880041 148.275190423621 468.732900401659
1.21533885333536 15.7496983742026 12.8457980209319 14.5162694486432 23.0408474613513 12.7366565801365 239.747366290144 469.201213794854
1.80014643482377 16.5006137391588 7.88208955715913 16.9839202507975 15.0785876823242 13.3503182732165 206.614849007367 460.143186777835
1.31696114231456 15.4442232763756 16.2309226461824 12.7843787763038 14.9036738269017 25.5099715205083 263.66686342026 467.749978247041
1.11363773708217 11.6936267628107 17.8450107887833 11.2801293526182 19.1328641827014 21.8353692367804 219.759916477968 473.786858351033
1.52353936459114 15.172755142821 16.9219250816308 9.99251298440383 18.6383480655258 19.1109561078076 201.373903221606 472.594941256029
1.54414075341307 13.5554461922573 21.1052991481755 12.190865826594 18.8833961562962 10.2518121563914 150.067644453388 484.434379274878
1.44801826397498 18.0349471794828 19.666653342476 13.2918727819923 21.0216090129868 22.0244451818244 172.800154392747 465.830126495846
1.2414045730658 15.9286589330419 13.7761487663117 14.7826302864953 16.5865359168822 27.082507340428 184.038252547962 449.076193593966
0.93979907237313 15.3000413318153 8.59553624637959 15.785864966443 22.2982572470468 20.8573203113208 241.869265132345 434.933978413883
1.61027153769622 15.4032664883324 16.9839175731182 10.7978882432198 18.7839108433815 25.8553693711059 158.874822033335 485.179890219512
1.11087678656695 18.5054056195691 16.3817206628998 14.2968018693317 17.6633477915061 17.84635275029 191.67382761892 468.219834463565
1.28085111697425 15.693872613756 12.6571396031705 15.2526158707595 16.2169609202797 21.7753079907487 240.615404721723 453.148908545721
1.69782190190427 13.4854961893102 20.3504789515992 12.4746611626186 17.6428507497104 23.7160129985622 151.713942419239 480.170806996648
1.69215443204832 15.179292600503 19.8147958500939 11.3836327210506 15.7544227185647 14.130826348319 170.769536681452 470.32011137593
1.13289904599015 14.7897903263085 11.8755656141732 14.0224651282239 27.601364331345 22.9025279454937 237.701226626554 485.627448722856
1.06539364308973 15.7513239812755 17.8879440866703 13.0142486329704 19.1000024399077 13.4061594919982 267.500490339933 470.262807922331
1.6266971159945 12.5278925743988 17.416514611632 11.5098273227541 15.868372438786 17.4104281247033 140.907913912875 492.591576543747
1.02603693777874 11.9633343874114 14.1295108325332 11.2840482167497 25.2355610658887 17.5471049761102 151.285598591739 455.824142217473
1.67697432189521 16.5419104024164 9.59002163292516 16.6491266215544 21.7679324248297 20.8557255683791 174.989381424782 469.683902936598
1.21162546097612 13.1423214505403 15.0227784492602 15.3053035257586 15.7254789143675 23.2986433205477 267.421569984408 453.808750336576
1.63953862169166 14.4685491940717 17.8604131778171 10.7930760582066 13.0272440673111 28.4338601464319 240.719956163255 490.214271067597
1.46956803605239 15.5879623068508 11.486145024074 14.3381787944494 17.4156991522204 24.4734955744832 254.763985253833 469.505830270394
1.12740969917482 14.9280626105832 14.2009074013934 13.8386313667615 24.5371359170583 18.2144763752499 238.846156816185 475.452916844979
2.10088510630963 11.7036036046153 11.9823989050105 10.7573268432964 20.8978842029873 20.7097676796032 94.598335458057 496.467632195136
1.45708968947762 12.9101555924345 18.3612728886721 19.7630383483419 13.2449819594297 18.7136014913473 206.34808779287 461.897817457228
0.995884845273466 15.3369725054792 12.8814521666652 14.5431884021054 19.5700243926311 18.0953644945132 246.50424222234 475.328343798108
1.26837232347929 15.3168221289611 8.13288957770106 16.1756528242869 17.9460816059137 15.4330220882795 263.725048597998 481.972324794279
1.55823068977908 14.2888864882165 15.2286102802555 13.273623399249 12.0300280111747 29.4832257444736 238.398794124314 447.653353554032
0.838639488303693 13.5982275968883 18.1451692591845 12.1842091342526 18.9765461281182 27.1993732617318 153.700429784072 468.162207083557
1.22378485517485 14.8727266422087 19.2307551724492 12.5522369744581 21.0729594042831 16.239489167461 141.313643228028 482.987562979703
1.0286957551244 13.9501088138375 13.6263281189881 13.8018061837148 24.1849370450634 12.0421372695947 77.5866121421739 488.45259904053
1.49153756660862 17.0942261159113 17.433776094078 14.1783354898338 18.0159573422845 19.0890331257755 163.215228603781 482.486300075451
1.28691265835611 16.7263460470223 6.00556644534737 14.5528139170259 14.9893099457886 26.0473081997369 174.089298136703 459.79794559906
0.940679105385673 16.0834250662671 14.2340133142792 13.0074380345729 18.4574199851984 23.2647734552894 154.557314167925 479.495891618502
1.12594574667842 13.4213588223204 12.4502753793395 14.2232591670363 19.2644566651061 15.1122258910758 192.714810167453 456.453862962525
1.34515841633442 13.7026216640895 16.4806573129802 13.7312930875981 17.3632555066345 16.9451171406468 171.758746966028 484.555699552849
1.2192548070086 17.7493611630331 18.6211090947233 12.134389582045 21.7806332375681 13.7597063904107 138.800771149015 478.99339444598
0.933461771434186 16.4956137212562 9.78850756939282 15.0136527835276 20.7918590186558 25.4470789687212 228.813670055807 487.929895662825
1.76816888217728 16.7603025229085 16.6495657182529 13.0456592264713 15.9096005317034 24.5309021114712 209.98710196548 482.797119246101
1.63104043395919 13.8924509509526 18.4264997821039 11.2823016041441 26.0323280792039 25.0239926445492 134.204194438885 483.387325716929
1.54691649124381 17.6517040382602 15.1064350427125 12.9912415887688 22.2028244265222 14.0788566936177 132.568073293695 483.618038730263
1.27585688583491 14.6455688580746 15.2400860224424 11.8439782619529 25.5141016639469 24.7424928968931 87.9703897999795 482.945131168623
1.17058690620139 17.0131606851367 18.2808730261015 12.6160074946637 18.2429238873709 24.2661894884461 168.135008353239 447.533037479199
1.43888547007878 13.4000711344776 16.377525324907 11.4007851530676 20.5710760608677 17.6096860761349 176.647868291802 480.986581587277
1.04635830126442 15.7429010968162 9.15945166580024 13.0112298239509 18.1939055506491 17.6245106886529 250.229224385337 443.137643285214
1.13072606277447 17.0820094896312 13.0001766750793 13.4120624853418 22.3005417225191 19.7785230565122 117.125471426468 471.902547187655
2.06011464893547 14.3922850932344 16.7532999562883 11.7997581299419 12.2163324670317 25.5007161863973 244.173715791028 463.598533859273
1.36075900048368 14.3090436395999 17.8669972622311 12.105824408341 23.1249825344843 22.5346330928182 198.739858287255 483.817941370797
1.4827882547088 14.5283318113014 19.887927445238 12.740764444566 24.6724324560052 18.8769338237271 140.83527339126 484.448046801868
1.53751880618423 14.5833441624441 11.0450477285097 15.2528026712732 19.683052108941 24.8520592890007 137.377940997327 481.928067520987
1.36000544927643 15.3513458370297 10.2105163796035 15.858261429103 21.9487105813567 28.5552255745837 231.990439020206 453.296669172908
1.88637923676728 15.8588331627435 17.3264116972288 12.2440017391658 11.1548889788216 17.8032992230511 206.599599290245 477.792431642249
1.65141729807144 14.70110841411 19.3616086819333 11.2451975846043 25.0408775272655 18.496495312626 100.371276924388 484.521212508589
1.49345682286667 16.595003947976 14.7453488974635 14.5674614892443 22.9762333353865 26.8791373941057 256.409530803501 451.852994243271
1.76805200356706 12.9290751272019 12.8732146757931 15.9401897842015 23.5251969578423 8.56721887045431 78.8441861595826 480.514832247046
1.45057135830683 13.7734552399675 15.7294734132629 13.9348632770003 14.8766272436851 21.2971095714733 225.43668716987 477.724504437538
1.60306069925236 18.1382046986003 18.7662467452036 13.0025965814328 24.0169456101276 26.9590376157755 150.49484465325 454.425492238278
1.03388584556788 13.9506053038139 16.4556288612172 10.4304534598081 18.9757881853152 17.5905561902188 171.108128103509 465.50748323753
1.55292425683328 14.2537873656897 7.74242456187449 14.9579333528104 21.9570035850253 13.8728854388367 188.517919155172 461.570860797745
1.30154107527278 11.6246980867564 17.524648969014 12.2526464790887 21.6424849254547 27.812825018823 213.782237773602 445.875003827836
1.35580884518018 14.6402674466761 16.1764197051696 15.6860285178113 18.2648126898725 21.7594097047294 258.088423828054 449.821200315125
1.80938820351358 14.0446170755797 13.0744652971039 13.0471262112922 28.3412164913979 29.4125130456221 238.830666090293 459.14164333147
1.23570770071196 15.0490970965468 13.3138512934158 14.8224572365483 15.3338139609777 11.5875288233269 245.201054193123 465.458896747596
1.16392734850529 14.0811770481121 18.7679700322267 11.8315156963198 12.5585196277677 23.0505906764166 197.119282684968 472.978404570481
1.86901759980514 15.0876885575308 16.6148584439992 13.2746106482047 14.9826769030854 10.3441685770066 216.211706094591 473.970570431848
1.54229134193563 13.8088503006209 17.6063695101749 14.7918063671027 17.7599095515862 17.1962624968228 224.497350846444 453.660255883832
1.24328781381803 17.7656375565258 18.6828039019545 12.5651661132193 19.5534627402373 17.3413091160058 161.235192575374 484.771681591527
0.916463716093599 15.2531561821227 12.298212286996 12.9737591876788 13.4720829130737 23.7455692493787 171.013776040747 468.743620896772
1.4949481508275 13.2105227392444 16.9929810609896 11.7942151193437 14.3853625326232 10.0734263216304 202.657430359889 464.569074435874
2.14213838483851 15.8757099476098 16.3646366406156 12.7373701887256 15.4596714448712 22.3707400393439 211.45031912395 452.776072202217
1.4562569170737 13.513055467691 10.3351927612474 17.4909442578519 23.5462100996348 21.9801194843256 158.27785267546 468.976488648458
1.26527535014044 14.0060412158423 20.6573705268833 11.7232186086434 16.7569361904008 11.4310386507681 278.220053463067 477.825465826928
1.25391307106091 14.8229408785899 21.2814558100861 12.1364256151938 16.5169331173585 22.7049731220265 236.079221480836 446.197310015119
1.2506329100525 16.7680262305295 11.9795680929677 15.0768989306095 21.467064234222 15.1074967258195 206.821517568711 469.516305081939
1.05651385180381 14.5731660464708 6.49651160037491 18.6825915460473 25.9116276060931 16.7993601160886 189.795499170386 452.951840255052
1.10499527817049 12.5881391593418 17.5031145965616 12.5335058001192 26.3986457416301 19.4664118382 250.452936306512 462.023246043311
2.7858095326456 14.2030637634362 13.1302567649628 13.1823674418963 18.8602783739995 24.4034708611973 124.963408280164 450.768595488615
1.30708883711308 17.3730820318758 18.9308438139841 12.6119656969814 17.4581301583976 11.8044542713187 181.593570747932 481.50565131176
1.60132095198647 14.4296406795092 17.5292252589965 12.6729957176965 16.2675835239774 25.3132685028676 207.038996828236 456.806245691478
1.33337680994689 13.6850641390922 18.4510596946868 13.4930035858082 21.8951849037543 29.757735972743 208.223472700219 466.280936041401
1.29763451798863 14.279816839613 12.0526315089668 14.9397797215083 23.8149483386278 23.7379943028782 166.920257522195 473.149291963123
1.53585127300378 13.0160200401832 18.7824067451657 10.1826693733166 19.0911918442823 9.03378726986101 137.83020157932 473.057187015737
1.30314647796945 16.0772178936547 17.1486779080657 13.7455551715299 25.1249126148731 25.6896182693089 214.706385065491 467.989038016391
1.27141529551208 15.6948739953918 13.8882215201806 13.6158306096301 16.0177909632596 12.1626636088349 125.692549545834 470.268926319691
1.40036380281856 13.1058326564684 16.7868548057486 12.8469755824734 10.3281365331759 13.5971137508613 228.972241436577 477.362924100715
0.824911424998716 16.2620393262407 17.1714055163059 13.1006491760087 18.3632264969877 18.9934200291239 214.065908386852 465.241775687346
1.82324653602207 14.9911449136572 10.8962212550902 16.8773566400122 11.4224866209016 15.8956232481776 268.370097672522 470.897023811887
0.930977077179054 13.0010104434535 19.3810752009479 11.7613501578169 20.8466516659771 14.4303254377668 264.144270550686 469.649774936401
1.5279881835485 15.1809847126382 15.7287283255313 12.6580178677532 17.3420102471258 18.8894310822637 181.401317120099 481.646743189433
1.83677088486953 18.0251457318199 21.52097071154 14.2141627503885 21.0763078424455 14.8240150050262 129.511077709838 492.190084529809
1.55653757049062 12.4400649120301 17.858154666589 12.3637187801333 15.1081821576794 9.65764194040425 147.026551642949 489.521020899319
1.50258382411394 12.6874341841202 16.3881204383137 12.7242310603311 17.3515925949821 29.2841902589339 217.298846317988 475.688796002818
1.65227904213048 13.0415190191428 13.9509107406364 11.7615115851532 24.4534256967795 17.2206090514455 170.059985808619 484.867239822073
1.39816082126065 15.6733467285139 9.87781359967198 15.6882652549194 23.6571278196805 27.484393304247 209.246066733963 473.131172679373
1.20476165774193 13.5114723534955 20.9304369440395 14.333981450649 19.4759171177584 23.2822816956848 142.871798536153 498.200109635156
1.52870791604598 16.5354792004254 18.4540794116256 12.3957032553721 21.2243937196012 20.1759246178075 157.270536737074 483.247407666073
1.25105740666902 16.5414275841258 19.1048431612346 12.4401834530891 23.9694381030267 26.8272478606133 90.106437603299 481.868017310504
1.18571574002886 9.78164818530727 14.3587752424153 17.6569632435171 22.8620970968659 29.4590396773054 143.451245531091 459.496747564564
1.72743792212195 14.4844788269739 17.0805273718228 15.0851788561177 22.0106008146883 28.6235237690003 160.529520422655 483.198661634752
2.01859829627354 13.0777815245404 15.2724218707691 14.9664632138066 18.092831622605 24.7127976606272 108.982286104221 472.78767842466
1.55101702076609 14.0387077694933 17.8313802412482 12.6448668549836 21.6838398965903 22.616314738597 165.432397107305 476.431795238665
1.31484896717021 14.0075310080179 9.10149742758134 14.1951495305215 15.7716467744986 16.489744841184 137.556386940627 492.72685685974
1.19435277645812 11.8996522669997 20.7045044055525 11.5350752902017 16.8100530438708 12.0824769604039 218.522316077174 458.164003031325
1.56893673303651 16.4316827762002 17.6346724548543 12.8223903169221 13.5089793050675 28.0078390011898 174.296237260071 465.276217694249
1.58661515164237 13.7339338402861 15.5911081269641 11.9830451594687 21.5238168964868 14.3264484219509 111.799192303494 485.332168636282
1.623697406251 16.3381044563183 17.1865499312485 14.6326793576197 13.2018165784393 23.0801232372471 162.862834141088 441.924462763417
1.18057558554829 16.8880358042202 13.7452232277422 12.9256413876498 19.2470697995129 24.2943820006181 130.848377114756 483.966591924629
1.56192281517895 13.8567684640354 23.6258098182739 11.3467089734929 15.0084100294637 8.33360644413458 139.892615682693 474.858154257971
1.40786647066716 14.2020162037602 16.4090715970265 13.2607743633315 23.0760811984521 21.0335245846394 233.764825658506 485.042456884213
1.20807862693016 12.7955151144892 12.518473268536 13.6241592410484 15.3273156510034 11.0043390528273 275.798670731383 461.669553693917
1.22144318615587 15.8540506090928 19.6601563324689 12.8638404869177 24.6889083122742 17.1824734168357 169.21724313865 482.126231604298
1.12955013749817 15.1880273947685 13.1179968208584 15.8939208079068 23.5299069420029 25.83721770286 205.764582587431 472.998131021985
1.14235599976005 14.3003630743552 14.0730846245969 13.9298134267405 25.6100229480178 12.4171190862186 131.51866633962 476.971931111003
1.12015776446855 13.994539997227 13.2367311269437 14.0131325755398 23.9791748245633 29.4924401784412 149.7254554079 369.402578398339
2.23115924632614 14.7688190181366 10.7928335485161 15.1412381919792 21.2589170359678 19.0687245362613 131.450497724104 485.371061845191
0.751001029816539 15.9749120343675 14.7105102962069 14.3880013812954 28.7601002804137 18.8476190329568 252.649956847347 474.884583231571
0.995083519054108 15.8885991002306 13.0753398388351 15.1356088151247 21.6660077594964 21.6952250357704 223.499852883867 443.800479135522
1.19497698048652 16.8259069221929 23.2454232805147 11.4352757890254 13.0552979691105 16.9505910671258 131.270934446756 482.792875592842
1.22207366359203 16.1412715785631 13.1227480244336 12.8130656955249 17.6781006946895 13.6908821321224 177.63261540451 439.199491696559
1.29796132053493 16.9048487760998 14.380403527622 14.5892816970371 22.0976762570224 17.913479279274 223.652122970929 458.548205909918
1.27582495419845 16.0512155589374 2.87065113968675 15.4089510081661 26.5042231659064 11.9431593055721 186.846282448158 474.330665625515
1.01358045588935 14.1215582410545 17.8840496969006 12.1590115042807 28.9084746710186 17.9220717245479 198.616930127424 474.054662646641
1.8436890499554 13.0349936415851 13.4906090984485 13.9501255151831 16.9060897769189 19.1115416614836 201.665848516439 482.360462348757
1.15461697175106 13.7766269428432 15.9436416040055 12.6975712249208 15.9183387194683 16.1680801110648 275.784058419867 449.26733556442
1.20537601656332 16.5224269412318 12.8512938338739 14.3863283296621 23.8636399260278 23.9586846832037 237.649844331818 467.590277778152
1.4371631374319 13.169493117922 8.07449768432307 12.0671646663754 21.2437451034144 16.1577573330115 160.169654075288 475.090417694742
1.26515347392083 15.9418828924339 11.0173226603069 14.875976838294 18.3321919388414 12.6783258629327 219.365445369604 480.142688018636
1.42226098428036 12.9478930753209 16.3899717210784 11.9533651690245 21.2037801206085 18.8251802865325 205.361328455215 487.912877655995
1.03167954911732 15.2331483809978 8.27579195961185 15.4819911664382 18.4268102446216 14.1832114051774 259.201577717134 476.128192731533
1.54645373976578 16.1759580274156 12.2713492007345 14.2403499985396 22.88875798576 13.176934804341 208.629528612848 455.568101994914
1.41293891334423 17.1713238385565 17.7328924653357 13.3790985492725 26.2057229814285 15.9897856279232 131.220408094658 482.882020816318
1.08575269647315 13.55897161269 16.972068157197 11.618132921151 17.9584916637052 12.445656249619 229.84977211032 460.619974698976
1.44941728097846 13.7132303033082 12.5758521485269 12.0452925386894 15.257014049663 11.8848668044509 113.884734240769 494.08516234386
1.5812125665984 16.3650865442577 5.53683059448574 18.6099454521894 17.0855530569052 19.0106004378285 200.976214020291 463.071390512706
1.62767869109241 15.374908239778 17.276234751735 13.1596084633569 8.25542106853433 25.9960529298906 211.009449975789 455.238072017822
1.25187313316498 14.481242275014 19.085323595876 11.3104758390803 19.4120240755737 18.4820067004151 211.262553406256 484.726816662164
1.79063400473229 15.7170325155929 16.2107368106457 13.5945501196675 16.1359224694687 19.4525564512808 130.291671291544 475.126122328777
1.17903897685288 14.1129354416115 19.884574292234 11.9701148822318 16.2582168877155 15.726203439344 239.973307188734 469.82105834271
1.1730518105576 16.3779739513216 14.9533577848049 15.2801256113368 15.7152052012247 24.6286030884462 232.030715788729 452.708677859904
1.05680572880577 13.597721848558 17.059664291663 12.0174834013642 19.9275987843835 29.5540465614704 224.943456803804 467.939845224259
1.29276570308334 16.5549576135723 14.1083038753776 14.9990125056045 19.8242132546518 17.6759934990158 207.38063790552 454.548537647108
1.32464581724821 12.096698417227 9.89280083529013 12.9695557625868 21.5204437885735 29.825447407158 154.994625363237 483.945322524228
1.83314553434573 12.5749426735616 13.5888443065244 13.8057552690576 23.4054276431044 20.7655758817275 175.238116637133 484.773362196569
0.867366988341733 14.8372402100682 9.79499855080851 16.2976714155658 20.6606319172152 13.4492394339492 223.519642468031 493.125790420094
2.0282505112979 15.24713413321 20.1965434060426 12.1188376796386 19.4568423347275 26.4894981844352 131.016065082168 471.197625398863
1.15330871071688 14.6422566372379 21.9828285180534 15.7257518448456 13.8993507313223 19.8561312791017 183.330309034358 465.202740946179
0.852259990951703 15.2364044659449 16.3722092789709 13.1841739703538 23.9282345061426 22.3187392363026 206.787478237225 461.882779629323
1.54510010821678 16.8858568499844 24.146974606424 9.24479447851116 17.3635501393018 15.297656553686 193.919354794074 473.525518389026
1.43742494808912 16.3729991668524 16.1965831857838 15.9261710121104 11.6762640228593 27.3911743265871 199.944434378741 466.319423538444
1.00496047715482 15.9369406230357 11.0732388445231 14.3768843522773 19.0546070944055 24.4687728461875 224.120174450518 442.535386306977
1.21605011150758 15.2000413639651 20.6452182009012 11.1429780583845 19.4079060086826 25.4472418761124 266.28507885698 468.510285934937
1.68588808806832 23.4917788430831 14.0538724286325 14.2145328962893 17.1189439480263 18.672693848387 169.254327057595 485.789904682508
1.33200538623175 16.3309569845547 18.5327706003987 12.8236085760939 16.0575553320594 16.510571806031 207.120876624991 458.414197936144
1.57700444825955 18.1693128118793 19.1974223314935 11.8576861595463 15.0683553446808 12.2784382942613 199.475620777999 490.231938264996
1.7320602954182 16.1796260185689 16.7900027627876 10.7203424776118 19.3438590194557 23.7842674336675 155.996300432778 475.446901168315
1.26850224807578 13.2146765831052 16.926389645523 13.1284304321963 22.4280758149507 27.5640642309306 252.117377169855 469.984456001493
1.39289757033944 13.6620389985276 19.5409900136063 11.9855634343101 15.0354652137909 16.0323916519145 169.551609973439 468.903194784473
1.05126781435741 14.3262148537794 15.8726251570934 12.1876619488652 15.4827407340575 13.3204786537173 204.957320834302 474.742977614281
1.36276670405016 17.6622507363057 10.8180822603698 15.1454893727852 15.9039635788346 17.8476602959157 243.337901208924 442.638824022161
1.19338875879567 15.7538921899364 20.0215348909798 12.8569676761982 27.8075511998145 19.0576143976374 208.449851671848 474.367535987769
1.9335463858591 15.9422370465531 12.1684020304888 13.3700934319839 17.5172754312426 20.8245247761781 106.754837850519 503.272554677559
2.0279966428048 11.6759036911422 20.7597052543196 11.9871044384274 17.1419007555341 24.6402062031541 140.904273206259 463.687753222448
0.977984156314975 18.3933538927087 10.7840054932815 18.4913158224409 24.2080065865279 13.9218797197377 105.690780630963 481.87815488004
1.63681502152535 12.285652031378 21.6139961081175 10.6227074820227 27.3533063693126 24.0704511266074 148.37518999785 471.703833291321
1.22191461207976 19.131911957917 14.965295041526 15.2548080219067 26.395778023818 25.6175231154799 165.381008844771 478.368266838939
1.36507875804237 13.3705189795837 14.6623653961826 16.6303231712543 27.6265893402795 17.5516390468936 106.9366647069 468.837521948966
1.47469231605783 13.3808360142533 16.7065221762324 13.1831638650648 20.5481077454008 18.3609069378582 226.667081512119 480.611985311922
1.34277320521535 17.4986205786075 14.7758985328936 14.0934211676532 27.197650662275 27.3208638930275 272.408730129106 455.474310858149
1.45611686140157 15.3638437583223 15.8208995347845 13.0045803871854 13.2774024572319 17.5372765874364 228.577304674403 467.241508285911
2.15968558542854 15.1350583810863 17.0078445540037 12.0816902355667 21.3707041840825 10.2291824881956 103.934580923594 479.949507502438
1.78948637611019 14.9857574692972 17.9965658699653 12.6619004838357 17.7884565561197 14.0977483170186 200.933005660472 482.92692324922
1.34810103511715 16.0869512409196 17.5093228022726 9.73115981803444 24.3674439004705 18.9564828943051 158.837003104784 494.037095822952
0.979669241171217 14.4115648446952 12.5585939046097 16.2587452178313 18.6997442584038 15.1677707562218 234.543038125834 460.046547722459
1.94381153408278 15.0733802230214 15.4053637638009 12.8046031723603 24.6172679101226 10.3812829569083 70.6975891426428 490.106164595627
1.22677497487491 18.5797817522406 18.2576064258269 10.4978378650415 22.2469864059047 14.2192380228868 137.7773648318 440.21656845787
1.59363784967475 15.6405663455355 18.9964084356609 11.8706071291282 15.0299795037312 28.8156479151761 230.27282206955 458.277292004955
1.0415613813184 11.7128519793243 8.83114129175351 17.9313613205153 15.3343959653997 12.9725605596363 262.657021568068 446.035495390363
1.78305010089152 14.2754875863768 18.9838974749498 12.5301981110347 17.5454128758748 18.4810281470487 199.339350659541 445.01695974103
1.732513962933 12.5990956871799 14.978245894621 13.9495426363595 15.2648668365522 19.5653910602146 210.168472811402 455.510670007483
0.744077165828068 17.1697314110245 7.31070307584962 19.4164229666583 17.7484827440821 17.8439910308504 255.953960361084 455.315980206376
1.13321923543854 14.8866921789814 11.139156973222 14.8978534590341 19.0368384850431 12.5166250838188 242.431250214538 474.594611834537
1.23896788938328 16.5256102322853 12.2088135327376 15.2914779096388 21.2255361323494 19.7678352833344 108.103791239117 483.813802812141
1.38165195420426 15.1009929799171 18.2230448906812 13.9486247318032 19.0260709246478 19.5845132483594 127.489341200718 474.775399614234
1.42971347174744 16.2778502493098 18.8069105539415 12.1778618140371 13.7919739843442 19.1133780973959 216.521001839406 463.193599878654
1.20113678875488 13.0633388012654 16.5642880303983 12.6498514184351 18.5406859078512 16.146037378797 258.669340143709 476.310170875289
1.60848324810316 12.6010710122575 19.0086292117084 12.1447130880385 21.2122318376226 19.4705120067171 155.662947864893 476.766592197573
1.42580468300956 16.6415885969187 13.5064173636069 11.7304735999053 21.2072038018764 16.4651648606657 176.949929657889 479.199389291428
1.05513470239721 15.1627244950461 12.1686662248779 15.9003416781609 23.0870932736936 17.5412779946645 219.143773582043 468.997520646844
1.6776647862719 12.9637014620289 20.1368694995258 12.0358894449336 25.3643973434819 22.6636883135164 82.728140302668 485.177473063407
1.29171226390531 13.6981282523205 16.3350494558624 12.9744268956293 16.7497986480876 19.3039389830611 234.445943587119 460.252365253848
1.76766197942064 14.5510300460583 17.3600237049128 13.2868244115222 22.3418649139 21.1158283123111 130.543229341688 462.807952028259
2.49474129061955 18.1906550246353 19.4657381912903 13.3578596727345 21.0875575105209 29.7528093348618 140.542555941902 471.614296498014
1.15040758413667 13.4330887162744 19.8918230810144 11.6945621206227 19.2479768280987 26.3855204154506 211.153605644126 469.506696204122
1.29660379303272 11.7041291330176 20.1433041434833 9.70128716853506 17.7476798844112 29.2227870576089 218.01159406691 474.111282865922
1.67346251258569 12.5929489660481 13.9446272934378 13.0931617407896 17.1570584445956 21.3670679403988 155.700374347529 491.410305901864
1.36191953445028 20.6704766673758 12.1580368745148 13.6553968503709 18.2081028372328 17.0598171571355 204.793656459529 464.51242570637
1.07172277038054 15.380379425152 13.5820884050816 13.3778962052696 24.8145588534079 21.5345933530099 195.675180353898 458.699198591368
1.32863499897469 12.2808261781477 12.6548450169673 12.4018476226365 13.7593572144081 21.1173249506308 193.908556756379 456.277695937738
1.5559728322546 13.641636614656 20.6874953432178 11.8431727181 21.5374029796916 22.4377181308828 235.784895724287 463.817336476969
1.49069192713458 15.4404420744663 18.2443421983177 12.0387667159627 18.7946590969025 16.6060560813577 160.326401943386 473.824065714617
1.61753843768005 12.8954310061985 18.0680668152499 11.9893410063329 26.5057817581994 26.9576579556516 156.128675283698 483.226860340605
1.29290970565923 20.9259506291559 17.4017240531814 11.4095754542177 20.861076500536 27.5601908626077 169.377134518877 474.007123042299
1.40055722719868 13.7006686552691 14.9079192694779 11.9619389326165 17.2202379981403 11.5234241369098 269.627418679118 473.414529963241
1.55955974976026 16.4136530116975 16.1743286565137 13.0159915713028 22.6405157346434 14.1852391092146 133.723819485695 492.225144504098
1.16065502907253 13.0512110777882 13.1270080898642 11.3075983285114 20.7049182468613 18.976272880839 170.822234861098 469.632584065662
1.50745976804015 13.994044367382 14.8182026412112 12.7944242310098 20.8274113249819 17.5589593626279 153.218001191502 479.016482029206
1.50705276148239 13.7285751402598 19.1712783517174 12.3493402554128 19.7170342068482 18.1890475149586 171.195615025045 482.619014474468
1.6108493409031 11.1861601005708 19.7272820642988 12.6882858171271 25.4105386394671 15.2151314911239 74.1017555707145 497.079089947125
1.76578361711811 13.704233931838 16.420511805189 15.9479384444045 24.6617629064158 25.5183750284685 125.138990544502 466.925586218152
1.66652330144773 14.1473983418228 17.1061581005804 12.6327570271691 17.2777591805852 12.6315526175358 141.927564109161 469.685903871029
1.20291542139207 14.7008901555 17.2389330350811 15.027928354137 28.7662984638106 21.8146447305931 218.267369531318 470.010561999314
1.46083783608458 16.5395793501273 21.2652392468993 13.2559377158704 17.3489411067764 11.5172478225238 147.833235239804 458.835071457464
1.27434782106726 13.0425406091278 20.3381998346123 12.3090536551572 23.7141062514292 29.005357881874 232.737220980879 472.879150237797
1.33537084426529 13.044435828837 8.59078157564576 14.5738393465004 13.0966374933634 23.1394547952594 195.421150461467 482.626630348311
1.05058570986476 11.7893307438793 17.2765412761548 11.6070346816645 20.496081699159 21.4864268570854 152.046995868816 468.714007939828
1.54198292482128 14.4987723515748 13.9729158463922 14.876768341377 19.4680121015702 18.8983757713456 180.369868442408 477.593822391499
2.00514305756426 15.4341429842333 21.7914449766819 12.8251106870968 23.9363833688438 25.2666560099626 142.444440968366 469.195054036861
1.01803534361599 16.6219285052411 4.32801749838809 14.8832195260355 25.4634557820012 24.1889645069541 146.647919936939 496.848123136996
1.14157963560732 12.7997948008343 11.71777241424 15.6930863282448 13.589404607542 21.106684831132 223.557815291999 461.626531582885
1.62541477454294 17.8347356043744 9.33026551875253 12.0060836473204 18.1604183603867 23.414622107534 187.08670784882 465.882884289977
1.10998038158329 13.6771490467224 14.3508643290138 12.982564369143 22.2085642981839 26.7240896950217 222.241430359938 454.769670423125
1.60112154306291 15.5966175707253 13.6982430181655 17.4871605770564 19.9224094457037 20.1517483243847 160.130178906969 463.967101995092
1.60814440772236 14.7369000644325 14.2493254898358 12.9131079995843 23.046896334961 25.3446296651 143.286233112409 456.989539776087
1.41411704350281 13.8091750205382 15.6624121054365 12.8564331847955 19.2043404218465 18.9470716094212 195.528871363448 493.142709952836
1.86497050839291 9.61606123212954 18.4932166797752 11.6673508914326 11.61988740936 10.8870423926976 149.767796470597 472.394993236406
1.2002983809318 16.6054523518723 10.3290257921669 16.2176982966808 12.1534604829481 19.0453450440325 168.767345531576 470.185241976874
1.71507794861654 15.6689651395399 17.0797933931494 11.3859139388608 18.2793899493991 22.5293880330128 139.675508846076 482.954043648848
1.29609583014859 14.2939596294528 10.573274072953 14.7870762604016 21.0773022194713 12.0950133947015 226.913931648901 487.407187513533
1.30672676839126 14.6111343293315 16.0439767302887 16.4407657576585 21.0936062871756 23.4090651582273 235.872043113036 447.47976421968
1.1568196730006 18.6125243481076 9.30454987731455 16.030351751935 29.0607296424858 12.7787804646875 223.724096552363 477.215536043374
1.45487675150122 16.1563896691814 18.6096278148912 12.4635246500364 17.6283082255918 14.1857035560277 153.216133392723 466.150624520605
1.31991410364892 18.3587635394275 13.0216352631036 15.8365509628069 13.2627321209344 29.0360472666129 201.779064162069 445.354866941622
0.984959550564302 15.0995294921954 14.0397852968503 12.9513947515539 23.4951628490985 22.5021145905847 270.403379920597 463.576597630843
1.67724445453424 14.5837641865525 19.0925892531549 11.6533451658472 19.9993576851346 19.2309765749949 214.818639431043 474.569734145986
1.43035806155087 15.7288266084283 19.796262798916 14.3047977267453 21.729735461359 18.8761480470407 181.834837547631 455.098405794954
1.53110630957352 15.1233592789547 19.7904225757894 12.1074997466909 18.5310260417714 27.6862331245598 169.162359400842 474.921764405977
1.24143497518273 15.0131855848794 12.4566985055677 17.2630504752627 24.7330204213053 15.7591498092821 188.288645180846 468.973580089273
1.15326807056333 10.1254330126205 6.20525075279469 15.2997509084313 18.8962659048576 25.5875156292219 228.455866032785 460.981576301735
1.87621104770709 18.3033393261629 9.43438341300914 15.7624664885796 27.4020999599957 20.2579196345646 146.089093785678 483.323750956188
1.63425174403565 14.1838511705127 14.8301309250892 14.4372774338549 23.6316320238718 15.6145688885416 117.506345126002 465.487604636755
1.27170579982172 15.9977395864871 18.4086391728087 12.677552653756 19.6196538116063 14.2446168673282 115.26887378739 480.776649981308
1.19268770215267 20.0092290264747 17.2633579820459 15.4958895653727 20.1858418768634 24.8355715232586 135.777010590548 476.241721198578
0.977641020703816 14.2360890779249 16.554168066529 13.4933888587971 24.2225274656731 23.6144577115096 207.979793947556 424.696521087643
1.28186394129566 16.1115035091946 15.8816969693884 15.5565166193816 17.0592912073162 15.469002834593 192.18322338296 455.606865466179
1.16195795952821 10.879227600597 20.8843544363451 10.7664165907669 17.1897850988579 21.2163590276484 229.919533209128 456.849577266054
1.03270663584066 13.8724039032115 17.8058244907164 14.3316976875378 13.3653868797943 20.357538901826 304.35502921247 424.934849563065
1.06785786182586 15.6133091977719 7.36632273691855 13.9358135128559 26.1356319884403 20.8865998306333 126.534550282385 490.532503838505
1.79209960448753 13.6887426107801 14.1193574378301 13.8116936873793 14.9945747621425 20.4732492766937 236.437918691021 466.419882697879
1.50911252935785 17.1040256051862 18.5568152004411 11.7920526922323 20.95361727902 25.2301149197455 235.465854719933 459.452705403676
1.67065882301342 13.5881127072591 15.9546403538281 23.4224112347544 11.5984336144808 25.9206790963735 190.294249311172 474.008404418012
1.83058666753033 17.37788385219 13.6780412979088 13.5369724959596 21.2361307173899 26.5657066179449 138.666918664271 479.071386442724
1.65305621208667 12.9814260694765 14.5048370677385 13.9984226793742 22.2630220254073 11.3409132309182 106.550448199011 490.775824438642
1.35326398564856 16.8504149228743 20.0461028898311 16.7152080913623 20.1394848613408 16.1367695199889 205.195838902282 468.102904454915
1.29941160557181 16.3426818101916 11.0251296673909 16.5515406645887 22.8863541033851 23.8222501304578 231.469642333538 461.289468331061
1.21297060661013 13.118527116732 20.9064724392565 13.3777645837407 22.9872590255 28.6651188661279 243.162134367665 460.98224193021
1.48352640638498 14.5773181853892 14.0171306632878 13.77551855166 17.8761730313268 16.0250520347985 204.882823921534 460.662947487468
1.54429234184138 13.196979683163 14.7234129410632 13.7173085632679 22.3087426121022 15.1454331361466 217.700539559819 467.354619028791
1.57016557791945 20.8008640395766 14.2588753934429 14.9009046517921 22.8530911749688 17.1584690772236 125.244783785735 482.826178904589
1.69870062054554 14.3764375746347 13.8825665002877 14.3640315094302 28.8715445403839 17.3121333385624 170.532169758759 479.153847269782
1.61387920048448 12.5170939131046 18.4645489272644 11.7602260960416 19.5540821006952 15.1083382452843 139.811696696197 471.709657796079
1.2415191834601 16.0508076427932 14.1744495358533 13.6887997632072 15.4730009625336 19.579225226753 240.478763569912 462.384029224707
1.48482713336639 15.2488045415533 28.4137810759928 12.0006363701252 14.0197488288028 9.7198890861649 183.057460140815 477.5697464523
1.06411022808451 17.2566033051948 15.6807235647149 14.0191121010436 27.3158170654698 16.206671194499 144.727251811306 489.750256971
1.42130677117247 16.0961674847164 16.4223478886025 13.3724062612862 15.3042125473576 22.9168619751977 282.184364983635 461.543213370517
1.41575549056482 20.0906796269214 15.3213633528972 12.3416737434395 18.5397335687239 19.7357189371821 119.608209564791 476.372985313927
0.923319839700322 16.2827503828315 15.0568608529882 16.2544973997507 25.2000451042825 22.4143276366797 309.448837191151 437.991895351342
0.933868131676621 12.3296585015524 15.8012379128089 13.7377176533159 22.5166828372976 12.7526697328987 255.439531842306 458.304787561374
1.80091720848424 16.3507475052874 13.1856423109928 12.2479513068737 24.2243493660627 21.7926001863983 121.479611310165 471.725044297203
2.06836719544495 12.9377969967515 15.7675526406062 11.7607122379646 24.1011651093935 15.4668926738409 126.251817908921 482.211654271798
1.2300110653109 14.8409822557691 15.6017368917083 14.974123780721 13.7322125471341 13.644359978338 294.712757392273 455.828909699953
2.08558490050289 17.0793286829886 16.0071763402225 13.1729763616302 15.4363582612049 8.36922870591296 115.483131455302 479.967751713448
1.44492276568797 15.9804526005609 16.2736183893434 12.6160589404843 16.7780449936538 18.8143986190283 160.783213301711 479.789642897863
1.28587183146833 14.8399781112465 7.41093171696265 20.3510382588045 23.1631395643413 13.2598660609782 216.103182662887 455.373791859784
1.29983729596474 13.2286872073418 18.2697066258068 10.8689921147248 23.4437522099834 27.5006995198731 268.477988025328 488.52532990978
1.31454508442937 14.3964118237541 13.1749120755895 13.8197217487552 15.8474709587687 13.4894858380188 254.117249651806 459.340790712774
1.5825487022885 16.8154344726101 9.98558938028145 17.7744018257167 22.8841699666666 9.73652321984975 139.076720133655 495.486443672471
1.85034763056616 15.5954724103229 16.9152623522502 11.7616723263024 20.6355746594023 19.2351707448894 127.164658924185 484.672092331696
1.09154321466961 13.6855817914774 16.0209980795596 11.7354584968711 21.0545964375101 22.6144866235988 176.946540357759 472.097863290933
1.93401045861357 13.7672011734995 12.3189445539062 16.1363604909883 22.5396826796578 11.697373581791 85.693645635437 489.314704520863
1.69110418783391 15.6999475480156 14.6692614740228 12.9838208089292 20.8973050994886 16.107038680116 193.949029598837 465.478073743828
1.55556455210711 17.4486188411336 18.986252662457 13.7370910503163 21.6209120484243 17.09088344215 181.832333699816 474.503968677933
1.08862731922492 14.5913853250501 13.6078275087252 12.4896477863319 27.0750218939279 17.8490506473198 190.201382624967 462.015090018359
1.28768586480018 17.7469683208225 13.8077585196688 14.289536921074 21.0577958656747 21.3209784993177 276.353581226029 470.290224435908
1.30691511633781 14.4852462313996 17.7389849159579 13.1684719407507 27.5702272725551 22.4645311885108 161.909681326195 467.23764895336
1.48877039400659 15.843510946881 14.8183874399488 12.227145245575 23.9795182565906 10.8340321385241 203.550513653149 478.274027387604
1.59457451634232 15.0186037200352 19.3822246834743 11.6973444022378 17.5722005691978 14.240934263386 222.546180474259 478.271396640968
1.85255177756754 15.5951633156082 16.237896941987 12.9963883732663 21.6349857040348 21.9411444212144 182.534812055327 463.673721641654
1.41587795731667 12.2592159956316 16.0462448320208 11.014713810891 16.5304792546812 17.265505636609 206.505277053384 463.012430625136
1.22909702690595 13.3142685464506 12.905191231818 14.0960983304427 21.4928976127472 15.5932696789734 211.524394678501 464.291726324179
1.14939973086317 14.9307457197748 15.0908617368113 9.64507132506022 11.142484012756 12.3924915007056 182.604009725754 482.086111439545
1.36269089167922 16.482848787082 12.890586226762 15.5994967742307 19.5491336470458 23.7208271118101 245.844183235597 441.937215549138
1.18913055960933 14.8289094906002 14.8362865048125 11.8603478701765 22.1263995026406 9.94679627517067 123.736412133247 467.509047999364
1.08549575265889 15.5678943097416 10.8567465545947 15.307546721123 22.099403164791 10.504794699319 261.501679952865 448.351231967175
0.949834941433411 12.795572025062 16.4601105240491 10.7076506304282 20.4637103797452 24.1594231244531 184.571808100978 480.981715348012
1.44097090736225 13.739519205987 20.7503680870144 11.8136835904942 27.9878719588372 25.0038829007524 140.486345322566 483.25017486197
1.60157996696857 15.4148409609798 14.0753672698626 12.6179936420357 15.0059963017171 20.116971846751 244.139021639679 459.320843722212
1.27829022513114 14.2806396311222 18.1173478402154 12.2385316912796 19.6956122502763 25.326764112447 214.356751160904 446.66870385213
1.10633556479913 15.8399141654307 15.2569247289244 15.1030481830245 15.4396700570012 16.4813633346028 236.586262382603 466.493093050734
1.70380275032189 12.6198465665275 19.2804598429442 11.8860337970737 13.1517380911483 17.8108647924289 225.719457432285 455.978514149551
1.57798186351978 15.0556823659706 12.7594459170969 14.7346379620889 15.6264183487531 21.7263081310615 240.115323961923 463.217867399393
1.12633370123809 14.5316806461509 12.7397517311028 14.1883165168168 21.6437598351247 25.0716767793703 240.888124973644 452.424984504029
1.50534240702105 14.6542720743825 16.0876723647692 11.8945919942464 17.298294715646 18.6844660187748 238.953553517125 473.391716998534
0.805979099445915 13.9024471178299 14.4216624573781 13.8894603070514 19.7781847934486 21.6359516777421 175.365191729744 456.217770163378
1.19050438722029 20.2952161180671 13.6460958151891 16.1886931575466 19.4584232755631 18.8895234096651 223.715549445454 468.951893269435
1.24819839688476 14.6086150367496 6.89854725968914 12.4407161333644 20.5216898491895 29.2859388750452 193.24145460391 450.717699465072
1.70978668563231 12.8126247965651 17.114607554132 12.6568470135875 14.5818943604509 13.5682121249924 166.826169886339 483.771653904576
1.62943429298665 15.5972754428026 9.98199110857526 15.0960335677587 18.7075698698817 20.2142836881543 238.669348001886 457.475085927303
1.51454398694268 19.2753136643707 6.94834621110979 15.1427584861011 18.0665099805471 19.5715666673998 245.09833263275 470.084711332866
1.47906663146376 15.615294141403 11.2491852953981 12.7326955305043 20.9327743078683 21.2984316300448 133.848185794464 465.596294206135
1.41262229524327 15.993852720708 13.1144773384299 12.5301249704948 25.1390890226397 26.7334542695782 223.801278678179 456.712782928161
1.27578574773103 15.4890920099077 14.0292217351971 14.2458937423406 24.803292654371 19.0789892605197 179.096837977906 478.160427688369
1.20629003816745 14.8405873810809 12.7645475970517 22.1148986138325 16.8803758859504 14.2398391085009 208.022596999774 456.514296797826
1.47400027044735 15.4870792554222 16.7544214861631 11.3381596884384 21.2046394893431 12.6872890486908 101.914596879057 505.533294449543
1.32513498246522 16.5270071991478 6.55099436098893 17.2421804220227 17.6869124964618 23.1288224132648 211.939819463544 457.936714569476
1.07779035091847 14.417187067677 16.4858330841315 11.8256419453359 15.1585175182094 22.1019392443139 226.431033527001 447.933914839203
1.45043958647609 16.4946769397795 9.9057573167688 16.0222705570256 22.1839630313273 19.4901606071288 205.940250207741 459.731836980371
1.91021796700919 13.386290680433 18.0163300953393 12.5445102904262 18.7668545413524 15.3377652461661 142.278166265984 466.936576444174
1.55128924973686 16.1359444590352 18.4362780897631 11.0819409190696 15.710129464709 15.7017961816811 145.767201616535 470.035989241533
1.45342475463259 14.4548961125241 12.7291157862508 13.7297514469889 20.6971492755451 16.0047739569046 107.121550312374 484.26027465658
0.724544627484147 12.621149973086 12.2838187202809 15.3105815220655 24.5686598825756 17.4966241376493 324.72635282419 471.003797829797
1.62026129143512 15.3581885542679 17.9827361543217 12.7273277780379 17.0615744571877 20.0920847785686 195.358960659417 477.392101202225
1.00094759605053 14.0359251024793 12.6733866447594 14.4504480260771 17.2575977433304 20.0458270436026 203.233793533421 464.613675862717
1.32949570289067 14.6108054952712 17.5622616265215 11.3118671906307 22.2706491806138 22.0040961295978 166.308840935485 488.074329821174
1.3440144799407 12.9879604870581 23.7418344785222 11.381592863891 11.1373674296138 17.8566494425857 198.267928628877 465.028800814439
2.15283219246647 12.5356711626791 16.2319516092946 12.4951242121198 25.3452318026813 26.6140871737989 159.945126996948 498.95357476402
1.05408970234217 14.2941273020612 17.8991759582227 12.6555158022005 18.224940988794 24.1951731505981 272.873285416397 466.80715866405
1.54357536716494 15.9993226097862 20.1039399826395 10.6999003705442 21.3353059783984 23.1983026199946 195.134954577987 479.144525823123
1.47628145028301 13.949062537796 15.9957063348873 15.6372075010353 19.8535010628867 18.2549403608334 145.872204592635 465.13633846305
1.79798913617519 15.9004386631911 8.60689593218472 14.5999836079732 17.025461681003 27.0136209848183 178.771510103301 484.580059263208
1.5919091373143 12.025723876984 21.2525119971341 11.2132001613923 14.8631426910607 26.4532941373573 281.895366121489 439.465169188734
1.44807359426501 15.0518601130964 14.3278569591957 13.0234834522824 20.2389589186334 24.9851225939559 216.674197703688 483.063923292653
1.30812049918876 13.6237772795704 11.8839742571267 13.7650470632301 24.236733353661 16.8473533420736 147.365896152983 482.068291439931
1.21907398672831 12.9570475060127 18.3335289984384 12.4786024962391 22.870307549162 18.6730385635302 215.042411542842 478.972827087801
1.67267160809193 14.9204623715883 11.4934641908439 16.5622991953821 22.1535906127003 14.435844091976 149.40696503276 486.356254438897
1.1535972133845 14.9533669459015 13.8897526173522 14.7430453178761 11.3661790542674 26.3118129223341 223.41085788243 438.273190967442
1.1049509680208 16.5272831170663 18.8240102845722 13.3480063516603 17.4590480968828 15.5661327574549 217.195734082878 465.645960172024
1.30291217527213 14.1109192581181 10.5203881060006 17.8644812811795 20.053219436726 15.951717532174 224.345696414189 453.751035268239
1.22622609061975 13.848407145813 14.0557569407562 14.6965856546909 21.0860060398445 18.6981698935681 226.41531695219 444.970035331875
1.00185801933984 12.7699390144993 14.1224916257513 14.3430934616851 23.7170892802642 29.438552315524 221.229418251488 478.982719603742
1.72123110046735 16.1187401924627 17.6713820322626 12.5916475212105 13.1960155796304 15.3240644718648 176.139053432818 462.924272915736
1.40154219580416 16.0054470655846 19.343640509219 13.0976686488942 16.1702670494742 11.8963394541358 243.003788843488 475.931741028483
1.38590484080577 12.9245462283788 7.83713492560773 14.5345384985553 18.6140805221503 26.2820235657779 298.917836282041 433.978454734441
1.71298947437296 14.3254556651576 19.5622880221787 12.3564146670546 18.4016157300931 18.6532005921536 200.748131708453 479.660928427101
1.54001091270566 15.1577670130063 14.0933402820829 15.2781570334683 14.4007974739607 24.9544595851436 144.142673059022 489.495813788541
1.16033330346542 15.2350337065907 18.6018792297353 12.1521796596328 18.2541825513023 20.316267047305 291.28249009435 408.607445813265
1.05416747717982 13.4107227747781 10.7589675819073 16.18003984482 23.4166040544452 23.5817086455678 215.072038313586 460.401621616219
1.30324546711733 16.5847764548077 8.21164735401324 17.1406483305335 20.0020005677775 10.4321455460212 195.43623197718 487.432233581389
1.40771204157555 16.468747110068 13.3638934374662 14.6281246345492 15.2355411983393 16.7148809846485 135.664436309604 482.8734957601
1.31863440628227 16.3652205124808 14.1580659979933 16.1574027985828 21.0178996630498 28.6256553475893 230.096501572559 477.136548060899
1.47150782352158 12.8436586724356 17.2044108249891 14.0811965326258 19.1935603687241 24.1289822424293 206.71392737995 468.71543488923
1.42729944678354 16.2908295911877 19.0003325823198 13.2881600851911 17.1500107529278 22.3255351663952 159.400859201578 457.728407181488
1.55632914246207 15.4501797810154 16.6376865372631 15.9456544588341 15.332698411551 17.2771293569637 181.769920348134 478.732904032182
0.975683274547278 13.8516092551629 12.6623918181844 15.2207482282711 23.4660174119893 16.6960658529588 236.510915621581 482.841767439064
1.30300619638183 14.1963935802962 14.4388343705536 16.6382610870953 12.2982707155722 26.9040412256906 270.288997306697 434.603238087338
1.37482066156845 14.5983303327766 14.8520813629319 14.5876069047031 24.3337767079805 21.5008319489157 227.802498677946 459.858673852604
1.07010664705439 17.3872495062884 14.2290669974801 14.1991282198842 21.0520934509966 10.9044996228499 173.691655564219 463.755320027032
1.44053434115513 19.9957211888825 14.2013206942496 15.3330495718499 13.7837309299742 23.7664736762753 88.8357541044966 484.018293609009
1.24154508785285 19.4477989633303 5.14984188515503 16.8677820556917 25.6762199379211 20.2655682566208 186.698356125196 487.807853716762
1.08011822529351 15.6006149492524 13.0785342471568 16.6689161551214 25.8657081424549 21.6034186831987 259.808520834571 447.938844191255
1.21439641655311 16.533230419537 17.3413086173521 14.0584133533152 20.7733511460589 9.61933824118815 150.683323094648 463.899306826107
0.855891495898242 15.8985663394376 4.52065849641443 15.8678442397361 24.6121380909657 23.5260217921123 215.027322495952 454.145214723162
1.28684521547331 12.8272578903547 20.8071836601214 11.927371775727 14.4045790376398 14.8612351894731 216.324367610152 478.661003323769
1.53174665009678 14.5587135089091 14.7824001850936 12.2509661376482 27.473384452058 25.9858310889358 149.196337936964 478.569838976421
0.951406861516442 15.5377369383083 13.5111879037649 13.8810730461201 21.3893202977632 20.4079784836152 233.614539314777 440.591960449477
1.90440228366477 12.988085753451 17.1166871185281 11.9540990579443 26.834822836899 24.5806681193496 141.389620147176 487.570458449934
1.06222000233806 13.6759420352034 17.9814111675343 11.9860700979597 19.5555224980894 17.5160636149603 219.422105903397 462.824126820406
1.39270426398121 12.1236643533605 12.0015809073227 12.4022331151882 23.5545559331992 20.084514024684 128.854557034322 472.531226299853
1.82258585435275 15.430588567256 19.5997728438061 11.6177655441204 27.4049822742398 12.2895447264744 98.9196779858836 481.962493233817
1.63462284004596 12.5862256077354 18.833855376024 11.5851413710855 21.706575539659 18.2799199215785 179.008356700237 450.726254893773
1.79252115104415 9.84928620215179 17.8487413923225 13.2577650445932 17.8149929560908 27.360853017961 163.845836384402 451.608862056258
1.07099000612468 13.7198149871816 17.3100356485716 10.5133664497545 15.1214051952747 14.386582473367 195.106009766033 468.343633695093
1.48740484448969 14.2237272656916 18.1833245754027 12.6097297934464 25.8049761358784 13.5928420045289 129.060339657624 487.362074774048
1.46547639560623 13.3551892708005 12.1721309389057 13.9231419594163 18.1203994932755 24.3712058065561 234.4366516942 458.902374650811
0.973959114219396 15.3053051052966 6.63345772589057 17.219749708775 21.8496562030021 14.3637742196946 213.657539706737 481.634927227726
1.23886944281493 14.6917930255709 12.1674839051173 13.3410037481446 21.829212053402 24.6401085111197 227.958473843916 437.952140062749
1.33145533039385 14.4742320268156 16.9477122662974 12.4207504031857 13.8286677131999 24.5255425440737 247.474976543102 450.11732703479
1.54869757871616 12.6351233086684 18.9478417423529 12.6366927965939 14.821904623589 18.3820023531978 280.514154283371 454.365350670135
1.15778797467457 18.066581808066 11.3390417137551 14.3157012743924 19.4469626112387 16.5151856917111 262.18920216933 480.069825469644
1.17430238501142 13.2079385094501 16.7428752774651 13.3450151860236 16.3758295388446 18.9569039926137 180.282692924463 466.176922641991
1.27791782922885 15.5743221842666 20.4871019538149 13.6418756345249 21.634678280963 18.2663281093035 230.492410396256 469.166130478169
1.41128650593115 14.1915468024639 13.7445070317342 14.9498360768931 13.9639968254365 21.1904734979055 165.374601933852 463.909440802864
1.5908643829247 13.6650178712227 15.6351756642249 13.7560910643131 18.0725230580645 22.9042604205267 163.506184561017 478.798930117518
1.61288858111073 12.6604869003503 13.4359589597547 11.5596645869952 14.5867396162229 17.3497472639324 112.976236852993 475.783865120048
1.16977212793202 14.6451753119368 11.3942010893308 13.0623102699167 25.2152502860392 23.7382639438023 288.772624130268 456.998792392695
1.65351249910602 15.7163860911147 18.555414395184 10.743977729941 18.8416539558861 28.2703142811741 194.437073259436 445.450527980337
0.974410872869069 14.3812427188076 18.7811361452226 13.4004697421 21.5902806619978 19.3298484974528 200.797239519211 474.932920105126
1.53463237411171 17.6644874983678 16.4643682954416 14.2878085384691 17.2889441377456 23.8109476069676 253.83059484795 474.158834406885
1.95734672462725 15.9328162277905 17.0567605009289 13.9308039848529 21.2726614793147 8.84742496013634 133.049571163881 479.840361750263
1.45275895262751 16.7173393839987 9.43061232145628 15.6564065260678 20.0799283160446 13.010587392101 159.811847261872 483.036167023008
1.10606549745359 13.2304434691212 17.8266296638674 11.3249783411741 24.0818675795258 15.898051773124 143.860361729197 461.348945821567
1.24495216316663 14.4355196682548 9.02603845403578 15.0325644626444 20.1004156849818 18.3875718595742 192.076833932967 454.750818710134
1.36096324825465 16.8947926500437 12.8901255471937 16.0632618391686 20.3638604028451 12.9551901358906 126.79738989709 485.081401446568
1.3713586782734 19.1490736707244 18.5708341013073 12.0996044466628 22.4024798724683 19.4754291702864 150.257070006864 429.990720706031
1.19958483332459 15.7409432949314 20.2436201394409 13.2019615986715 18.5433637129276 26.3753464228553 151.132074162726 477.161366291666
1.39554030468845 14.4282804690651 19.3897071112764 12.76610343118 17.7394277832769 22.2999762080587 220.427560472605 461.985974587704
1.58869745589258 12.5807153170122 18.0694612912128 11.1110348318717 21.336001337467 19.5795338412774 131.254227928018 478.104256684377
1.41231754463927 17.5906029361349 10.5733162003265 14.814073357595 19.7937263945289 18.1141258178658 211.992860373335 458.728979364793
1.5183618650103 11.2462160711429 13.9038589236349 15.1218914424293 19.6688200678697 21.2967443190688 179.903768074729 478.996502559574
1.16908329918208 15.2502148776942 11.1990898310581 15.0981157070821 16.1776356721868 15.0447302299004 258.000017031943 451.80739094955
0.998216082737735 14.0627889399722 14.6775710919711 11.8776635371713 22.8378491852505 17.1962840178443 192.168078860884 457.979095166951
1.30597352158332 13.7437030739732 16.0399906481205 12.5186196269539 24.0462301165403 26.0391309522316 215.984744835633 481.480544277204
1.43333103082207 14.260184375556 19.8451294079441 10.7786548307875 18.99992632696 6.09432651895568 20.2716266779722 477.346713533503
1.20818113490206 16.5730320228862 15.8578243937422 13.8357920158455 24.4875589326599 20.4650884338421 243.98250144029 454.885865969437
1.75131861611081 15.648388704979 27.3405219467715 10.9633186051025 21.9144354601701 24.1799698211075 213.187341891993 474.998510405698
1.34761469353508 15.327054993021 17.9650607186094 12.0793998295395 11.7727875183387 10.8933401310448 256.520792919058 473.613072335156
1.66575434809912 12.4413779029831 15.4446372060616 13.392879245009 24.2894522986645 23.028763205568 147.818380400326 477.705470707566
1.54191589052918 17.2533111304561 14.2577806278012 15.9477431177492 12.4508975913113 12.2497956119914 258.925461666259 480.055133039023
1.5355207443962 14.6573123011564 10.7395957916112 15.1278635079937 15.6934201287771 10.6482616097678 195.847946311328 473.778093885276
1.48274873589694 16.637594008197 14.7332377014842 14.9852180365 18.7792477195369 24.1061770323058 235.966005534198 473.100210928493
1.60341926109211 11.4872911763523 18.4031039686457 9.73678493568292 14.4183196962315 21.5822061855056 128.467866802742 478.554173419789
1.14124540620325 13.9270221742044 13.1896855149256 19.2666690420745 23.4485789761295 21.3722593781984 220.036663907101 464.92144243243
1.56835174929476 17.1553000653076 17.0372931370582 13.0462393567942 23.4359154087579 13.1897482883993 124.501878443245 492.011823643212
1.12896744732771 12.4135205950958 9.90608399781044 14.019441335568 21.7514232717644 19.1432726446301 166.353021094747 487.815678962492
1.54451940438265 15.3048793993519 13.0999540849206 11.9682177636902 17.7337862696737 13.861063680926 136.515254668202 487.537154456046
1.40457200401339 13.2780414977507 17.1839170135396 12.3880216980023 17.2070463677911 26.1929231295677 132.444944804015 465.366612998188
0.966879596171223 14.7420800022972 11.8692261612535 15.3811904432392 21.1605782971195 19.7540351937761 231.992045552973 457.227912803701
1.23056711455871 13.6560730009481 7.72064832402748 17.3858131026371 20.7218622362468 15.0521391383715 211.902613173274 463.458738116321
1.70694312226649 13.4130434294959 16.9997001774799 13.7488483665334 21.3254068042181 13.2223502567071 87.8081992569452 478.643716015909
1.56361285143216 12.0360449860896 8.33566794102688 25.0345870915494 24.8761930419486 24.3767092482906 154.867508379757 478.199511403221
1.42137483631283 15.6003826825618 10.8056119731223 15.3110292000919 19.8982859634647 21.2035236467465 290.887707635809 464.130016707289
1.80044379376987 11.4135793406162 20.5966663035992 9.71374357432831 23.0166164425907 17.450292443066 142.584150828828 488.576516849487
1.32814829637318 14.1421252998055 18.5525952720064 12.5434807393975 23.2169820929057 24.2067591958702 184.160826403512 487.733872448862
1.48563224976738 16.4364941313672 13.2887926193464 11.5664702388536 21.9470297624171 13.5444626768047 113.528468890525 489.330404402263
0.619890223716302 14.4443388735766 16.4394450883456 13.5473873055822 12.4845806947337 14.0620269654701 146.029288158167 483.824261466167
1.63217647840405 16.198723006591 13.8365993752517 14.88988525338 20.8278320088768 14.8378238589839 153.081760572595 486.516955961941
1.25201426607806 12.5150685130153 12.0158767866561 14.4973914260658 15.0287613207903 19.4029444448193 224.319436397468 458.596813095795
1.07113115631489 13.8788720679869 18.7357627504368 12.8314874787859 16.6892309217403 14.610857659092 208.386639890445 463.489231662251
1.12239583657579 15.3597465087134 15.7397717490418 12.7197962668474 21.5246183441799 20.3730458749227 179.438872739101 461.115188017952
1.23088043616438 16.5712914165149 19.6763595405236 13.0672560576275 22.7032450246053 22.9636670146552 182.954533041196 460.242610088139
1.64251558502264 12.862654482227 13.4957917824324 15.7491454274807 21.382791068578 19.9972621788687 146.855658666578 485.53781249766
1.2700962105696 14.6342798889497 9.04730121412439 16.245062432587 21.6355119718418 25.721595714951 258.01053390633 440.63818193686
1.32758986615983 14.9921251768422 14.7131646306712 14.6675710997094 23.8811547497745 25.9569292908584 164.366419442812 473.333612483902
1.37614520627956 14.1221086452186 7.29985118768328 12.9071400584917 18.2719784380881 16.7775049481145 193.037098080776 474.45857673894
1.27557306121736 14.5067410113001 18.3417336305261 11.3034504335269 24.3878239540573 18.9970881725526 192.414696032694 463.23105485236
1.3187827510552 12.9949471415282 11.752803619799 14.4561407455189 20.4105559706218 15.1771640031157 248.72915334479 474.673799262122
0.997541009213675 11.9487781693622 16.9173006712576 12.8355030657718 28.2211016344533 28.3004987087364 223.2008161204 461.715652389702
1.18864350653823 16.5441219216146 18.6171802998272 13.9464770541269 23.0291573795 23.1012446757624 245.017830848737 459.336964778004
1.19227076625238 15.3129984718419 16.5565980312323 14.2707146655487 23.3719165522344 15.4522553546944 210.036433879795 492.399120137602
1.30202697577838 17.3754871883057 16.6387587917915 13.9077031622637 22.5527431946232 16.4053774905267 116.138063679589 484.711378171473
1.78363979073501 14.5343686005039 12.1528515066268 12.6662055439987 19.6550997427762 16.1254737148854 139.100664374153 478.156252031226
1.53590993437889 15.5116908945592 17.9641595167304 12.1346298614322 16.4880664683605 25.9062274964867 167.883897408413 483.909660519194
1.19131530392458 12.7526165816611 14.7315617601055 14.6812760891502 18.4174523881996 14.3796336915548 235.558728988643 446.491426808043
1.34424526857843 14.6544951375448 22.3136423118058 10.9098733636734 13.6225985001881 18.3799513341118 171.157810298908 485.239583300823
1.51144689417658 14.3599799549137 17.1875888540149 14.3367428365975 24.1585536881793 7.54777205486779 94.5084620723843 480.1256018149
1.64664993590769 13.244543510181 18.2857839744852 12.6815319991324 27.9168116192916 25.105254552367 131.949797745124 489.624836891542
1.15101387420535 16.3242147539533 17.8015370306334 12.5842125973975 17.3646031929201 13.9827437190703 168.148624025928 466.474203055946
1.13873564768756 12.3153664374525 16.2986411183599 12.099355301312 23.5954139772353 11.6166020729331 146.66303895076 476.224527080886
1.49923093215369 12.8007516610798 21.6617733320424 10.1015075213663 14.0278344953426 25.9541677335169 225.755481809354 474.879946344645
1.02829885686131 14.3830278237948 14.6435968067171 12.1669566726612 26.0335767164225 18.7639846730545 218.823763375745 455.193639253845
1.15135128253355 15.6330045386257 19.0709471166056 11.8288974132546 16.1547045604324 23.7444960774804 217.861520733123 470.530792504277
1.97735462564351 15.2323612450791 15.728413448171 12.71669805302 22.2906996772255 20.550930896575 152.684630921896 485.354980988036
