5.10931391523861 6.26584584510199 21.8069842078601 1.25866377287265 7.52927855940868 0.999308135266186 207.316383505745 59.2611247599075
6.58431597480433 7.70673582401537 22.2178253668321 1.39453241662719 12.229680406725 0.733025968362981 180.91316883067 273.635951887435
9.95421945303503 4.36013263933371 21.7531361357154 1.18094271239624 13.1705174739379 1.39373478299653 59.1507671623961 197.278951751757
8.45696371015969 5.93643477955361 21.6150429022352 1.48044283565783 15.7174574184603 2.19415888702724 35.6050586444856 151.991901510689
5.80427505101989 4.7671675048452 23.9280270877125 1.41335626023937 4.4264552113066 5.86799857336626 97.3802026936824 221.391864027008
5.4665663460722 6.29164908663848 22.1005813729133 1.99288774718804 17.0026132751887 5.12724871776622 186.782017717968 43.2852110986486
8.79581623355171 6.93696406862052 20.2537287736796 1.46044933603059 11.8671469244302 0.0402861729203519 155.752190551331 27.5957188889318
8.01709870400189 6.55136657594627 23.2298219851877 2.56030276935217 20.3436955329691 3.40165112156846 105.799324015876 202.218064520652
7.56727856628954 2.82305600281869 23.64090173165 1.7769035509636 7.34426667954034 1.6208753588374 167.658226401047 141.923269854742
6.17672765591985 4.23928465032764 22.4391385930712 1.29098803944593 6.14846543817606 0.996118503794482 80.7342833875889 213.859221884604
8.10118381396788 5.95689574731734 22.6582996511002 1.15636866597245 5.83052811455506 3.29496993546091 189.75259300505 88.8593185090044
6.41100835634584 7.95417387279908 21.1071860801786 2.2823356583337 13.7354980143902 3.67804564312648 168.564757796058 221.289640759991
5.92254799980624 8.94493707649321 21.1017907913144 1.715262951136 9.4971161831891 2.73560017181176 218.132046194076 84.8600264630384
7.33907367336543 3.39099154952273 23.3643210591966 1.8490878363763 5.39213890714632 4.57716969764601 102.155351087782 259.948792370134
9.06739860487135 8.32286565861192 20.9149424491527 2.29407491980001 2.06044512549782 5.05539413383799 342.572824554637 185.383996292448
8.62241251079715 4.71937221951867 24.825730793954 2.54943421115765 7.33320882721026 13.1014929683293 108.199480988381 206.500086523242
7.70809428723655 3.80741884877805 23.0787861942201 2.21966724756751 7.79047011732253 4.47706033153508 113.435096882197 230.649242899396
7.48025676647905 5.46663638179674 22.9818416644661 2.37011818314222 7.66940089268978 10.7026439028975 158.215478525361 168.09584685817
9.51388311747988 5.62219723859348 20.9676262538413 1.3599741733676 8.69503285717996 2.57773135915139 92.3453839679353 126.311739424564
10.5587326611601 6.01664726957775 17.3362525036149 1.44720247239375 11.7764851817361 17.1098415576236 93.1199053472928 139.551110499844
7.2847852223335 4.89697879802691 19.4318956803808 2.86810287402946 7.89370381015954 15.3969824867036 162.64073537737 206.578214472577
8.41512031565002 5.95757308772726 24.4526438581832 1.89743937342894 14.3510451892751 0.103240544229934 182.814577741023 187.226595367556
5.86688771892728 4.4140475682335 22.7450540434564 1.25422752789746 13.7721932587928 1.88500829127853 144.927160762296 141.316650647559
6.84669804178822 5.01169766553869 21.5137807594943 1.4752062544031 2.55430182502728 1.4432218579493 255.578607229399 235.249971339443
6.5272961364319 4.52377825130538 25.5210868938541 1.34238068426968 9.03527433236973 2.87817417616809 225.500878888281 131.911888982934
5.01117401835945 4.97603417879343 24.6881338022143 2.00929948155613 4.93169107121535 0.675912538906739 166.471172454168 111.441775589936
7.55642886663597 6.57905340089768 22.8117161178166 2.6068308793442 7.59340457091758 0.631860270886447 131.162788553794 239.417690923249
8.20497466264127 4.82589466253673 23.6316324048216 2.29744795793679 12.2822516101595 13.8122080502824 207.506447240018 255.759494617651
10.9244274571591 4.52464178676382 19.6621374286674 1.50671393587308 14.7310751577946 0.55900973308666 89.5817036045773 262.12101637739
7.9967038526432 6.73842774633696 23.5604581382223 2.19311673582259 11.0973842967898 2.85171363873178 192.012020511747 106.442790039943
5.88242066720635 10.4262180648952 21.6496859623525 2.41937221671593 12.291844723508 6.45762386529875 89.4181158236477 251.992492157347
13.070703763482 5.90828477801365 21.1754687896082 2.26244481700871 12.2896519855672 4.30027106713518 139.440963604787 195.865842770126
7.53725727622506 5.53108999350993 22.8908317905418 1.503500482532 11.3725646987506 3.03173920577563 149.348739576884 85.5108206734987
6.9380880551861 2.50193859486512 22.1596243921568 1.14878059697923 5.96456373761751 4.5849575251635 144.983547730337 172.244678517691
8.49298325546901 4.06554393547201 20.9591761441779 1.73967461362279 6.50178087274289 3.48955494142154 182.466582725344 131.338430812972
11.6855050640989 6.15520940801801 20.9805467766786 2.12281231299491 9.93027796357077 9.10900710611816 128.329296995106 200.085719453227
9.77389393709976 3.90698786108935 21.57266520816 1.16151960060696 6.08267890694023 12.8302107532886 127.981778040514 66.2678013600887
6.25454624538657 2.64193750000214 22.1217591117924 1.91730428310379 6.02024603162924 4.48704305617584 111.036417133055 220.98248536795
13.6032326424386 5.47241150402057 19.9853106789024 4.28363768395456 17.9783025749758 0.922862320248484 114.321507050399 288.215114017842
6.51296093687897 8.27853504700151 20.446939841728 1.86466887924098 6.96392017660774 0.540920229001616 187.945427472439 71.3517760786002
9.95369498280282 4.18407655501582 23.3595962952643 1.82190247934364 3.43300715486223 2.48069576274284 135.024552244699 199.138199227082
5.65486335884881 5.03758191531551 24.1395420696446 2.13174375005485 17.8613873402524 1.19325371389871 225.025927411144 25.2223203038611
7.18153385999252 8.97155959905772 21.3708407504031 1.33125220354782 8.37399507082592 16.4457096935095 138.5154460943 141.817453384274
8.1487598830529 7.66461905664189 21.8408001611251 2.08372608013564 5.46781893937096 15.130639351833 56.425703123401 281.655171913219
5.34479583510381 2.85641813768501 22.1366105580185 1.99040186284215 6.34175107973242 16.8279556124181 226.916274071243 115.020297205473
6.17985393863682 6.02576623620183 20.9890980623132 2.80789651740086 4.20024863718593 8.79831311351073 164.602447335457 182.237274923167
7.89195079710403 3.29565040566113 20.2594915981655 1.32671308604873 7.94375580594627 2.20405976177354 64.7328752288131 218.496835049077
11.3670636185985 6.75551411578504 23.5207759750451 1.49992247790477 1.50927985933582 1.08750089184269 283.273642757796 97.6208292774729
8.59198970786881 8.21989544108162 21.8844740315874 2.09961839787878 10.9661423514745 14.1851525349163 109.674824119346 236.150872639446
7.98568082164706 4.55162496266781 19.8435707890693 2.47714076229873 10.1394279169803 2.03985711817929 100.162035051675 203.790901116823
8.14269245097151 7.22496350313185 21.7514685522567 2.03469392921126 7.02054453978344 2.24528013919941 52.5222593996772 137.231777001885
14.3936957953261 7.07228461929606 21.0370509281341 1.56803443742684 4.71268881848586 2.61962259082812 97.927150472574 121.546873568069
7.89763481689701 5.2179708408052 23.5048915331696 2.33127399168735 8.58150545407463 1.81374114541074 133.849207530687 253.942871165209
6.73783376590523 5.34707529493291 19.2966782895067 3.20888744484836 11.870217778053 3.55519694640145 126.897965972323 250.960557147835
4.82183635448263 4.29173712588027 21.8143061230167 2.02212490222376 5.83232484338823 26.725591091621 121.457570929167 208.457052612188
6.48851607546442 2.71217616332904 21.8684535893097 1.1459173465335 13.9680150209884 5.45806287053154 82.0669196629494 142.443890243425
6.10669252100767 5.95098292276428 22.7384325191422 1.65361577002359 10.6518109496277 6.98409825995113 168.771818977577 180.298543570521
6.96262810293654 6.64419295939309 20.5340492961283 2.09499082936077 9.06509006969996 3.70948270634119 125.473848907817 116.461492497401
8.55157819464991 7.01535100579731 22.8677813201395 2.08329695881707 5.13864361809012 7.4602350433139 183.545090199231 127.050235218357
8.23778437149054 6.24652262529128 21.8457844884601 2.65699393088775 12.6193956140151 3.48404982105195 59.1448359901364 257.906015600702
10.4333709933252 10.1732625465452 19.6812182098099 1.82223967589197 2.18624245687547 4.8021177555155 55.5466551822061 193.242742994344
7.2483398783403 3.40377393228398 20.9713381517632 1.35863195898662 3.91953902950006 2.00114717756546 86.3150615080563 160.659245078328
9.40076168734866 7.62692162629364 22.4469127800189 3.53204983826693 15.8304030772809 1.80766012503731 241.043729397422 154.441004392883
6.10190857912367 3.93245123524656 22.6888476291376 1.99287304707242 10.680856240762 1.27423838119368 31.2822747898595 213.351248086823
4.28930895749094 7.05587710220916 24.9977038561343 2.39476057038506 7.07745881593079 9.54027032461592 254.155402426259 148.340655495362
9.10390725456453 9.21803444522866 19.5966715878151 2.11784387851467 2.12734874590396 13.1074997074697 269.346292925445 194.02561276612
6.63234685560925 3.33718692037453 20.7322239237101 1.98364853199844 9.01999619727517 5.19515174404952 223.917971528355 224.884170743324
6.90539719305512 5.09062067269359 23.0806518169755 2.45827299756043 15.438277927445 1.27181987111224 59.4913575444066 231.014461834092
7.04030313272318 6.72054001195387 21.9288595848049 2.46193438581999 8.46657407949716 2.28073104220548 138.337032410798 179.823264204653
13.1147418641497 5.38529990627648 21.0950332531767 1.95010590563552 10.1652194806991 10.9765645800532 239.160939704138 176.195654798216
9.66073439791197 6.78982676196302 21.0191892066171 1.67686147177003 1.36265434253674 12.2534852920114 161.023407246603 202.439675919988
7.2246396718048 4.69954397850952 20.4870973390419 1.72283776600822 19.2198567597579 1.14183123278162 109.711121404112 237.839434016648
5.9277842174018 6.02710236186285 20.6436660523448 2.44973833713728 16.1138748200771 3.16942581461799 92.0169712270456 247.777044216948
4.7982811503524 5.49614568804004 22.9608530265981 2.32292671613507 4.21291691354418 12.4946074543508 52.898273640219 294.597020834155
8.28797451880683 7.48101948421326 20.0910473173376 2.62056244312685 4.9470731930875 1.41316637002314 186.081050607062 27.9593203368045
10.5275320611269 6.31746817299702 18.2332879880566 2.87828605289928 3.01069288310032 0.519847285797076 164.396358837909 131.680936153743
8.15016312394424 4.51169165549371 19.5443534394264 1.58989338005276 8.75508021926552 1.7258638469753 73.4794933176566 183.325663317663
6.83078718351495 5.17790803941791 20.4283282870819 2.13389686134695 14.9332495002247 1.98950120964929 113.511901433151 165.020657403983
6.87857211068743 6.10688555394526 21.7746685016535 2.16253068530088 4.33588829609236 4.41445003502064 183.787337762099 81.7923282688626
6.3358979470016 3.86070148086708 23.2077329189327 1.29203453697948 4.60918735216786 9.21838135089433 152.803455240726 224.88901376411
6.73487442904014 7.48748750379819 22.9229996943224 2.21097878564682 2.38026755922791 9.17221604380587 47.9023596024948 273.825019877178
6.8312621389374 8.53670446298356 21.5707618822495 2.71434318100279 13.9188377884797 4.28107182749124 141.209936394088 178.241266022452
4.52463387798496 7.08383786124374 22.5564080654369 1.66327426118786 17.37119834733 0.952968250785621 181.545648756688 100.017127899061
13.9530923655185 5.14132355925858 18.4683936749819 1.17133666382407 10.7421493039032 1.55284721568384 141.684712892874 21.1240664307487
10.1997081063878 7.44519262039225 21.4206982633983 1.39686777399299 11.3836391835227 8.93473062588659 146.002615183292 116.252171571975
7.40896125839349 5.04063399211556 22.3154556483817 2.49059240259588 21.7505149197013 0.832462998051781 207.129936058305 187.734936042482
8.80347933289449 6.0640330180375 22.601684307644 2.31875903477708 9.13948344074171 5.76494499143177 35.3681464841077 218.734847185392
6.29962993119016 5.42339487434319 23.2466009530454 0.998543411657026 10.0498177038067 3.65446589630775 123.718657131863 111.764196044227
7.00315474500433 5.35555693942633 21.9290265257219 1.57915779806712 8.395658193717 2.16458168154806 185.392808354254 81.1076330649615
4.56103943481599 3.12085225681012 23.5432913649388 1.57298427105163 5.6975098399718 5.2916338451275 174.482887000402 52.3751823756974
7.89047127040792 3.75326083688452 22.506467579475 1.52860146327094 7.00114822827892 11.3744990522232 149.217128327214 147.900025425653
7.61612691769283 7.01634890470278 23.584207972379 2.36671026737411 12.1879573727337 2.95329947669212 193.147918601197 11.5345737081897
9.46686948628137 5.94778448376658 20.0445482961273 1.75387913411948 10.5272373734831 24.9183416469395 120.424015202654 122.544675202535
7.31696942537956 3.97984636599567 23.6575949952052 1.85114867079009 4.9694824168769 0.69689908230769 91.9647403851146 319.058440383296
5.57530016625456 5.63151090132703 23.9961971058954 1.28748946054675 7.29178728393793 10.9750886407628 183.665621598569 139.919661216053
7.86941303801127 3.32746155013587 21.2127165560701 1.02162403478812 5.46555026990553 4.54024803104106 105.51046935184 72.9572995756501
9.22316899469435 3.69958074743671 22.4728522539688 4.56830361830366 22.7523717231953 0.767432469515606 37.0618425936181 332.363972729522
6.11308719266532 3.30931648709903 22.4239716799197 2.20931870860498 6.21450057831633 0.500802251511275 96.9654209216231 217.144896674252
23.2329124489715 5.3851422756235 22.8912771747374 1.62964582703232 3.6971037044814 7.25654512912337 177.918365980883 123.565680469774
7.21016793885885 6.36390814613046 21.076962975839 2.0835544165152 22.5105123426669 15.0726805072573 127.900023935105 48.2064007221195
7.19010231922347 4.22718114061234 27.4667944382382 2.62414478760583 16.6153969943658 5.12892760980986 147.694653747882 194.225475998207
8.06803760198368 4.7907399198419 22.4715044296316 1.95532270939615 12.582304231315 1.49739124742455 174.435758456803 191.289599023577
4.06608785231782 3.14049692381397 22.626115962623 2.24505894397312 6.19443484940576 1.1477381009166 137.269086467167 277.53179015348
6.95865916311223 4.71437584710398 24.0274878208941 3.2909402855863 4.23533650033208 2.34362796125381 54.4977385486097 260.626877157401
6.26349378535706 8.30132063721271 20.3710084744241 1.59543798759656 15.8593671055404 1.77867108101768 61.7509569592385 154.346896725512
6.60425035573751 6.83611449089619 19.9801564501008 2.82256072526559 9.39879618955675 3.78741175373322 174.195059128214 151.070583180278
6.17049579611791 2.52276322285806 20.8682909453452 1.30927853427674 3.53964168204837 1.93499017076122 87.8559625223116 146.001358455582
9.93067218337417 2.0900337314664 21.0245018315652 2.45975098386609 10.7135840492694 6.74127723973932 145.349041240355 265.205129599575
6.33282218067941 3.44434125943582 19.0271153506285 2.05859035795853 11.119198130472 0.652257605741538 83.7171010775665 240.672986980922
7.03397647443505 4.45601012556151 21.3917385289057 1.32790320953047 10.9520698621724 1.00146477614223 105.357782577052 23.1400596244765
6.25656782046392 4.11776981112463 23.8599442606119 1.4469137036981 6.58557383109952 5.05937936552065 158.234984266621 90.866741477848
7.75127340884544 7.01533856328071 22.0795584983746 2.20607446684072 17.8235435530596 13.7227276700727 206.4741123436 118.620680071784
7.79674978386217 3.8719024846609 22.6390814486171 0.973155957720452 4.80182538854136 1.95819599912285 146.098534145674 122.020939384925
7.68362740935924 4.74866851187351 20.5562701952081 1.32278325408133 11.0282836522982 2.66767980714652 111.612548361847 232.850839894196
7.47370305613079 4.1716961044192 22.084972903319 1.42344884091524 12.0841480095572 1.09558741104093 42.0239027847839 253.670881087563
7.53607811891484 4.25645583037961 21.8881906094185 1.2778245572578 17.4706101381537 1.12229264781387 259.138645715705 119.844831489779
6.54040332213161 6.89564698071861 22.3253884063414 2.51976821251591 8.91348396817289 6.91629516058459 108.450547550921 229.678896811639
5.92641798364023 6.09309290391587 23.8131997389069 1.8681741825866 12.6863553230629 0.331211447063873 146.596906997254 116.287614157876
6.69204553872005 3.4258321767621 20.2604783916143 2.53976347315113 16.1670854778037 0.985042735348656 151.736578013616 294.539640435721
5.92327990195218 4.95318762144086 21.8359427704806 1.23910711389574 10.8194526212178 4.26635732495755 163.185378393187 113.317103915879
8.04023288993308 4.28903427732479 24.5806839606098 4.51782585032677 10.2436414122098 4.82215577530641 87.7260518248494 235.351674043167
7.30032629470596 6.92441849209129 21.455176070063 1.31960429949814 16.4650480892945 1.88214885750295 91.5114824089482 86.3919621462656
6.65225912098402 6.68943919401237 22.8256609793221 1.83404476598657 9.16960853752102 0.936708327844758 89.1484650296805 177.664279461589
9.27248945048687 7.88368849785573 20.7697000518133 1.56745254954903 5.84742216735641 1.80903167831331 118.102320918756 99.4568427915598
7.80254799483449 4.06224117377175 24.1066288446101 1.413372501801 7.23973051308894 2.23612829899099 149.69023276694 221.101058014749
7.58662857803809 5.99902519248233 23.5556983026356 2.43927845593952 8.4767485299209 4.6861989733504 73.6685909440443 236.418194025692
8.41692048621755 8.78432723781897 23.3997566357199 1.44159029789185 5.64040468736107 0.423784281351675 300.856839332091 92.2424144324163
8.10500833121024 3.49593905374261 22.4536772268577 1.22256044699704 25.6449333082308 1.88718187295187 43.0859873359177 290.563068609201
9.56782960548276 7.16486639788085 19.9082254615356 2.26489866515838 13.1765220579669 3.44347294103745 81.0811613098279 250.669910317228
7.65703590978587 6.71331486010714 23.9456722491662 2.40280666080176 4.7105164698605 11.4946832435652 210.345757226625 99.1809526899677
6.18166329786933 4.70870988154266 26.3114083907378 1.63952709268694 27.4812593171805 13.5643600297647 205.839710168917 51.4827875524069
10.2199443859745 5.45648982576801 21.0907959909864 0.916820840169729 4.10548404119382 5.30977647460019 63.4273751039964 189.811377353469
6.32995691814816 10.177747215603 22.5649305896002 1.53227159789268 6.22328495782107 7.82343410548722 147.660041035824 210.366461424907
7.67355852303994 4.36690744851609 20.716688677829 1.30984035336837 7.5544291876514 7.63507324575883 75.1959716649292 188.680918135133
5.84645643455825 4.16663699894048 24.143268714031 1.46916172741408 22.2705833378948 10.1871102088222 237.589035494194 102.533085206393
7.70527790376364 8.21268807194382 21.8177494945688 2.31989529056738 22.9362840205418 6.92937553381586 92.2754097309928 254.733360098815
5.89427630525612 4.95000547158155 21.0289237237686 2.14834164424864 10.702894399105 7.92853338337633 193.97942812528 73.2490759281145
9.07185568477411 7.09284322971933 21.7502217014558 2.222526411377 4.89570795291132 3.04480775904451 142.711118737624 237.152519040147
6.76931493469145 2.41795021913245 21.6912152145828 2.08268303634878 4.00185927510116 0.0897806830227297 135.125204264434 334.530540775304
11.8683436642279 4.03197492993435 21.2144338273214 1.16897602393363 2.31895271807182 16.585499735323 146.536760844571 208.438979857321
7.61478610192586 3.63064613958525 24.3187320051553 2.45392122717818 19.8855792154542 2.33743541456505 23.3210910742561 244.367955831405
5.53814797357144 5.87715848674223 25.3995954996422 1.57596251771255 10.579457445883 0.3859884284446 145.711230171241 176.298838240152
8.64596178390229 5.65569343333324 20.0992517853013 2.5777470269476 7.00741973999294 1.5313548908227 132.728553413624 118.529066451248
8.02538716549505 5.6173194380389 23.0993784138838 1.77921597519541 12.4147185854367 13.174122295371 239.769871842115 159.477119570423
7.06101451781934 5.76584884511628 23.1031027349946 1.29751532188729 9.87226033273379 3.41200542032206 50.9732855836553 85.1470719856183
8.42992424908944 5.27634327347306 21.6573522278926 1.3815317998901 7.31639747034843 1.27527561625324 100.142196278297 114.987995076907
6.21709917997357 3.71883102790406 21.4078670038675 1.09982032434573 10.7173161278786 1.53556731588366 73.1524071904681 203.438814283909
7.81209445637885 7.82351201761364 22.7201362244886 2.7224900254265 10.3364384715642 1.32072156614856 217.527999161995 99.0207830116461
5.80769242285413 5.42332115776072 23.0467280804432 2.11923534930943 6.22190163346604 4.34999952403885 211.894607358371 90.9539526966213
7.31323657319557 3.34766835655499 19.6871754946786 1.61747422434867 13.9083225314502 2.23289710605195 191.058943059165 71.5433380406884
6.00742407155055 4.02543906806571 25.1049400781242 2.40792139059535 13.5778748787461 0.497809879028691 39.1529401219629 236.311059938602
7.48307838926798 4.53389521967625 23.965996185959 2.09727225591108 19.6592907635077 1.32576001399389 94.0605299671235 286.721319237459
3.84845773432086 5.95096549883971 22.5445706420422 0.983048233825 15.8568738503594 0.541826161012848 209.113916437569 77.4832741247637
9.74807608560941 1.88335475294206 19.1515155186362 10.5509423679092 7.04413864155747 1.06580188242488 94.7808857634695 410.776113092281
5.22538502537332 2.69929277875593 22.1285287673858 0.880335423785666 11.290129608469 1.80040727057482 144.297523863813 137.205466502569
6.96258811706661 4.03111864947126 21.4869083102135 1.30220182166241 22.6902907778447 5.035701394497 144.102477041211 88.0519906142913
6.48339953026562 4.41974572147149 21.716130048119 1.07210317425058 19.2325229525682 18.5410957889409 171.908064557301 220.648137734036
5.39085492800695 5.09970277742839 23.6084472703664 1.58977384706715 4.1099792700543 4.58119784590589 263.422045044314 84.0282871178654
6.97147225100098 3.84310426494614 22.1674697260522 1.84880553755613 11.885514086271 3.14551538590024 107.404792329148 224.596064613725
5.3444405517574 6.09568437448586 23.7040647925238 1.63221491511554 13.1522818642541 1.85422236182368 105.2765429634 170.448272610986
5.08983270276067 6.34652512215358 21.4867892331073 2.48960371436525 9.39581029142448 0.338132762007286 173.210981507742 227.397393721184
5.29377541217571 5.01653156345557 22.5959877852325 1.28278803338128 4.45756839420775 3.79393389573667 140.018808945094 104.797176380358
7.12089275620789 8.10674109739207 22.4425329466757 2.82995013253095 8.37049201722351 4.22255643111619 73.8154436277124 253.838533230836
6.00408691281723 2.91495446488271 21.4526956337155 1.77939196980689 10.6740093527105 7.22675801734266 254.929863012643 153.96461501208
8.61734158765024 2.91089862996593 24.0232232556562 1.73912210830048 6.14578487402037 1.27452533562787 83.361626967192 271.114274881902
5.88047364974654 6.02578079281959 22.9464202113324 1.99210945761777 2.77765427907922 3.13511762178216 262.166207784274 124.431196735457
6.36536207437401 3.6551277054533 22.6179893954999 2.43926621846277 5.09739031189041 2.78048612174631 84.0680124979562 74.0626579536678
10.4366272116923 5.55679351366852 23.013093465709 2.23976017738913 11.1075054563053 12.0541642048085 155.927390924163 146.207027461112
7.76978626171727 7.21749648714745 23.3249202025355 2.30290490310652 4.45676891670473 8.66759074511656 184.526249043772 195.23278103802
7.4678839190392 3.53931023235416 22.1665142588014 2.57600452470942 10.8236352545656 1.15915940391372 39.8738194069116 254.268141878619
9.13155641432069 7.01519827530094 23.7916325160904 3.02957506757368 14.6421518568987 3.54840654686721 165.903653703987 191.106885080143
10.2595088115991 1.53287006765815 19.7578488347712 2.70021228498502 4.83438378985817 1.2937146122519 40.695171153432 384.60138731544
7.7607514564092 5.0793626057971 22.9809425139107 3.91894539386703 2.96310959324823 4.75364277562862 158.830602545445 246.589623305719
6.16507746449458 6.53285051979293 20.3886711676145 1.32505159673044 13.874683493801 1.3962343266718 200.498359709688 107.678162841998
10.4734487999698 6.58702070898663 21.4497227519462 1.32783094040569 9.68950633257734 0.974387798492245 222.197855283628 103.601588037601
7.08616737905699 7.12530624292217 24.5976170694535 2.25404213731203 5.99752381824316 4.15476353967188 20.994520205213 251.174826524355
6.16951332499808 3.9340058537705 23.5947955091009 1.58994401877721 5.30900185136154 7.63034418756171 13.1846684485128 265.522706752987
5.94159473541507 4.98993668391607 22.9628983177544 2.48314344842219 8.64595976594249 5.65823465859138 156.317632024478 37.1094707653265
11.7025865369058 5.44594464023079 19.9499135695997 3.02425113398759 5.9405930962856 5.26671181739623 187.573577684447 241.060414987655
6.31276122222426 6.71583429418665 23.3926180427687 1.30019738285755 21.2952304784111 10.1036194675907 127.400506369126 202.255056411322
6.29942669949242 4.41808385356444 22.9243128565139 1.18189219714838 10.3468568211947 8.79734299306357 256.104388766616 109.965686030849
10.0779276293933 8.18278262492402 22.185375941473 1.40641201474206 14.0648061687933 1.13198502028119 140.385984134231 152.665497098193
7.83883088863333 4.91074291435145 22.6858980878654 1.55351906874561 6.45199696227519 6.51667681606537 62.1634603542753 206.4622615122
8.28601060272663 4.06500003094765 20.611101252763 1.27830654557526 14.0577126533384 2.79181493709766 126.14985925313 101.57837961841
10.5562313702889 2.96624547870029 20.7126479661025 2.10555314618863 4.40583376620583 4.42723358849409 86.437793955865 183.610361972328
5.83057133918102 4.08888218026308 21.3318777631763 1.29681613347878 9.5991397822621 5.42968138201159 149.132869579282 193.798255406777
6.60615850344811 7.75012350577972 21.6893831682716 1.48442084492654 6.88593963718759 7.94133419817723 178.683806513953 183.439388987035
6.99384831419461 4.00528575896914 21.2571113022854 1.90912701462789 10.1025637090344 1.32338243223288 96.987788363883 224.650105244064
9.37217749545055 2.73277725140362 20.271777395572 1.99084811747314 22.5956119903812 2.29280071259172 69.2335994211322 326.126875208362
6.36344511407115 6.92745926778364 21.7430726690769 2.18968557361584 5.56746732354829 2.10462190169801 172.118491885576 120.799424560261
6.37465790015897 3.1500824779929 21.061666867362 1.23303349581417 6.7230882594899 6.32943542468038 150.685057600269 184.015461600928
5.24898511824578 4.51774408409478 23.2668600278854 2.29891894995639 5.94441945842711 3.87323932977238 138.151492766487 201.809559960845
6.94485486756648 7.33927997294405 21.0238632580707 1.26052797767506 7.15609912586581 3.81566051769708 112.937784064452 122.180849556028
6.08767444424258 5.24567776635134 20.3408637771376 2.60457904336689 4.5875174931296 16.1078088151764 166.3380709562 226.891269038831
13.9608567180798 7.72152481692679 20.2342707310775 3.90529319037912 8.78036718562835 6.96455638536814 179.665822261857 115.149811074436
7.725500512017 4.73733549952684 21.4350679378093 1.6088067768805 15.1395487851861 2.60429297818974 168.209637364812 203.090919007161
8.30636298498554 5.36670794850051 22.1159229381704 1.56561589968236 8.20987359246237 9.19270964816397 42.3823466365771 131.591832014433
5.93734235333649 5.8125896239393 21.4221924977588 1.83243113937492 18.231310287615 0.803990682109991 63.285671053543 206.287724778123
6.59958999914511 5.93732297809915 21.6659347486446 2.31430190128385 9.894308588803 1.55827578076244 151.048838749375 175.35358705508
7.69334368717941 5.53940230391118 22.2001958651754 0.977417427457686 7.43668432307374 9.05557691755351 68.7912918204964 144.642108818428
10.5152677204797 0.957238230384639 20.1711975319906 2.30202964623841 6.65254094414374 9.1393566159853 45.6677165799319 246.024684059284
7.75809334037401 3.78924334132362 20.8215694297629 1.96618452980454 4.85160241665262 10.0839470184915 152.44241688684 124.079080754759
5.80884372633775 8.11083818837812 21.1866141773944 1.39225752010578 19.0870289252232 8.12217877759569 92.9485839438991 216.114911245829
13.531514225688 4.2936242381779 19.3419554612517 2.23866499320548 3.36859317457374 1.82376068605215 119.75502547773 139.939045725839
9.31105157882332 3.83341949072852 21.5145841222895 1.91755258784526 7.61081128981761 2.31561126173019 107.6534497517 207.000226166919
6.36857466115245 7.06986246058352 21.8909396996425 2.66372852562132 22.307318097871 2.52035819038092 219.051668408059 76.9280927830613
6.26970392716794 6.07546635958896 22.5635971892859 1.38074385338767 8.9046471084027 10.2184262513486 148.89035734642 221.22696446399
5.26369405772966 7.18077926866779 21.9978811753968 1.92701106098094 14.7842880217854 3.76358018802941 191.153003357583 156.831361685869
8.48187875911638 8.39253488117181 22.8582925373255 1.75543854511013 5.48705081597138 8.77633512284316 99.6875567878487 256.34693826542
8.62551479832842 5.28211426586521 19.7812271220866 1.82696200556313 4.16876025046732 1.15121992491944 99.2662818542732 262.888704290665
4.84576753959327 8.25715000824817 25.9925797343543 2.37851413025657 5.69793349028423 0.809234839691756 212.269946103811 69.7428417202309
9.25028075557544 3.48921122618524 20.4362513499923 1.91661174276527 21.3197060191959 4.93919339303435 120.267322913051 233.610220522771
6.71180861578951 3.08667483433464 23.2149895612277 1.4010109613057 10.6551484092578 6.84238025350718 106.642052066472 163.893610094524
7.94642973217333 3.49562318936295 20.7655381399384 3.22834659545851 19.0096441678095 2.73418758942502 91.6352727662913 377.076141287557
7.97459132088329 3.6057773964995 22.1137180567719 2.15544007042452 4.24896239072656 1.69235175208235 131.121996693497 82.8636015999759
9.6494017018593 7.15291462525261 23.3367703111405 1.23625379619235 4.25500131866312 4.12191141162942 119.955808817532 89.8740785120707
11.165609248559 5.62065478455067 22.7083831904149 1.61986097301831 8.38351503306864 5.62458427820881 182.235371669182 111.805688847268
9.68046667565595 4.77204547878996 22.9325008507627 1.226230054836 18.9694801245883 12.4872100793643 41.275300987069 234.747811040595
5.47778931999663 3.08696987662338 20.8570010759095 1.22030838371346 12.1658299685436 6.30362462098324 58.0270666336112 108.916931610306
8.93460855433184 2.26007768117665 18.5619268791583 2.34976644392833 7.46159124169704 2.38810005646939 69.0707710685132 225.756465629185
10.560312699169 8.52710787456106 21.0789099672599 1.45108304747763 7.20568824439215 1.44372987643811 183.198853051347 101.065989986012
7.92241694485525 2.84907430499073 22.1227586879873 1.82701402030687 9.64835798670439 2.13852441024923 22.8438805920842 346.826033935178
6.73481804628396 3.65995244411111 21.9234469214593 2.49054366000462 13.9166488889606 2.34585297899641 171.591338002615 120.781242056712
7.32852779629732 3.77710650623161 23.8729111167525 1.51057479970784 6.74144983381445 23.5363056504442 211.145431681507 185.166788673244
5.74083624608568 3.06747879444055 21.3679856352136 1.50510558404941 4.77501099351729 2.12581800391188 84.9973321234458 221.955990775623
6.2216467140546 4.35662547990962 22.1074957096379 1.64052582871048 5.57896908110183 2.78012653672272 219.884153482678 128.958923099825
7.12937280626643 8.56758097288109 22.8314919475751 2.50132984101882 7.50202472605978 4.63215115753246 97.5829415674127 285.934940400591
10.7854033592253 4.96259406103243 22.8640003470382 3.1058106056467 8.33420600160444 8.74829457414775 188.131764854594 106.355452156626
5.59049759776871 3.67771826436557 23.9142008860617 1.24605603297376 6.96533873732969 5.85427736962554 163.360943229829 101.507319858362
7.74680484806816 4.63163139948872 20.6683730765081 2.55699489931 10.7420036617238 4.64945128717544 182.506997948854 172.287300773822
6.19302344587062 6.44437214030824 26.8223256390602 2.93752204355301 7.80358626556958 1.05145068352254 169.992350143286 162.489650412464
10.1188259994445 5.5726026609474 21.6019610834782 1.68678875603834 20.1424121527363 2.14605983270467 205.138758055168 182.045342631577
7.56722502821274 4.47518053436308 22.6966705673035 2.59636344377705 11.2144781217952 2.32884897442193 38.9799023626446 217.223044087906
6.47140306240286 7.37203317579273 23.1807063977556 3.54611851400409 13.0111972394629 4.08779356563536 205.041582337794 98.3567579733442
7.58950784964336 6.37130793944261 22.8070285184971 1.07801452084697 5.37474055203145 10.0954310491416 81.2931648705504 216.119905604758
17.4716260341803 5.34902876062122 21.4172368521689 1.23884867175463 10.1306170722667 4.36168296148611 70.618429272791 104.063630566723
9.3527648035532 4.94062737727024 23.1581272052331 2.63078883195983 12.5063665625727 1.92339392848973 43.5332673704239 228.662438370432
6.02625286110672 6.78283447537856 21.3763443778143 2.75859520589548 8.51335483673711 1.39397074000099 95.9265480345719 224.96358111429
6.15226124311678 4.76278561188018 21.3230841003628 1.96011263910599 13.3872677149164 7.10553813551018 51.0731378698919 221.121156136424
5.69933892212854 3.90115724735527 24.5148111595438 1.05327315536045 9.35032729505227 9.39134270418027 106.774604447456 94.6792162531048
5.90988280247691 6.12553666314996 21.1014003948668 1.82243449830006 17.9968755352188 5.5444439257308 235.83185313703 125.085178751628
6.98693880070911 4.48272904430998 21.7203114618031 1.47058018682835 4.54036624030942 3.62258524221306 76.7920132695745 154.243982837826
3.49429129745846 9.40052852119667 24.3022459018011 2.03360020701191 1.39923790464548 3.53350999824085 195.084345517366 286.620979428562
6.07820363810495 3.33228797310287 21.2697952650255 1.74282855928764 13.176672819719 6.19822480764381 84.3029506709564 218.005105925668
8.37304397389456 3.6258976186579 22.1400620852042 1.18795667196664 13.5974577011038 6.69713947344058 73.0439762336296 152.849027174498
5.77150882401252 5.22529541137328 20.9059944481006 1.82351233875555 4.31057675785024 9.30638223410999 110.231068184372 208.796881471021
11.757320528187 0.654361337244412 23.5175858972184 9.62933421778864 15.619081013274 1.31800580724905 15.8789901850397 461.45689165367
8.25682207064734 6.93665568848723 20.8221072005349 2.84521954862521 3.67183660294366 4.94546701482547 197.493311831146 101.969899739027
7.90028520791391 6.72367008135545 23.3366330267822 2.10369224564245 10.820301979896 1.49985342440807 166.952977611184 121.754342713102
6.39053139909739 4.97436493384335 20.4314316283787 1.71245136709675 7.95346520414505 1.23081299559727 77.4847557310587 244.761709974657
4.86411956155708 6.50589961055253 24.274373675061 2.69441992826389 5.1963843203893 3.16425660482571 91.7671453895285 180.013932518175
6.98660263964473 3.66971902891635 21.0765823745155 1.01228861450605 9.47772879148729 4.57835927564495 68.2650133540188 101.286003481467
13.6313318865133 4.23376654052594 21.2687773452784 2.052927537892 7.95293737537502 6.33575205804106 145.146148930826 193.038344718015
6.9316757901999 5.21117593664845 24.3122693534684 2.20860809119571 6.36762292872348 1.5497868072363 143.867378350144 193.331794982732
5.30837291662507 6.19811948654211 23.4271386129523 2.25951113874543 6.4836110215344 2.13890992336188 138.144715363317 171.109326392959
5.44587989672522 6.64850840787407 24.5710380512294 1.34765435608576 8.56665797967109 1.16842278470743 170.7534169631 117.349067581221
7.7843604468377 5.17312599533102 25.8254716057453 2.36417425121211 6.18807692135182 0.803596162961427 215.164473395846 94.4319713958376
8.38902340286132 7.17359192242036 19.7223358614875 2.43464603524579 2.13538477238828 5.80294667496079 236.107604429999 241.533232549473
5.48118792876495 6.24430814848823 24.4025602616526 1.94279923051352 13.297750734297 2.12282116880466 80.6229565676541 237.471005581201
6.96570965951169 6.91569928562605 22.956751792359 2.19947643988973 8.6740692642031 1.32518225006626 187.023351407561 124.871582984129
5.40160962227991 6.49332321374252 20.9192806274854 1.11419477887133 6.36907742773582 5.67902206442383 171.151906896983 44.4374907250947
5.68685149698843 3.85306794558738 21.1512138435732 0.964109600030411 12.3807801608369 0.187502815548229 176.514592116983 113.600203148299
9.95883025767715 5.61414403906826 19.3245623976082 4.55081581274485 9.49045579973559 8.81630201122664 141.148179481164 210.551159057544
7.11713255485004 4.77969057564075 25.0005963265592 2.34589760870702 8.95413905006803 0.78286005003438 111.02345773376 283.382929487795
12.8664685710706 6.8433202848444 22.5863201342874 2.23500099430853 4.50733217695507 15.7386080248742 198.472565704822 77.2244838765638
9.46946175045513 5.99173867099506 23.2965266365634 1.36772125629659 10.1684655834357 7.14883412716901 164.280967813967 92.9069959819131
12.0236768088268 4.61567005039503 19.5924787119881 3.45286925123119 9.47725282604189 1.36533888942317 148.341310516133 193.507514876614
10.3947465144102 5.62859539988441 24.6468114795762 2.25171987013302 18.6160363321968 1.25944472241926 226.461527870702 104.999812723054
6.72907647693406 5.03137232399792 20.7034397660839 6.56031858898015 7.025816067926 2.73582739485668 249.629478853873 197.43262815761
4.88365376528043 3.18687299715335 22.7661382501828 0.8230053864537 9.18313276594167 3.6709698269838 193.541606366805 60.5357311882169
6.01718665671066 4.02858540159599 21.7709690208211 2.07527343080916 4.71493132763878 0.888564039280293 148.546151430635 46.855724855053
5.39008333513266 9.86433292599831 23.1667774464303 3.39063740423195 4.29876964189041 1.29071413320681 216.410899694498 88.5463616657546
5.52347963448834 8.23540858855853 22.7911227874534 2.6745379486049 2.66020433430716 2.20040399409909 98.3186856441201 266.474089899416
9.27344940962413 5.24167337000684 22.1515575161636 2.15579180083175 3.49688973572556 19.4058124664365 204.929036858314 174.362143832629
9.72900925332045 6.17595023463705 20.9138404902659 1.29872124849115 1.27371882436251 0.801956605616044 294.120622139099 92.2219608962874
8.72661209381679 5.36115308362852 20.176691338995 1.63312773221825 9.97525049710817 2.01842919695533 87.8548466377386 176.13034778222
3.40744702257184 6.091849280611 22.7578342482561 2.9165493194519 4.86641366063181 7.60130611647438 365.703202913157 128.645673499721
10.4662943783862 7.25023946868858 19.101294138391 2.3568828226581 16.9182188448807 14.0597339369171 149.869052032503 72.3485067714843
10.669673494238 1.87887081936985 17.6160738643439 4.46030792323991 18.4151819438905 1.87502461736814 70.0623705562874 252.097042699473
7.08346066838585 2.19722536878661 23.4437815245376 0.614190931063551 13.9429450889607 2.13612081215556 198.149720164073 81.9334583491716
5.46957759068481 9.13978213085503 18.0141934443523 1.84568985729345 8.06456128086914 0.219552834483529 169.431545058046 133.088202606823
7.98253779531286 3.32631863731732 24.4074363151512 1.46863772874622 7.80959494462088 7.39020895507795 99.0283478200573 206.87420354172
8.80249773128152 7.92962523530937 20.1824726323114 2.27654025072762 5.20514021265066 0.76276299496733 194.838866084834 126.466910597876
6.54505026833099 4.18959923434293 24.5521910212571 1.86101312927779 18.5890439879579 6.32592531305802 150.729369116486 269.254166971517
4.63546024590388 2.37472520262091 24.1053500840638 1.78201285911737 7.01296640990454 2.24792839720591 136.372794376524 245.412196311351
6.35941595322881 7.20442987610493 23.0161603848573 2.39399216916448 3.22148664309784 15.026973867263 190.58818289475 122.880945140637
3.38907483075282 3.17186155513838 23.3031407453896 1.71272869912732 13.1369484559113 2.34567961492085 116.725374724124 17.8496389614758
9.18591631053183 8.48182910276019 24.5270366959613 1.97457833383663 8.58495860451057 7.831589077618 220.555128198662 22.0778904501577
8.21782962917955 4.79012561836717 20.7715442830583 1.95319911539214 11.9658860588629 12.0707229696826 171.251086570364 199.00341867643
7.93358191830085 8.66925328632639 19.6763525133365 1.49901409745267 1.6957789224848 11.7891883252298 167.867227051736 122.998320403751
6.67105438883003 6.08150091145817 22.5257597611764 1.85223564651942 16.4577353732102 3.16095276077782 100.827623088593 236.195985517049
9.31110554425379 5.18409306726536 22.1873906586708 2.05936267518148 9.37912647655705 4.51942957094224 166.556280349387 198.177918872501
5.25093716701236 3.28109051299746 21.6879174652415 0.838009607971262 5.59303271489268 5.3298860512779 224.86571743773 113.337021403602
5.56477727831297 6.78547993920254 21.8902950733275 1.87749485877371 13.5264905796394 2.73515655154399 208.971833036995 83.5005709641533
6.74634761627456 2.3373280692292 21.4542731411022 1.05761660830607 7.33476261091967 0.931695202489938 149.383034145424 254.75630621732
5.87286620784287 3.11311781406851 21.6287139006343 1.13951952987649 12.2212281802517 4.76211104955854 182.542732893837 160.876267197378
5.40448555025181 6.83537075551369 21.8266160117458 1.42442367563157 9.97909593428375 2.53832006139748 85.3240279910596 215.553180872951
10.4409802281375 6.83148785590217 23.7232782062939 2.07282706752538 9.52662053672907 6.19087227742514 199.346797811351 24.1880342984721
5.09911569666011 2.65352605249095 21.1410421671157 2.00646542667699 3.83600397152957 3.96743797128779 44.8571954847727 296.628978951368
7.78231432649096 6.4935055477574 20.3861739103044 2.24974655825356 4.79547221107667 1.71772586273903 157.884454814408 184.13589569414
6.10552403691394 3.46256149089301 23.5208975977065 1.21450998001215 11.9229960134582 6.81450006924357 144.131627800754 137.457815488905
11.0734079645275 4.97274882289525 22.9403985605454 2.23252184614845 12.978633612187 3.96844235212761 110.573668099954 222.557022192941
5.81117029772745 9.25308019448956 22.2505398861461 1.48464887386116 7.84517251343302 5.61313236241955 50.8409617067179 266.51443576621
7.42815927353041 6.50526389322321 23.1439239292291 2.014388045765 18.5940618149208 0.60819716011688 74.9605221289617 259.55593803696
4.71883634924697 5.07543620585274 23.2746172499814 2.1592644230116 5.62784181801937 17.295863502839 170.059397579011 128.751643832631
4.44743947831265 7.24304443714639 22.4750361193717 2.18815240564251 9.73774851814943 4.64741239197652 215.544486262184 31.0244968849836
6.84340202382843 5.55220957500827 24.2799111329888 2.10829393038184 4.59192997887737 3.89003768002975 142.675067376035 214.244652002077
9.58045226239984 6.59485445616582 21.2763602193578 2.31471170811911 4.46762663865641 0.953413045052256 89.940385918129 190.409242816982
4.89807367373005 5.07078645466155 21.4581067877539 1.63760293539274 8.35239463391618 0.963764142222054 191.452558142184 108.236677797881
8.99871383462884 4.91337434005073 22.6078174701504 1.11027329239478 7.65258354571868 0.730121054021616 97.1800620959958 195.560349638129
6.33836804587028 5.07255836672297 22.7819633339606 1.19529640598724 6.7987807339018 14.033040988117 104.749629383116 87.2777070854815
5.74163370408403 9.22216882001664 22.0493472956445 2.73073291956932 16.9503846108278 4.14230800155648 218.434406282961 110.449294828518
6.30113065501858 3.40223673712441 21.8126514627081 1.03760454867723 7.05132430455548 5.88962983419794 106.524390607738 196.064072393204
11.3528637720852 5.62548114469955 20.3638683713944 1.63217652128113 13.0869690945324 3.79128237542199 119.833025163385 260.417238228596
10.9834982554552 3.58781856122116 23.9897621491454 1.50931840390927 7.79663375005636 0.786302768807429 121.124672611413 173.437815640391
9.2040985677589 6.85598406206668 22.3061780925516 2.07917167415744 10.6709392508788 2.18174385920412 68.7157571986409 214.76800154576
4.77793282979937 7.38290210793066 23.7701768137227 1.43332672554852 14.6215827124008 1.50309586675134 191.258871959315 169.606099058155
8.81482486893556 8.42505924823115 21.1570087946484 1.27136345733242 7.87577766238997 8.71827367193948 29.5724287497917 204.899408914331
5.91082686889199 4.57893579167168 20.404372364639 1.84290539679233 9.54289354277896 15.1623266946933 122.760480826969 116.881313118276
4.78072224441679 6.80388278387979 20.363356146527 2.72332986545778 3.39812945550005 13.8894844852123 44.9187346937007 282.490240568609
9.90397318527146 9.44329735547499 19.9411901571006 1.95941974027022 9.84221878592863 2.24508827979072 193.598627019118 66.6842752061092
10.9794164579881 8.73532826604442 20.8423547418877 2.26424851675046 14.3987100909083 2.07364012044953 206.320859970364 179.370251905609
6.70641034778958 6.31034033803768 23.6950450101093 2.30003154993561 1.66994751010897 7.87096478942353 52.9321980537481 214.472452015392
7.54868551533911 3.19921134305374 18.9517552787418 1.95462515899444 3.61607420640959 0.758677822160137 101.253334699457 178.611791839552
7.13032226619046 7.46417419905987 22.9356310173451 2.20460441929427 9.317901119869 3.98346111774749 251.422595026452 41.210504873738
5.42121386878617 8.17535537355649 20.2108673347635 1.35950699345322 11.5859283120809 14.0746630574833 121.358357277943 143.704506334786
8.14237593212918 5.40615084124312 22.2422178250542 1.41210040309572 7.54781410382527 4.18243391180524 89.8208833621246 212.304577966861
6.42818486438273 7.08656711405941 24.8239069119884 3.07973772099105 12.0831079744611 0.931057483908041 152.569959727893 227.9640143401
6.9567745437471 3.89083575524625 21.3395384400683 1.58040521557993 7.06443223336247 2.34893454759671 74.5315546218239 225.300793139075
5.25373525113945 4.43742478852036 23.3469534762812 1.39526889955098 10.9613977030382 2.02452243074545 137.730469827084 192.755259872243
5.31784409511467 4.77209420345587 21.8313557970156 1.89088923969862 8.77009093684874 7.83866419618249 135.432853119098 117.813185541026
5.13658759881917 8.56710695003163 21.59994699558 2.27707857460792 6.49617547726031 2.56644973843321 167.807497911619 182.188677446287
6.84717056653048 6.25747260987911 21.7286743278828 2.60583008864334 6.54889107807508 3.74098390679127 32.6233208444589 322.530365499578
7.86463439676898 6.31411831251305 21.2069816114598 1.52358465729455 15.0954595819794 1.25469786117598 188.175589550275 152.365293359704
11.7419613463507 5.85100266934021 22.8706751221448 2.49623830502377 14.3726929422956 1.64890029520518 122.006235686717 125.80481730655
5.95863895328316 8.53978909474902 21.7651798520125 2.3687908362195 8.43746682915575 9.873331829921 118.950550655603 242.947424559984
8.34177553209358 2.98781803417054 23.9172319486845 1.15411634829523 5.33886523410607 0.962561451640149 141.968052152393 213.320443258543
11.37058987516 7.48574147634879 22.9993358878188 2.32841757259814 11.0110113159564 20.5907623514733 110.617576334099 176.221322267273
12.3535465356196 3.51126977284451 24.1211088988259 1.74287182461921 21.5165156774488 6.11699493277126 194.980903619981 28.9053270442406
8.29367721333804 6.05230640091744 20.3614446857269 2.34456232529509 9.42163952135933 1.29708455776192 106.056977701212 187.246814294991
4.89768335235451 4.50401150959595 24.5147005970618 1.5688823150619 12.2933837161072 7.80485783482135 248.343730290479 104.18420792635
6.97675962129208 5.05711627503001 19.0881869959203 2.261533483563 10.3553444401413 8.92026730358623 160.460385738053 273.406790380153
9.72839036601263 4.75663365122404 22.8493874902285 1.30800232902374 6.62959839481508 13.0351269314891 234.327581515482 65.4931815195061
6.83854972948852 3.00547874961877 20.7326781758352 1.10673526451692 19.6568546561446 1.91077648102982 172.632214507216 191.167809097641
5.97433697995563 6.76943175134377 21.8654051345446 1.75231856276898 3.01127534729703 1.44303505115068 197.89205188309 114.85834609748
7.78504860430892 3.33700910941749 20.4838330026807 1.19298069143855 14.9955765153209 4.78375241654952 110.227610216562 199.117481013525
11.0565978066476 4.87337019530452 20.2891970517847 2.14208656700667 7.53650329956136 3.40477228108761 147.342157238633 33.7783861916532
6.90559401689128 6.38695182942107 21.6441454980456 1.84557307799602 17.0223157802816 1.64329849131913 76.4404218812758 223.483581540025
9.8090815783822 5.03941198592476 23.0647239810761 3.53238139867533 0.818488286594272 0.505260489694204 343.444847876607 208.941125473335
7.32741022883606 9.24244964185299 20.3824387377511 2.69331566559297 7.11762225684363 4.43901625321184 204.994376366488 87.0961181830296
5.72142916712751 4.82962310686893 25.8829139044703 2.26615840447225 3.98321717069812 19.727683654735 142.104228970146 142.387493102766
8.581564569263 3.65453196810669 24.3166033856789 1.38701939249517 5.20975941466709 7.42664534239538 165.934545719139 95.0949980513962
5.33566777389048 5.37724156770492 24.0173840597545 2.53551036889943 7.92208645184297 1.74228465069641 204.011414979664 115.319584893169
9.17785161163001 3.59823640893573 21.5615620004418 1.22930163177585 17.7269499753548 3.52041432964192 13.4970025687696 136.981655545359
7.83106580620649 3.03459277999081 22.2985351085366 0.763414703410721 10.0476363897705 1.2426571832782 165.851268845396 165.718845529013
7.03392083171812 7.66300860126642 18.1260511352979 1.9876709155255 6.83755942084661 1.78027811951758 155.275587423809 30.8306377064618
3.86746078599487 3.7475742348763 21.9815168021015 0.792877923582511 10.472902204389 4.13259550857418 196.513994761171 172.394162066169
5.25922380987389 6.21626616373676 23.1350158724988 1.9770844029707 7.39814936036475 11.5169045449096 169.632342571609 102.164711559982
12.917889203461 3.150219988113 19.8912690368789 1.04710751588648 21.6475597060423 0.236408368611539 86.7873816625684 78.8859240428963
5.85196229525905 3.08775328464521 18.9102419526728 0.786847015046011 2.77828320359205 1.8716239075419 118.661724292045 180.717821609937
8.27313273947724 5.03457819381271 21.5792371883316 1.2011457217853 5.08420475517447 2.71139976259019 152.241763300032 121.137557781499
9.11819953455817 7.04008848591308 22.3976455461694 1.92546678822383 7.21165571799528 6.36102273486349 17.6778715963073 223.274444851374
10.2276315743318 2.56869825297751 20.7457197060008 2.11646256718812 16.5366908480824 1.69940526640098 149.864550482695 315.457250397063
5.59613781851475 9.94236612417107 18.6702860920969 1.29474872752015 0.664971381520805 5.88939127152471 201.335020918045 143.400496369023
9.57128032420374 8.25151977213863 22.4473996730615 1.93949067977471 20.6905667306706 1.25901731050536 120.438945667823 157.194481692731
6.77938201536626 6.22251471730428 21.1958014484436 2.3976277796938 21.2191857188846 1.55759791434215 162.743888459657 181.134064384434
5.11106929044014 3.03533770934745 22.0075433399637 1.30433486819178 7.14346142725155 1.84513880491907 142.854867139488 93.1119170637952
7.99540024640906 9.13866266727178 26.0302343158615 2.00119534281197 10.6971027982248 9.92808957292051 193.538347088462 137.005573838937
7.82641579308552 5.89307467306187 22.0037898409995 1.99129813326322 10.4181886666329 0.645425923376104 113.633962873174 229.096911694029
7.11577205976428 7.83499415837944 23.7189249765668 4.3830074342135 10.7296654156966 0.928369277305269 142.76418967116 231.196337160679
8.77558741380275 3.96296598248685 23.3247212604331 1.51266775408498 19.2958797721193 0.630209181870378 147.816654702406 201.952272461483
10.3486022424652 6.45612782980824 22.9418960135717 2.22855297957175 6.09789313066161 1.02367284082941 168.752382163543 135.154913653645
5.73716526883518 2.77654109473176 22.1494613768655 0.824266790145217 5.06422836191037 0.185547092629624 93.3244471502082 275.364330595319
7.95024953122888 6.30710605930858 22.0292644319911 3.10757345818987 6.08542526288604 14.0205523948046 116.247731129482 200.074810396587
6.40051467136734 3.49004149689517 21.6873188114152 3.11090722846712 19.0488456570135 0.435500525093316 66.4444339929857 275.462894403608
10.0560391656712 5.45468078713282 20.3176487280499 2.81591375035442 9.86193127931294 1.89415611709532 114.724545569551 205.6031666926
6.59084336381559 3.86030434693024 23.6117722832484 1.42597569024296 11.2061641886603 2.0032913309925 174.104318291924 257.556149207643
9.33857838216781 2.72004096892414 21.470083405185 1.88697056762634 9.7634168111574 4.7686385818016 75.4354668091172 255.119093100836
4.73445410705986 4.46312886469486 22.364471293134 1.3901490985373 3.32770500365844 2.43675098173522 241.777603290393 163.170155642235
6.9063979399264 3.9544516025796 22.7871413185427 2.14009647331144 14.4820452246303 7.7800711382645 230.207364889085 242.691413586279
6.99484287524023 6.63803189235185 24.2756652198394 2.98715388209105 10.1379251944236 14.2528009080891 237.471539836737 196.659089916166
10.6556993823576 7.72898562149062 18.9278519799771 1.60375830918712 3.39202545665189 11.1302127144586 327.826321091963 39.1772763495917
12.2692881986537 3.39175312427118 20.676434507452 1.76018639352324 12.451965675653 27.1457771419029 27.7249273450801 143.65689542821
6.29944755001205 3.75962424803576 22.5756530167251 1.11740236198905 4.48256325763078 0.998282042929722 124.380744715269 64.9576396536104
12.7412103275701 6.10188948553734 23.4081808405359 1.17169499974276 8.264318487007 6.87933179404809 249.54538948474 130.576850208688
6.44443301179119 8.08556044907511 22.6255433523738 1.63488636822499 5.81643522148601 5.14345819265775 129.809030282314 173.578830751524
6.65617347401946 4.25440051289625 20.3389477371858 1.91597751892042 7.17994493005234 1.82058593223675 120.842747129228 189.755967996234
7.63563600124184 11.3189824488632 22.5927101027097 2.35588478889717 4.95956226943259 4.9808384412175 70.5807654680463 277.738251978844
8.47445384339533 3.75408109901157 21.0814526629827 1.2427799929013 11.0582229119317 1.8407955721062 117.911589443882 149.140289256945
10.0460887859487 4.35355758114319 21.6937543057653 1.96817089108617 20.156379159529 7.85207137831464 258.80306412053 151.110805291751
8.71269209008347 4.52085706051796 19.0865600589322 3.33509895046641 4.93760761245669 0.141478816608263 117.275947378718 332.016378746
10.6731657071745 6.46432315999765 23.9723123432643 1.6691684263625 16.1427576593427 2.86362305768186 163.942044085002 63.3958106817867
6.05221896750966 5.78183386776844 23.0956812819365 2.18182243728713 7.33870337636415 3.18668550808218 284.40517879124 192.132078884638
6.95001759821836 5.71291285769675 23.3568621947807 2.57599088362795 6.0454203286483 14.8502934731843 51.1885791873967 278.101351799257
6.30199828319761 3.67915249074183 22.0170066468353 1.58268014961972 15.7574013909361 9.90485787651513 176.145863160587 211.263995085513
15.2055159685117 4.95275607462623 19.47543996735 1.98403546403375 10.0823202910942 2.31838471964996 138.905695088195 299.393941277854
10.6789909221183 7.51712598250659 21.8912632562584 1.8031360285194 4.60509118866474 3.69403175790487 174.730598533792 88.9017856760799
4.2710478272009 5.51581062236821 21.908946602671 1.50242332112852 3.93974851919535 5.09193383801141 54.4151084473791 253.46859061622
9.56436314081975 4.1777693155681 20.2664306145869 1.3587251532938 5.98066040226665 20.7719257769386 93.4881898200851 272.910496401139
9.65425170815782 5.98195659956913 24.9543810690754 2.05587141980621 5.71431549489899 4.06668885560927 177.867109658708 165.54993511966
8.58169962382817 5.92944271556453 19.6311977525356 1.61449155590436 11.7623844500116 3.74578326256654 153.062927667116 195.866878163902
7.84645181371171 9.07106953776677 21.0767444022624 1.4800560255152 1.87377198590077 8.1274199509317 169.566408510086 176.932662496976
8.45203405457124 5.59904379128872 22.2841829160018 1.92639255791536 5.83680634202562 0.00197501172683624 87.0647323261387 498.340546494498
8.64617525850235 4.80969121165836 22.8106876780076 1.48965769957802 13.3784690489652 5.0671338590727 154.107540868857 120.814597527907
12.0038121486479 6.7742132189996 20.6339213335098 1.52123405915827 8.13926120970682 2.68348180864953 101.575790191637 126.049209905751
7.54009235614917 6.01276733519687 21.6921353446916 1.23103981873998 4.38901760879913 1.47217427606404 109.156248307854 201.925001497859
5.42757020337115 8.78004725302721 23.8903831163147 2.32333854874583 9.95643931140601 0.18162507479172 208.019438304974 111.974986916157
18.1264944728807 1.35309971809936 21.1215291379501 1.71260536588201 11.780749097519 7.67974499621312 75.0953738445987 126.971607589925
8.33182835412588 6.32404300592737 20.0904050997544 1.86850819832423 10.7345437786125 3.21545409970075 134.610729594701 108.16562018024
6.49237849759177 12.6416909138569 19.4647406614582 3.73911113712157 2.77830958540818 9.73034401704595 156.010383058002 255.369579584656
5.9725521503865 6.22459883216023 24.7697039312295 1.63603380542247 11.0160584411321 9.09611876867948 191.778674260659 180.26021552147
9.736525535406 5.29611080561862 22.2319196660227 1.6018425306443 2.81097447215738 0.677014355089749 226.104906101366 186.361946797328
5.87300637111028 3.95851849688182 24.2990830543553 1.02975279028057 9.99792888731457 1.11773358747078 161.62943501443 171.642922732306
7.17308111411858 3.16475102239716 23.0257325314315 2.19124353015718 8.31722048971538 1.8681694823363 152.872198117822 106.945881211205
6.33497626976644 6.47306730893158 21.6619269761681 1.27432950852526 16.9512786586435 2.71139010846801 153.322155211959 94.2743433039863
4.76186338123319 6.14389789318821 24.3403102301647 1.63753890678699 6.24174189081172 4.65190043969973 122.030830485274 193.419254978417
8.71939972861619 3.11060485026176 22.5881143558224 1.78208538457301 8.56867041944813 1.31167581566041 69.9305008083162 212.856508684029
8.12992778105343 6.51199630060061 20.448217359328 2.64854474731452 10.4589812764462 1.29803590194156 124.722924241166 193.011932704079
11.3026550600936 6.91315157422531 21.4833456999783 1.68514022201404 1.46141475415394 8.70408526790475 400.772790123656 182.384053642805
13.7043930038076 9.91389000335147 21.666664061939 1.56239825749565 14.5477828840024 18.2821963197291 190.708999115978 94.7909949464489
11.1711620645565 5.62337390639523 20.7794525648544 1.34654277219078 8.13339798638193 0.781668895164067 178.574340675896 95.3786062631325
10.58252205683 4.59827319433415 20.1539495108126 1.85220065917305 10.1354462736692 3.30072579649223 124.480340373708 197.137005545879
6.56340757998265 3.69149419986447 22.7290914948044 1.8539816148805 14.4191425461217 1.89706835418662 173.982311724549 49.4495625521123
9.05646278505019 2.71001955217965 21.7952985242106 1.33209975237695 3.54834519279938 2.34064362647737 86.7232022981677 237.20082528129
6.70499301675847 6.99884404194831 20.6649130239919 1.25192946176913 4.18640293739211 2.10988191937903 121.293985448198 100.844475806129
6.94117007503894 9.20188364122275 21.4554130635299 2.05842934983887 9.94927492408381 3.32964500277674 194.823034754471 124.034414663205
9.84221998330765 8.10531013180152 20.506109498045 2.49932765788248 5.41075710908176 11.2574138210748 187.60439528401 126.765041407358
6.96419370408363 7.94713727111496 19.4853265719184 2.41714981549438 9.97947587502171 9.57369698459389 198.193266289993 113.363263064667
6.75411106438428 6.00112583725185 20.9825128818686 2.26406773412605 9.01973510355607 1.58042987337179 217.700752194254 129.998784487072
7.4412918830563 3.32855418628958 21.1282608209012 1.91799190720608 12.9036405090195 2.14218255203498 79.1416289429067 329.252236136876
6.63412036072608 5.83317876495891 23.3711437417318 1.84803503022834 7.5783373281303 1.0035859317122 82.9202810513667 215.247719842007
11.6815121976063 4.35011584311687 20.7381569068501 1.5611186555572 11.2839092347067 1.95882291078186 30.6788399826406 154.113386488634
5.19109508734316 4.07437070039845 24.8414005447533 2.25673065763515 12.5738053836083 2.23945788179333 103.282070565152 244.362079491885
6.71122532096476 4.28949982386092 22.3322373799202 0.966104713898042 7.7621044332948 2.84650519828036 133.857140104122 128.476045562405
8.7446968492523 8.2210551481425 22.5304053545814 1.55677485554783 5.31669275358224 3.63700621992084 196.9191225949 132.438284015388
6.03488408983701 4.16765326043113 20.6316799332821 0.982320464307939 7.59125509384793 6.70910170383602 157.318507256395 199.668628115406
7.93773770240596 5.70701306260309 24.8050431281477 1.68984400793965 6.32160365489407 1.03564910117766 193.331561151414 85.4446052427646
4.68461548492217 2.30997446603519 22.5614845246573 0.847550022870108 21.3379790840813 12.1700738936964 191.864806287977 138.453225251274
7.62580285726099 5.5339392141013 22.1071271871894 1.09385447144399 4.36937762056269 4.17118548772471 51.5799326299601 215.066233979109
6.09999046888655 2.72644797316882 21.9177876998805 0.818276822229472 10.4986600555367 5.53864146092498 135.278746759209 132.094968040534
7.28893291307205 5.82603602240766 23.5027545423382 1.83645703594868 4.40116109782731 3.21970324077357 168.682099169587 206.834501376313
6.75617799984235 6.61666360631966 21.9099121614659 2.8934939180329 11.8292493456652 2.25154439941975 147.393201920105 201.912873564666
9.76008309572078 5.33909462133616 21.8404618023446 1.44584176536986 6.2103668353114 0.439072124331567 33.619444175893 222.521585791566
12.8359238675298 8.5635686901252 20.1880065424148 2.15215926878717 8.68980412867724 6.33153708262163 169.473119116961 239.96514146572
6.49063814311498 3.7255204298896 21.5773523509281 1.75686696584843 4.00672544420827 9.54417573532687 19.4624586303783 174.308294534915
9.15136384896844 5.29769717792214 21.1370688220271 2.40857276786436 5.52903047679476 0.866343578147667 160.820710652028 223.350761126676
5.42387664131079 5.19346016865388 22.8593888807491 1.73931151615659 13.014195171087 0.546997304814703 121.374284929789 204.388203114274
7.40118383467315 4.71369082906598 24.7523304956644 4.36200566656339 5.16621219433342 1.88272154530474 110.677466536538 249.788192729302
7.61261267336869 7.4273832547812 24.7143360724587 2.12095249826343 11.0208798568326 1.22424399423594 208.469291543001 150.045921303047
5.67615318072257 3.89016428754066 24.577768220154 1.29106844941354 10.241254464573 6.5773828853661 193.958933077592 78.4072528121571
6.39858131727897 4.18627372820715 22.5259142416983 2.04055917572234 19.19443662045 6.9647132860833 156.714104211042 127.300181293827
5.74929480150018 2.87189424743539 22.4328346429047 1.54009677626274 4.44279593553552 1.91381639678764 60.9231321960617 246.932228854574
9.68322976791533 7.50192965763138 20.353470798098 1.68579478419779 6.87014015633974 2.69513253828837 153.068980014032 206.316531878852
5.31125186522619 4.88360587276656 23.5820553605229 2.14285237964316 8.08344703566505 4.90893759787679 152.506897576452 243.1638577819
6.92969389977723 3.70703769122109 23.7609902285935 1.63596544155034 8.99802631953632 7.57376092096907 119.725686597958 249.747787150127
10.0831374283197 4.50164520923564 23.8956937361526 2.19804926890254 11.024446033362 1.47395559308035 97.9865624551267 292.927962059472
8.58676031183074 10.5674100721873 21.9837001342419 1.79758967259654 24.0546627279528 27.8316376075532 139.127469664429 85.7743357108467
6.7718690639542 3.27785565080355 22.5017935477565 1.42219402228494 5.6542784907471 7.98112952970214 119.817135767931 190.907850885854
6.81556741046126 6.61592188425159 23.068053232052 1.4992555816385 6.71239117460323 3.93966592537835 191.767248863424 68.8976033334396
7.83896182103966 4.31896554520842 22.8711945190032 1.29335625988842 6.51893888889726 2.43533251450015 111.062911664843 76.1911593840689
6.04069209205993 8.03645901625599 23.1870348575424 2.26237064102868 1.98397805339396 22.5116000144605 198.673436756336 111.88082710268
8.01869444959065 4.22017900129373 22.1858484547361 1.1877267916492 1.06318283246454 5.4610329766052 489.671119392588 123.012888516957
7.88345713704025 3.8762457582438 22.4316868635198 0.819271798718402 5.34135740396915 3.78591070777272 79.9827850540007 49.5833390486379
6.45022257179168 5.90106414460084 22.3566713150086 1.30705898735485 16.1074939480321 9.01210250854179 140.486548814606 100.631662539053
7.79254454573075 4.40292841122161 25.422386683147 1.55723971088687 11.5434142834877 0.41755761865157 173.565554929591 116.94094981025
5.77101256636282 4.80261675383113 23.7494327240106 1.38401755576101 7.28566676883463 2.90199463587286 152.121035566458 26.5250821551902
16.9756853009013 7.2113475567143 21.0703294224331 1.42627133892213 19.2372645111611 4.84293191488169 157.845631478427 147.504897393823
3.65271170126612 1.29760128702751 20.3865095510947 0.273623506031492 11.9721748390391 7.0882253210575 151.725960155159 72.3270394841494
5.84648102251253 7.22617050703363 20.7468385283751 2.32464899672917 7.42804890299902 8.30533073772433 108.6330056579 239.084561614539
7.34349293003679 9.82235866598024 22.1496281635691 2.05296682609665 13.4518624113156 6.7917690608478 25.0398101659146 298.739085631278
6.0307049344427 7.64894090311883 19.2691247635045 2.32496711227874 8.89655701162063 6.26388334735158 124.846864442912 192.745212299581
5.11886387253197 7.32967692407233 21.5563403227834 2.07164194006113 8.00677007811825 3.49538706314101 160.790643105494 208.27243635825
5.71008184772084 9.19767955441678 22.7520617291598 3.01638502388015 2.56778709613854 6.69912498932934 195.605419731603 309.385477421649
5.75115702825132 6.66363148926849 24.0696122011638 3.07074743766782 8.40729110427887 24.9645378152922 106.369473065101 248.71033967249
10.4066225853757 2.16279640699501 20.9110142289576 2.9019750727182 19.0264884922762 1.36172236596558 90.6790736113437 240.590326122063
5.52224730279917 7.27585678070993 23.3280916047969 2.29786282167564 6.22850565728431 10.7973264119007 434.315596339696 133.695793995381
6.7460792806773 4.84188177368149 20.8657350780188 1.48990724144834 4.20933917311813 11.0493444973552 162.303387805095 180.291666792051
10.5192083929198 7.82477500973471 20.9727271983134 2.39993166065316 1.94361008665173 0.498330530871343 37.930138142211 363.068008338554
5.84346587544484 5.67533955585387 21.3793094566586 2.40386268086859 8.0556719825587 1.66539670206826 105.972240312727 208.54630343461
6.25136262261903 4.99054075721474 24.4439322929041 2.50837839802789 6.67585216593515 0.542533462565544 64.2651164644576 299.194154442049
6.15331879295241 3.83242672783195 21.8977185654114 1.41852389833397 9.37214799398486 3.84052833371045 74.1041708660226 229.886268421602
5.20237182398045 10.1958868572072 22.2196674501528 2.60580510455935 5.15282589712035 4.66665198045501 203.305413270094 186.935116878027
7.49125429081059 4.45613510030888 23.5094082815302 2.6093072253556 18.3318784078285 6.14852680489918 213.521945792295 192.432863872314
7.15335875978931 4.48143895588434 23.6845367074603 2.01757410184886 10.5127157680477 1.41409637404407 194.291519182922 186.677012529877
6.93805135437788 9.59526173280106 24.8908844495769 2.06191811371865 7.34562489124975 3.5165999274315 59.309601311358 231.245774317984
6.2822229999145 6.3719614648541 23.3666992164451 2.18753270345305 11.4812445089408 3.71949132953521 273.649771097226 120.014370668687
9.10926476593236 8.05752772237393 22.6254407101726 1.35464627102995 4.33526575884399 1.80820662798182 245.805292901275 76.9076688298916
7.76014897250771 7.96007754316941 22.2653610742929 2.39331580580356 5.74580282506092 4.80274531250739 150.283253531804 152.523912686418
6.07919860981439 3.48836969437701 26.5077398217773 1.57708324999953 6.5470247722768 1.6420105842179 97.7983540363585 211.957761006111
6.28496208914246 4.78250074496049 22.1756699871051 2.42713980358398 7.45208377452596 2.06719621469705 74.2114587067387 201.850450704769
6.14136536740106 3.62565115884702 24.8348290808006 1.14982673933294 5.37873822361044 4.43056293974005 125.748200195275 151.33480814903
11.9373121058999 7.15895755572416 22.2100690862662 1.24201051327412 2.91032084483264 23.4933450374696 103.80303135639 139.58783242936
5.82594539921235 5.41240876159147 23.5822129901815 1.009344545598 15.2690074448344 1.81911896912687 156.406544534835 86.1905836179949
8.14268042828005 3.81777403290977 23.1009584798964 1.51500305502392 16.6769140127613 5.92587122254768 164.856821338743 167.303040098035
6.93263650524211 5.5936754544928 23.2413400826132 1.56032925585148 14.4081596272076 8.3473006229846 146.717911210351 109.751294704847
6.42500777507405 5.22997365915644 23.629952969651 1.53490159660569 10.5484588039891 1.74937929166427 163.595685595065 183.969498262934
6.07544930392533 8.14716661367698 24.8412270465312 2.86286121141577 12.5807209083871 22.451090623485 24.8247350027387 218.932185571591
6.34018413571663 5.16290960901527 22.9090164508023 1.14812618068277 12.4441527316816 4.42012665145186 226.23941080837 89.6707877102679
6.02847313654646 6.08632722154928 24.4851537047201 1.72545833030766 22.0476113884744 8.43841195443496 57.3696115019285 228.383359899095
4.80628873989338 5.16455650268927 24.8482755415291 2.18533240503908 9.13679797293914 0.338543364684164 162.194944628173 246.655563778553
