12.6531351413563 0.239478477324946 11.7510101226923 16.9090699782429 9.77316388209253 5.69824007150378 339.001596212559 488.028619764415
11.0704743852194 0.120058469598546 15.6965444180233 16.5199890603576 16.2637569534004 4.68565389543283 123.019223970413 517.946196370742
12.4862498036708 0.180701348733768 11.4428233404542 18.7265516565608 23.5593360413552 6.70220820701476 47.0713521538373 523.243375026514
12.2249037037609 0.155851015267363 13.8258777840145 16.2252451483282 6.67130555091373 14.3589026495415 268.133344195792 425.824649406854
11.7201267690606 0.181543050596979 13.0628542178496 13.6459869003167 12.4020855278773 5.95692580930707 78.8900831966373 507.750311174778
12.2584186840205 0.24602291598554 13.7388039230784 12.1757117820301 12.1762483009437 9.69809471504107 104.382182961809 457.926752399218
9.28414901047816 0.185119321055955 7.19651246723062 22.9573159270892 13.4955095229157 22.6472690178017 53.5875068749574 513.757198891869
9.47373407137646 0.101507031745213 13.1975690834074 16.2199493248478 8.39643834949193 2.90393721232484 45.2375770637786 512.456665971368
10.9623388449557 0.10541015515316 10.9186256994295 21.1016219252189 8.97500188314583 11.3799406697728 274.331950566548 423.3611023831
11.4624555773375 0.186319288578378 13.9246074980608 15.5003196254448 13.4670777131021 5.71193015376408 203.508715464402 444.564097321398
10.7326606607909 0.326749325584401 7.98390293977311 22.1129782254125 24.1151020556001 7.59559895480326 82.9857369602946 468.824798405984
12.1178638761065 0.460810427718675 14.9665530430961 18.6903250003017 9.11599450863636 3.93556121542644 254.083341140117 489.006683838617
10.848695560339 0.285613955494991 13.3517069651484 15.0205258972242 18.679830458921 4.14446472639306 144.023904008003 441.669963446203
13.5925322831317 0.413238042016086 8.09985651888729 18.849830566372 27.1525030426759 26.4949303052979 174.321979624223 514.635750913504
11.495138618142 0.101072180645642 14.6769509054515 14.9193771293142 17.7304070124901 8.15451295620596 68.5614606114553 521.425464434969
11.5911824161574 0.263223945866534 14.871867867548 9.84225975901648 15.3200707112862 4.56558397775891 216.400110566756 334.214171839196
10.740508256655 0.0945660879360761 6.75556932696233 16.9518843134924 6.88834145738382 14.0069510509381 278.722756699398 466.232462825792
10.3441382631656 0.0792452004449222 14.9965039516734 11.9989905307527 13.7164396388067 3.03873085891655 126.372449244312 509.271458532445
13.3024000788663 0.0880299183707426 10.0961953389062 22.5511877623789 9.61703333114079 4.43274170675439 110.296056375986 501.362914411292
17.4591906620347 0.0942892439112452 11.6147912540306 20.7651994660866 10.3915960105967 16.6067981449298 153.662735603845 502.645547352075
10.3312915804051 0.210648981330652 8.79752228539948 14.8628001648031 10.3793033073314 14.797933903489 165.026710073334 466.107078915035
10.62589443127 0.0901212987088439 12.6629103644462 20.9352379347201 11.6466669526577 16.1552026432126 59.2327833193385 489.38637430794
10.8736627599151 0.195063339618657 11.6396518967007 19.2530755028761 10.378309449399 22.5162516331465 290.872065271154 490.271909384551
9.99400979977963 0.172643519138288 12.7334524014037 17.1447624025194 10.9065123729637 11.4919368341095 91.3543451530703 490.403460223208
11.8352126350209 0.111363470860177 12.8393257386236 16.3638727825121 23.5881545717072 13.06018710543 141.507967839674 517.458589604044
12.0992769446525 0.499659816087343 13.2263703337703 8.78422534495868 12.4662216959496 18.2693292927271 88.9713467224567 418.98501152665
10.9727102236608 0.131092175889054 8.35732938836159 22.3670561301824 18.3671096798469 14.7323550513801 152.65429641847 466.420316526732
12.791041955114 0.0963557295690635 12.0163988028664 18.3312590773598 12.4429847567825 9.62657067510024 174.979429490389 505.21142313548
12.6402087657542 0.0585956004183601 11.2165342529343 14.2739504730996 12.2675650524587 10.8240921573193 206.958695162932 508.318310828138
13.2658874627995 0.0834807841989655 6.92494085066684 20.607436437948 16.4355455961506 15.34052850728 58.7919096542848 522.660575928286
10.2691826645448 0.0800924470232085 8.67637622614938 15.7213744463351 16.6254473022331 3.78069833333076 83.6502883126463 513.945316411945
11.6721302549323 0.0839283411657775 11.7930717127707 16.7427285537717 9.4813902418523 7.50090537469493 186.886839755797 498.037452895037
10.8809883479702 0.180460153205877 9.61097380166459 22.6253114991949 12.0748792149734 4.44707302990827 155.012052825818 509.130579253042
11.9892638772029 0.212163956072759 7.93459421216174 19.4919243790227 8.85355314822629 5.85806682243916 85.5574872870786 492.763377279095
11.8763090621823 0.0952493692188642 7.17720174432459 21.5474359963283 17.7987861052716 17.6042905847491 123.206555657627 469.259220401144
10.5359798777392 0.192074566266722 16.5141816261952 15.0415543098125 15.5170094357282 26.539915435305 48.0095629017131 503.466680604612
12.2461527345861 0.166034867144721 17.8140498346077 16.1225683921192 18.3508448273501 3.52847242285058 57.9822680848886 520.783068894943
10.8133936735885 0.120616912459242 4.74988001605314 19.5587737235595 7.71792659024294 10.0134993542878 184.738914240532 495.939764897114
13.9140220645359 0.171453247279796 11.7291420770277 13.9817154659843 16.7664870509313 15.6962162144961 287.25889621004 472.641608523857
11.885076838689 0.0657107937584481 9.1373487213327 17.2603408425079 20.5515607885397 22.7661107297981 69.485947865496 498.048371302888
13.395609796652 0.144586775670951 8.09597938645085 23.7552259341155 16.682928380313 25.5632327665289 388.971182283011 482.785314700895
11.290137560175 0.095271214638847 12.852080923009 14.112711443392 11.532013774584 7.20485295299435 193.663903627009 525.601141381877
11.2835265893171 0.174311853960858 6.1345779628982 13.7239920977008 27.7111492552536 14.9225421051042 90.0574347074078 508.70794700373
9.79127057281141 0.095103880245195 4.61029713994425 19.0243773842179 18.9554220100769 14.6029511282528 122.611071535585 423.41765212975
12.5391683127878 0.215992438759461 8.00577590543444 19.3682277589519 11.2974830494341 17.6088284563358 37.7943088275926 506.811526235321
10.70107416492 0.102760989672627 8.98310721704644 17.2931692716129 14.4196841862719 7.73140429667133 35.6275106169735 519.402925645085
10.2798949071698 0.124836137314827 11.5473693229992 15.543604640058 18.018676800405 11.3512346010771 250.258949956312 511.530871409655
11.5925429833557 0.0494662845770721 11.7861414085269 17.9564135779485 9.42324155924696 16.5786001225021 378.696108890957 496.336568508286
11.4285165033609 0.212431521470152 13.9026369422154 12.8792187282809 18.8062339155229 7.01996789540951 68.8010109570141 482.635874534162
10.1095836189686 0.177743487809902 9.69321230871493 15.0918241093203 10.0406119073632 9.14820744260831 66.1022425437898 502.240466068402
10.7670395947453 0.153087294054977 5.40287139695332 23.151668592372 17.3856962249084 5.41849207738356 44.9949787116377 506.145953605752
11.1668608300697 0.326181714948166 14.0897648616475 19.0487040855815 5.35323388069097 4.29912242407686 404.401186523398 427.479950340638
10.1687008913398 0.57019406535161 12.7957314142688 14.9672649539884 29.4853085195488 11.2116150564128 136.829508295957 512.261815775134
11.8891963166545 0.289538804358054 12.5541240987164 19.3219598805324 10.6365422065103 13.2466521639271 69.5011691710384 499.076750090292
9.9681153947927 0.0431286562958326 8.76956882448216 14.8256506822424 18.229434983049 10.4304752322751 230.475358603827 516.115427825689
11.9413715943074 0.390845686494938 11.0782254288518 11.5638969379351 12.1775371973365 15.8621095382964 228.936215602184 478.264961980098
12.0091803090128 0.14814439133414 12.6025757434497 17.2855342537764 8.30295188564484 10.2349141870122 475.683692079205 425.24114566697
12.3358468736996 0.124077204040317 12.7982417407778 17.6120786824835 15.3586681633808 12.3120708461204 268.158803674255 507.92191346091
10.8916432835118 0.224626726685555 8.94148449081623 16.3671291861045 22.1089805485848 11.568729410644 68.2871273286924 509.63507696903
10.6147921912522 0.170219552062249 5.84096424935831 21.4932351930699 10.0489762984775 7.83376452418558 302.80458687494 447.786475278441
10.6037688973376 0.121881278105978 9.5398658817033 13.4308925377013 17.0779040736309 15.7074106568459 65.4089697618772 483.392546484647
12.0931372982421 0.185408998618525 2.33698165666196 20.3674685008361 10.937624756621 19.0322917973774 396.226661468248 520.806947789568
10.2117869531497 0.162294699529418 7.71789276725791 20.1779784598826 18.9244293083943 2.0707925753483 181.079498540912 489.308643326461
11.8399473497048 0.277724697257122 9.28319247833368 14.5133932345563 10.2943117664952 23.7942570737615 93.6261522496135 478.869106083391
10.2792986221274 0.0695771472227077 7.97693128915587 20.6848280234948 17.3376308153401 14.3389467905447 286.510314358933 503.897524272656
12.1979972249248 0.335691735121031 12.5386459366811 18.2634438175979 12.4417807365328 3.72034824832213 32.4026929632823 521.897914126515
10.4557380338054 0.123965620168557 12.9597992795579 18.571296505529 23.983269481889 4.24056363200503 220.025544324052 501.285160498507
10.6673351317957 0.160868837513421 9.41379197733498 12.0075407282317 13.3112043477121 16.2794510598056 124.077317810592 504.332022112363
11.1196035699591 0.321021637847806 12.2210992720961 17.9875096104906 7.36435426308096 28.1252455180533 316.159182684522 446.937656756086
12.9972026306114 0.117608099056789 11.8714976541136 17.7594196502305 15.5921859463213 13.1370533791746 17.9221877946421 507.049687048505
13.4020254958986 0.259314742976329 12.935441033892 14.7227008111649 10.1737112963572 3.55364783854065 273.723066382836 500.027980639318
12.0447759571546 0.103186742778918 9.72202315075828 21.1519886154903 16.4848386388708 19.7124969533058 58.8224567408951 504.392063739969
11.6159491022434 0.275661280116076 15.5086556081396 18.9582057022959 14.795902420595 5.44161792474801 176.015499455983 512.243563138591
10.9502757749999 0.083856930007918 12.1051225509637 13.6843854606417 18.8306496780224 11.5777142039774 139.950467220063 490.335552209566
11.2386978198112 0.124075941623917 6.99156274690929 12.1835240422073 14.3626741892433 17.617575226205 169.897328703568 498.109873729142
12.1481851599288 0.137077338585143 8.21795283176407 15.8952584079593 12.2595310500809 7.11480790622019 57.8585528258689 488.9631925341
11.584207905435 0.157963628801184 13.4526248549468 15.8439023908251 7.23054387085646 4.43379199627824 278.202917754779 472.32293154979
10.3210673455962 0.0924956064477287 6.11418547142483 16.9561478091617 22.3447531782604 6.57780541634 131.761076555827 467.735175919295
11.5748844761436 0.0853224409405623 12.8189779635481 10.8562043769239 16.8449210446219 7.9906747978685 52.331979879705 499.963999507669
12.0670622307217 0.176637246282802 17.0717758742643 10.763140166995 7.67372133879119 11.6178458765066 244.363432621 461.061577624487
11.3805713253365 0.157655105401476 9.96048886798084 26.8787909069662 25.651148078311 3.15468254353731 52.8654525533707 525.014861342538
11.8369018136496 0.133937607344701 8.67394682626164 19.698873239021 10.9360338030471 5.20360375022504 112.681118950355 503.234029441915
10.3773317411006 0.048179775431783 6.9729501374072 17.9899267485195 6.54326855706223 17.6699808973572 281.417078149982 497.18950513462
12.3665040812061 0.269706968732076 14.2714856633205 22.6880099112428 15.2184167702572 10.0257110526731 106.788848466735 507.899494707106
11.866435811975 0.158257030719763 10.6358317620942 18.3138171934189 15.0282417373569 8.12307304175548 300.986336463425 496.712227373288
10.4615634770952 0.141954495377863 13.4698897214368 24.0700828894806 14.2588766786279 13.0044061744271 234.995977561509 537.081617447486
12.635973830801 0.309129611409448 10.1206838696881 15.9649761867353 13.996151901166 3.55136769786644 136.471976401742 492.945295772429
11.3652976452906 0.197766631285834 13.5542802203715 16.1755386478576 9.88129723531072 5.60727578527108 323.366165473662 441.717628387445
13.5561698691064 0.114210395937762 8.1168564007889 24.5794480346008 21.9609452376896 18.2166766401952 95.0301536915054 488.608287159612
11.0094005479911 0.121134171204558 19.6696521234774 11.3324166548304 18.6035932973626 0.16037529748485 241.999220582696 532.559120749241
10.5142587647997 0.290754957132315 6.47481030898345 21.8174068264838 17.3634279706161 12.4934189647181 238.260434773968 512.519819834959
12.7693969460547 0.117110846373498 13.0266500301389 14.1632476969093 13.4830107170807 5.92769377538308 87.7770906454195 511.853286399817
11.4510290735814 0.370353774042706 8.94331433372205 20.8109787855698 9.91934653703717 24.72865110021 384.150167038387 460.094952751338
12.1756031746832 0.0930914099392466 6.27719972232296 19.7787060576521 16.0072097322176 5.8309501980424 70.9914199258792 517.73312186883
11.5302591875369 0.0702457337743563 8.55650262447097 23.9958394305029 19.4199942798959 14.6690599397439 130.597619572264 505.316445477405
11.7046246452823 0.268872596997451 14.9670290857666 13.230587177703 22.4838630212409 9.4035796788183 76.3855456850089 498.126714072634
10.72200999392 0.0745804369725506 4.49504423183008 17.9418969582067 15.8051943292425 18.9791900582747 215.309689554104 508.33230482561
13.4201219955389 0.2144187819954 8.42703730565798 19.6985079904695 13.0191147527661 12.6157014810052 131.274876829514 511.214299065432
9.98407706184563 0.359761167041484 13.3791146003825 11.9612689703153 16.1005285574497 3.97495313756851 203.055126842463 494.527879839914
12.2963894050862 0.108078613702134 7.51676574555779 20.637683979442 11.435957110981 15.877521256251 77.1618776365711 475.378408333245
9.24528912243039 0.357527719458277 13.8251828907498 18.0877394781547 13.6934031157868 25.0086729042251 251.182151407198 472.550977819258
10.7709974205026 0.1904550878631 14.034841972975 14.119503235367 18.6450403906589 11.1009669523567 36.7462556918032 464.208904014818
10.8107366401745 0.130090528053781 7.0119214208601 13.6917967978739 24.5619185023063 10.7950496393534 117.118950366942 503.385266707977
11.0676373286662 0.0599928277930489 7.69963094028613 17.0205305370121 22.7470047390024 4.29159741312065 150.733952506543 505.701191513572
10.2866631490274 0.300524975805256 6.81320714171708 13.1583933222411 12.6135965248986 28.0439673581538 327.73069355403 147.749760899837
12.8424213703019 0.0996003576926217 9.91267521029121 17.1857951386769 11.9641462235236 24.8630400106675 241.797669085673 489.945791269152
11.0479855910231 0.234370947260753 13.8726841889834 9.98726497151311 12.0681753919701 21.0041441903157 449.131595136323 459.073111526126
11.9042479590848 0.0453946540372882 12.908784529216 21.2202720916123 12.2396635225559 13.5745592858749 218.245718549198 514.880017722934
12.3627398025158 0.510658948451136 11.1752175151089 21.1118516002515 18.3157772384828 12.6291288128073 301.73954316125 496.64552562972
10.6231303223711 0.317379298028942 8.96612016374861 19.185086479894 9.77536806712355 8.56918082210656 181.867382193563 502.337299288118
11.7475973775711 0.23214025607025 11.2174824889941 19.6243236599133 8.08540314464251 16.2053268593265 286.185528525049 498.919546847565
15.7011704311909 0.0467719504986039 1.94768073208489 22.9808071470181 13.9765654386565 17.7894685235124 132.161642238535 504.88366523837
11.0179573044905 0.087700699309594 17.0481124792847 11.4995962210734 12.1569664031687 7.56662360204109 140.409521444191 515.041427643923
10.4834059163478 0.180361178007566 12.9675988001273 13.1280908346431 12.3627083522174 21.873783163603 203.558396353857 441.406735248345
10.398560754986 0.413227825574913 15.3480085698704 11.1775378884931 9.04948833247945 10.4290158085677 206.468806059035 91.2327575176614
11.6305646905884 0.102122019054067 11.2849602259489 20.8005057250942 17.5449486435983 7.15791145681214 28.7777887299691 518.464014975575
11.6379195818538 0.182044292547292 12.1615721312007 20.0195462772648 7.6385553324869 19.2760878892827 289.264399608481 477.215815031731
13.0459643646783 0.219500383960346 11.0491772108052 19.0340696027261 2.92621061711143 5.05653396725909 85.4598370571314 510.130398395211
9.8711706539576 0.311268964276909 12.1336547965642 19.0684898111714 10.8332021557325 17.4945501224071 219.121030121905 503.043612540731
12.4056250390721 0.0535410541233366 8.90717422082879 22.1171991672765 14.7551188088026 9.09222293120767 39.1240778586041 524.151162289959
11.5090329277264 0.39804720525744 13.2946880605475 18.8802830312094 15.2009503574226 26.6929992986614 134.119149936637 476.015232178559
12.1233155271645 0.215440002991697 7.20114722452357 16.1454856511712 11.4350644099665 11.9599222583682 299.731748685514 479.931525022821
10.3571356135228 0.0820976807648398 11.1949862210358 13.2531479842895 11.1378749346578 8.7775935822204 106.131956234462 499.987936633253
11.1733059804413 0.216068645354816 10.298112575232 19.2633509998598 7.87996024591242 8.53669277851139 200.003774692907 504.189264657833
10.9370821595558 0.0801823589693978 13.9553868599876 16.5346578905304 20.3457767865211 6.71794873222203 87.9354066218281 525.077356771036
10.5356990698217 0.192627653529176 13.1949193972228 14.4533948346721 9.64594917810161 15.8698295480789 229.062554468073 409.16135163879
11.4625122615902 0.103014317762994 13.3928782878364 22.1165202886367 7.30627174685211 11.5812224883201 150.903118720874 509.931389197826
11.7072701413558 0.0484540995372816 11.4663933566363 14.5115869970189 10.1166929749166 18.5271951720323 89.7000531004405 480.966119023113
14.1690338077128 0.060570879832576 5.47181680307632 25.1636347229701 23.853851234469 23.368588611683 39.6571505107124 511.956386458162
10.9129595627678 0.107362202140241 12.6000816683271 16.2476343159578 12.1564410179652 11.348316538915 233.224562179031 493.705358726177
10.6916306031226 0.256117284782117 7.93100689680183 13.2178367594162 10.084872917395 18.3292937988555 93.9171704090978 466.04301137967
12.5763651406902 0.0706142440116312 10.6608550418789 16.7358959329703 10.7141705446029 22.4274683542721 182.18898354536 454.363740519813
10.019438872899 0.286408023026119 10.9511829076325 9.15312747614587 8.01886434071439 17.7972165347105 276.17251324148 487.820330031148
13.0553591218453 0.0886259678110098 14.2802775825807 17.1779981558455 23.2168525214469 4.9127927437212 70.455415126883 532.292362158158
13.0162487835477 0.0777742282514278 7.44892875261168 25.8377273153925 7.33517909717055 8.25347105602874 152.359974277154 518.491695525619
10.5768261791272 0.226039579565293 12.3847842425555 19.8989435882592 13.2789897749972 26.4541534116642 155.472300514324 489.166373141103
11.1741573164228 0.154914086188514 10.2869219516116 15.7961936177325 13.0127588133173 19.7256025096746 128.732367429927 470.690551715759
11.8562128621976 0.090350390565798 10.1183783155467 16.9907587168952 10.3839837831537 9.0708569518642 61.0212890119344 460.205814365376
10.5524165503431 0.119410551017304 11.8094836698991 16.9501231005796 20.278077451974 8.0777164908492 92.2223994727023 507.586974704333
12.9912835579174 0.111926293911135 12.2621554198554 22.609549972169 12.1693265031845 19.0493585661408 39.2355920318027 520.958771694452
10.891495216346 0.19085771367107 7.52582201246703 22.3016563155123 9.95542586816366 12.2504270648453 321.09641118786 481.494304092341
12.0189240721191 0.181422716334938 11.7811090137687 15.9608379967923 8.25596135176842 2.35573173160721 307.300027028335 507.096762656068
10.9280906030828 0.121514493529603 12.6143220344988 13.6973307210612 15.779040601205 12.1676424470094 112.772398812738 507.333463694005
11.1847190254834 0.30589382126416 13.9615326848164 18.8502662349494 7.22557949383031 6.97880903315319 40.2857868679643 503.002351335226
12.1852642581694 0.0561654741079177 9.08375840557415 15.6286462800229 9.64725326833804 15.3176403365353 59.0179244228702 506.627171888657
10.6113120265125 0.13937936574899 8.5340841720898 14.1073309836803 11.8134033198221 9.02127628127985 239.880419827758 481.225969162225
11.7454458965363 0.260505881139209 8.94252343574826 19.0727400326111 12.5960085639489 17.719901551038 252.364715066227 504.688232551482
11.0453895510032 0.0450828771761 11.4213151303089 19.1299540994224 14.795042385902 25.6224415009071 63.0677372896909 423.753174854957
10.5415820340871 0.164274227316991 7.67526474166595 18.1414275591105 11.2588371705038 5.09447786903939 98.4753895157656 472.215085826044
12.9484569924986 0.626480399724451 10.3543275860016 20.2202693983368 24.2227320686968 5.12512904483165 25.0123626952419 420.626397861775
10.9136170943589 0.150716020900059 9.47400513297827 25.4199716589933 6.08530908808601 23.1742532016444 359.218901437474 452.161879808391
11.2859958186412 0.108147119057568 13.5620348821749 11.5366860459645 9.33290555239433 7.013908767021 160.175799304176 513.597141424535
11.1370663173076 0.109621103684578 8.93365041694535 13.3579033520558 12.9023461426088 12.3968572186687 57.4359836284522 371.680781287133
10.9825635682852 0.0566674491813053 2.63455018584288 23.6649429574572 10.7375194142354 4.5709837143211 101.37248938384 524.60531429407
10.6882489592502 0.0146530300141914 8.85982752971299 25.8974506371048 25.8558676342583 15.713245006514 177.713715254041 526.356608328859
11.1000338459999 0.165977149951935 6.58273447723033 21.5954900028644 9.71226025824192 24.3902299808565 139.235542385614 382.916967786764
12.2381034465939 0.227506203335752 8.79304719088116 13.2281826735851 15.6775586567686 16.2009097550254 192.560604170814 480.984110511747
11.7928629651592 0.192402039078118 11.9499704022258 13.5792701550228 10.2905706034738 9.324285466903 189.800043500584 410.779460946378
10.0541183105638 0.271763036598868 11.8250097471429 18.2345090748061 11.298225113782 4.25203493067955 55.9265361942348 482.266006295059
14.1447866231073 0.0651849472984012 8.82019046391217 20.0630676320235 8.38250674851505 10.1043123586664 293.597731269559 482.431542507669
12.1026847797333 0.0703023721785577 7.26102193912111 18.7496786006601 9.89274242078967 14.8633215971123 60.7433834048636 508.531271585943
11.2402089362029 0.169511520318315 9.47681353372349 13.4722525334678 8.04159470962326 17.7046273498172 306.133278245633 441.0381214884
12.7408366315697 0.215298369610253 12.2084141131437 23.4649420020298 19.3642066482442 6.71061482405309 69.3177335044031 524.077417458859
10.8905527885888 0.154535379640444 12.337985323074 20.7035541355084 5.8548703217171 7.08660645473443 223.805988177259 480.934347852513
11.5575520123952 0.147749628433576 7.94120849218121 20.8090405667089 18.9614495907919 3.8064871469798 84.4857649714907 518.70102385623
11.1896574997823 0.128590351181976 7.83618921340706 13.1137657115872 15.4946673613415 7.30963432942176 135.677465201467 486.14283781345
11.0676299224716 0.0409267518802309 9.92421181741035 14.7893401836799 12.695205707243 22.4002415215921 104.944327514649 494.587526218173
10.896314784639 0.126309782144721 13.8443983853155 25.0322333223706 12.8386684069926 13.310426344501 160.633535489959 515.622953703579
10.7442653517284 0.213331058909093 14.7570649037197 17.7773401877573 13.8880558541479 3.42030264913948 206.650029540249 513.307907151729
12.8311631006429 0.094839444292149 13.1288665924113 17.8402740689904 18.726777782125 5.90667477312059 35.6554354356382 503.362512288573
12.3866956152637 0.0808731753730016 11.9532010113156 15.8910903001127 14.3897038502397 18.8119101698816 66.7399388360243 518.769300412595
10.6276225912538 0.142916665901309 16.0341056006789 12.9572137236601 8.33606444536866 4.09058471442625 322.636628359428 495.470219607446
11.7122784752707 0.151669735516516 16.1753708406 21.7791098735457 13.6545752078958 8.37398306188743 184.087284531236 513.952639925374
9.71903912921006 0.303229037402676 12.3516196757366 13.5121180160916 17.5118527811988 8.97015722855497 146.875757858895 483.995866099476
9.93830742330845 0.105736517594407 11.9617861785373 11.2714308264068 21.4699152981444 6.54704821223514 89.6570401725657 487.753881869904
12.8661188183036 0.154596263439659 13.2365842483189 17.9651683296509 18.2893583985928 5.80862991280781 98.2979612606482 511.527453603377
10.1672753762748 0.241955680865228 12.9320148350861 13.2874442982539 7.27699600953136 16.8698312747463 378.23479689769 348.425164773594
13.904510633011 0.0928537656159259 13.6924521365917 19.124637175596 13.2990637605381 7.53670969492113 70.1636670232466 503.865039738253
12.0701573280686 0.130004545254638 4.30402662429106 25.0591435370868 7.57470255148715 6.82459759431102 155.480896376831 473.377063945434
9.92218725563014 0.175883299129601 10.4793868914634 18.7921704742967 10.5115432745303 8.44941031628979 136.672480591038 504.029885811205
10.6889431233901 0.162808219558778 17.2850371569512 18.6486847018365 14.9876278527728 9.96797447608167 172.02267719474 507.557160556439
11.5234875031335 0.115829130928367 13.9642820268404 11.2622795704385 17.3227851346134 19.8898407660043 114.241210136132 476.083718324865
11.0441717555464 0.118549805767012 10.4420698436223 14.5779930844349 7.5198142277015 6.36107102556055 271.199251787009 494.935129446981
10.5400540338821 0.260279952304472 9.77403953382082 17.2429213914827 5.61021496171153 4.19262542105711 106.883388449143 473.091255235504
10.6062824920346 0.173285695685393 9.39159448456309 10.7780004865934 15.2989185739519 4.49981943050096 180.647900028252 500.394838725151
12.4684164124854 0.0722129425306578 8.64209274300635 23.0974959604547 9.61826216811226 13.4440629663308 60.9470899211102 486.643519997597
10.3924622618449 0.161003085329318 7.29755754815302 17.9811057595119 3.29635462996979 5.82563014453153 390.972381157589 509.231254578879
12.79964934837 0.504005267473875 11.8836754287169 14.8110670349087 17.3701522995302 14.665637800638 296.159450183683 448.161740874804
10.5231645618184 0.159505972866399 9.00101911493334 25.4777563434773 7.85381145187937 19.3370498540347 216.578718600958 466.003296435864
9.84082317615222 0.173968681789182 10.322427575665 11.1011217884605 11.3939909459634 5.81369765785935 29.0709914270268 477.359983548982
12.2481564403013 0.200519603079736 12.411817849581 19.7541940977695 12.6127879389581 14.0000854699204 124.113025148961 451.708567471216
10.1999331583719 0.13436270725062 12.8840252527084 20.2371838943699 17.6845608582065 3.81751928952468 19.2427093727183 515.189744875817
10.3935780468055 0.111818423257656 11.6631530596764 12.2156380401784 29.4471678279871 8.00181391655322 215.392003716124 518.547790019719
11.7789624684685 0.126111731585674 12.0469012735972 23.2401040684329 20.7067271976312 5.28003036421796 46.4622110366616 499.418482220507
11.2625503739563 0.106488295639932 12.8581387761847 15.3492193643921 14.9891860624035 3.60872775384101 82.4036666253906 478.034637421113
9.70584782447792 0.575803840663246 12.5428102530992 13.3048208097201 3.22912364756961 0.715572170493983 277.97743500442 409.708612441371
12.5183639745316 0.0395600504040019 6.99190543210187 22.7078524166815 15.8325595295084 7.61307438232689 19.0242362418893 516.558124505981
11.8280186774353 0.0512384595532182 3.51037208259365 18.7823714339704 9.51659880893916 8.19947905515996 329.426914679368 519.285487153566
10.87150946067 0.195907878635706 10.6645304680906 19.178405572044 7.79187072696474 6.8809086986018 196.518005190266 386.315347309125
11.8023655467425 0.156070526477709 12.2718126711679 22.0132465285072 13.7721539549003 7.93277948537746 39.3825480190117 512.133550764756
10.4000532018061 0.169153641431799 8.96256297634528 17.522162634304 8.61941903407377 16.7682091911859 166.388316664798 535.999398430413
11.1440880240285 0.258554364719615 10.2969137758585 23.3469041220114 16.0484339898861 13.1957330845114 265.828211414755 497.114976510997
10.6912139718263 0.188780044484826 7.81805389870505 18.5142730026524 11.5265370786864 15.594544306609 81.5147920915478 498.994028740237
9.77052516839235 0.0761792770381745 13.3175807855253 18.8705014446608 8.2739199114631 14.2884926211683 101.609261909844 421.219925530076
10.3922359596934 0.119648460466582 10.7679963432522 21.590514328266 7.13328942187593 14.901659939013 154.269622852544 508.872250854716
10.6998904361357 0.386854468159083 7.01735624103898 16.6398302622287 9.04201131655138 22.4613966239775 270.183382994373 510.654376194273
10.8135203839607 0.0970789219050523 13.991752302926 15.5010145495982 19.7940641892056 26.1758100826321 45.116188629492 505.074092168845
11.5881542563318 0.156849071382488 12.8386511819178 11.1652887187472 6.35720831285319 18.1683973429766 140.704613849056 487.043883246036
10.7432357455436 0.238347124186963 6.37734849200279 11.7060802702542 20.409764455515 3.51700485518993 95.9250241968683 481.355986635469
10.2976909679158 0.179558183947637 12.8979219645805 16.1628509381398 17.6705781750806 16.5256883662123 103.301132568556 491.074173897273
10.6042995416852 0.243963060897005 9.68086741236449 19.9407620222116 10.1220816792251 2.23230838007083 216.596342560919 514.052912432554
13.7995920945987 0.0566992103348139 6.17340951211795 21.2048938036148 11.3215955128259 7.18743188173795 139.875558161581 517.795874903367
10.4945378433709 0.111283303138296 10.7688064360495 17.708922111251 7.96405742367691 13.4185255029138 285.088506947963 454.803817791072
12.3607392085809 0.0865304312118297 10.6521589919443 17.3722320222795 19.8159676686434 12.0610922178881 79.9198460206694 503.3754045854
16.023073163191 0.166281409561157 12.6522809744818 19.9326116817245 5.71302918673008 11.0117603128101 167.323567887107 463.059005469007
11.4140654823636 0.251302653659587 12.1977528824777 12.7156014293292 9.28620015168165 11.9894782044445 223.717835734837 439.373388363524
10.5013198536224 0.277607871772155 15.2641112908008 10.9635750209567 18.9745689026467 13.1175508548686 290.648993946018 461.571057746872
11.0918543335887 0.0457384297595772 11.737518831697 17.4753375033969 14.4993141574859 6.29301061278808 20.520260215741 515.884752615995
11.0643502009108 0.178611454848815 9.37650932453144 17.9655294788167 15.0192167424346 13.5182517426374 199.608223607224 501.124693955922
9.97623531517788 0.224724389186735 11.7279266811588 21.0718362004569 15.249850933237 5.85046233511232 234.772160918992 495.590970078257
10.021261589133 0.117477816219543 4.01386757566182 20.9102682610629 6.28904188577138 5.84220644608156 190.675736382623 496.931698634423
11.0403244291708 0.105683794526301 4.98389088493319 23.8218841968706 18.6345177975824 4.45154332480932 19.6147489742683 520.515603291878
11.9128051032573 0.227495561478196 12.4486172224162 23.7146474495424 14.8968894198852 4.42670493814657 111.665258563578 527.842291471768
11.5428582577179 0.0965285256566097 11.5769310362503 19.9747991536304 8.75938011300036 8.41811834906848 61.7488468970992 506.776968594894
11.4385842606062 0.0757802728016361 18.5197623602369 13.4513507062292 13.5929006208005 1.067745745016 97.8426000004828 515.170017206017
11.0097091297559 0.121318772348007 10.386135512824 17.6043308611546 8.99990246461831 2.70873547703542 272.836546282912 501.228725906519
10.8463513469899 0.276348299219181 6.15603970746469 14.0779610282132 7.90258507311501 19.8651917577907 166.126378348559 486.214980072081
12.8195573882417 0.163993084858073 12.1900598991287 15.6478404147584 14.7235751607124 15.8751527888491 245.382226119959 483.044361261903
10.2380065688642 0.287258647765009 6.39401065062916 18.2855241889744 10.9261998083396 11.9603628470698 342.088718268346 479.567485144854
11.596573536773 0.0658510406367645 8.50083369074778 20.153301296594 17.2986706401528 13.1532103815916 129.866950699438 519.841807545213
11.8843165520036 0.267845592156679 11.9984829076158 14.165456590979 17.237119791578 5.69747981091792 50.4736040835054 454.491663915182
11.8834341982611 0.205539485056246 6.88994222252398 16.6558723511116 12.616398890983 28.3192837970049 130.936020523952 379.577929610885
10.943810919261 0.14997547705569 13.3118030195362 12.798085432199 15.6622096793451 8.99234950472882 200.772705816704 515.331279758394
11.2979065367261 0.150268849883473 11.5811389167813 17.1685004836704 12.7925007237594 8.06326476704473 87.0338363809062 515.778613832872
12.3300878309284 0.182422238340143 11.2261603412311 19.1027285610204 12.4154772202598 6.89708388483122 219.42773444761 508.988999485002
11.8831278038096 0.0340761849791918 9.30338264584994 16.4483105409207 25.2324251211748 0.124279382812648 139.086654342563 449.06119856917
10.7992511976971 0.167847550528253 8.8055605427037 23.0618931598213 14.2177108304066 13.1643632323309 61.0355491940336 511.252374736549
12.4624133218959 0.224953053709959 12.2607154682774 17.2644161505787 21.9539636542216 9.70333200535442 178.879932648446 514.478056813714
13.3098355352775 0.137015227185703 11.6831683104704 21.1859423340489 11.3499433332703 23.705160433505 53.9853996059405 493.339499227514
10.9628948787268 0.0368076752617809 5.83841827814766 8.9632914861069 4.59328699056712 10.8532772842833 245.645039958865 487.433058894559
12.2994470036967 0.0683461962297862 12.979843035192 23.9573452060948 12.958991190559 3.79431910739436 56.9882370171258 517.44313086864
12.959528091434 0.097541080472796 9.34496696499932 18.4807558909709 12.2538791849727 25.5997100375141 46.3555344603812 504.237106432541
11.8264926612609 0.139777109612182 13.3960213926291 19.5785434612656 17.5908774217921 7.37220800626768 40.3902062104712 528.412867203366
12.3429416989252 0.22629711131743 9.57184505112631 19.270244756987 15.2673675256744 22.5547045007646 78.1708297743395 473.212004329181
11.1195518190616 0.0607679169350471 12.1637761291045 22.9720894586059 19.3555481191183 4.31495690371138 61.0153958789358 527.376338393642
12.367164688135 0.0517294300768166 3.63660587925653 13.6640122925106 8.95782334605302 18.3436852567883 61.9496264900319 501.240792533532
15.9870779936732 0.0684425541780973 13.6320341871247 12.7746302665368 22.3133030952224 4.69929331564279 103.170486154525 496.41425103651
10.4859068559416 0.190340565109082 8.13677777771491 20.298846488033 16.5808310035004 18.0824089566332 193.426489367618 484.948415552796
11.6404845131914 0.0613705002264269 13.0255647633396 14.5120779200699 10.5412540893723 11.0704044841549 165.79587904815 513.030370222579
10.7488484782046 0.158436181768846 8.77508926449779 23.1935962197707 15.6515034282213 18.2775336458443 139.269150512237 505.078315001251
12.714627192191 0.119979678436193 9.72957611837459 19.2685082537211 18.9746707844827 8.67468150757787 178.578055391618 514.269947703051
10.7180513402472 0.0440442064236531 10.3513221942339 16.154660490587 5.61479914439774 2.53147190647175 176.208781414788 507.124679854536
12.5677246428329 0.188689724255506 13.9253475610834 21.7193535862085 15.9726443106012 6.96748513642368 129.43143704266 452.130755020529
12.0147055294316 0.0212016130548061 10.0177667053897 12.8329300900965 13.0964826863632 1.97831584803926 55.4295512163379 511.550296749412
10.8104183731819 0.0784662898671779 12.9465104460902 20.4992592999418 12.1637294359316 8.83749954688625 109.558849172596 487.606960212848
10.3607370871102 0.400043661755809 14.3897884473485 12.0537947749037 20.9781388875347 14.875551178216 336.401800896603 447.978853260262
10.88974506243 0.0584618752921132 8.64079193613033 20.8514441058513 15.5357611215064 8.26331766296646 95.1174250063054 476.762563533494
12.9478591074207 0.124563868769575 9.55610019620714 13.8647808129282 8.43348392745533 22.7586351518945 181.813066257877 288.171501994446
11.2808660073023 0.106413959050359 7.56809149510519 21.5805035822134 5.375164124636 8.21475905916039 87.7931549790501 452.428816950363
11.095711144175 0.0905065844381988 4.66965085216587 20.7741712304221 15.0607248898355 5.62415156465527 244.722959110673 499.659433051594
9.7838879639078 0.0578960583367464 14.1482282152128 14.9987988020526 6.03934873642429 1.35644512394813 61.7344345413234 514.67740978722
11.403569319549 0.375461100920029 12.1218924062385 16.4430741987988 10.2857373842266 12.4013076702766 165.623589982903 435.479090928268
10.0440770114393 0.080902798179503 7.73693376623429 18.0192524402786 10.561452721987 7.46170759159198 341.165197340552 500.719705010203
11.2723773844445 0.159606022582756 10.3502231936128 19.2631831421046 11.8171894644262 3.93568096304839 34.2330468224524 511.125160576085
14.9688122986192 0.137564519333116 11.7122273679749 23.3428387834717 7.7652813806905 14.2182073921251 178.418932956196 434.612622033547
11.7703071374815 0.22308852217463 12.5038078160839 12.6490239631413 13.6057350833686 5.57771975179957 60.2761447708686 482.951618606141
10.482129541942 0.124223449044435 8.82138528569874 19.0038917769562 12.218964875255 5.27163963467537 119.053369493575 513.59666346416
11.9366640911934 0.22031764082033 13.2854222766605 15.7380221263694 12.1818235174311 16.0299423405635 87.5267902110792 461.376619793295
11.1370787324645 0.14174196353587 11.8394883118773 17.1519103047327 16.3231641296918 9.92558546966087 131.145278295682 474.380231835115
10.2510150820534 0.304540468571616 12.1246653831096 20.108244366461 10.4227793807283 6.08108494539106 123.456613836628 505.849725614981
14.3718748138355 0.146637880077495 9.5209582946264 22.2840433347471 19.2687656651221 16.9327212617571 52.7366046141812 520.073598035705
11.9789784172968 0.114114168311359 13.3057737710951 11.2138125209051 10.6778163045517 14.3882073257042 161.025507771132 457.226318616347
11.8419389629933 0.0674281358596406 13.504488794887 12.6469035584457 20.6505785760834 19.9148300052842 66.7795559924231 518.359516710133
10.3420058972055 0.135568191756862 12.5292178532235 17.3525115103631 9.67677974584211 14.8270333002385 222.285242046379 491.169663449546
10.4581246249528 0.439949486462599 11.0361432621517 17.2053388856691 13.0379504320632 8.64592618079712 192.024125416387 418.320640743426
11.0596780539708 0.107025444724667 17.3496779381815 18.0339785942972 11.2658018111236 8.6690258338299 106.40568025456 454.186307893585
10.7292820969527 0.161531526552968 14.4278028576288 23.8890688574688 12.02936179851 6.11163296375392 157.900944624139 508.468396256302
13.8571269036579 0.224290635852538 12.0618727325193 22.8177564978184 18.5521777911617 4.72267552345456 63.3787252865243 520.989972665576
10.569380588411 0.384432048893963 17.6086436819339 11.2493153393811 11.0891608903865 11.6209702226154 187.474211687263 490.288359652215
9.43027736743056 0.109068708690413 11.9405528317525 18.321461142185 9.25330211377858 6.23007655910253 94.8445839487226 476.52398185296
10.5145686089462 0.121735702775936 8.07120769117547 11.3262946607031 16.3420461565325 11.8208991114748 52.3579466807189 508.405721276493
10.4422431082433 0.256047123287128 8.46594635201391 15.6531821619906 16.2645522602321 21.3667727588968 263.384399231456 457.76613314703
11.5275901057111 0.12034188421933 12.3045270447306 8.12341321112498 19.1539194026884 6.81784573948709 134.929768622138 500.794228427859
11.8328581999039 0.080308077149169 13.1002378177152 12.2751756239859 17.488121335878 18.986111081979 139.723887902981 421.824603580753
9.46262269617317 0.0689442715868245 8.33885788524642 14.9781033302011 18.5173931395863 17.064407196868 338.66617542355 319.675732510867
11.5074083063976 0.207213819120112 13.9290817905893 14.9589832555231 18.4947744716151 2.39774374563356 28.0372005031958 520.727950486598
10.2209085305942 0.148264113737451 11.9109389686938 18.5930629767611 5.88203761483869 15.9555708397361 251.446815925706 430.753854740244
10.2294442233235 0.079382961469202 13.734155114057 15.8943897669064 10.6195686618398 3.30019899848194 49.4413498869899 496.116919155944
12.3181997185679 0.0331709616795566 7.57913198662428 9.48620067768217 16.1382174279063 0.969206745740941 45.5764886784226 520.157429742955
13.288687376674 0.0702699597252579 9.5633388442673 13.3477122667167 17.5667656023744 11.6846362977501 86.096003482824 506.878044130175
11.3887389658535 0.218526878633846 8.25922892793439 20.7077687315652 16.7613488561369 5.34775436302865 105.603006972712 516.005367450007
11.0612352961474 0.226791739571189 14.9291273596754 10.1048569763549 19.2791482870789 18.493410063814 392.197470263416 473.496530728064
13.5295046851667 0.112160498017354 12.7559147702132 12.7783136192645 26.3964609518117 9.62119632191848 159.92681955043 505.530711572287
11.6386788941362 0.0973170114862502 12.3482968562041 16.5935104682029 11.1014222626561 7.5262983483048 116.431746992188 518.916162837119
10.745565299793 0.735815743271166 17.4173791961704 13.505253310719 9.82226261861596 14.0774080937892 263.990605919832 364.894662237346
10.310080086967 0.101413820046683 11.8433096956559 21.9016904795538 15.4091784291794 6.23806441024478 76.2016397915707 516.280591293652
12.8472889940802 0.10771339505904 8.0474796852081 21.2788252492612 21.157313456408 17.2108253267427 148.858821001407 455.594067233869
10.6799128634366 0.223354633317305 9.31856416603458 15.134663642082 2.40895049159178 15.1980625177104 123.579673029844 529.775970491195
13.5242358652868 0.0876004336717999 8.95935084180146 21.1305308370047 15.6611918548289 13.0814680319854 26.0850874093204 491.276856861239
11.7325276166503 0.151555450915408 11.3842748521795 10.3236093148465 8.59314184219152 9.06419761009998 232.511845592156 488.147302029612
11.8822976413164 0.194339958177199 15.0404517885478 22.1896252429022 9.74627983864054 10.4840659825762 181.877513565161 486.277610094093
11.6835202928209 0.123481333227645 13.4523571356001 21.6664370539351 21.9242940270643 3.36857641989511 101.149320161998 518.206225854621
10.6454938832128 0.433542818080927 11.6601851551069 12.2886299179262 14.1298491761342 4.51184769893988 352.507324422883 376.991214977227
13.2924614655235 0.0978328250964371 11.2579049187751 19.360551582187 8.2847462932533 10.3641747720215 159.472428676927 516.749646823353
11.8517623167078 0.231918378690131 9.07056020737448 19.0447056908369 14.4325521369053 20.0184516619488 233.717116305767 490.040552839509
9.73879504799985 0.291736433994944 16.6802563677425 8.93727767168446 16.8563053718689 21.1936721472287 233.453059197301 487.469921822911
12.9085719962428 0.0691357952437728 7.22838297158437 15.6659331563286 4.71930969483472 7.67499338012405 205.689206568468 512.029288481851
15.1737325383811 0.261188956296423 14.6994181931093 21.5441023815827 15.7979741645947 6.79643863488549 152.012764160618 511.918145894519
11.1568794763853 0.21867058068946 14.3644338031368 11.9057930462736 12.6652438438574 5.57438971014496 196.458350563139 516.536427256518
10.670390497553 0.237177460745782 10.0852328068313 9.60979414411707 15.3551391480704 9.26317714774684 247.149452463965 355.368926618558
12.8061571290315 0.17997386975682 8.6340934511132 15.4395916128855 10.6362954134547 6.22367978588919 88.10988892908 493.159510839778
12.5053301287388 0.247870172205696 11.1487446313087 10.6711232627909 21.4339936633199 20.9170799398602 105.232990068294 321.772079210203
13.2803759506607 0.125900317599269 3.36243359906814 22.4648482657211 16.4099523485699 16.6612446124689 207.652360864046 512.220273280706
12.1358341766925 0.136337742645246 9.64638547745503 22.5107749069937 10.6549103362949 4.98687010920556 325.618938969041 495.249872487626
10.7608766484093 0.233273968275484 13.8848463030736 14.0181626347182 20.2964869259483 21.533008521831 174.573334391592 506.538433934304
10.6974582599519 0.118905772378899 11.6900437151201 24.6935668454449 17.7836129010007 18.9950828546591 286.208553134183 504.28827072361
11.0249735803538 0.519350793200013 13.0017801563503 12.5794999232062 17.9931818184094 8.94477080086113 246.321712803748 445.319357503801
12.157587548274 0.068128617869228 8.39106398577991 17.5844867301634 21.4691139286633 17.9613152203531 154.307892912034 485.464158010561
11.1034980633884 0.13197631533466 10.3418960734391 25.0312251949526 9.6035923114645 21.6897704088142 264.31611195892 493.966850896223
11.1830533406185 0.22800048131344 8.16640624014923 19.2514424742128 19.8745029235267 5.93060462844917 394.773889751783 489.732346807194
10.8997843788831 0.0752672459039038 6.28105183517729 17.777565454609 14.6442439908651 12.2856787330367 91.9448641287736 474.618341860456
11.1376732466161 0.062156400603923 9.39358082393905 18.8024860342122 10.5987532148279 22.3060497685516 278.530459462134 485.058154001834
12.1509680769522 0.0510889524305741 8.0820263811342 24.0800355327141 10.0156731097709 15.0527747916902 70.005266566275 506.22323661406
12.4318680501454 0.16336712227814 14.2943591594685 20.0491128590672 15.2830217517958 6.395306042246 237.444163087848 501.094351071622
12.400485259148 0.110142075779543 11.174528510804 21.5506930634097 9.29547171506517 5.64832724165933 296.148922387437 498.924286798694
15.7192758277366 0.18898497541887 13.678529258544 14.3318369366902 13.5503031406406 23.1751913394162 380.978112966959 485.332761947414
11.9137433263733 0.326128031431599 13.5690049634773 8.56558881886865 14.7688982997734 4.87087503312225 272.541472827324 485.201781046944
12.6266253681747 0.14739799075045 9.40912020623457 17.8936719996435 9.53154885248701 9.44061656670564 217.417634449982 489.23258502181
10.9697604519678 0.0853876660057731 16.364778543985 12.6858657113013 18.2641337117846 9.33983441769552 61.8769663812224 525.902080587412
10.0040164623915 0.176458549755047 12.527716250949 26.5485888808545 6.54677382638748 8.30886329167408 209.58591367874 493.196004729272
10.3384945441177 0.233178402402027 13.0674070964149 11.5310779812848 10.6587021466353 2.13774672228774 183.691053468175 449.396988181135
10.3917747581164 0.174427386765032 7.46685414654199 14.1311768890594 15.7914415364261 4.87554018234515 103.881087939224 501.554018819888
10.3614431743392 0.272627653096887 11.9731821846862 18.4342540892769 25.6395040384624 7.56816314945788 392.69028845627 478.172951692436
12.0722388150386 0.314209150721174 12.3111541571856 20.2037596877695 10.3173930276749 6.33700568428238 93.109581809708 435.406465816858
11.7636391954893 0.176380779312308 9.41197381356368 12.8380117708385 15.5323567802856 9.77374835755129 180.895813464069 494.066718943861
11.3478204643148 0.0959471893633935 9.44809075457104 22.0630120738935 10.8744231241353 13.8570454092254 136.824252830977 514.87423415619
12.4967184805782 0.13811919565853 6.28197826304714 20.342830294684 13.6364771190406 6.98502494670576 132.232776003092 503.407250107308
11.2527014799631 0.132840493549708 13.2822342920735 21.267940402361 17.299654171906 14.0595336187544 134.338973493895 309.914922309862
9.60015164346633 0.292229586571224 9.73820652393257 18.7507078202573 27.1123000153309 27.8722288041875 313.354560625652 440.71606409107
11.7826107048138 0.17537216275826 11.729797561377 15.8466428445123 14.7453441960856 4.20479439547567 127.22238209686 508.025173002836
12.319197812113 0.0717856689402486 10.1589748468626 16.0745675871138 24.6928412946338 12.4895553450923 176.428057682148 468.639712461268
13.0655819524761 0.29093289724709 15.5722087654847 11.3223825963964 24.5959640289276 17.9996024794753 267.450441051891 473.008894333042
13.6395224103876 0.133906075309048 9.138345138186 19.2016566189059 25.4476812664747 5.5114722846278 155.189369106561 518.476135275625
11.1416590788502 0.129015134420227 13.3761588746154 14.7598130362061 17.9496169432528 8.93588294958331 269.856461492131 451.259496526114
10.9936842749894 0.187785220733471 14.0201422503507 18.1846413521782 12.1716991850817 5.61040816813154 119.543555253974 518.47950617184
11.9850233122513 0.10771014344121 9.05066278719984 19.4174142512597 17.2054001475316 7.78158299817505 100.328314288655 504.910767708931
10.8732999052461 0.185896567060677 12.5798681192138 13.3415734095722 10.2994531923165 5.94755034517119 197.71321894469 469.631342192578
10.0108733210702 0.211530435571874 13.3578077722984 13.538973333507 15.8773569949332 4.42185064751602 61.4994336379011 521.38121687214
12.3067928315693 0.169230659032323 11.0098255326715 20.5104255085345 10.4964181019827 5.6770636715599 93.4341982986177 520.790191999929
12.9416953500375 0.0915895663395447 5.93441312266606 22.1292106905465 9.10948365213941 27.1600681697694 294.783189229268 478.624659465474
10.4183672351341 0.207997342370259 10.9471587167254 15.3207802918348 13.3485351751959 6.73133879070591 195.730857527293 454.498547986049
11.0435444198773 0.198576186856059 6.8955036597419 21.2169523036751 9.68391609452862 12.9118618184424 206.545481276604 504.831388096667
11.7650591600243 0.0787005233005757 9.31246534598558 15.6821246721889 22.6352445146018 22.4386950672152 47.411475744878 521.034759979672
11.9598528929008 0.221923205472341 12.6066475483912 15.8437457105531 15.1060654773225 14.4556807876597 144.958190280847 485.645321302928
10.7680054002061 0.128733065687966 11.6876981439611 16.6664233024469 8.65806677749385 16.9401933368905 155.208069739967 436.516504069987
11.7150597420933 0.238466655329943 5.33537550983038 23.6700373235848 17.6337945995827 9.95607236403486 187.137493523707 501.065643627997
12.4195258551434 0.244373782192131 12.1856518133102 18.4557745068862 25.6193946536594 8.76789580965502 99.3190848752627 472.917324491904
11.3779752983205 0.233607182996325 13.3189938249843 18.0015244211185 15.3257372468083 16.409118889687 132.284273585953 484.475007722929
13.5631280230061 0.239024281867849 8.50074740714005 19.2781173883739 16.7340226823769 10.706507701158 166.953956366887 490.052379775677
19.6692132837609 0.305240248765622 11.8487844598644 16.4445126460726 9.63274212676869 19.3484805915101 208.316976796793 499.967599471559
13.2907427654398 0.145669651758421 11.286681783167 23.4133125418046 6.52718268941579 11.027647730044 114.651282643321 474.890833349393
14.7283461835428 0.141634717618388 1.89057531777855 24.4952375626293 21.3996162896584 13.2608769314267 126.831714370187 477.152644242749
11.6935871091647 0.134358464998947 13.463064256065 13.2509996729142 18.2851270576225 7.62322687109463 86.980111237415 498.41284668201
10.6652909603659 0.186657368199002 4.81111655547764 20.4969711567421 9.48643324311971 22.1087941491849 409.820443577616 464.22866047264
11.4834696678169 0.13216182942814 7.9585615357334 19.9229104408932 26.6838010702441 2.44815336390451 223.968205135856 463.721514756223
11.4646422966456 0.178548251494508 10.2082696809062 23.5566585866715 13.1988151160599 9.93178862992263 185.877107641426 472.801996650569
10.5808803882731 0.185022822731441 9.59179746778296 11.3789332484539 11.0710593975744 15.3469564114012 193.717770085209 376.869932091826
10.1335054110737 0.136809700200703 7.54612866153946 13.5881865188844 4.20123452397147 28.8534879331111 275.335709784484 503.030695441719
12.840961190759 0.0957358407312442 10.4563524882597 12.7702225608155 10.5226998730721 4.2138558933351 107.552602408165 513.745850244757
11.7931985243252 0.218787237094042 10.4055174045399 19.7509264265589 24.0530543236159 5.30243088122914 33.2979907059389 529.911689729077
11.9969945917934 0.12835182040201 6.76235601666657 11.6505587025243 14.1349955983815 8.09319308325734 127.839105766485 497.820548874317
11.8107346735167 0.102273999874753 14.1270653059317 14.4172342815532 12.4658139692087 9.08732478359319 77.9851556042479 499.915362671299
11.0330537812189 0.116497039536138 12.7458585033777 8.5328116034971 15.9397125856914 14.9998436901798 129.424833009634 378.555898901192
11.3729420270443 0.367486767831092 14.4757138625005 18.458414366136 15.3093690129075 13.1168630517508 180.617040774873 474.515463575767
11.9927641948649 0.256383030454367 10.8984075723873 19.4849890817147 18.5704176885046 5.77236681055751 184.594621693855 463.477933991011
10.2067718429624 0.0992789616277016 13.8273722641332 12.3706436282253 11.6367915358224 13.560944771556 193.443007779444 484.238365525958
10.9584870561668 0.100767550892051 11.5955469415944 15.8422127856168 12.7307458159177 5.38203912060264 178.751004184729 509.59090673677
10.1582334632917 0.0971150198717851 6.71752996114648 18.9791341345274 23.1604043118281 5.70732813031271 245.17730837451 505.142457467955
11.6665911099486 0.0834872234055748 11.3232630180936 23.07604326855 13.2064115231865 5.23979026883697 81.964443402203 519.745716175175
12.36018542466 0.212052663709981 11.4321223762875 13.8440248901619 20.1014800842201 9.77666137539519 159.028340204667 436.090405157989
11.2081463202913 0.0911035772339406 5.20369676350651 17.8207321062885 21.9429959989255 19.9726614938695 189.284742663306 450.024355295825
11.3308994146858 0.370578965180794 15.0708911852065 9.96850255730188 17.4962937776217 18.0072154281283 232.750921995029 464.877836416729
11.1015823472556 0.227485577175169 12.580075524367 22.8329615976089 20.8490666166953 7.25935105726971 109.594397593332 511.847913560504
10.1544335043326 0.114364357040334 4.97442564522392 23.6706398561925 23.8603856676941 3.51310837060461 158.00552457049 482.628550020689
10.4569802043155 0.155888627015248 4.24784375599461 21.1603224393195 15.046315886045 14.6100157338147 47.8254752839793 435.80358995211
11.29539149483 0.330407435261323 10.8022280846867 17.855048598786 11.698566054878 17.649172396231 200.970525434572 456.216213457952
10.9191258716557 0.317207127660257 14.5051955511055 11.6846670812087 9.31391369023386 5.46789005306508 258.353332078923 482.341335589032
10.3149857962734 0.121969630193594 13.1916522690633 15.7602517955774 9.86479552893772 17.3524354226986 124.630170781229 421.604933162317
11.1074377846663 0.0728906985109232 6.56241648777502 21.4790398173943 17.1851180853441 3.12394056150565 146.600104960825 514.668305183353
10.8422973305759 0.217184498062367 12.3782520245568 16.9370652820361 12.3109391895803 27.0038680897645 190.257064955392 509.1787532055
12.1067840381826 0.0647260302127045 11.7451799411681 23.0189507081395 10.6977669226544 3.95029996479563 62.7119406862252 521.181226388919
11.7431901544556 0.21264526806749 10.2700580796994 24.5111677626603 14.5654272526343 6.43147794363279 273.156550239385 515.932396789393
12.4082010176051 0.127343953503989 11.6766175592378 17.1095875189681 8.5867976797825 5.95127768573963 93.1740696645393 498.88944525795
10.366176468949 0.343290272855843 13.3659230493179 16.3810809241811 9.82883502619198 10.75091849704 227.305124827584 486.398699000219
11.2172456355012 0.212555060438108 9.66325381164355 19.8257691154915 18.5021515267405 12.8540739529533 217.32841477381 494.458794861467
10.7677796212904 0.0585637582153855 8.03734110008168 22.2313579617911 14.3143521698703 16.49305501802 251.119465181456 516.617267965507
10.8066381018724 0.170558479601028 12.6699867274761 22.5559234411738 9.3396061417811 5.46001659320518 279.480504375718 484.882383692673
11.7744803718133 0.0976551400530167 10.1044524306274 15.8764081588071 13.2295794358768 16.2004664968975 199.094989661055 484.879718379994
10.4117328671546 0.348027764907207 11.4969141185201 14.8166115054881 9.17216714624205 2.84484030277889 112.824081025112 449.228590159909
11.6484380216245 0.198894295915741 11.9516142202847 22.1965990365858 10.9630617914716 6.28116576822605 192.684813708826 509.926627781694
12.4065614447093 0.071914476439173 5.55561057938987 23.7057659835852 9.1377687734161 11.5580981028167 104.461905814747 523.680981729471
11.0509320041885 0.0688047666836053 11.805195781349 18.7792082021881 9.46581705202782 5.27735469964676 118.994865469396 515.781106616269
8.38371088280328 0.206340627610404 14.7656992295711 17.0822179494947 10.8856173550878 13.5518506147267 88.3576146328959 487.035508793816
10.662195421742 0.0668534736366461 10.6143956797316 22.1987953009971 11.5122314377882 9.47850118462996 80.4341811501869 491.253732461812
11.585812990496 0.0999436303316203 13.8410896329865 14.1205678463903 12.9126539317408 15.2627678688191 184.866452228716 461.477903379347
13.3688219668281 0.0558892121557768 7.79947136076586 16.8137342518069 13.8355471430967 20.2144700599944 466.095655241211 494.109819994111
10.1710255239859 0.237389726911254 9.07766925994386 17.7904016466635 19.5445978212256 26.8775892953368 326.935756488007 483.528175269167
10.5129702111132 0.164630254298543 13.6797173419182 18.1919090896124 8.48355939433535 4.63250680968419 160.734812267906 500.606601292607
10.9721935072069 0.179881229090334 8.19673121251478 18.9306514478612 7.49917975178725 8.20196936237608 96.9545960843186 509.74483629517
11.8242742808111 0.0755143719258576 7.71690401296064 18.3806039250705 14.5187655701244 5.8965590245729 245.776529866991 520.213843994913
12.0360536270074 0.132460430944947 14.292284921209 17.1827357576682 5.27540711350834 14.4328515346023 298.092696236669 464.424147933901
10.3970418952354 0.048280351080652 11.8118292209822 15.7172066410153 16.0292476040894 16.1077555099664 150.008241424874 487.280393699238
10.3928026415376 0.171647680707032 7.37902898861879 14.6149449780125 13.9716942175884 18.315761815911 49.7356516972102 521.791134333395
14.1545522507439 0.0952522878684701 10.1004997132737 18.9721784519297 11.7658242360458 6.11905366026154 82.6614791811231 515.035360771389
11.1186451499413 0.130434679560761 0.347455755485326 26.2870490173397 12.699166839661 10.5499475401129 79.1753683292355 463.404450582714
11.8627120476313 0.18301881012859 8.01267290631549 21.7319665795515 14.1197158519983 1.94534851652489 59.6844781835475 507.64451910314
10.6149086667631 0.607201080242496 10.1698271472225 21.6965924096469 3.98574607926274 6.52728129683324 444.6442929255 386.236789850072
11.088756434562 0.269579003577341 7.39788960562555 15.5198688063957 19.2409128627463 24.2158755587487 203.945111267329 504.636748611626
12.0202511752098 0.278214806242836 9.75435611549118 24.4355515587463 7.91738944148071 11.5268473002516 370.945627999705 426.248133493555
10.2677162612487 0.163402792357519 14.1999992807701 20.9283608029931 18.267603599092 6.14875030658853 40.0744430440305 521.449298192111
12.6228194814192 0.227348073135304 12.8139807404072 13.2392570483836 20.0933196307113 2.42004212999249 179.956205169487 449.711352306652
11.4207935258422 0.194367589965265 6.30584404042345 18.1739405297835 18.2683066661019 15.3883155018639 68.32536056978 515.221528283624
11.9459681017098 0.168417375200046 9.37968167461456 20.2155221572586 12.2002149476933 15.4180042620677 152.860898359834 517.830618240436
11.097368598699 0.131717289437607 15.3074390429412 8.84986446759295 22.9917444587607 5.29106110477158 78.6745267581734 508.40232330004
13.067854131742 0.328110815969815 13.4508225242904 16.1285783727189 19.3419510288258 4.14043480765415 76.0637421905473 502.169895208087
9.51985233476958 0.393899161665525 10.7486053296337 14.9137420936761 8.12856574586189 17.1977814743871 165.555215961249 483.309625792448
10.1909127674508 0.292484153588634 8.12357061146707 18.2869700246598 16.4723134358051 16.467329590577 207.47528319272 471.283925778367
12.3044989400323 0.0477988673358989 7.21920768665817 17.6930608069477 24.8579302493959 10.8050723363505 52.1569198489424 509.369899195776
10.729367573562 0.188345611718758 9.37098446210819 27.0160129836715 12.2930456735717 16.5270524315354 252.275895354799 524.745397569036
12.745368520857 0.0404882125630638 13.3755206576883 17.5411042982751 8.89484177433452 9.95152317514678 26.5306985442658 472.380540312089
11.6857393369501 0.166278548707702 9.31620227970599 19.4691810192893 12.8648200016515 6.28102110568529 212.496836350512 447.067916864382
15.6892911605963 0.123951933799995 12.2014234946374 16.1987318814383 11.821332698564 15.3760000946236 99.4962672700771 489.150305401941
9.98934533004059 0.223148202621385 11.7207868436159 16.1836101181492 9.27482387189145 6.82590182134725 130.201300624257 470.186668343558
10.9742445037762 0.105288851372163 7.20832021609831 11.60822733105 12.7291909943644 3.8874074007238 188.518908589018 441.394837230362
10.0550466494597 0.201670565257404 12.4437976757046 24.6985446865483 11.1751581649136 25.5218292315117 142.706766396078 493.216134714194
11.0407797123917 0.125925147714686 8.41890986350324 17.1677270239315 16.6718889734059 20.9518686375888 111.502915385393 476.36003298605
11.1649692397214 0.0957962614014045 10.2144269069801 15.7428701523489 11.6782587924965 17.2018021838246 59.0152132328489 497.217987586701
10.1321572305542 0.162446309493641 13.2112605330339 9.05573446659056 13.0269919844203 1.64199853851383 176.869655765674 462.175512428948
11.9543753772682 0.103208315739739 6.830063209661 16.7382219957709 9.5490402850004 19.2651822543728 160.125646317846 520.701487605948
11.1445782697683 0.335162358695919 5.92104339439325 18.1147264800395 23.6387478104428 12.4128908785009 94.7122160744752 508.10333934218
12.0156825225708 0.254144748383381 10.1128020747194 22.9526168105627 21.0621558983203 14.8042551338727 291.382784488 508.899303787232
10.5284314122398 0.149185499091329 14.6656834833721 13.0613528181219 18.2031646314646 1.0265206904327 101.314771808162 512.167723917377
11.9520696816763 0.0299569947631637 11.7351911930855 16.6770472375399 9.53004722679995 21.2735460809821 226.832180959956 413.553892529394
11.0291905316465 0.200425012067659 6.90019147042792 20.5946927477863 11.1248715434596 18.4053262692544 178.643087716072 485.596947377423
10.6684806884909 0.0879040502447268 12.3079946392691 17.093776156998 14.1377636860693 4.65995585400924 104.483103831363 518.766542429886
11.6443137239808 0.0744090537422235 12.1740015008654 14.5922168602175 12.4659726933041 16.9951942935429 116.54717292913 476.110974439292
12.2265152466638 0.149439117018164 9.62633363803855 19.991307804195 10.4500438023368 17.2196079170473 276.858026173433 473.142120487824
11.0816703368015 0.10704287873697 17.2669239647036 9.70436163608746 14.0259250671614 15.827283103922 180.141227625956 474.246010161343
10.7471510700872 0.141601246430594 12.4225793519524 13.2803556500802 14.248171962567 16.498984390936 274.429998499586 475.420681108331
12.4565822165526 0.156792972126672 17.4237268598237 28.2937133703471 19.0671188706837 8.90862805491934 234.550179783696 517.364359270882
10.5964798258438 0.160584939107295 13.2920858340986 22.6624580772476 20.529936596546 19.8621448117258 224.870941227712 497.016343154774
10.9430702243973 0.203320108557353 12.8800917746922 12.3718433305907 14.731299333987 7.15817385584809 148.276659631863 510.879344451557
11.5569918681276 0.181938810116775 10.0019653039408 18.1718367880711 7.78070367051314 4.98521485654453 323.891160851887 466.63776655816
9.89441951753872 0.22915557629319 11.0689698785186 17.5628651231232 8.1705429648628 15.7382515376592 85.6239830479641 514.549498505035
11.1445648427494 0.347957949553761 11.2411630929198 21.1799924085071 22.1179659116033 8.01506014183902 46.001365420245 511.385674210767
10.6740661490946 0.0679233870626835 7.81306274042396 18.4664493875316 12.3395749652242 6.47442055906282 346.635510470661 458.844832489949
11.4205752697582 0.110709488843683 4.78256070790121 22.6801009162698 10.728171977614 7.36826049546865 425.587332252558 448.438147659653
11.8562294285218 0.110175542599377 12.5671307946735 14.6537387843428 22.5051517724223 8.10633904146126 57.3425548907118 495.548510485189
12.4576490153048 0.101875624125526 7.35311154821312 20.5214878083511 12.6446635425256 14.8461683659444 214.736020871671 506.802644765881
11.1691132984501 0.234907557373017 8.4819124534668 21.9076610672905 21.6531701363457 5.81300608188666 84.445710082591 516.412964270596
10.609611980703 0.404253682826328 3.52419679419757 22.9961181692363 11.4776118644823 17.7027408553602 320.54419167334 372.338953246272
14.2287170474258 0.0787835190141588 9.53294306317097 21.2433735130547 16.2682600408049 2.67211156806455 13.5484966228267 532.172348060346
13.9068811399956 0.250887221408361 13.5343010937018 14.6182679085991 19.204217185593 5.78180626885095 147.019321429415 444.636142573306
10.2272365142222 0.235446854862336 15.0521110508314 15.9801547243558 11.2166030316259 5.5581502534248 122.177027669405 512.832637075606
10.6232008133324 0.161370383090318 13.7298252952787 11.387903718571 14.8780748581306 12.3015837623754 266.283724304796 447.01519737774
9.96674098481914 0.14581778840278 14.4068745180766 8.26769613203524 12.745414144183 4.20391366300307 139.135033487444 523.183087369893
12.2768290011758 0.193627119912553 6.35180762074563 23.8412398747375 9.61661745045073 13.0379487804655 268.772306174222 461.094137043205
12.0795753762344 0.0934411982793435 10.734114413071 16.1998639044987 12.2937255023155 19.3267475651374 209.037192331333 498.424446162063
10.7938571171082 0.0835663691963837 14.0241230128322 14.9308315363501 9.33956104250485 7.6073219066348 78.8887288733282 172.141600371033
10.3793969626777 0.075339932570556 6.44258446518249 13.327776729497 13.2254356530427 5.84543721961018 188.876781217194 503.031929379243
11.3690579624666 0.124315102210558 12.1274221702184 17.9730281459709 21.6690364065076 5.08399058101734 19.4616413119576 532.418270711104
12.8523370872944 0.177482130970676 5.12036942127274 25.7850835490891 16.6471207777177 8.52068897477652 107.678163239367 503.150048360818
10.9357650963216 0.0716822355802469 10.226068355796 20.7880395364709 9.9634530915108 11.897735368214 261.149584382852 490.468925126842
11.5365054918902 0.211799802091334 15.8667454056486 13.8963989887226 12.1990297554981 5.86976875165813 124.018621588582 519.929091866756
11.3793721211798 0.1575188982319 9.00335803794918 17.8966926764631 20.6611914265533 5.49873888255901 66.9182416899961 525.989182904102
12.2428420873318 0.203972217250429 8.72217280013753 20.2319621936383 16.8450837982426 20.6223871183396 82.6757097061519 506.887504634645
11.0922752457624 0.100345434315848 11.8606957892178 16.8187023072052 12.7524961306387 15.7602552070377 78.7217139852226 499.917192202173
11.4385792856139 0.153028336482217 8.80117020699429 13.846082157147 17.0518140366468 2.25003708281709 26.4270112471231 522.881833309361
9.58006589054451 0.115337047268427 10.4927872113028 10.3198099796018 16.5216988259775 10.173553897202 92.4497975515788 465.558001705496
11.7495471360707 0.176511671193655 11.7954046325711 16.4365429863393 18.0485903681717 9.73885858906547 45.9764523341569 465.733095967317
12.9366520652816 0.214425734494231 15.9676851849768 16.0543233058626 7.90359928945764 6.63303389419802 396.481297929382 470.811870379405
11.348294999505 0.153865870333747 13.0996837901349 21.2440075596664 18.8169817691155 4.43253028383562 54.6544638466789 489.223710938974
15.6063111019798 0.131106128909655 9.91720506268314 18.8105348569105 22.3672371730875 28.4986006260315 104.4680463076 436.052942846411
11.7630073491605 0.135020331201884 13.0763111950212 18.3538326991635 18.9613166361962 6.34719413800793 58.031847316312 488.200016929505
11.8145739560044 0.108935029872979 7.8797515166915 13.9458871033362 20.6045906793699 11.0692950454803 99.0113595487368 524.879887781659
10.8778139353126 0.275006391830786 13.2635423664999 16.0412782293229 11.967239883819 2.16276324814919 133.321760378194 512.621495550476
10.3298403746151 0.0702192492089479 11.9995039515847 19.2430682961137 15.2874014280104 5.36873413654765 113.820657969829 513.745910550596
10.59583961777 0.122828020493082 10.7586589853211 14.5990163671745 24.5919374704078 18.6302255265417 170.838673533369 503.517078371416
9.50961549324276 0.336677135518261 17.3810141059131 19.0230284261294 13.8709264382618 23.0211014195566 278.630516621261 479.217940081117
11.2061091175471 0.244890778266016 7.37445859487157 20.1759405314909 8.90157667735762 3.75543990559778 230.37397516756 435.999481331075
11.634466454527 0.198862699437761 12.0823464628242 20.3962596515085 21.6613742835196 3.75152186490794 96.8612609506529 511.173498492749
11.790134321824 0.184339192923887 12.1841632551434 16.5294314847984 12.0657179837602 5.85249475050396 66.0269842163418 525.2721474158
11.717269720174 0.0672073599515228 8.91364635822054 15.6950318876863 12.5723438408189 25.3810644667004 327.420084844338 508.611503865483
10.7911396336459 0.31823393959728 7.80946771836593 13.6317988317624 9.68134567862612 13.0520492280994 101.16181781192 466.134196124646
10.5995211785099 0.128425545874821 10.161642791389 18.5815423979 23.4290359284069 2.30739936859247 49.2414054001015 496.008886287017
9.82799088238729 0.10357003902632 8.77822854551268 18.8737533863119 6.85055633367859 5.6773244408927 58.0073300970704 515.858230291408
11.7131854043327 0.258125571268034 13.1637935577013 7.00008144759972 8.6596216862149 2.9526618522251 114.433259612391 480.918424084461
10.6570855523437 0.326569265219337 14.7071183331003 16.3475031318299 13.3059521570529 14.5842200329198 207.190640032092 478.980189147334
10.7234852640729 0.242102661074793 14.0910312957218 11.5323127406917 15.8221747344066 3.49661964369786 74.9219117134767 501.598431777399
11.1289665624753 0.0807284993280851 18.0979238537537 17.3009526213818 17.3485136852676 5.6485850750599 159.169562785054 408.844151597959
