14.257909202237 15.3554598882603 15.5220131244351 3.66414214390957 0.235971062162485 28.8749218665455 255.245856229044 489.290439351144
19.9831446801471 21.6491197329829 15.2507063077341 0.329364399866886 6.5979504780441 11.6891005141598 115.972394847068 510.202393470484
25.0957315698076 11.6967984610147 16.0364536825004 1.29032041391038 25.6843141672374 5.86142245576749 389.980573547058 427.501690287314
20.1853727250861 10.4883695337963 14.7586548437636 0.747496475736597 16.0954778367993 7.82207906155164 445.601816616419 331.164849865858
26.9345978377968 13.8404965338892 15.9149726991386 0.577836119709425 12.3083984367778 4.39690666430899 483.804902966271 233.78190587675
22.1103124985821 17.4635424887047 15.7916459672648 0.71503527121841 0.306151472828984 7.63575536796665 218.90093701673 468.203374051903
12.241455632405 8.62930412807708 14.9637669595338 0.374882500792598 12.1405651479203 2.24181831217496 491.936466336774 216.009000228218
5.19471728632893 13.6843611256352 15.2475436781686 3.86094461892948 21.0654726635204 0.176355782052581 533.800364272928 436.995113633699
2.75598662392216 4.48507390174897 16.3048274712967 0.616957004274195 13.765137470475 5.76403686403601 504.811369231662 149.854450649004
8.59505917175349 12.0088492086924 15.6579281145166 0.718550863474854 0.939171277418212 23.5891018203855 303.959211396103 438.548222787997
14.4495462129047 5.27673469870493 14.8032387758181 1.14542324507629 20.5769247395563 22.4690547303822 270.982763438392 419.914336587868
3.98219698986804 20.1876243117712 16.2836375612613 0.381425736134196 28.907354502078 15.51728670566 467.189156931609 427.461923221151
11.5102801835364 10.8400798728864 16.1352280538357 0.464803848567254 11.8273469589033 12.70434991334 386.364673825137 424.273491033053
9.17079602823856 17.3112976472011 15.9352315289464 1.02082956032367 2.97309557138912 23.4778277090763 153.038299144807 528.392622102544
28.8952679085517 10.4580797081734 16.4463907414585 2.73659141601836 13.9140424165064 2.96415945932889 496.600775320279 211.828677089011
13.1869608123089 14.3941670076965 15.9453965732687 0.330929231316664 0.597218742217783 28.6466971368226 505.9868530371 386.902186259116
12.1633210538153 18.5231258434208 16.0554243418384 1.16850207661129 10.2153925763055 22.4628665839 156.289612163934 430.609802834514
7.05850734317829 15.3402509011185 15.4216228626131 1.69080545726718 19.9052448907945 9.12866066030155 438.781716524537 448.621227528917
11.2215635171884 23.1834864796264 14.374015012003 1.69131291208198 4.1545832125451 26.3921533780829 409.394289553168 221.219110308605
9.12016446073841 11.3185517334249 16.0678919352392 0.570224127991836 5.77454273158035 27.7307065891681 347.154991182331 388.545178753415
20.7091847284614 3.41996737992157 16.0102925325381 0.309476688740607 2.62331140279911 21.3836160730462 433.723998399115 429.803123057111
8.96988537230405 10.2641748087173 15.498593896119 0.954652584004687 21.3881168020681 16.8990210267397 484.188765257775 296.851890012967
13.7982962664507 6.5181480651063 16.0616832864476 0.257254013229254 8.97787177718529 21.9369155502054 44.7985314798839 373.953995713025
16.223384798174 8.25537337582096 15.0053828070292 0.424024700260574 15.292223363408 25.4700348587563 421.847281547739 242.030979088234
19.7425924469875 4.66543719337858 16.0310806281351 0.631822823106543 11.7736693417824 15.8115994701943 494.896916330634 485.072079100347
14.0895508354608 13.1331768807725 15.1322617863974 0.278488673518718 6.57539264993723 22.4424718314419 369.889448426128 405.659965315403
11.105074603445 10.8906481638129 14.6445632741285 0.523274937542813 6.19035769490476 21.6273758350309 491.099450966711 141.811483028253
9.13714437382737 22.951639956579 15.2336636230008 4.4881841628156 15.2710632100068 29.3123797997351 515.271111883147 208.755578963618
5.17451201508178 18.2693255922495 14.5447074261861 0.557057670946612 6.58387470989755 23.9707774644643 517.347810958403 219.211553716258
13.9361722080257 11.653326225649 15.8394802552214 1.24621260169641 4.16252166138248 20.2114439247053 474.365576929288 379.681461515453
7.67195845525439 10.8727114757763 14.9095397977564 1.03347842099882 24.2583750622982 8.62545710878995 449.137445110946 314.408463877726
4.09941506514003 7.64043693400201 14.6913568326012 0.108836915602729 7.0810800920546 8.00877940378734 387.336017061998 539.815752901992
16.8501538640186 2.60856467990371 15.9833685870297 0.363606507557805 9.00443549512408 27.2120069585218 393.104451327116 479.498545734189
9.96977990332039 29.3280666440577 12.7844649111367 2.55778846334231 7.29440079547841 14.8737409557419 345.541200206131 493.345059636866
25.4634549930109 5.60487414223279 15.0889475928829 0.365254781558414 4.19981238431304 8.91629259703581 508.186329422398 409.447600398896
11.7870182385414 10.5444942884298 16.554461131252 7.62532501467196 29.8070847072136 4.44511583669755 231.676115125687 521.924376635911
12.7481154060983 5.60128172538509 15.5294078596062 0.214031388293395 8.81882861483738 21.128135127595 478.834331912752 434.713416503855
8.86724567448718 17.9893354302142 15.957524301021 0.812341379320487 3.96303961366667 18.3592894540093 518.227898552252 438.728516847925
8.87729228354818 5.61626480888188 15.1515216250651 0.13078757896526 8.68513823703087 9.94739309692477 282.313729849242 410.169556715095
20.6906456214585 19.0471493262542 16.188917656508 0.250475574205702 5.77333226863049 11.8629035970279 451.308360875031 168.936647972433
6.76396345655656 7.59171783565744 16.1090977204946 0.988193691457444 17.9001328482158 5.61700396316708 343.109125020757 361.929600006586
13.4512560770144 8.40169193163776 9.89066648267166 4.3552461402745 0.500036624336844 29.5051892454749 482.17574278702 289.701332173536
10.8940490948936 15.5199807142971 16.170495149149 1.19688319328916 12.0484929614993 16.9118036210676 322.792202383624 445.941068023624
11.4677548646283 17.5148894380236 15.7661629930287 3.26778535768437 3.16620163867304 18.0400217134289 326.175670787671 336.067240380028
8.614243550091 24.4559774739327 16.0277905423968 2.22996653619905 14.0382787510598 14.1105153449927 369.33190767272 502.322517880105
6.84626925576881 18.2978578668664 16.0464702039462 0.581973382883667 15.2856889191026 27.166323582625 388.093197132913 336.872716404216
16.5490925796852 4.82730810727288 15.405581458386 0.443820587001102 21.5065507962854 14.4831108070762 125.257606931334 488.337248340888
3.63226530811485 17.8086836170383 15.1849637791739 1.25727728659684 26.1003514369436 21.0722807182436 468.734969444918 470.342093249804
26.403983444586 9.36065079964424 16.1452085039828 2.52611638339195 25.1485001611028 4.18989177697928 507.658666832693 380.776891827242
28.2144663964862 18.4437103499028 15.9167993016358 0.0256847054786456 2.66018183561444 22.9426994093811 287.582928823541 479.261959557157
5.2373829231532 19.8826373597422 14.4994832705242 2.51059677741934 25.1873021442617 18.7480601527129 438.285220025646 203.308312714199
4.37969824106028 4.48911282956181 16.0653599013433 0.482524546958565 4.25648682195871 6.93527473722875 45.8536884596423 467.198886011965
22.0771951493137 13.2285516589917 15.2140419551098 1.90210193593847 5.94445947641531 14.0137424350642 510.535114155846 181.874286078153
14.7690408258734 7.25492600237684 15.5160150272687 0.463316987251069 10.9647163037397 13.7890066121998 187.062009576321 94.9553729279326
18.6129660816834 7.60492242037386 15.7010340970788 0.324914190443011 9.51213981176479 16.3554011658396 382.435377166488 258.701737788167
12.4857305637536 25.7832780281215 15.547346466676 0.506878178684594 4.82949897459139 26.059938866719 264.0401560761 467.318813901399
14.7636420440007 5.5594210998419 15.7516147156781 3.38048883585358 28.4187015615678 29.0042167858058 331.542034941927 531.397392059787
15.0329668270053 14.8381389460298 14.8493951326508 1.06056497334786 29.1591941547957 19.0351855828112 514.208714860151 535.504372357341
16.0681289976312 22.7378517675365 14.9087877636351 0.311159293095431 8.492798833414 18.3267472696417 503.008738564628 487.251629655763
24.1836148495794 11.1834663758385 16.1820874737469 0.63181559260973 6.20290949859473 1.91370552914311 378.621672601718 519.290741333846
9.77483445718301 21.9528924068495 13.8578004391765 1.83241364032301 14.3510006747305 23.4216850774006 349.079455302894 477.637797241287
24.2804283616007 24.176812769619 15.5189415628828 0.00957980819905786 4.79332398986847 10.9420425350836 100.165848207098 491.49374145225
15.5616782922904 11.3036604186054 15.5864037108052 0.437166385107961 22.4535987063009 10.9396451950912 411.516659382342 177.413759225197
18.9664697412057 5.14577958266024 15.8896924020856 0.628972595248872 22.1719438962505 17.1772335776 86.0898250589026 473.039191597104
11.2941320930275 7.38648689844081 16.283081131923 1.58186199349077 9.52032651381957 18.3125828217098 175.422498658743 454.086900892262
16.2292445926153 8.30847297842003 16.1913410101597 1.76525260910956 18.452834990833 0.0246158534344032 450.859198085959 286.499969608928
15.7854063999448 3.2385437125478 15.8057600009387 1.0997203754428 5.21920934799 28.8155540830517 500.432059087121 519.151049888818
23.6160210932415 3.84120100629542 14.8272660723215 1.46304411961822 24.4087483918043 23.5993682963488 314.933423195692 467.588691528712
16.5774134912063 3.99963806325853 15.4511141255325 0.318729839823875 15.0585245739696 24.0364241548205 258.022528552201 401.153977334291
4.60679630120348 5.18637431475771 14.2650842363527 0.67258264076051 21.9409446026499 16.5840726296893 441.184218283917 433.506779764611
7.86010979406851 9.65290267901175 15.6944687614831 0.965720915399259 29.4474442111255 14.0759952191723 452.104723439792 370.021169111318
13.5999424308882 11.9084552462732 15.9458188637609 0.729010912851253 15.9291572551008 2.71207890309101 463.713626180397 282.065632161169
13.3359181176115 10.8863746387964 12.4133291149959 2.73568925208946 9.21994368278659 12.0588868424644 526.94320519056 142.481093187317
6.23113445612036 11.5169505436398 15.9668214530247 0.690026539382276 15.9961925253122 13.8576344703164 386.269921595505 510.308670443227
26.1336966441293 9.00739441558089 19.802248779339 1.09283750793322 29.6621401024125 21.8074890388367 343.823013932275 483.748344920906
23.3738675487875 8.70321213761542 16.0015944236555 0.559747450110624 3.05293113993405 10.7932061956014 462.470754462915 337.083500962315
16.8894297282438 8.35178230100674 16.441603538246 0.101753022046247 23.8618092174554 7.59752832651337 359.564670792369 459.81961458527
15.7195477532403 12.3295304783349 15.9148182858263 0.7553293451587 27.010315753966 13.3862535659079 208.26571767902 446.869242470213
27.1006204113462 18.7916500374378 14.0038319985183 3.92999582110676 4.43189694704218 0.956516854591293 532.307572823198 101.825059775705
18.5274114090772 5.85651431019503 12.3535622503355 2.53484933893659 26.6697094440499 9.62733831399501 316.464204098674 519.821780288276
11.0946594276341 13.8324450809236 15.820425927476 4.35830987983355 9.99833132096971 22.8602845798993 483.494076463923 399.895751843199
19.2102466820856 12.0113605391661 15.0010841426952 0.107796385382819 5.83847057530126 12.4878359755201 502.678034992203 401.215888984005
11.8855381223863 7.27743425786652 15.1894841223131 1.13673332948362 2.17789404193029 24.9819959072092 502.706079464614 475.792846982209
8.41863125318926 7.62361061613672 15.0346492258216 2.08714910588124 21.4445927398229 24.4746616061844 429.467273812051 260.754908459596
25.6961929881865 15.1292798079728 15.8071573139737 1.8150453561955 18.9970648266546 2.36237251658307 447.350319646506 163.415613503341
17.853131081487 26.6761042453697 14.896247730197 0.140602000314155 19.8581856832124 0.39211276724325 21.7368049285247 225.699476527747
10.8333872361756 4.9177390411484 15.7261170144922 0.029475313575173 29.0732649284319 25.8420149464076 374.122598080918 339.199951980632
2.85914706352043 23.9795666899463 15.7182801367768 0.0487355117961996 28.9295461347504 11.3670442234858 443.447305226937 137.070341515247
16.9745508108634 15.3625776419766 15.2529240474354 1.5793468473669 14.902420201049 5.61426370944917 428.246008542959 268.907801422008
18.6112782434878 12.22159434897 15.9087577503942 1.366725565079 4.70404028860122 10.9660052269351 265.003016776767 431.278425367531
6.3102138346245 15.1247808348486 15.1650737850948 0.468401262125359 6.79026560875393 1.17306684810829 485.296793712506 258.625005985536
15.4386229728751 8.15753252924229 15.7927791103045 1.16031313882793 8.60547021908347 28.2359242265659 125.975862607124 492.457291269705
13.8460259054811 10.739812394346 16.0634980007124 2.10008042445318 3.96231424561479 23.4247261490811 268.892627542367 521.080249049966
8.93034968305139 5.07217342047671 15.9703067999699 0.311901211245519 3.34147616007707 11.8820911176906 292.193680060915 467.393824307113
20.5467836385058 18.7614808319229 15.8105045205213 0.747312110064683 25.46305968123 26.6908286034707 505.177868003188 123.787540052109
15.180945356962 14.8556612526314 15.302654556098 1.22994330049299 19.5105963432436 10.791901115939 244.654556441194 291.846521929284
12.310978610414 2.85792038975285 15.7698461283167 0.791348477713594 5.11421564152994 21.1316903943829 204.433150367747 536.424535218705
5.48221384976819 20.678106140304 13.973792161692 7.63304964709936 9.19929480103994 8.40084692838436 408.555875632118 486.445145506403
19.9120042424901 28.2917117642743 15.0505097673765 1.13939875828284 12.3176957685156 26.2743604520601 244.056031089186 215.460631509389
6.0795329563952 13.4824073626281 15.1601211639898 9.62839757095971 10.4754775994796 18.3439703743702 521.027318948979 497.148013174685
10.6350270477214 18.1171514352308 15.6899648910247 0.216758686654716 27.2778176707824 21.2773861847594 181.233525722787 293.732640885414
12.7972924042914 11.8263283503008 15.6587771773265 1.85342403741502 15.15030583511 13.7096803976416 481.82662018031 119.337826630269
8.1351496512297 25.7452832913055 16.8475942947083 13.7788271205801 5.87053619707326 12.6255885696961 538.322462361747 473.170889748612
21.5493950609608 15.625158606662 15.9521184544686 0.166959139844314 14.2029226749899 9.31809872807455 293.511320996088 13.5604381247547
17.2875743028903 2.6904546585472 19.6864424506828 8.08531794256612 8.89444448859903 13.2924981692988 376.871049983643 529.888991479057
12.5375433125957 9.60455365052685 15.3745794131906 1.27373901419382 5.63717338207844 4.50812110945831 179.515229402122 496.249523568662
6.78092177878081 28.1830527155347 16.1385408758499 0.228924877141625 5.32814381549099 22.7207900956232 314.616734123379 234.088030661919
4.55782431639036 16.6615441368044 15.876511650521 0.768874391853922 13.7414562634794 19.9614041158082 254.182620313904 185.753797822244
12.5637288376276 10.2698733892898 16.077642286009 0.229218727089631 1.12216487968731 18.185344994983 490.98103037863 331.508530398816
23.1518352442878 9.75783586789854 15.1228243010663 0.121499687460372 6.51119268514153 14.2242303750159 108.347535629374 308.576510584744
10.1367885787657 8.51162879031086 16.5182258591667 3.90302570316205 3.05247978601702 4.3813718635767 485.159446156425 468.165627002265
10.939013682639 10.8450833362974 16.1147401012654 0.182034477865628 27.9155893213065 12.1915379321599 205.057472589195 513.138599938696
27.7967968376701 12.1161925407679 15.8420971044206 0.385981375970999 29.8285420027033 8.33495586641581 31.7812023730986 400.328172429561
9.02258562604366 9.70478573157687 15.7373623857354 1.11544104364109 8.23646386429918 7.23098717169786 481.120651517642 357.798776004889
13.0808288307897 11.4092043717225 14.9478436500156 2.95025285659947 18.9214598287577 16.9287352601017 461.955621228572 116.703295923711
19.0838124984869 4.74723856198016 16.1554217965399 1.000517154166 24.5995217835382 16.1563184562826 279.472689285518 494.588861764782
29.7479642578921 18.9095288555834 15.7001077642278 7.62068234144978 3.48744012332904 2.94295112029748 438.261372203034 30.3590464367866
26.2473986029072 29.1381697027547 15.9529944817061 0.0978684366331694 23.7391513790628 28.2453079664065 294.163464018337 377.461982987095
17.5014711563027 7.81806447887198 15.5395256872973 0.919151017248635 15.3263148311088 9.90452501323643 343.683331621704 506.516200755361
8.17338460695392 15.6559959036679 15.767656046286 0.23979270826236 26.4287695072539 1.21872267107991 304.263704072505 486.210891044074
21.3403750521739 17.4902231356256 15.7383936969085 0.448446895415564 8.95355915262407 17.818598133622 445.330038912709 342.777350176127
11.5198836018036 12.5955606830809 15.6749282748026 0.780712601142885 12.5161149043417 4.45506831773756 325.964725599876 468.653314355642
18.7057983106394 25.6008975506981 15.1759531194054 0.19526067021727 16.9354750791268 22.6222357085783 268.809380133066 62.8080668578265
12.399622312541 12.3318033440294 15.8574095907198 1.04345894545271 25.6285157244321 19.3112696113886 353.15061419389 474.734871133043
18.873647844303 8.37608666265897 15.0155821806373 0.598630770206677 4.83710035636725 4.96958460277825 518.679815832223 289.101005212306
8.89440551718067 10.2549440304837 15.7544491530731 0.0828901187521469 26.6622288845238 26.0847890354118 339.944295143831 328.092971464766
14.1646318745141 6.00146319085979 13.748638346448 1.10821494444109 14.8083271938604 11.9598205586329 408.628456908999 314.885705469795
6.30035213721319 15.8519039258684 15.9156759333831 2.02375488144829 27.7180654571247 20.0633078606604 530.629311269459 223.611425919105
13.7713183742138 15.5637753879734 15.2160638565558 2.96478107212089 1.67970175609136 13.6935534293202 200.935442671445 482.793026423309
19.9142246139643 10.664194257063 15.6272695444067 0.670032282907823 29.5792461267116 11.2243555724494 354.343419532844 365.292268874559
24.8359752141549 13.4175865577399 15.8407688950109 1.10567813437488 7.36519486366268 2.86876011217526 498.182246365987 105.011244860472
20.831461327464 7.83528436900539 15.1906723319754 1.71438878294076 18.5287529568483 8.54154218146815 351.975529240991 524.026325744969
11.7040780032211 29.8606747237816 16.1237045637904 0.154016155758614 27.1728551539333 8.32444730571254 499.175223698296 365.799983196791
13.2400933344768 14.4210429345814 16.2526829412864 8.10852275429558 22.4010710311397 24.4006118905298 534.677484717378 2.83708474267381
16.3805278719963 13.751518602538 15.9779161981074 1.12364853575334 20.6697244025426 11.7509720903133 390.118772544305 364.440699838547
12.9611393301143 6.5217970657403 16.1608477069408 0.15162969735164 3.46697467282588 18.8171970721811 229.89136243997 441.049156717412
12.1010626546838 23.1138698061502 15.3093546521932 0.325316137296625 24.2707252454378 13.9165436022799 61.1171843802229 457.791012749504
12.2842153108304 10.2629514322388 15.1481660133362 1.39297768776406 5.53770354637508 16.9241579247964 448.681903514371 292.633846004959
15.9186573620885 6.86488088617781 14.198542905707 2.51104048895358 7.21648227219718 4.27857745656006 520.389195408987 474.894056462707
4.42237648412144 13.8556054292816 15.682317604576 1.96806369951071 19.229106805634 17.8599093243371 481.078396172662 430.101405732806
13.9472985063397 8.41353661886629 15.3666228086538 6.28190495197464 21.3762014027936 7.46506186251625 19.717483485302 530.204707479095
26.104947712367 6.3093431665831 14.9256483753286 0.521233876511165 17.7378567618528 8.65911854067283 461.830584865069 444.886665917262
14.6465350936644 11.9978896411612 15.2412807774783 6.18170989583194 28.7113856264174 1.81570212987299 520.334324462162 267.098820641331
25.6629087008688 13.6007595891058 16.2912454221246 2.07957062094969 9.81996533979108 11.0559292265743 250.317258124962 225.977988379908
18.1522551360965 12.7201974019553 15.8304614676957 0.335112977153135 24.5896159672864 28.3200838409086 217.109907834334 236.317869573111
9.95709245626996 23.9744184402034 14.1817540886412 0.921970770575617 9.65245805574438 17.432767654997 281.886120788991 397.852717609117
28.6333894485241 25.7438571324762 15.2412951393088 0.754390911087499 29.8599213124762 4.15291575765822 43.5476566391192 76.9520685217702
20.3387533949531 13.4981214269062 15.1562606001775 1.62584509258367 4.30282099717576 19.7260156864085 215.787706665414 237.008316792756
12.9022941105502 14.4044857612616 15.8073001863489 2.47420633152016 28.3085806161906 3.02164979174438 421.553398736347 458.421006347729
9.52887976112137 6.35548483035749 15.2726184999275 0.55503746485423 21.906378546914 23.1034394344208 339.948924052427 361.567541987026
19.8970350889769 6.70911011249387 16.295810898035 1.10952018376602 28.6678919773934 18.997838543195 469.533722679244 231.648005769364
14.3031406639049 12.4443694692561 15.7776153538284 0.235318940833696 27.2922824461336 1.52930023942827 396.455993339918 54.2625796746696
6.783617914882 26.2071116381911 16.018425426955 1.62831871932972 6.99862911960487 14.7241346411584 335.623496747641 30.5067238877748
17.9327934028396 11.5642532079094 16.0428694563175 3.34347215007746 28.5949882257005 1.71232895249128 447.648138302851 407.066256056983
13.1931672800942 9.35445651518871 15.8372250666789 0.728913196088167 28.7445044804028 28.5491484870633 405.83899755184 515.126387179728
23.3941554996628 19.5473674437665 16.1047042749319 0.32333880389539 0.0970097587404068 25.7671184080933 406.559881853012 453.225548460512
9.47773911102514 21.4621384834764 14.799803485911 0.457554864763291 20.5741488226913 7.90241806915024 409.244288460268 482.172374306814
16.4994547425834 7.41632591075098 14.0202124495093 9.30680452781701 20.0621879989122 7.09011454820535 538.546932247545 528.561591789893
14.6461963045374 9.54051623606517 15.922493351189 0.485746235064396 10.3360665637656 12.1684319422043 401.465025713557 421.840873198758
10.4267910936707 4.35961506706845 15.3273819576757 2.16460052104931 16.9141256960453 29.7720001192696 273.57465403465 534.185492181821
5.44588845517139 8.84141144856144 11.4931361541882 20.5711545548588 27.4659197073744 14.9462487771571 533.421916545531 492.150220464285
28.3417024363456 9.47089636905235 15.9660663386542 0.499941754484738 24.5231794775621 21.1774749582771 516.3852511447 442.674495720258
14.828176783845 11.5065281215569 15.6394607389904 0.508152863334678 16.9753408608822 7.32067886813394 453.197883790703 429.582207658299
13.4490272057479 25.5571554641901 15.8425350412606 0.480526786402035 13.4332372614596 18.2545024792145 295.38184205492 370.618847690664
24.5425987904673 9.74340425700117 15.945341453519 0.480371622379484 9.63559714001718 16.9952571922814 510.534977861603 104.079230866926
11.0073653317131 22.9382043031371 14.7502869497894 0.352610261360447 3.92304388104811 29.3872262649161 256.747730648628 423.671339982504
26.0292571713121 13.1069220524064 15.6021105159273 1.73580663524612 27.7658251116531 0.953727749827368 490.845697927868 481.001373211378
6.94925845059256 19.3437002391303 14.6757733882383 2.18170028795229 9.97903506621717 3.97190258664905 465.256521117747 446.158352400091
27.6629344872427 17.2849926514462 15.5123923703739 0.219059386278986 21.2191910856915 18.6118233674549 244.873487454688 40.6908686318572
13.211245974975 6.46650933130319 15.9977506235367 0.166352905163777 1.49922544429437 8.24153917067907 349.438452603956 441.915576879244
16.9245322027156 21.4026589546723 15.6398827805941 0.392806744013052 3.29960337687184 9.75680694834763 11.3713708593264 431.78512869541
19.6805300500124 16.7858069457106 17.8986144555803 3.33022751725717 11.7029446030542 7.40857464097593 480.034487448449 35.1407104374645
18.6605664513462 21.5062382872479 15.7062462638514 0.219911206580941 12.0190890402721 26.3055283315921 400.632262468257 99.8935706589694
13.6232513604003 29.1402678638298 16.156752551215 0.0365283677308367 2.71874150588033 26.6523442236276 41.0547207723631 464.154935352117
10.4358202338182 13.0102505666619 15.5742371462312 2.74640031531259 24.3529069793754 15.5807176977674 535.508676913988 98.7800380983214
6.51453754896079 9.2027696021424 13.9615965082905 1.37526941458998 10.4438559064162 2.94120707512805 457.195616366421 501.830331122946
7.28658753695412 28.8780605111863 15.4313216602896 0.386541639760913 21.9422004544805 13.9362967611089 302.404101440537 402.484635281961
16.66794724875 14.0358086551782 15.4970335717035 0.91859038288517 26.2260032980635 4.03639000155721 188.116436894634 202.091320143351
6.41982590427085 3.1373717064674 15.9164205827156 0.531205540662483 14.6919375803733 17.7349119040794 240.657834571927 397.125791235463
4.77332146704796 23.4733794584762 14.4524576551979 0.934854294712367 18.9409967450566 27.6808083972476 489.617691868017 150.85811837409
14.2445049052875 15.3070794938028 16.10713838084 0.737450143569616 8.95214734879566 4.64831790296725 457.937250949546 223.54812912765
13.0491438104696 20.4088566216531 16.2548232199299 0.362433209736705 29.7894407611438 11.4918179426241 326.524186682338 392.670086137475
9.72397168257836 19.1229780899665 15.7822029089487 0.484163647924105 10.3374491943023 28.7130399572423 285.27601259379 490.863730264318
7.51354395672532 14.8400883180259 11.9632351856884 2.60424745414772 12.5867601728145 25.2197089769567 341.194916528218 438.45348647585
17.2096355047226 11.5625710237436 14.73162370595 0.5706232223469 12.2518467886781 1.63260587173313 253.131206561236 428.915115641516
22.0854736248047 20.8216337162355 15.7069911511828 2.05141578335775 20.4076687248782 24.1280325205225 503.192943568294 18.1003519502018
14.6491415791833 13.2274478391915 15.8718253304776 0.721272675703866 1.83206023515396 12.0614588322639 139.273095318641 477.04960024912
6.21657790350769 18.4768460514228 16.0556812486608 0.603625847247081 20.4833485505081 19.1036848359477 536.90417219913 504.189934853435
25.6551108943141 15.3409123507836 14.6851193972389 5.01419062920647 23.5042751546074 12.6123050735878 412.057110350389 4.88258004759758
13.4294687570964 21.4133027624459 16.2716084103169 0.500517218556503 4.46265974406613 24.9560239006372 341.606478834363 360.084592290431
8.13733136586389 12.86509680963 15.9681781441785 0.221128074604091 9.47705353472022 10.5103158284467 495.895698991954 141.230833245117
16.8920672804848 7.34918222856561 16.0312181031173 2.07174099119711 20.3696788349501 14.715648335674 402.613465003319 433.187832257597
13.3578090396675 18.3539534055431 14.9064384875107 0.544518794484863 2.71846501322961 2.83711025284143 296.837718455446 451.570237499804
8.51384041546456 11.6533442509753 16.8184359558925 2.06962857516204 22.1827379848852 10.8181912296014 481.020236113078 298.446061392521
13.1533107348143 8.52991669329823 16.5353201515921 0.808287863108057 18.0767702460916 12.3751260213058 354.623973370022 477.137870348524
16.1009178363404 16.7600463954829 15.4128125029444 0.309533632317673 25.6476374057639 21.5307951998635 518.163397978972 184.304299665052
6.07918320052004 24.7988160633403 13.9890066101561 1.3406427237573 2.78914754876921 8.11458205473102 400.497684946919 420.219402977682
8.02347896800165 8.89109926927763 11.1488088627563 10.6215478511955 17.6901226314941 15.5187472397336 499.811867395045 481.961834712027
9.1488379803049 13.4442421542964 12.9700699050284 5.51845859930201 27.9915225198588 29.334859936653 386.883428785141 513.711997850437
10.0675106392541 18.2431582909168 15.9102976806805 1.21576111168577 3.22388218011454 28.2347322409683 217.312493602813 494.313528334459
6.69952981217758 14.3977541725228 15.9657412440632 2.94968114106613 24.3012002180906 26.6082970802124 491.784881603948 161.906109499592
16.4375339225375 6.3327720161636 15.7538618905444 1.59874335780769 1.50756578888954 28.867141045359 460.292931961315 363.070732880371
26.1045557956538 10.4006885289152 15.4215887286567 6.39430269028605 20.2230871130098 15.9056218586394 513.794608586081 48.0268106136284
9.44565620476109 11.4389444621439 15.828790512896 0.28029334608467 6.46592631158867 16.6802511601494 356.500572119661 524.113017976521
12.3300430041119 15.6755187580939 14.7313234472473 1.81081924814679 12.168513021393 4.55530627764775 278.018769597026 460.234389764754
24.3038163045558 10.2475666508183 14.7127843075209 1.41386802162452 21.8822533946067 13.5434398376933 435.906440542472 272.494970725148
13.4020223866625 5.64895398657191 16.0187767727706 2.23966348376083 27.473043172419 26.9957176165812 502.745199017778 506.799833681903
20.1376211349862 9.45913390062809 14.8055651972408 0.51079071923106 11.6270840293548 11.2200976488146 474.548283319421 333.555756338339
11.9442622364788 12.5067075621314 15.8228834288821 0.389448115647473 26.2772940454771 14.7058206717092 463.521795873397 139.851697217095
15.1669688558164 5.11494384797414 15.8260025318058 0.584373429111584 13.0264941511397 7.12520412964611 38.5989932915005 513.675203521002
0.712697173242915 20.4344197811156 14.8947255854858 1.14589077979164 24.0057483929999 19.5687576609891 517.55505030652 18.1447354353224
5.98461555720976 16.0882205957184 15.8411003710904 3.19260274428488 23.1045895369691 7.05747431254907 517.828773136597 42.4596192449808
5.11049369092885 20.1952801927208 14.5229996897847 0.25551828674033 20.995881581187 0.657919630061729 515.233821980001 316.767911700526
13.9423723409177 26.2214362260153 16.1973543468448 0.447298789040215 7.09569043232657 13.9344659097977 473.666751649477 429.66518063326
12.3753044142867 5.71796879731978 15.8620643478403 0.43743795855342 10.8724004533356 8.64953823648492 473.23386585216 250.992937405078
15.4761728108939 8.1564938723414 15.2133016366651 2.94478211774809 29.3670558913173 10.2367971710955 139.126867285196 519.284601774331
21.7764085690635 15.4824862260784 15.8970330770738 0.637158434330577 26.3543167936562 10.2088222339855 301.821341495167 130.436166015637
25.1432720008163 10.8395297075139 15.1925954861243 6.8218048224656 12.4021163406569 6.92293357142984 528.373560152956 418.715792499857
6.55181249068423 11.1371602646472 15.3530834431391 1.92579932608217 23.4691821541636 15.9684895057707 526.828179817114 410.700822444106
9.49852718344204 16.2567775522257 15.3434895997319 0.27999420754746 20.1207252402614 16.3406286531518 461.016192836586 450.051615954258
10.4650804139461 14.8290856417666 14.6151594878997 2.1567134939036 14.6744459584938 14.0708504145137 469.166398516819 421.696086914523
14.2083375855839 19.7135979187929 16.8114031929636 2.26348779816724 1.20762548723338 22.6742658035395 275.457822503907 537.138713456614
14.2398669028358 11.0482245611 15.3992831313401 1.26201226984345 4.16350998932158 13.5276241664424 183.572114229798 498.215170343077
12.4894981887015 18.1793014460646 14.3661353541221 0.717344052686152 6.27448220419085 27.9221024630026 470.175871453391 533.502681896517
5.45760046517009 13.4120764984503 16.5453073476497 0.632123556731263 8.7770751686325 15.9506248550322 481.507887950963 246.452696674441
10.1376736786878 10.1110450047905 16.4101346718562 1.46155650883807 28.7208183526235 14.8480456707298 439.498402212464 262.755107055252
10.8939571146087 5.73698953594658 11.4801396315167 10.415509130836 2.59194808380576 21.0187722600369 463.277858327611 516.498051262804
14.2479374719258 5.52111436051083 15.8751231441447 0.392396572933037 8.00538221044579 17.8267197147067 449.515426229104 373.877951940233
24.3039815877859 3.89432151913978 15.6059594032698 0.607063396404628 20.1693880596063 16.2591696495742 463.470577424676 454.41833456886
6.14744069990164 13.2607271650028 15.9322149298903 1.44414079524463 1.75031688795045 0.919216065055771 483.873336857569 312.675813279835
12.8808140819995 12.3557251873915 15.8322709795047 0.84490074971128 27.4209598111816 10.9758368677014 427.223083960148 249.199270698667
15.6544381988796 13.8191686012854 15.8226305775897 0.932913868689829 8.36775280998233 26.2391938603102 187.865180210185 482.153567922293
12.1015848210592 17.4523634586311 15.3055813887549 0.448751498188142 11.484642397575 16.4367431193525 370.998213055268 396.257185260576
8.84076530296631 21.8873342366411 15.9446905203152 1.58555258734507 18.6388475663527 7.25836009550187 320.180334768384 467.305278362113
12.1707111908896 12.1357484590135 15.91093125126 1.45345958298896 15.0933633380918 13.6446882374916 489.728369947406 124.091308837418
10.9808580124454 7.68108619370034 16.0998105292571 0.675946564439511 24.7099557408088 24.9243708521982 247.695037263123 447.629286682454
6.63052756084715 6.29340110018263 16.1605819317657 0.215741595719969 19.7252932053175 21.5936699874361 451.082273149594 269.580692111044
27.8830660913434 2.90626098608974 14.8661406190457 1.98585785653327 5.57382304850154 6.58909744507107 468.780245837727 450.314052206551
14.6851542122028 7.71130350785926 15.662023463277 1.09514271715266 2.83169810358455 18.9940792279816 181.068862519062 510.692718937155
20.3613071953469 7.62282566563517 15.5164025409815 0.542451289202345 13.040298342621 20.2255379203476 518.905116926147 224.806147658501
14.7739715024868 22.3610952795857 15.5770245980709 0.429764154478944 20.2485545954129 14.2020680361527 430.330689496289 96.2067070875006
16.9995588894408 8.06910493346757 15.2933970677431 0.662145868962347 5.16866228071542 7.15213145427526 522.60406661504 105.566196136116
8.87209820593428 18.9350021145497 15.1187334577852 0.637649543503479 6.72261243996209 17.3982620387031 215.862701484122 484.193834956326
4.71244249719024 11.3254006436579 15.1226714260896 0.951323348479774 28.8589768483317 17.6852926710888 410.957914066724 305.980400542339
9.90071020230041 22.078504827631 16.0274508205697 0.578711253565109 27.9738414953087 6.4901871270416 230.761391793874 456.680806858222
16.9680423305401 9.54202736954983 15.7381969253054 2.12224443860453 14.0830658961573 12.0990034634764 407.796272513894 470.950390300944
14.7084347453515 5.70658984445071 11.3709600077109 18.5497548026619 16.782186953521 9.72826648437683 476.672872886427 532.796354338505
10.9230354913481 4.15104508652825 13.5054664734555 1.2221974523056 1.47471522061771 17.5807641945066 442.982333099254 418.276909270652
27.0214844978666 16.2816171175574 15.6204935570585 1.04540284805587 10.1859446369033 0.831160311843477 491.188755027557 413.743349162235
18.9153691955028 24.5489128367589 15.2916659713903 0.56995532424022 3.65897825870958 15.0400933898156 487.914949942944 231.141579866965
12.773082467276 14.6924858547123 17.4814039069503 0.633288488096603 25.1634470611749 1.06790907677791 433.794409851492 294.011054829789
16.0537793324756 26.7091199009438 16.1596960963043 1.63847234905672 0.698792649760857 23.1677303529008 303.414508994039 525.217335312665
10.3362469152397 24.370829868401 13.8481500375191 0.0777578772415369 1.64303913112285 23.9253819944821 425.906591493969 383.195665785667
25.8014048990712 11.1017300217711 16.4572441902634 0.778436232455957 17.9899520744241 25.712123799967 345.855334033677 6.04814615448482
6.84166172896987 10.3323879039702 14.9595347177757 0.572893085224055 6.37502512436455 5.46425785295434 459.444389215658 492.223868066749
25.5213432093168 13.9190098723155 15.2418087824919 0.258570773953926 25.5077102034194 18.9016749398183 298.41108088358 311.027266334792
24.4236158667627 5.19754870988197 13.3634204920841 1.59566496030137 24.5048432178129 9.47896357539538 482.149048761026 533.397289447841
9.58883383781832 14.3028929501493 15.6669725328621 0.670331956716101 9.62075216940839 22.2359880107198 341.349195624904 350.816410986226
14.0660179603075 7.89425382590778 16.1756180003081 1.09091576155346 5.53722214128508 9.44949560698987 506.916375324226 208.774394429752
5.68940644106814 13.607218274198 14.9058829840844 0.439885657045205 4.5578647260932 20.977300679271 453.606207862584 392.799136019492
12.4926917592132 4.02823490881963 15.2805541562819 0.0556756736812015 2.01014541481257 20.6952919975354 200.736769584181 479.287594075039
13.9823565183663 6.41433482592624 15.5175488610921 8.06854844752149 28.310506127169 23.7669710794453 442.738341191485 527.879181634213
7.11357953855181 8.65527089925657 15.6979551728041 0.18646344736431 28.5477483160525 3.96738665567766 336.64687062715 412.033127029727
6.25135090200333 13.3723670130196 15.3005108226026 0.224428666994821 5.8497995815039 6.5361784572152 464.198776649404 410.704505468006
28.2778487328532 10.9843112295622 15.352341101529 0.254735377560847 22.8565471584435 13.7308123456475 326.48430042652 142.502082904562
9.18266963875281 14.7651750749284 16.7610865923625 2.0159955108624 1.92799689757169 20.8523404511333 524.108804231549 289.860026241351
15.6220912337106 21.2466769083789 15.6895882009825 2.00767176152632 22.5177313570806 6.06037344290052 152.243173800573 472.408876786575
14.3980856162344 15.1758936299518 13.3604729167015 2.43221388471324 17.5439684889829 6.31889504781811 510.9252457405 130.62818194665
23.8881760868191 9.16864353605157 14.1386347704603 0.50835409779242 29.7393783974663 4.36815481342931 333.355320359776 379.773372189703
13.700253654477 10.2441003442862 14.8339102553038 0.641194132016036 20.8821712069021 9.34133642085775 527.088517784806 244.310976237785
11.9322135669098 12.8063701101568 16.01010805367 1.26506690643853 9.30034812137456 29.9461913440761 510.177280426981 126.727649099698
26.1066403870507 13.2420082163739 16.7721543914023 1.14355274303995 21.3811238698587 9.32584008309803 500.394579985763 125.281364677075
17.6932640813966 14.2617575864263 15.8073175971099 2.61426119563858 24.9815826964006 12.0943668890757 273.789819096678 503.769243433182
14.236470940231 27.2674500366111 15.4478012366159 0.315796311513798 5.28076014110375 18.6939773908511 95.3386185754139 460.166109793205
13.6199167528799 19.0821827753967 15.7914074577385 0.987599585684484 12.4350672476883 7.07168241700866 172.78938115452 487.262196118861
21.2433856679175 17.0306018531473 15.2867619546264 0.491034839056414 8.95154196794285 5.46781919651685 453.84407792963 349.227914419132
15.6421478451798 24.9573695952311 16.4960808600013 0.779167499947723 19.080393626497 14.7480016133135 250.731690441473 156.847830647482
10.5852941980069 16.4235116184267 16.0464156114576 0.483286953257359 0.706803160608423 3.47897163262986 284.227426169272 478.207601272421
14.0515513391855 23.9721196850702 15.2393388586815 0.251964968547277 3.43170350787761 15.8599645307998 495.345596020208 308.54940534419
10.6473285681009 8.85096879062566 16.2597370490873 0.559387545295243 28.657979557518 26.8020450994915 432.3399099245 164.395917572708
13.2515678121805 6.85486207795957 15.4396188341242 0.248754889112816 27.102922484006 18.264468881678 343.802477490658 245.872798614622
15.4339630373771 5.09200063153412 16.0762791875356 0.434331573613357 9.25642385405205 17.920012733102 367.336310153791 314.121664388424
29.4288575235022 7.18288356859036 13.9798790778324 2.17088872824967 10.469374291061 4.03377988777637 447.66824673491 295.850913596947
8.6439723158171 26.4229127016343 12.9485246594626 5.48996736694355 5.26120683676414 18.7541982737179 287.977445596396 461.47552482071
5.51444169465704 12.4928382011785 15.0753708417711 1.4317816297226 19.0482123263847 28.1508101617528 489.974347405169 73.4625324008803
8.4382701510765 21.9193227847989 15.3792031256345 0.39554602982723 5.78997243971304 25.601941881682 391.434592457806 135.876776610994
21.7706138881722 26.9853070575002 15.7683200556798 0.11239686289756 23.9130314555262 13.9103388879167 345.588239013116 59.9018271949889
6.50396736265724 7.94220507235531 15.9232968748741 0.0558880792991643 8.99760494185844 1.7918925489223 0.864174945906742 402.718275426803
3.60513974387076 15.9578710725477 18.1419667639805 2.99719207016262 3.30158923278179 5.39226373801595 526.204077663757 361.922473141828
8.89510219725808 14.6748940123864 14.5442418082904 0.139999695680384 13.9953979416989 29.407232559827 376.659434897453 107.646402316498
21.9822249330999 15.1129638341673 15.8940379644222 0.0827839277532542 3.24169230256764 2.77884936669118 261.27124438048 440.916079413852
13.0405974052798 11.8111016967139 15.7480960253503 2.33506033707827 19.1773094510512 28.2875531763737 493.384677661645 188.294281632074
14.8244254259862 19.3855174540706 14.9613725423956 1.8573850801973 0.919216635224051 28.6807308766054 267.256063062485 495.053283643614
17.5101253908224 16.4822152523632 15.3324042162796 0.698232168371907 20.7225487619654 22.346622499812 515.148266423752 118.72290904575
6.00862605017711 18.7195175685484 15.2811371226071 0.457697237690401 24.4429914427215 2.32131190702082 428.049158459689 514.584449248499
25.1242561682801 8.79471541907489 13.5577287917488 2.84439450984296 23.598131879625 17.2347700656129 440.677147228274 362.164201423931
26.3580968642515 9.7836308728761 16.276829286564 0.183014190333763 3.15836432954063 4.48470945912939 456.650535191913 152.261261813355
15.972955118063 12.056841165099 15.6283050962789 2.92169950672567 19.4447937625655 12.8706267422958 517.536769328957 258.634663715061
15.5637722969328 13.7067471150769 15.3196473167663 3.50505499922635 19.0597354550546 1.84266050094485 475.746315026449 406.501764470168
6.16471772682694 2.75185261763074 15.187946780401 0.528138680878853 25.4609672693263 15.6846927095477 192.590471168373 148.731747459606
4.00014645137847 17.7365586153026 15.9665389654547 0.345277271398321 11.0350541876203 28.7412871384918 375.651201506076 83.6986534138108
6.97765242846026 17.1886699192245 15.9693216912934 0.559419819438154 16.317371630819 6.71454831102303 281.911231694856 432.979285039752
15.6352504593307 8.34591575763643 16.1685526243913 1.52002826620605 0.799836233064399 11.1071291912337 205.79486800735 533.441095525965
3.73906804998204 17.5835010774985 14.6016337499979 0.0279640504475551 18.1621299142582 12.2973705178318 332.994496627481 22.8824833550975
16.0040081530661 12.6246971820256 16.2330324320593 0.0707384955254726 3.08310005109407 18.6297196619559 387.648551217642 72.9139416287299
21.1134636984423 14.9775564799721 14.7567606303194 0.284812479517073 28.4677943417376 12.9606778239815 360.371602665163 412.735522590416
8.83301835170344 16.4664156565328 15.9673822899296 2.83526967246379 9.69662658761947 14.3281619530682 462.687070560793 197.022392122214
15.9097936126445 23.4856191906681 15.844321233944 0.542649382597009 2.64459745917394 4.42562930263754 531.868651999271 478.370114434173
22.8609488571401 5.03156163044411 17.0388982553011 0.525978684754729 14.3666012301811 27.2769014765101 28.5843833731328 385.562380009621
18.8265345008219 6.41939357707485 15.9456177289913 0.394016213402812 19.964283129374 19.6632620753024 366.391865786918 416.975269625747
26.0103969535082 11.8497119082763 16.0162257885454 1.87003965836541 4.52332634029559 12.1087061962441 490.40349239848 324.202015351964
14.203011006534 8.53921594110353 15.8250726347067 1.42052356553881 5.58068006801114 29.3136557157932 472.931411395255 215.826278480162
12.4725666711266 6.39822714355708 16.113213013234 1.3603260780166 2.21158537404756 27.436946149981 471.735587377459 395.895046622181
16.087798803702 8.98045155590493 15.7541551917679 0.356488472048086 24.3326327491371 20.2238683810026 272.488202633657 524.144245987065
17.3137504984405 5.48935864619031 15.4006753757377 0.439162614591497 19.4512352754317 13.8102171580803 134.304104172731 357.613546832134
15.0835369504593 6.45937379328406 15.6897927659453 1.9660063597462 4.49589706845099 21.4547155771462 156.113264201698 493.611595510964
17.2786363529525 6.17851112255192 14.6094091791037 9.72721025194593 22.8991823562334 13.2837120252945 431.772146450868 467.395772272059
6.80557499227107 21.3650292230408 15.3253325499508 0.983924207388723 25.6974655507039 26.2275207381158 482.24377866169 212.077691860122
13.4021098542033 14.6196989011278 15.8887029391039 0.796884514358852 1.12184293794506 4.88263028519812 439.185515724593 94.0435047160641
11.9754775598459 17.5112765112136 15.9993116139713 0.761776748497814 26.6650261053874 17.3163233888205 439.085460064198 298.420933853076
17.9862216738354 15.381665446098 17.3017645821105 0.661034846588995 25.0091383808877 1.11177794645635 457.367802991266 118.64387505819
9.73288044741671 14.499313385238 15.781277760722 0.975646391578514 22.5331585652475 7.46658751514419 201.93421162199 4.74612097482694
4.40834957083415 14.1157583757286 15.650155974856 4.37356345070131 29.4695955720778 22.7149291249097 424.248024956545 410.172755371335
16.8158028572541 29.3226065913514 14.8260751827163 0.24915954147217 9.7626376625045 24.7740702607316 514.840642340234 366.61056203064
13.7234415933787 8.27289917317792 15.1609342595653 0.595341048649532 1.56715914957518 23.907096982816 319.166987725276 207.399443183778
16.9617168189582 4.14830649758956 13.6637169769147 1.49768511168642 15.9712753508358 23.8319036795839 355.104272760696 459.413213666823
11.5867275255704 6.71590993095767 15.8627429391261 0.0831417672899266 26.0782066181847 18.7074173001954 48.4342195961614 129.592062860955
7.44769094461013 16.4659797629432 14.5733648236297 1.6261741226532 14.985997627059 25.9126489153525 481.981984756387 285.93884280618
8.67674945260202 13.5399247633014 15.6659899852163 1.43216169806116 1.69948709295108 18.8138423136466 321.255439450968 67.5214747296392
7.89678313679489 12.6411602817648 16.0965527051698 2.45805244057409 25.7852681405406 16.6417422884352 307.850947517392 510.248382753111
10.6150745636293 12.3784717138448 15.77972288581 0.214869828116123 24.9921481860526 12.9073826705325 238.651718128309 453.563440672433
18.2583905847923 14.8277152879198 15.300784716635 2.58782077601803 21.2638115847517 3.78437656855124 432.913374630097 101.196605687569
15.4758405894324 7.19665449125356 15.1920489369989 1.33995626020221 3.66873354648392 8.93094628232436 220.612268472338 393.248949801389
12.0964611644516 11.9182359131589 15.9972128385278 1.58786277625517 13.955090836402 12.8101294932532 499.842858371489 125.456550157517
8.38828345353209 21.041795514387 15.8399605206854 0.496467249913697 28.3539778118126 1.12748599454613 461.731202210301 388.316317672201
10.2072851204209 12.0844700029485 15.5855535781269 0.758798055541697 23.2878453396621 28.8910615225369 336.933292534968 430.751476143498
9.58420942721086 18.1946393979387 4.30982324401286 24.9752168584952 0.789705897598283 7.45346861827469 523.671059990169 513.765999148767
15.1946405043562 9.69037150345263 15.9643834189724 1.05367611202795 2.69433269242067 20.6528720810183 195.076883758091 285.695514739457
8.81558341616689 19.6311931791655 14.7016866122182 0.690553655459071 9.42310310725161 13.9734892430827 284.604995747996 443.794150148876
9.64372518122506 18.810249347465 15.9083055603803 0.777570902374099 7.3246004196104 22.0915338526173 466.642208166538 406.668512834196
26.3478636350574 7.72686693907679 15.8576193457018 0.294843089347565 29.0323535099447 20.2579643195153 377.781677819389 297.386533007918
5.92863320202018 11.5057702817927 15.2860959675043 0.589092663900394 19.2231318084887 10.5888365502559 223.521586456508 417.477867921154
12.7728280373561 6.40113712890833 15.0926449344546 0.439000480427633 24.0960530668106 13.250543334954 430.322181956135 497.400133859137
11.4210897351913 23.3138258107769 15.8461368215802 1.26833128311621 10.3535964141887 13.7105911888763 207.735832766276 501.588500537754
12.6129995264601 10.5927969638323 15.5120329054318 1.63313657630799 9.53146959043307 11.9441801583159 482.804887341037 374.747475089222
18.7519886762975 9.96127617066028 14.8809197690391 1.77452280490019 12.2598531205628 12.8560563106115 335.184086999973 444.53187277803
10.6598796066691 10.7491688241017 15.2002093869434 0.322423937614334 2.88781620107738 29.9105044042097 426.12621041296 366.607553636298
16.613305127028 6.01846072449217 14.517802847156 1.91461039387862 16.0407699800862 12.5464926885853 500.389396383044 495.38280329504
15.2448217612916 8.27626343026209 15.687148403985 3.26806873933411 26.2756534296094 21.6800839883126 393.020069516113 528.924968720104
10.8954847192709 19.378089446281 15.3353231996318 1.49969712680558 1.54994586811887 11.8177312446165 500.509700158771 518.75800285697
15.5314404551712 6.62411839982513 15.7843352442889 0.165206812141826 29.7403459086776 11.3677366211223 316.348213711558 294.229335031904
18.3621930860174 26.5635800784026 14.5779021483776 0.362687300685019 21.9858648964297 8.76901511912878 485.461267444644 522.999003915048
14.6170832119581 6.27801483603847 15.1096921712364 9.12414794407181 17.9756473983202 20.9347674898953 345.326486665474 463.915945793015
25.4453621248405 16.9706735413895 15.8773383122029 0.203223066170086 25.38111709095 17.1495108175228 152.176397143158 522.546538341297
8.13667872339978 6.15921736597017 14.7156033613785 1.08732064395189 18.905854195416 24.2282668080933 279.850153610099 285.223816853786
13.0760721298107 26.3251159017059 16.2053143236943 0.40297932568598 5.80052027491233 25.2148141761594 342.206789732787 499.065635504521
25.853207345163 24.2292575143563 15.764347604876 0.0766981834191054 19.6698989248634 4.69702541378115 489.812533734219 427.726498992843
12.5714435086888 19.3118345479577 16.0550642485262 3.80928965753947 11.2112547579933 20.8452669810122 137.391321645293 504.070855243009
10.9169301183998 11.2496485352888 14.9784066912164 0.666850559026827 12.0599512159504 28.4965126040379 394.458527210745 261.553569948162
9.65001654211522 17.2770544604289 15.8925962397813 0.616600815254055 8.8255192276335 4.47470249900958 508.780999449188 78.9648964188509
18.0859797538019 12.6704372769465 15.8314366676455 0.09835368594893 8.94832255134639 4.02868948505223 241.138487529578 477.676432859753
10.3397701526908 20.8418074661943 14.7986223402874 0.0933115927473037 4.07866944144727 16.0460414938793 120.474920186572 389.43363456833
21.2212525672964 9.09423164980875 14.8749623156035 0.225258485146255 3.85926764864022 25.2494739959083 507.47768922013 180.504133575755
29.3142414742951 12.8256897119038 14.9289644371047 0.527291460904383 11.6490971621432 7.94093160777419 450.089398582989 63.3246147080717
16.4336860624598 18.4678549170207 15.8387105013742 0.75416586955536 22.5797736817883 2.85031740420641 505.259004754481 351.847513680604
11.9451467586851 22.7177789022897 16.1140845610521 1.6823727978369 20.6107598215797 17.5720747371147 263.520350433295 446.476815242504
4.99379960276873 18.219651270743 16.1681266657354 3.80538523334455 8.26546832637517 23.165563164185 536.892581935901 446.93965586491
12.1035594641073 26.1435712383874 15.3370475558166 1.87194420548658 9.84737465841065 28.5113642824267 233.776924564503 508.191196376033
11.544196604002 14.7905251484706 16.4371965440977 0.289695593572745 3.39534008586635 15.0044867638049 391.38136995316 271.29815341545
3.14356606446783 16.3912933390705 15.9568032655476 0.246696658489523 12.906101739984 10.6533998774879 143.348692928073 191.504494330777
17.0456097722686 12.9237460082736 15.907736649408 0.194362616447926 7.61181815873644 18.8391622657175 73.1363147623567 192.071909426295
5.56724035215848 13.8926051230546 14.7118007006295 0.71295786105343 17.801852432776 21.9668772911805 309.281628647066 285.383712289612
11.2021707815914 8.13598456326899 16.2396284588394 1.10268540753906 9.37107990392496 10.5269104904645 245.334188357499 525.547490400247
9.54085863984927 8.16229396929202 16.0049617514991 1.7795843220329 0.726438426062365 11.2411025347589 503.998704782741 440.211154537961
24.8886191236575 12.1413118429008 14.6750294963479 1.33592813676652 21.4837376961378 10.9384738314828 516.587412909604 243.156742304472
3.7205700262625 13.4884833678894 15.1269118406209 1.44188388599671 27.9688791666462 21.2410901087677 531.298622097754 258.778087135602
7.18555736529404 8.15199010120453 15.5138297102039 2.43362484174943 26.0074548152813 8.16465642827189 452.548742174611 403.536590155978
9.72571481900963 15.4557515053249 15.2938090186874 3.26681056517851 19.4645839824501 21.8956108851124 378.338557832091 475.86411221593
22.8198610192573 21.3897325546503 15.8872134411101 1.42415047530143 24.8188598616903 16.3242041686778 197.392148795254 303.666973930804
16.8828843225372 7.1798731403764 16.220899200706 0.949810866692887 11.2498464005319 7.97855832641171 329.872968103265 517.5119745841
10.5534642088856 13.9468889126164 16.5163853268348 0.628098438456322 29.9104301535651 0.143541630558182 501.007322638839 49.5085128124923
24.0252585568047 6.1404407744712 15.79721835041 1.20908698845239 6.28113873563329 20.6336353441794 432.50314172024 308.903370866723
16.668674542662 3.87514671266407 15.756606918353 0.00812307560650652 28.1803167360474 26.5020439954104 235.288424493544 340.533128464491
6.16013208524678 5.41747971397882 15.3237914104124 0.233506447515295 19.1271510902264 17.5446435976737 380.233000066904 450.877328330648
9.36357339019447 14.2845127260746 14.8992462104073 0.153730340880058 13.1042795724573 0.396876442974387 420.369505769561 231.837524646185
9.82978767961773 4.85735293386426 14.9834576366407 1.91840043633778 5.04016813094938 13.5224485806667 110.061375364558 478.158103545184
19.9308636554772 14.8771929496744 15.2044038022731 1.54333739869586 29.5077841513007 5.33419249362697 62.2884122565349 501.474684937227
9.43845771049085 24.4474022241446 16.3860107277304 2.20541365560549 19.0385489965962 20.6620395919077 202.485986301825 437.525654058224
12.805279892902 23.1410770310434 15.9341113200634 0.503642452935163 0.456882460923189 3.13650716856076 415.218701452282 433.495744869067
22.2382872839222 7.84307224470969 15.0560333143441 0.411052833138701 7.55930295767803 22.9699904512323 343.934868053976 372.575522810398
15.6841422433684 25.3117677281113 15.7182078168893 0.688211588539231 1.22299551725731 6.12090143428698 251.298826352121 525.935645453398
8.04913991935058 16.2632338319643 15.9156552221423 0.253812844858577 18.3244750294555 17.6845413393992 369.01722460814 395.99902549971
8.90798861147094 10.7854873724639 15.8642508406543 0.397059296239818 23.6919776709028 17.2857370762725 446.948713604848 393.306402441522
20.598324389495 3.85247882229902 16.3001462280525 1.00948621034196 16.1854710387866 13.2049438738205 415.58855144921 464.018142229374
4.56315702166055 23.7653240427644 15.839243728409 0.613050710140362 3.73482682363372 13.9860096277034 493.595511125226 276.689294635855
9.55199896914761 10.5651172306739 14.1454715283025 7.21615393765243 15.8383577978014 2.90307655638367 493.660786355378 453.21857373571
19.2086979595444 27.6404687849189 15.6805162981318 0.222273077510132 6.25281765828457 17.5824451931725 503.339898181144 47.2983380133448
4.04429074044378 23.4492559752757 15.4961670698196 0.264345123888003 18.2518339285823 12.1422516126452 533.816945284103 341.081844161494
16.6503521910896 15.7153813962133 15.7410270562297 0.387490277412969 3.03704188694595 3.71263813412236 490.281124320918 91.9778603025274
10.3562588214197 18.2717924029306 16.0185591722526 0.424243100799322 24.0724371802046 25.9838337445745 451.093533102607 16.7563666650748
16.3716345356108 6.23211160413591 15.1989301128931 0.667724526012908 16.4302832089784 9.55661309304328 373.289859258519 511.928386432467
13.7604679565206 18.9296926779951 14.7143482215705 1.56497843284866 7.18608505425676 20.7725544592042 308.82945860957 356.782031653318
21.4098537624162 11.496153431092 15.765994507029 0.269391411551044 14.9628077043331 26.9198041827114 524.049332162973 228.670960299919
12.8721316842703 8.58759376835593 16.2312141055762 1.83311834173918 7.04219502182631 5.89543643579197 306.811817361385 386.233802731633
11.303284400009 7.05451726652746 15.9141878680372 1.28459849922608 5.71346104378023 8.20583087085499 446.922891636919 473.456580317372
8.29883926605346 12.8666159362701 14.5174062899257 0.804856023558639 28.1840641207172 29.8252004791278 438.363019347918 90.8880491081061
10.2109024967466 22.3653024570695 15.9996912719529 0.162385949220541 21.0907735626496 12.2947119240934 202.623865128124 337.008670137759
6.9555275486485 24.7196438686175 15.114070680988 0.15004616539664 19.0756169910572 21.7721069051238 530.04431526059 192.753268184545
15.0115164723131 12.245352634841 15.8250682480271 2.22947305516765 17.7270524097385 6.41908740890606 491.385477030953 365.300052949904
15.7898937199813 20.9386307623391 15.1103479930327 0.485345929032588 29.9422773365858 28.7556697698392 114.394214190066 39.6460908678752
12.2966553706392 22.732411085767 15.978252059685 0.623642888429328 7.67184847477992 9.07677961265013 516.155495884388 241.496191735001
20.8022120296089 3.62031509578986 15.6514653220666 0.626059017318926 14.4361094674071 9.46413984249103 215.945465168415 520.676807041549
26.531655857034 16.9214384145037 15.9416182551079 0.445100066575116 10.4566646174672 2.67014713763718 463.035074691091 535.514129238144
25.7197634335461 8.89979209646573 16.1518170494444 2.28633281268591 19.8920033379558 3.82570526820676 438.864462375812 487.551592254471
9.98243040742126 10.1397426585672 15.2304833286222 0.884908549833593 21.5182933772325 23.5659536520939 276.790765199445 517.882523388963
9.1849202896162 12.3344020347861 15.8480918042707 0.204722588821999 6.81586190262143 27.8879671238226 484.516068630489 352.012463432913
4.66702437789329 2.60495573307661 15.8254244370954 0.0553341029701085 22.8338698406759 14.3895795246514 463.751162178656 506.079250268336
14.2817993511098 6.46885029505868 15.238125059469 0.224820598105196 9.81918579064925 7.86953455920076 382.830831647862 491.151625292153
25.5496781284063 6.04938276275925 15.1042040978972 0.461877257823055 21.9862139823393 19.9440903788889 343.035299625262 307.74855259556
9.88154685548261 11.8118559579759 15.1359672324339 3.68066040236605 8.32501676625004 4.34747274703545 521.924960854091 334.523686744075
16.3157405659221 3.82034850644991 13.4331094782737 2.60533184736626 18.0194198033415 17.3949328187226 278.88899789876 517.197907117996
28.5889865086832 7.19912841101739 15.8773786346175 2.6855212381496 26.9188721320308 12.3996005575676 477.262909115603 362.44309626475
19.202565249596 11.5326825549827 15.9684590747486 1.55061580567662 20.2361680896066 5.70278842790118 478.759217130222 379.934529818032
13.1111174449471 4.54094858590708 15.2606550095779 0.596966438494357 7.66714114831318 11.7837632471767 415.602634292613 454.812999150033
4.83624526505489 13.347687627943 15.4044376080268 0.123443473624817 19.770894888765 17.2810547333442 269.375217909439 276.225298751559
25.8368942524778 8.27708147148275 16.0496561419163 0.171665311137818 8.06314999971884 13.9031531793108 406.67133662465 503.093280865776
9.26248412092238 10.2205650429385 15.9960197406523 0.381457921886022 7.73126853377037 25.2163095354817 393.168715697992 424.105851794288
23.7020923640803 10.1684102737921 13.958938804895 6.32436490745952 7.40075607990215 3.18324195321159 528.862058682379 238.119985903246
8.56606394101607 4.8801712792307 16.1618509532557 0.336809991051598 10.703942528106 11.7368023527446 42.8258262436829 413.593815813575
5.85322256656426 10.1980536374838 15.985370444462 0.239771274280476 27.4668179737826 1.98183825128942 425.693590231837 294.848452500279
7.9502828724436 16.2583663010787 15.1935864454001 1.3940988817853 16.8124551254928 8.7607140218063 313.135654090653 480.693147926601
13.6975071333555 26.9499412497225 15.6689420946627 0.283752075542122 20.568631372451 16.4425501809457 452.649056879579 210.107647070668
14.9306680455982 10.0329399007431 14.8914842729864 6.76386412517185 15.3442783320249 15.2083586424657 281.131742424305 402.374968933835
12.6726056053445 25.7260497582915 16.3538108340225 0.149538340435829 25.848431740155 23.5747769353658 532.493995524618 188.868417884523
11.2960303578837 17.2038831122298 14.6433951577523 3.70902664113089 16.2236703645173 27.320562561396 470.659388966399 456.018459134175
16.0396872223406 16.7478707283744 17.5270659338888 1.2402005658369 8.2165352850869 12.2861234124761 478.536931137352 377.096105798025
12.4165157167473 2.84589621398614 15.715634826839 0.533199733457711 17.2177325708656 26.3407947567531 83.923189726193 522.682922309923
16.0854420745444 9.59708311713254 16.5894308722191 2.3286919329122 21.2253633328711 9.30507597412108 397.629929727956 482.934929982137
8.54772786768306 11.6189355029256 14.8878973880101 1.34786390992728 7.25937176874965 25.7994060338905 522.568635010762 333.124413890444
14.5413289504744 14.11401718473 15.3037839953979 4.99562695728856 20.6715132273457 11.216758163546 519.414728274264 222.148178798194
11.0648903416315 22.1813728899582 15.8184309203306 0.569100483677591 6.18333507817329 21.078527010976 411.009980095039 534.982366664978
16.7250488938121 6.80171829509283 15.6834963047806 0.275903147696837 6.76716366052164 5.78452104818122 516.34866420628 522.928340997133
18.3807947133287 11.0287119753699 15.3195307745636 0.687770176120896 10.9454554591902 2.44778853122333 293.997607549455 411.947017408885
11.2478828897245 11.2448345842165 16.4800905508517 2.02052137983166 29.2303104964869 9.56053111084664 344.901772968238 498.452284771641
13.8366748569469 5.91620594952935 14.9631828845272 1.53008670063481 13.8058953647276 18.0674775030187 430.754810874066 412.631306848938
13.8237589281364 12.5711716161128 14.44314945017 1.51139065490722 5.52173782093616 20.1512369043665 157.51807366774 532.344375215514
29.8921111789576 26.3809106727381 15.6817940132457 0.0282501466103697 10.3979038764218 3.59012512723566 444.170889961756 179.309008296209
8.52190456297388 20.4528921696731 15.0368824214208 5.08410897102149 4.99562177286797 8.62796980885716 468.694076077707 207.947922784055
10.4794262136135 17.7833247672083 15.5334326865875 0.88514166111887 22.7319366381034 14.0247088208215 415.772161559138 365.270453864419
14.6814643204976 18.4123186761169 15.0614517800434 2.17204522651645 7.56296081345718 5.80922851492604 126.421528742139 445.945027738446
3.78508402788202 11.6021927841002 14.4869339301239 0.694470141219693 18.5942612577287 26.8428527198589 470.485959015549 294.552797890023
17.9748238303563 14.8334850931338 15.9115148505669 2.10233176329166 5.85863690009224 28.2718358639112 488.14078785322 469.329771144027
23.1045271531806 13.764821720819 17.0854694080156 2.9998745582646 29.2560879512959 0.418708976091008 465.82147357226 258.549556612484
8.45089340933859 25.0753195126941 16.1343872118248 0.334094834550328 26.7764000694016 29.1132420604685 365.424170028548 284.489920729369
24.1823505421127 6.51711393901152 14.7638975014973 1.21328991198867 12.6552797900906 3.1025124010139 385.248692868789 521.109034494391
24.4976453782702 5.41931998404252 14.5353156708671 2.26004872722037 13.154392054633 9.00412665532132 508.433766470453 470.808878111884
8.11852005177831 8.30145574714268 15.6473175370675 0.281536694954271 22.8825478481218 21.1888357398357 225.486797565523 205.718168081542
10.7010658130962 14.0490714891468 14.3830119324506 0.728210954169288 22.1146783527003 9.49782150637953 220.122563511292 510.597960470942
29.2937932656041 8.15053046561845 15.5199117858317 3.17112761227421 25.0468515650096 20.114997118249 454.304349340455 478.664356463988
8.83424439460536 26.9553203734184 14.1500405028035 0.197712555328199 1.77197333901364 4.0880404450343 474.881354626311 394.113854866721
18.0210242625275 14.274248473829 15.6839306896136 0.44672009119946 14.8852340395557 4.27526790906688 278.336973145219 533.814378215734
10.9138987338662 14.2548857812766 15.0862809273929 1.3836976039355 5.67977826277832 11.7803560169895 476.303092150847 372.967095547356
25.8590080037492 11.4996993610035 14.9501860714929 2.28563885319239 2.89130425080832 4.0314613963853 439.873020432744 414.974927686009
5.90506560602727 20.286134574746 16.3173985530639 0.754799920779506 2.71859644047987 8.0757228295052 305.117447512357 461.051689183536
3.15309671898526 11.3272513781022 16.0151640604022 0.118848930178266 13.7643914971974 9.86181862600276 491.881342485763 231.879206124756
10.8701858084408 23.9885836710965 15.2386197458377 2.64571050671353 4.59869716703469 20.75614266617 199.260738144702 501.028009344528
17.6153630916276 3.69139675323114 15.5971078101954 0.842941054979454 12.5244167212008 28.2478431009139 356.274791300262 490.475389184481
9.29203700348958 7.6345921999737 15.3186744129591 1.77454992552481 16.1617900183024 28.9849801726549 475.161005888633 412.664082044189
17.303075589793 5.65445197196858 15.630008475777 0.34905864229468 6.62448373748495 28.0425637963582 225.97838958876 454.427482667084
17.4934189408754 6.71090688413795 15.8536038510058 1.49331035219321 29.163487158578 17.288519175406 320.803193620064 488.761404528156
9.27986897875694 16.2517559820249 15.7823049680231 0.522497084983344 15.8666817945824 25.7236546556062 346.017441522209 385.299672153006
27.3092503657333 11.7289206351421 14.4884048286828 3.08892726718552 23.2641748592994 6.47526998320637 519.29642421477 354.267169291119
11.8088149754707 23.8614835614826 15.269747724113 1.02718123951799 4.09657087911691 24.9285694022418 286.335731524416 489.09574775679
24.383188462821 16.686028068811 14.4175169534014 1.61451048481826 27.4625596600148 21.4653564176881 514.973249281052 46.3900607296692
11.7536537166259 14.4197247070877 15.4480301901309 0.191538970179507 28.9776158998771 26.4217489822741 463.319900503916 382.775337811726
18.9699269298886 6.77637647660043 15.1347019094242 0.694448473765867 11.5345156485198 5.82315937704811 241.641748821259 426.731965463362
23.5288798772472 6.55430125661175 15.4355739769105 0.365491070697389 25.9617924747338 16.891111917954 496.010381534576 496.449552941381
16.9802307789739 11.6734470650779 16.2627640107875 2.75178096033581 24.4558928284043 0.0897032689061317 494.74472992925 398.867596744836
6.50546277275585 6.84788800014393 15.6518983732496 0.0848904458208411 24.9452867133941 17.4638788007454 490.099760423174 129.092072538572
5.31962465332092 23.3407260672845 16.456143630314 3.84409289489561 19.0639158589693 24.4817233963333 522.228309491767 471.685271626476
23.0740489725107 7.70211331658311 15.6933534400065 0.162360566730778 17.6288312565947 5.8805419290511 480.029337116498 419.286390137656
18.0837083783378 15.0544960735679 15.0170597376708 1.96884698657888 6.3347662284608 2.92610788690662 511.989955887853 234.703982647816
16.2105521012157 9.8046638733357 15.0453387922894 0.397988323192453 11.7540939798841 17.8960265091312 399.621826338425 201.769864637337
17.4713686012916 9.09873711415659 15.8820523709837 0.659922486045985 24.6454371296269 10.5408605027895 305.703218509589 485.402798163853
4.08391332226093 11.8682464996044 15.6533031167994 6.96862187074897 4.50442132802128 27.9246327594466 471.607617269084 384.52158449483
9.45580918364606 9.58256792250489 15.7752063230255 0.317428957879252 12.8210344148327 1.06764799565879 504.242344359874 410.691211897082
20.4512513639533 5.34093722192602 14.9147803497911 0.342723347257709 26.4536251148185 8.33778170849745 450.261164219723 215.70328903069
18.8386102689586 10.5471403814295 15.8756308760598 1.36008433332911 25.2014078655729 1.70753346186501 450.766032765583 200.06126611283
25.7159966967733 22.5471975996196 15.8042363684941 1.14822960799292 6.21806436917254 25.5714007946908 148.575607970006 320.625342038549
17.454781260456 7.47799339438969 15.8275210868843 0.491765175497128 27.9937899235246 12.3009787077435 120.898797777446 501.806336590713
15.8897533982671 24.0268616787459 15.6297885056817 2.34178665296153 22.6776698512402 21.5421918908032 239.290056136489 428.738169484813
14.1951852331807 10.1414321298169 14.4838927846373 2.03315809266592 7.60977413912381 22.4173953287634 222.565512517343 442.006631434074
9.41126130255806 25.6052411968315 15.7037680767263 0.701477719943186 3.30095463167339 29.0193259060551 331.954700045773 423.550313522222
7.51499072924008 14.5458392862733 15.7151203563221 2.19514790480694 20.641833819755 25.2747039513742 471.085424930334 377.736550958122
14.8333014021952 29.8332886512686 16.6744830978293 6.64576006109044 5.92680302432982 21.3361714499761 277.879313959351 506.367778613709
8.32303010851366 10.5692485500103 14.7288741772804 1.05043215109638 24.2861261269361 11.3915424778868 469.572695915309 135.062689160883
18.3201845940271 10.5151163810884 14.9990449622549 1.32228836468216 24.3056615653576 6.99511305238856 315.271787709413 483.233356950445
11.5850499228485 8.51016191949677 14.4369281948056 0.374824089472091 27.6172840911844 11.2778166561633 270.825882162982 431.053790779039
12.7744567066479 14.3133929299338 14.0565780483199 4.87134238449966 9.31856399919633 2.49596294031385 402.900079650151 448.721690803387
17.0609160706894 11.7879501510683 15.756294916165 1.10569266982156 8.30852572427841 18.2487627724031 439.031115516174 408.923319701699
