18.2742790820358 18.0674036317987 6.35730521144358 3.9759354581686 17.7008266077063 17.5362546965685 217.644298046923 327.161236213269
18.3359427742794 20.6013754194965 6.83010549459762 3.77308884039458 17.9442385460386 10.1760994635117 43.4056502207357 390.677240085438
15.1652440827984 16.3970315365966 5.67338079708651 3.55004763071608 18.7419591999265 6.73267372647296 279.099499311814 251.6367815323
13.9070156183579 23.2884405243886 6.51721947567082 4.18188067486212 3.68375287849646 17.9552462082424 383.315186857906 212.10141619638
11.3322469166518 16.3008290522738 7.29987462246007 3.42278696368741 9.32475082592708 6.06231698153666 283.862089783116 266.499694356261
15.9163649809519 16.2862375471436 4.06111511888589 4.7771504310878 15.5110253750576 0.569527713717426 202.951101304811 180.32222716167
15.2190740739638 22.3446880786958 5.26226854422141 5.13485121357165 21.5080122072552 6.41999463196457 76.3141780158993 377.88993761994
18.1822237785813 19.6523691926968 4.77470814911564 4.77257360730397 20.0411528539699 7.87775711940286 306.699976950714 246.644752553668
12.0997117707434 17.9834610539219 5.86981892096971 5.19778821451448 16.3629654393785 17.9200858957123 202.776726042523 309.584072938244
15.4541841004659 18.2540941685578 8.28054619829133 4.03457749572734 1.04459658377101 10.462492792973 44.135123820598 353.363565784308
19.2149147103132 24.9627495912354 4.92378211583461 3.44677882426824 17.7660550021607 6.19606331658335 80.2254209601072 254.946903441457
19.3197783594719 14.6557551807788 6.60952613414857 3.58183187174106 17.3194030298836 8.99666331858729 23.3913556185049 440.580719392745
17.7157899369638 16.5864108762514 5.4589931988884 4.97062485406854 29.4175786255932 20.7606143859764 47.2917783380138 438.332864295825
17.6582938259396 16.5950900715647 5.07173514106464 5.60373251020448 10.4330264595126 24.0859324041133 177.426895648868 321.675778063658
14.1876484406535 11.2588138031199 7.43046525379965 3.42978434251558 11.2784631332414 1.76342597690292 437.531120408936 137.659321303129
14.9854721273093 24.3745949650985 7.05727563931903 4.67214585680672 15.8585107541525 15.6814755242033 153.577478072104 365.812768094277
14.5968017568642 24.6745068683965 6.13680112290584 5.51759051836069 17.5267528767588 27.8813576081529 170.564719817393 372.881609869403
15.7095203929864 18.9298368464349 7.05639136873146 4.47079629936724 17.8305768987534 12.0831882468804 116.251897595566 329.457975699836
14.1504873888157 17.9176377163918 5.12608306414923 5.13363919967837 9.4265411536518 8.77422854768726 58.6588292491028 439.029379678584
14.5048423300372 21.7599972005531 5.07248056346293 3.30247686134008 8.40388498780068 10.6826931450221 52.6177890513251 411.584238199299
14.5257916367194 18.1473029888546 4.42770650298985 5.19295005845319 7.16587012003586 3.64568703085695 78.1729869377278 416.969036015632
18.1917259976961 19.9976826888224 6.1533450393339 3.98041621597651 16.8166804620956 20.7158007018689 388.017522661969 52.040611972356
13.9170019695253 20.9668750115825 5.0061345084962 4.48725690223499 2.14068384693765 14.2817337259297 34.3253047180349 383.767796326082
14.1503426319003 15.9595606603508 3.00022058940735 4.93808459191282 17.9195156325687 10.7592911241043 50.4013691104353 372.731118089835
17.4372705864622 15.1430529386639 7.22891334813329 3.90221109709734 8.86675198029005 13.9619171006979 193.541441431398 399.373268508919
12.5898171629586 17.9181518076763 5.40281007435927 4.56891279329852 10.8966846534476 12.8591560996981 242.419127015444 413.354794774528
14.1681337792089 19.8811072058236 5.33741711682169 5.06815152570263 5.28624313054447 9.07157174214248 44.4385495580091 472.208698237644
14.9119416789522 14.9443825935477 6.51894530570145 3.98788247311496 16.7533331529473 7.18945030704771 203.427998349224 363.119888185706
14.3763924310598 27.0118191417498 5.56170672725407 2.32553955229071 15.6114593539182 13.5543392994107 54.9386440082122 273.384632274999
16.3440762368331 20.9126396842237 5.84547596670913 4.71044256654426 1.45039010201881 9.19876410566012 145.90715719508 331.641049154641
14.1768149096197 16.9293927919857 6.07236605048801 4.19284981444896 16.2449382671396 7.92009150332361 230.519925173189 313.246996834491
13.7155619495073 20.0712629273922 5.84781053404409 5.13658928089736 7.09017270138531 3.68734042276017 190.016016413752 383.151249042256
11.8197988241884 17.4024281660116 7.71874195140519 3.47891133064943 9.54234047616606 17.4822683421501 90.640745408499 382.661100695841
14.8173052943472 17.9545731195444 5.79960521998217 5.17156617982277 25.5446460633599 11.4300008858057 123.780579908962 392.490898388275
13.751567976069 17.3964617263266 5.36441699335043 5.14871891957666 5.31147844035398 18.2431170077567 204.81769936201 317.811141530584
18.9950635808956 14.1460174736961 7.06863974130895 4.1258284539836 26.0171991357104 11.091487189167 123.063341367516 405.421296193362
14.9317424632985 15.9407602396547 4.9934932827407 4.39975647032117 11.3210039084143 4.62488951980428 85.0825369619343 418.140608745132
16.8789776498337 18.6976280527023 6.9695868730796 3.4880903799638 21.9675992002417 17.025393539457 170.06239181814 266.491063595823
14.3200877024757 17.6555451052859 6.40903841359327 4.38725250983542 8.60333573191371 19.1638692964345 128.47720178678 378.956339972756
13.875405644162 21.0352819895231 5.66693942359187 5.08301079017293 9.31070370488812 3.71450786146313 271.216254018521 337.536521326259
14.4520900161738 16.05560088036 7.53926212179388 3.22150622465722 26.4111668850018 9.14621598796958 207.57782867777 238.412994843618
19.5773942103727 18.7484746784812 5.87191659648727 3.36799297546034 23.9358211160338 25.8525409784859 155.025087953857 312.497822137825
15.7927287531699 17.2028199131657 6.31360680434484 4.41209474874465 5.23897205397529 12.0122007309634 83.4151822149775 405.19884112744
18.2944570658838 24.2062206159417 6.7848671258697 4.54073235468286 1.75342060082289 16.789839814898 81.469866382129 440.959265520324
18.335765633307 14.0735357388805 7.07931446859533 3.08203383787302 19.2127310510769 9.19086560766211 72.7928587114009 341.630840876618
16.8482245627303 19.4571443339098 6.01762944338527 4.24503288667233 19.8624432353124 11.0464480742433 124.154848774093 298.703547812695
13.3337559274589 15.4781234053686 4.57407965251755 4.1433504263722 5.91149276702358 6.86760358869292 365.243926391069 306.370363051912
16.9246707151928 14.3764158800238 6.71596048184577 3.99710619156693 4.55051614077545 9.43037647511486 19.3646618875246 447.060948651583
17.0208800870985 17.2765302824541 6.94761124931649 3.5730627755254 10.0873044749385 17.8039205817833 62.7338434542851 327.105996122454
14.7038641086111 22.6482317698619 6.85895849437173 4.3878436570538 10.1649565161989 24.6706148218484 267.641653923614 388.643256550993
13.6499755454621 17.9022418754005 7.0441001427356 4.60741819349856 13.405855424112 15.0109049507113 313.223630747832 189.151754853594
18.82378361872 13.5180112782017 7.22281407977034 4.1726804256468 22.6235528011361 14.0228640599719 116.58019452444 503.819250458126
13.9342034925739 18.185796724274 7.23580696585863 3.87348802057609 7.15945023862967 20.1906365970293 321.394574311915 328.627945512766
16.063864814489 24.6082931505555 5.23614785874901 5.01169479080839 3.72409489598377 26.7490852693521 196.332524468623 188.820199715779
28.9124077505798 12.5351739744156 6.7232394982453 3.702607163772 25.4254538813051 6.83897262043419 84.2296390347434 480.391580634904
17.063305978181 17.2288083609106 7.74030820396596 4.47023137529397 16.7660604825766 6.27447983984266 22.8109558546514 425.18839614627
17.8857440204004 22.7640062039356 5.17292677984652 3.64250103726078 3.12072571115621 27.9438268395916 136.608369854397 259.431895576333
16.082131436861 16.828907100919 6.15146487250161 5.03809321396428 6.61510028195446 17.9758379180498 122.943269818469 355.204117377749
14.2013157075762 22.3902012752671 6.05166305495812 5.22004331709462 8.93161290470594 6.7529630933271 65.4160826082174 386.109630644114
20.2745809065451 16.6685796668209 6.00183309024563 4.3515133082668 12.9125142557259 23.5596574743828 220.222747990872 248.970811488166
16.0262373348907 18.5337577493677 6.89965060004279 3.24175918657008 13.6167251841269 3.20166024353681 226.382577937754 110.93055657355
14.6726783804865 17.1761837404769 7.24014582179929 3.07756364811536 3.57149741053318 18.3893046755331 157.836996989934 344.777602035485
17.5736994544615 18.0176385378245 4.15166865988536 6.26503412163475 5.35140929223187 10.9166150598046 221.692664987801 127.946981951158
20.6312723019425 19.9116333915878 5.19493248031408 4.26786172004647 8.87722310704677 23.0793035294641 106.960678243309 411.326621798735
15.1504755764927 16.5961798819566 7.36757243413022 3.65841738682278 23.1384611817759 19.4643663824822 141.343063805443 423.473188280964
12.3801135063553 16.341388134895 6.55334903143665 3.51755623559086 21.7679756490998 23.5829565793643 152.678192767847 379.179673141056
14.8723654261824 18.5774916801792 7.58151757643373 3.9087915084681 15.9434018935566 23.8202618211337 84.8724784195783 393.116115875207
14.3413522648568 18.9673661012655 6.62022053778411 4.0624146502437 11.0933156992526 15.9018856246816 19.2308055584697 395.471147636311
18.3185808799819 19.5103871343735 6.20341676187174 3.98239343633994 4.68271393554653 12.90265440622 28.76794057909 465.655119380323
13.8843416183145 17.2785464304895 4.07810899278108 4.03375615085078 19.1126378369072 12.9962132877158 76.8900802072458 54.999260870661
13.3837575707388 17.0736069025494 4.82889390830727 4.96182073514973 23.4966811768461 1.95628520559482 248.32902588053 420.634672328727
14.4492476141281 15.1680634261979 6.11241882190806 2.59963616604084 12.0244478648176 9.61424607926999 123.680519790881 234.441411854674
16.2288083794215 20.807778162911 6.40345109268666 4.78397997230041 9.71239709014948 11.0457234431123 65.6490244768464 432.996028558433
13.6658258031531 17.7996290570677 5.02651239803646 3.04288284079171 9.29972132912726 21.3165339537253 104.361955871234 307.36996953566
16.6241839077921 18.2683056431264 7.45455109784035 3.97036463061137 18.7905486104531 25.3892092248179 124.29916630307 392.497164101269
17.3685089231738 21.2935105824109 6.57382656452864 4.95265969417461 11.7914747401284 6.05826411690168 153.932944806478 377.945039355755
13.8651989784806 17.1465544088599 5.54461085165475 5.1704524037046 24.0333908361758 19.5277076307449 100.03756485921 380.900529051894
12.3684803894828 17.5246087709056 6.65152064701316 4.63569353643603 17.2159950907668 9.46307090826739 308.287118639905 103.507784388133
29.3023656593754 14.1819514721742 6.51426576964071 3.45776705831861 21.1247391624502 17.6979185372532 73.1877403293674 392.013184125994
11.4256597817582 26.0209778763269 5.60168194331217 4.11497787524821 2.26250378348162 17.6556911013725 129.149628648937 429.647431998715
19.6768421057587 15.9857037963814 6.32451154184955 4.51706497530246 14.0560299307719 28.1764738088036 39.3585366620272 414.059654935282
14.5852147357621 20.0084139431482 5.82605192136718 5.0435258965876 11.5726760223939 25.3838316036551 367.470498397108 161.504743402419
14.7316898952864 24.1642402717074 7.97345660766282 3.54089447387012 25.8152904675911 9.44377748947484 78.1328662864953 419.025158282226
17.6829980405374 19.0098962526701 5.04781806036723 4.64393958099251 3.03161934737205 16.0021439207647 112.699204153998 369.690806301669
15.8006433165909 19.6113272905259 7.05340693843568 3.40505676954426 11.0366889574238 20.3420419710056 256.800806450761 324.421881947996
17.9811635358445 14.8914373897342 6.89895049103249 4.33751516529234 18.7569377316827 11.5021817352308 257.906470006193 300.319060834875
14.208473704391 15.384943912754 5.91595460087587 5.74056350823375 9.97320265125877 2.03176207676477 172.506187190883 419.191876909781
16.6029465883486 18.1209179529329 5.72556468202892 4.38014898077441 16.2391192666452 21.0621771190657 176.564061979697 294.057576060943
11.5205396367052 23.8609815006501 7.1461546082413 2.59924361008777 9.8732413250458 27.0148417467002 136.823687895339 135.140321432443
16.0752749025857 16.8500227144401 6.5503528896609 3.86194952676155 13.0395993879771 24.9784719501559 148.359619658472 301.364499003655
16.8324708709428 22.455143100122 6.4612246208949 4.49890030904954 13.1613356425792 22.9108919005738 118.854814315235 431.325177570375
8.44093078225409 19.7887466601651 5.13460953244829 5.10979415178283 11.9319850150307 5.47676153256227 188.975501983807 440.771799057224
16.4266748428522 17.2543206277973 6.518151762466 4.4582122368055 16.4268453779547 21.3922377729876 268.960702213394 328.469686702006
17.2402167240588 15.1269718221832 5.49170026267362 4.9813538759205 6.48507051709012 4.80872949569753 144.711689468706 400.677873119447
16.2760909728081 18.5123735140773 5.20926533098271 3.69799138515447 10.6411385481181 0.589196105436629 274.035447659106 197.356074553834
15.9256104355103 16.9722219955044 8.22808319003099 3.4368888792947 13.5193823850698 9.97232027324183 15.2430040349966 457.488225225879
18.1908624384423 18.2385848326312 7.47790013094857 4.11221658442628 12.5785124203598 20.173139940274 55.6472317623174 383.894934382219
26.1234286088987 18.6332233277206 9.16481348436005 3.28524589240861 9.47631301086345 4.68186994973746 71.1186144139963 464.676078624193
14.9831380265433 20.5338194646725 6.8428631060859 4.01758585731247 4.01757160512303 23.0519295150414 312.398364741694 338.801490911548
12.1167908860155 18.4110559437605 5.92843866517013 3.72738895175723 0.883313765540074 27.7918967185431 380.86137559854 156.924018310714
16.0448498706726 20.4414812954624 5.87464009838469 6.03888648037037 14.9627379876885 8.91397817408278 345.652352592829 256.668231754987
23.142073002107 14.7830333287808 5.99305225996612 3.52817023822547 8.73916433383545 27.8341555125194 15.4703822362741 443.564842447503
15.9970121118667 17.5733737527658 5.41416067794743 4.77585178479379 18.1714464236748 7.82975787679893 143.867042108738 359.373466532108
15.9456087579934 18.7086484296352 5.84261872382483 4.78499608665709 10.2031600666359 10.7235013814927 366.860254020301 292.320914569005
18.01920169714 18.7572183311541 7.42388229146361 3.28686542234205 21.0602904043116 10.9320711093208 47.3240707234595 423.149345819329
15.3945776602032 19.4457929629255 7.16676549581808 3.01332383801896 19.907031898923 12.016222667436 100.507944455996 317.680469217186
11.7466167889734 18.536468846504 7.18348682266984 3.93166249398839 6.79042369448268 15.5236774817532 71.4736266167039 387.624303073149
13.7315589672874 19.0572169527817 7.01728956709473 3.62898067634468 11.5198415976007 10.9099506561856 146.094648670716 365.440878734702
15.7602097357936 19.6433475456538 6.8273258774131 3.56426955311248 1.91485339171106 6.75947658560229 83.494336347475 330.271701798774
13.4499636492832 14.6883201878488 7.22499929698011 3.03074115254187 8.37706060217178 16.7366210540795 447.300925724453 179.911490186892
15.3866778300659 18.2091126106838 8.19298226380787 3.11629942311174 16.6376491233485 27.7320450088568 16.651279536648 387.251106973626
13.2432193936426 19.1527225108454 4.6216841903013 4.52596346074623 21.3327250114412 15.2652650279836 158.656891178818 289.444874604789
16.9625660420445 20.8333839666508 5.95049016148852 4.40220951144405 2.69914697945437 16.0152170592042 202.777407375114 290.074201546957
18.5756161693646 21.8177836390891 7.65117694608753 3.66389073811773 18.5210418585607 14.6527518290844 188.338108849581 357.566669354939
18.473267985211 16.5386684494997 5.85246746531588 4.83401984737054 9.68819710830509 10.1806994029275 63.2393849558888 424.484363207717
18.1197065107809 16.7904253751378 4.05301590684388 6.68831477010613 5.22233748176568 4.34817229627645 224.115037321143 380.414790311299
13.7592879957764 23.1557511354937 6.99268966283466 3.7564954464631 9.46388328140877 20.1343106503268 143.657220929393 399.803870106325
15.4649408572648 18.9575030073485 6.76557128964217 4.39479527564518 23.4846415005894 15.5425806910263 142.128244033654 396.011729526415
15.0308159869341 18.4896793125328 4.6121217181795 4.91034184897631 14.5759963135271 12.8622071842427 83.8389579874592 414.749860444887
13.6183083569503 16.000395791472 6.29457735263588 4.38060888147868 5.87754302671132 15.2913231824239 114.857975152626 402.561921747379
12.1972488281143 23.4588388401148 6.1646427198137 4.12594027962974 21.3427780389626 24.4627197083549 283.055219500939 299.646453531783
14.7563669025665 19.3300177242803 6.77818057606789 3.24397761922445 21.9621824875988 22.5018100330997 225.292138207325 309.870987033249
10.9099809376143 15.2252081702659 6.79953167005321 4.02243438690096 16.0801090991164 21.4930677928427 219.283829158324 352.747685927768
10.0819012671807 23.2923022675595 5.91812366974507 3.84508626328948 6.47729740038989 5.12720457735496 388.153913139938 267.353134605598
14.7213864978283 18.9602259763303 6.86394275551632 4.21526036122913 24.3046049933804 12.8264043299668 136.820247462385 307.383450174143
16.3519805261827 24.4542026577221 5.41950818850454 4.62622015485675 12.4971247958813 9.75216863282437 104.548108545953 275.278046507843
14.7483644971683 24.0124951354216 5.75963990212127 4.2674231684571 12.123328404864 10.7514918407407 88.3576743179144 374.872474546956
19.2190121268825 18.3738898611427 6.67216798170156 4.13126948555482 28.4892791626759 4.85898937666185 16.9057450240289 465.296784394856
11.7558911902509 18.1919945564156 7.50206821807514 3.96794869294349 5.28518367589488 12.2914487546516 201.416015537255 335.972604293867
13.5600692090421 16.0755564516434 8.75629579865881 2.33724685254156 9.56315337291636 26.386876903277 28.4177465735191 470.742802713029
14.0890781146973 17.3941997596786 6.97775151944701 4.87298666808168 4.2380204724903 18.4130755409312 136.483678493215 171.363626587824
13.4580984697402 18.3021963843428 6.73649224394509 4.04125010686601 10.6615025373227 18.8974351239314 139.131299737852 333.030463965922
15.9590357622628 19.7605240533511 5.77961154160044 4.39776619732448 5.37002977861268 24.1530413536098 181.331011336412 324.976585741922
12.4012426577628 16.0259136454905 7.78015814783945 4.06818460761309 6.57616465190079 20.1422304524855 343.64125828728 361.704182123749
26.2004298976274 16.7769208726481 3.97605579702611 4.87964283791403 11.6270457628411 17.425791034787 113.153271524887 407.82831932133
15.0480764488024 22.0068547286796 6.59390022643107 4.25692651321965 7.35088187885846 20.0923266310182 205.512298198657 392.605509195221
16.5713996159476 18.576665815605 5.01268586936405 4.5286050337051 5.19493679905274 10.7195257245525 71.9702519152214 422.175058932369
11.7556889368328 19.8310811758212 5.76285338357238 3.8410464258526 28.0666502522904 18.9884111286091 111.739940276782 350.133353925791
14.8591535395133 22.3706675953589 6.00980962336341 4.31528755444428 5.01955796026086 17.5269453199483 59.8544266695326 458.162189260988
15.9366555628397 18.130716624796 6.84337532657366 5.11349437740769 10.1193515255492 17.3232716013679 131.262447486762 348.26412036298
26.1728046262101 19.8363891371275 7.56749393058842 3.98341680115753 9.66326845416738 25.9590297820112 147.799326704759 154.71570135696
14.3441928070808 18.0410908327376 6.00827854864232 4.7773631384644 7.14809759272468 16.7091071870123 204.197289901349 387.59152812107
12.291383203088 19.6317406693316 7.13059518052305 3.12008373781189 20.203725401446 23.9765843513374 246.545028106472 325.247090721025
12.7011831860128 19.9837792156571 4.74141904578226 4.72180604045496 13.7372017760518 7.15331857401662 81.7949708264109 381.918076639853
13.4745091718772 22.9801631293851 6.90384085646318 4.46660677567427 21.1848646499481 24.4620471651902 156.540698344884 307.018770969132
15.4604266920668 15.4337197628318 4.87123189593523 3.69875498357817 15.6635221251845 9.93698198674111 303.00234639636 292.854817384724
16.3045816318679 16.6158335381627 6.78890492517057 3.18539544987293 10.1869326083733 13.1533022882313 149.37498032499 392.073553287053
13.7048441335646 20.0591947387184 7.08898488881611 3.63044186134892 22.6327902591548 16.0112838031666 132.974929238426 295.027621327086
16.4397862928172 14.5719701556333 7.72975353806921 3.91089328974422 8.52105379231552 17.6923094627467 228.872745355452 256.605489707352
13.6488008508912 23.5890336763233 6.67768827379012 4.5116765182589 10.7279872647101 17.5806326496458 52.7169360634114 415.166323328882
14.7064429229039 13.805739514867 6.84947511671121 4.85288579990895 26.5379609011419 14.2038548820091 168.156841642968 436.814183037602
15.4690527511383 14.6811023025002 6.71571736870382 4.52284274075834 13.7409446613191 9.63353513906247 49.984097930727 458.422420704636
13.69061808713 19.4509500258666 4.29159399894142 4.7116708056547 15.6349290347317 23.9412479146008 231.330524156427 253.026310914847
18.6294451466968 20.9601153010496 6.60091228873047 4.57165921975179 14.6760246913621 15.8654913395802 94.3353171883903 207.599084339251
13.9616317590111 19.7611340645242 2.94501216974897 4.62545198629945 5.96545637413411 25.8433532609698 217.227357412367 251.36212367725
17.7600060277432 22.8357353355588 5.21608992057408 5.25461075703318 1.89740680796291 22.4572003270937 49.6775924667113 408.888971931652
17.373121656732 15.0904429161523 5.09023464386561 4.32630128317324 28.6601354938415 1.94151982797071 26.2176974019628 470.570312184164
17.5452687004286 12.9673017080329 6.40423601233153 4.19178452155201 4.53129927661102 4.99299093654565 102.461227166986 371.931117546277
18.5463181495225 18.610696516855 5.33653738965958 3.93138281673895 7.19221864726927 14.2851884383466 131.160030026867 109.287466049107
14.3254967827758 15.255039945646 7.16861922475734 3.26834677146874 5.483979271873 8.13847437101043 146.139027165458 394.734032868022
13.9266551924577 18.03263576256 6.09868160115112 3.34554029693015 14.5488590398448 11.480412615035 85.7916830320112 367.513267460756
15.2552973259138 20.7567004847306 5.8361871392083 4.19530491905781 17.2108828020872 7.25399323334141 159.708646088491 395.442987463924
13.2753820475844 17.3050543206679 5.05279970531995 4.05991728020278 12.401563421185 3.49731477539003 233.677095711041 333.514812205111
14.5660763276386 18.3673774611125 7.57106546770927 3.14830782909587 15.539864218751 25.5751226647873 130.954586027492 369.32027051222
14.7619874850412 16.0908057347437 5.4945360548737 4.74860817443598 13.6216291308077 16.7032165772693 180.721718758716 322.400507433883
18.0070307542303 16.646495545422 5.61820766002915 4.62407457551772 1.88467732333178 3.89951524269987 204.425473382868 393.042204704523
17.0434597136851 27.6693381112821 6.38277598386758 4.63291322796821 6.64140830444317 9.76782323813475 100.054256947386 400.601923886647
13.1981119659817 17.4396018663613 6.82536672228708 3.37740656791585 9.31079361894772 18.5468102546054 283.685004961612 320.00315960941
13.2416105148001 18.0077109554205 6.93777237278215 4.22457612403545 14.5740363374722 19.7643155060348 208.164340922631 366.369006899883
16.2789157157022 14.7991287578186 6.95693314295166 4.04863617404638 24.8776601496524 4.4357054132828 49.6676373108476 335.523932870165
18.5635630475766 14.1045709461225 4.71613856129655 5.28745378650445 4.50923461274365 19.4982320651963 84.7040857342398 433.529579433056
18.2901674893616 20.7943527186963 5.94810841672618 5.90059110717653 24.5821040088094 12.5748086228911 215.944354885403 188.867504675553
15.8648421861222 19.9895344740353 5.52879873160155 3.39970682082447 6.07877552358742 16.2235861228609 46.4025649075445 381.509479367147
12.9609897238207 21.7442850496953 6.70036201795506 3.60148678255064 5.75857334377728 12.1938283496125 146.465045633457 316.32982001764
17.9472778192833 17.2380618817697 6.82187852154446 4.73452415677362 17.3917771120793 8.06217199969061 256.852659723948 158.198834777618
15.4486873911477 15.7464015166899 5.42436237444685 5.07175324182516 26.0416328566955 5.9056699422439 25.6974028252846 471.994698844541
15.9425092940217 19.4189784564106 6.4766956385032 4.17867228672336 6.25942904058611 14.728527337512 147.429882824478 437.994513619467
14.5052075921643 16.6421826664204 5.41293448527717 3.52473480618929 11.2872457946043 13.7595955520834 146.240600328087 368.204992965989
12.5330047662417 19.3898003075171 9.41977259972555 3.64491131054102 17.5403750023609 17.6789988499001 116.916451046718 389.613359702936
13.3283769992186 16.3312743682706 5.33768638113021 3.18592522690722 4.20328294447787 12.6916974304843 300.871790137555 53.3807340549804
15.1651054193555 17.3517047826272 6.62726178734951 4.39848170334664 27.285061301987 12.2011137717823 178.637403844142 420.43418923608
14.3649259988032 17.859941676709 7.16086223166209 3.91073272914618 12.7505821890498 21.715903059959 114.759418482799 425.332865218829
15.6565311559198 16.4239558333773 7.02181382249771 4.10159210638844 7.66760619931444 5.40697489810346 229.457292419901 403.390455036414
13.926252770733 20.2405943113981 6.55328109768094 4.28812065769032 10.9604160504088 13.1122066599243 190.75214600245 166.963059059533
14.3660324309296 21.8957486587602 5.17735216292859 4.92414098674824 7.85036045897034 11.7083077846025 24.2848430997545 407.263258212917
16.31013315888 16.6450438086081 6.76888039852532 4.52505801236438 12.7269508435953 5.59960387196456 233.747828771531 358.761604942895
13.2211450216053 21.5103726282839 4.93541508536817 3.77161913934018 1.24930177007186 7.88910141505975 296.228946920874 376.831310375601
13.0616224264516 22.6056096168506 5.90229785637099 4.78095661390679 15.3257244122037 11.9059011369046 32.9671219881496 420.950702221572
22.8744233849636 10.6363790489027 6.76909473002109 2.76856414838848 14.7580424572913 13.7800551689206 5.83320707623635 511.331014347807
15.6036184175643 17.7831561384561 7.37880155951385 3.82571204650219 21.1750133318607 4.56587333187095 253.477950957647 259.031031704326
19.5963696609046 11.7818496450014 6.97607823356223 3.48258564638407 25.2656631379225 10.2066511824745 329.216842114308 168.430677003201
17.2323847594977 17.5353166641637 4.97254143991216 4.73510410533712 28.8524360771282 28.9474529600401 107.563360725689 355.560263575339
13.9306296316173 14.7639806577321 8.0921654732078 3.49147584357866 29.8758521391249 5.74481590851152 197.954060594525 354.495952643666
16.7883217464117 16.1008960861541 5.56775462314871 3.78333620368335 8.85862129734341 29.4326172337536 22.7566681440809 412.799371816109
16.2139244966894 18.5311976321255 6.36314326026335 4.56659400357301 3.46087538644772 15.0278095517583 149.345757413276 439.507251488646
16.5102114706252 19.9969814949982 7.2616464201126 4.25638761353529 13.6592139465421 16.3836799659848 42.3872648341057 385.899893510888
17.8520641281625 16.1991685898522 7.48578705878094 3.72394743479872 12.2782452842973 5.36683821667913 59.7731464896931 390.13623229212
13.7095624069931 17.2741026030313 6.49130789200327 4.45056460483454 16.6729255564115 19.927832358742 334.629366962116 327.732908993328
13.4021540558655 21.7044536920585 5.38982127624243 5.04838663489367 3.05000798774037 14.7206607257529 275.721027090955 256.187669231378
16.7041850124162 15.384772759726 7.22860758957261 3.05309649240264 8.67514864043557 12.8033180425389 256.137257963275 243.936137263614
13.96054217371 17.271171174851 7.463676968543 3.30948848180848 9.03050560603928 14.5953694907504 314.884974438763 336.385132979414
20.1579944957877 17.200076288013 6.46607067123192 3.98464039704028 15.2683966904096 8.88004965129779 50.4385806907703 436.985373898258
16.8358173928859 20.6920657911405 5.82380309564 5.30034768965738 15.5181375534224 28.9251177091076 297.398496286264 253.32367770872
17.231840032293 16.3034548324533 8.35510218044775 2.72435466961628 7.9434715787347 9.93661800603026 66.791148093996 390.794194457419
17.5611948518942 16.8248941310702 6.27755595338674 3.94213340777327 8.47750243303368 22.1516521730399 51.3957646111573 340.542054947363
14.3230330255729 17.5506850823056 5.57541225353628 5.47149281914726 7.44767569897376 4.14075375156162 277.513934564962 334.114937880227
15.4010878415937 13.713219013975 7.13342516350244 3.79316589072302 4.76039238380289 25.8185661570366 69.8186315041174 458.7859606027
14.1317345793556 16.3337810254103 6.61060053548127 4.27020826376493 14.6725888706067 18.2051983168815 126.144734213919 394.881186579515
13.9299145594903 18.5131563236004 5.84953342682538 3.35818810486348 10.9158311890151 6.34652800919822 91.5596805713403 396.182835636056
14.2933906082631 16.877152549375 7.48755668108498 4.08302943845302 12.8629325587096 14.804981887922 207.216084885343 301.980034584818
14.9469842783209 19.9462122164194 6.0257092961374 3.74789749604552 10.9188092647928 11.2357250321166 230.838204799055 290.59472195662
14.729891232745 20.0888664707814 6.58512602202871 4.67937450698131 8.91449684256595 26.7359093217101 197.328515984736 336.514783446055
11.7100891847866 17.8809836696763 4.60852530248027 5.32472268013718 27.8707743857702 28.2481012061777 199.599583371672 376.326987048203
14.6383672743933 16.5013488592919 5.87246991744311 4.99874960583821 12.8318252306036 8.19678900102785 279.936272006011 288.346177793088
10.3134319082022 16.6244477945971 5.7651907810082 3.79121139148401 11.8068327971933 12.3090981733044 71.3457415082792 381.844229587789
13.9920718118519 13.9247405309117 6.00115550753941 4.36377454991104 8.70037026106203 22.1495025915901 270.890879680578 134.606716291274
22.6920456825596 9.9078922269229 5.90086410073125 4.04393602928692 10.8955172449182 14.7058115967805 267.84557771576 386.360898496173
8.8941189197428 18.3045594516902 6.92171372188721 3.07619232526384 19.3428731062772 12.252781110283 216.268393207494 319.66727077393
14.763298995217 26.1695555138779 7.16953476025456 2.77112640693609 3.6051469448071 19.2053104639248 115.813101087193 326.288548896257
12.7086211228279 21.9011185896606 3.81616346497673 3.92001374889677 7.38757856212283 29.0406606863026 119.941343189792 353.545206820173
16.5388789793225 19.5309214116115 5.56069697732916 5.54773103375235 5.70173417951152 16.9344492368793 256.116567219491 286.170769627864
14.735860527349 20.2477956513686 5.59130713823057 4.01890999592341 0.934901272067988 12.1020350622431 95.9429273220512 407.337056479972
13.9342224937379 14.8763803128543 7.85228066918214 3.66256101681215 17.2375361595433 7.02744785201197 178.73802484309 316.815603717031
14.5083888929598 22.9977134190705 4.60574174355636 3.7682317791704 1.04741694925728 23.9741006032595 77.9304549531234 369.542723498398
13.7841310891582 17.434086709769 6.20026147289599 5.10393446784817 8.22852937598537 9.58378283010482 160.793502296795 415.344576204027
14.6124564257386 18.288883691598 5.70204247814978 5.32958564845785 3.86333655004859 11.8929883831028 180.747792528005 381.280401654457
13.9014324921253 20.4804949916168 5.5671612003604 5.03843452790717 4.78096757363124 8.8704610087364 205.023668981778 334.281275038054
12.7372479539514 20.8009085464524 4.83272358708828 5.9331825765605 13.3386627555837 8.67135923061785 96.1177056107842 475.102443716133
16.356520745022 16.9186400952707 7.17255748009714 4.23894674882914 8.25644699452834 9.58483086288174 298.197143154805 280.204881731083
19.0189459095547 18.3742784088384 6.52294575547058 4.10819141643814 9.71736943856396 8.82680529917007 94.2030487563397 408.853776004353
13.9932601254786 20.2235929878671 4.59381930216398 5.2236186987115 18.3386906531916 9.07063288902046 64.7860439957251 384.335063892598
14.1621354961085 18.7964209115647 5.9732215691354 3.96496330951323 8.46129929146892 24.5381501786408 19.8605627030629 393.782511859509
11.8283782226629 19.7859521627987 5.63612132658609 3.97175921384901 15.3981233436881 17.7341893354104 128.954159661072 381.018071401541
13.4797046947128 17.182407058262 6.99851544851239 4.62133452992373 15.6227089316014 18.5000234251465 276.307290525876 256.368145316608
12.872665214664 19.2502706097966 7.30794852268733 3.1982807000665 22.0812527859395 20.2009473316506 28.4286269170919 379.832247069834
16.1817792791137 18.0630409111172 6.24980325114519 3.26671047295799 29.2349978238496 24.9134709355944 49.4039621890971 367.567669590943
15.2547284243641 18.7457891090707 5.25118259310277 4.00396840940339 9.60851618380168 17.7369327486487 89.7649768983435 243.700133099589
14.8234789086319 17.6052676724607 7.17353207977308 3.97270151615223 4.29062401973538 7.7044409081069 46.500808476961 418.069449774592
12.9499613183661 19.4283305909688 5.6022469760337 4.57785463353877 23.8627008016589 3.62153041654941 299.943488834019 127.801161659013
13.6449390280157 24.6000212615687 5.69366430499464 4.42816610284557 8.86923520185019 1.63818042217498 129.788215367438 471.041102736769
17.1100654167283 21.1072800516705 6.94743272399167 3.98951941886042 3.595431364949 8.1247819007636 185.205842735479 274.264520921435
12.5063505501631 14.7400487433714 7.64742714806874 2.94904786448052 17.9390189537478 2.12158806390327 336.499430330112 246.231524458725
17.0232419683971 24.4744279992915 1.06752240607987 6.43370994305353 0.860005031613999 6.72678517655961 195.013149795001 406.911390540559
17.7606305750461 19.0019553278539 6.841436737848 3.88969985089513 14.2197009868492 23.9860387849407 32.0648356181371 412.405075010751
15.8515525521684 20.976736362302 7.56820578431193 3.74827445812035 10.4189377403537 10.0069939102594 67.0723659012943 431.005378474478
14.5728286090179 18.9452048139473 7.65802031605161 4.14670926757018 6.36571164251058 7.58609071444058 262.659066166749 370.098140732976
19.9954617971063 23.3716913114753 6.52248419471535 4.76079768646057 16.323552145073 15.3900452237174 10.1488600420664 416.057514907617
10.3518174685844 19.0489244521499 6.44898359067655 4.18453702060598 8.40446125772049 10.8773422167788 237.069432314362 351.404409793358
14.2503462695781 18.5418188040254 6.50285605506229 4.14438674026084 4.05499926245923 15.1880271673312 127.580185279347 204.724817539318
17.479799823258 16.3995459675297 5.0366055346153 5.58582672052376 20.2028643886456 5.98975787563203 95.1116310104225 421.890524231646
16.5534796941564 17.3159674767489 6.98129570708805 4.51695557618448 12.9477737743645 12.9007765029786 49.2751553449442 361.316487863072
16.2774480296797 20.1463067680836 6.84177053008868 4.0705780221606 7.51115983638622 16.5122355247364 79.3011007338127 425.796319713729
13.2751268950275 18.1803517115273 6.75192212232811 4.54377339807424 10.6508850975719 6.70042252323334 228.465483049509 286.942166464933
17.6878630402587 17.590923111144 6.79623164077235 4.03898003605561 23.1165820638821 20.0740285174911 23.018440490909 447.959888883353
12.1193567450589 16.5670714172498 5.34107631972394 3.57510531670289 2.37536754079145 19.9588272496835 263.991034788564 190.025239878246
14.2719197338674 25.1704986098948 5.4969772870945 3.70255906514461 5.21763001023373 21.6900677582386 318.880974682899 220.3455223945
15.0377390471144 21.7271331909668 6.76677272424831 3.56384572662699 1.55387047368893 12.1046980906539 260.944572278591 242.365896021008
12.833347041824 20.9222886607761 7.63987713032871 3.92431176660152 9.21563253297136 18.788736311656 384.366985622604 252.398383081857
16.2876776790446 26.1391337181374 6.31326763200386 4.8827983215087 9.60421880671869 11.7741517059613 2.54877107955495 443.535089330127
10.4886740926277 23.8047055280355 7.25916964742048 3.63281917216185 6.03126424021342 24.412084887779 14.8998610156913 377.684275281633
13.0456767059537 22.4337513441431 5.88654355762755 3.92045733791176 29.1103885400093 26.2780832235323 119.522341051654 306.513591088919
18.5071339019085 17.4739105777289 6.07637814345063 5.07706183455133 6.69862557890498 8.6291524406272 125.194396014712 307.209729538059
15.3305933517423 18.8885655658179 4.81165004737183 4.57937851955771 1.44890262523322 4.83912204620484 241.520656212618 273.144968475136
15.6981557747523 15.7216810928245 7.91024952670483 3.38091810982101 15.1718365100334 15.5941480125905 199.246999736737 390.403348428131
20.1333004943268 17.061392634054 6.70897831542438 4.68864997835903 21.2542482680631 3.78992425570479 127.87992244134 420.961985796567
13.1082541592889 18.7742928946548 6.23973198870719 5.22394096679747 22.8384215830517 27.1620412384879 6.84695660272716 332.331489566489
19.4618414120619 19.536559313016 4.74283067384864 3.64732661506224 28.7801086167399 23.2900694251939 136.315384502555 233.37254700498
17.0698094647672 19.4632446166845 5.32533101673563 3.92372837351863 22.2017763897914 19.7742928161072 94.416798126999 289.247784747695
13.3046689643512 17.3150120210047 5.75395460474456 4.96962727107632 28.6777547856272 4.38657406078797 144.486697598276 425.260181191379
13.3161870254998 15.4863969535752 7.47329458499089 3.20697596924212 20.0600106593839 25.1902033799041 294.315367113775 241.937553249437
15.3522680234215 21.7673892486969 8.06724447972957 4.38388980564813 14.348139102622 7.98940562338377 123.322829737547 239.315430645842
17.1209220587657 17.0063205691775 4.77013471827123 3.83092012089547 4.51332808910612 28.0106377564277 122.89110176325 153.769265478885
18.1020406517141 18.7608699452694 7.28468103253996 3.13206449496073 24.7384075668551 29.411621716893 110.177123317236 347.01352303095
15.8534546593935 21.0664882319961 5.66571091980234 4.12090645401997 20.1184776805999 13.7315307131548 23.0816502474502 419.744810892382
16.1667576645412 18.1960550873284 6.37903320603641 5.00544878058141 23.5089619357839 14.2358037472471 87.9630020598687 454.868792176064
15.7359602424519 19.3396772942502 2.99863016444675 4.92118419712622 20.4341430075247 13.2150483304549 239.530510048321 144.551563805403
17.0834696064163 15.0300217814391 6.21649203242516 5.13129683392759 10.7979066946606 12.8593673002064 159.122330676448 284.153233374734
20.5357502374438 15.2074978533336 7.21168597181141 3.81273996035523 23.1954121447737 17.5837304502026 14.5220577381535 459.124541622469
14.6972495442238 17.1943510759015 6.5508022003272 5.53073613345836 21.2820327666807 20.3653505343203 137.011782128672 379.815892835791
15.0874234500069 19.4284331837728 6.44321393526961 4.67690316486949 16.9983021082944 20.4992918527008 265.043505445374 308.2012536272
12.2954389165449 15.3003851217341 7.31353935649926 3.58163339259237 7.02152998560541 14.7576903067078 164.651580019404 287.73870609854
13.6789657979624 16.3483015862373 7.35162649336524 4.65424177488754 28.4657227452125 1.38551826273597 25.1158771218308 420.007794788603
14.8688947472953 18.5928127860802 7.07864716421273 4.2975606988208 9.15786135789575 5.90772563579086 162.707045771654 338.946097154091
13.9707769042179 19.5141649100188 5.45468528980291 4.48231531604757 15.687497839687 21.3149236666579 133.537400550989 372.626046876284
21.0802965947655 19.5313975970553 7.46869243159662 2.4317332842844 25.9486702577167 5.10194855031671 265.083708867949 92.8530330173733
18.3589565123449 16.0073436646235 7.07134941221775 3.49490991859371 12.1682600997641 14.0744568594917 45.8257380007218 421.455728480327
17.6575799615821 19.0647782457209 4.66612731561579 3.90371788812275 1.66028908368975 19.8184537560376 71.9999832247041 397.615828624785
14.1929578106548 16.8429585732359 7.14844799437282 3.46542709694467 13.7664975364613 22.5395149146034 83.5644948540581 436.447562000644
19.3872359361227 16.1375414878511 5.84199070143417 3.07093968517003 21.0461246700434 28.2750722876091 33.5737905229972 286.425161110553
15.237712970595 24.183085749377 5.10673110888935 5.20099117609461 6.42278342722139 10.6857274372041 71.5864097655618 439.005618377744
13.7295555645998 20.7909435178288 6.89075604021448 4.61556398774944 8.90228211584788 14.8343493628358 339.149907660951 171.519297258193
14.2418293885106 22.7620231593806 7.01676116345582 3.85974571965745 27.3186486962006 29.2146068721764 309.372913271081 156.946591552604
19.9024470407936 14.7946666314529 6.49457138203163 4.7595195476358 25.5747441964985 3.83004716073505 66.6655855874849 457.130706754792
16.0330799063333 19.3851768922953 6.05852020765845 5.61370716544813 13.9215517641875 12.9699205711525 75.8766257134231 434.344559055088
13.6584503195271 20.324267290348 7.9201747191576 4.60205598638826 13.3126684546032 9.04440880635637 67.6966867778632 400.158964149918
15.7942227088463 14.9838092641959 5.53490284395492 5.08361892462347 7.61634076752556 8.20597768635221 44.7440826298922 440.911185581641
13.9798306724759 16.6734442868635 6.45927837196837 4.38857792544585 6.57161809689937 14.5900232103607 172.184882089819 420.917090456051
15.4665168005392 18.7356093353146 6.48443412801271 3.57092836466443 6.65454263184143 23.446791112076 162.581673688259 322.468580610937
17.5384577088245 22.4162753520036 7.00855219810093 4.20056003191423 12.244092051361 21.0097579162159 3.53839912128475 452.475506415118
13.6248204103148 18.748502755209 7.58053558439917 3.76125547318533 16.8193540460248 1.66735339415251 254.659855729521 249.563108162284
20.308858324193 14.1488503190461 4.17132285336953 5.10783295630458 11.0613460066551 29.0237742141253 236.600110262679 234.489193557794
13.0474694552703 19.8331852093971 4.48993210954098 4.94034598967678 5.96348950887683 18.7126141072199 145.876620061269 421.842841338569
12.3297407115892 18.3929583491748 6.56700087142624 3.80477440885727 14.470127575214 8.06252772307765 250.497269775825 270.533680937986
14.2245366252973 20.9227578216736 5.22578424814918 4.38645416523822 17.134128045882 20.5785191980686 142.298994622149 401.068156235173
13.2710397268894 20.9513979284607 5.72898220833023 4.77601343557127 5.22198573495972 22.9655317472657 169.53312390468 425.461391061247
14.8831088088837 17.7677587312691 5.98713437333293 4.57128551475004 25.8252571654266 8.53133390063684 116.731940856414 397.522286269092
14.7632360183489 18.6872254862484 5.61177746592803 4.59432342088744 14.2721871328173 7.16162205821193 174.243968071229 368.391781331951
11.2724913288089 22.8382552268813 5.42719892164691 4.23034222564201 6.07060448969579 3.89186081735135 200.204371106683 312.515699576508
10.0877935934891 17.8836356439334 7.3371206875706 3.14762532486885 9.87931029807456 14.4930063680938 297.069871589567 275.372141415541
10.6459674649442 18.1081294512755 6.34291488140942 5.20045848757437 7.11364051093008 4.30734001346824 204.679667981406 396.893893798641
12.1537778186841 20.3887295004243 8.12353756564002 2.96444506282926 5.19271338889202 25.1900598342217 208.817105272551 388.773023574805
14.983358186292 14.9897953733609 7.16148062487261 4.48461361626803 28.843724531544 1.94956714196358 42.4647787933458 489.748874833787
18.1492497915955 24.3240156930147 4.47824436243012 5.32917587324059 13.6288358797095 27.0376501474824 70.3904136361629 353.361146065259
15.874758662154 16.3494894025247 7.01637721519808 4.36526557095923 8.26951060099491 4.52743360655648 122.365752447362 410.334079794393
14.616471706706 18.1345648859273 6.20263276604433 3.69036224408512 28.5595497941377 18.5667953328497 147.933061547502 399.968860814666
14.9410672950423 19.6647328255169 6.33530643964293 4.84098074141883 5.93224686367566 21.7753327957117 412.17928737272 281.494094963384
17.5582714412593 19.0455638039358 5.95132627805813 4.31187823617182 6.77808015071536 20.3235372602485 88.9107683601721 409.643060865718
13.8252198877447 17.0901420493436 6.84044858882363 3.94513924085075 12.0669896486901 7.14868767760535 164.477995220991 382.097233753527
15.3230312314265 17.9740645447516 6.82264940651795 4.4636574475013 6.1245041126482 9.88832049919103 96.9331337989729 455.189087309144
12.1823077160388 15.6761048119218 6.60169209404346 4.67525281803375 7.34286709091867 23.0490172192025 339.675704986231 199.925474056019
9.52727078594367 15.0019891690983 6.05383021355922 4.21485821295322 21.5123083335944 5.94402071913864 126.193484895148 416.225215312413
12.8217248332842 20.555191798089 6.36291086315922 4.78104885935355 4.33779690675995 17.1609281940269 152.804648717381 432.430636909533
14.7197488993401 14.5033001310493 6.10922747330144 4.33798529335063 13.0447613439645 16.6980579865797 37.2454227401902 502.491714924536
13.9641577069685 23.252547389886 6.53514161056154 4.50724864866808 19.7701940489724 14.9464034699357 137.333887290752 140.932090627373
16.6419652578433 16.9006208511847 7.4183562285871 3.48791608479413 7.53250720012806 22.5503961480611 157.172997479524 418.236125305536
17.7561696614526 18.2503702561563 6.22530730452615 3.63861251175018 17.4285106129761 6.86524605025003 194.836435697154 334.437718263025
13.9324050725865 15.5937627185128 6.79293026451164 3.68776453238177 8.049101156395 8.30268571532104 80.9653750403123 408.751252999093
17.4020776660779 15.323282403609 7.70071598045447 3.53746834568738 17.4497359858183 14.0051396312988 227.20382510884 300.038510805878
24.733830569056 18.5279798275527 6.00622403008871 4.80269649216142 8.64590273328987 4.38578468965339 180.892217065583 300.050581740248
14.3005164276697 22.0205001869877 5.49159032995995 3.01875301635304 19.0448964033189 9.70096014194542 164.05318342485 199.570024644569
15.1269370074142 13.2080591522504 6.45396375150885 3.70857653200805 26.2974473439933 16.7261570743206 213.205616135318 327.29493938508
17.7118187408941 21.0434322164885 6.81197367007708 3.67562651894513 3.50318879898041 19.1954697875804 350.850464008013 266.08086999771
12.6251706906802 15.6030321145813 6.12384073423802 4.1704607796362 10.9180203744957 13.2820869993105 227.90325219577 172.114539876773
12.8278396647271 18.1563023750062 6.74203188310877 4.16705327825404 13.8730812140299 24.2176080959668 151.981590671984 375.63295888239
12.510087498151 18.9725158828362 6.56308562067275 4.60486204656451 15.9644598459372 18.5431087991314 211.077817950586 299.88364288999
17.3011320691481 16.6210487233636 7.29451299041171 3.02943103866642 7.53952558651698 13.9293283922483 136.860035153827 337.985818261386
12.6428399502388 21.0396579418565 7.35580625784525 4.05307075795878 20.2628790850002 13.7027794349287 66.8288115976327 402.903435732814
12.641740675196 20.0588908187269 7.20758711714786 4.11809150545014 9.1784571893038 16.5463728260999 176.212692641388 375.859318988161
17.8180319008011 21.107228295192 5.26537076605243 4.34376127263003 11.5100089509966 5.98394569755636 133.359502803072 214.655552749565
12.3844135270159 21.3570191171188 6.3591340949966 3.73881501639297 28.1025898145098 5.4705779847265 124.751985542661 399.846954778806
11.3184530252427 22.7031495083302 6.80809797784528 3.7751191249997 9.60976146758494 24.1577565224203 122.306624610333 218.555430684919
13.2687775010768 22.9839630315271 7.03619863297446 3.49170206458779 13.8228910928526 13.3268460160075 216.48229662863 342.406247757438
17.4704831867679 11.687650521668 7.36663025579096 3.81871579024185 19.559624619751 8.79247731347281 220.126963442883 364.135269436212
11.4272203253044 17.9577125565937 7.29461513728691 3.05205805855078 11.6911441675275 9.88606227580383 198.869283784462 343.955836001955
13.654805993127 17.4250432515064 5.20208309007686 4.69549542223039 11.4435740143928 8.15061046860115 54.3183143640857 396.353587477291
15.18180473323 16.8199683591733 6.57478389890017 4.94287991307756 6.83850238435211 8.1710252983788 78.3590928135113 434.845833621253
19.6715241301887 24.7102998771404 6.07384046048537 4.54370213791277 9.87586596281768 15.6022443626499 31.2130290083192 460.185691615887
14.0908586309795 14.5549589163586 6.04222846114922 4.78326831859969 6.28690579657474 17.1222542267878 175.098601381968 378.721480023261
20.1509592282377 18.5328948151328 7.4508053427334 3.87859757610902 26.8674800670936 4.94443195924967 86.5337705596139 407.484364286274
15.3366897448159 18.7410194681986 3.67299465135435 6.03591061647111 15.6038987705507 5.43486972101086 162.98476466096 408.516808991904
14.8476887990993 19.3295208549012 6.71708970341801 3.84200977806007 10.3031270173927 25.7264179578436 238.01501859968 342.2850939883
15.2788242438073 18.1406787813656 8.39075107316622 3.84408487615607 15.8101812788078 10.3156798032682 63.996642066009 404.43542343717
15.9442337301321 16.1348115623489 5.80581068624948 5.43188526343912 14.8265208748881 8.43743470405411 62.712780625522 418.480504045701
11.5380960332496 17.7062076012522 7.224321976015 3.12582568466698 28.5459389966814 3.09565757399652 347.417205896884 240.518681423794
15.7946599869681 19.8100260147033 6.43021534392991 5.04893126023212 9.48653952440509 13.24497063173 217.957949254484 340.651317252624
14.4852163172353 18.77713093212 6.42660310257672 5.40112349821569 17.6243876766451 4.56897425494773 59.2022290583379 423.14608627612
14.9181173672557 17.6363513156428 6.40466275654615 4.58102207666146 4.98669614400411 25.1399243125299 185.213900395085 276.031868298027
13.40121628491 19.277210301929 6.0088839510952 4.53761656130976 3.74945797221275 20.9369709261516 50.8229062020433 391.122302657403
14.382716726858 22.2056799192755 7.58378099464352 3.89679854793363 15.2695642387503 5.86110483635823 244.772867135604 348.184946529874
16.7218911433352 18.5868743974072 6.92068538105093 4.36616384251907 5.74942012564826 11.7999267510273 126.94216284873 391.827518274344
16.4116612472727 13.1404948030598 7.10401079384126 3.37825195441949 5.91830305118496 10.704854099674 15.3507689880684 462.751288208923
17.2148910922018 21.6338281129298 5.43903078729864 3.14094137403163 24.715231112804 19.8676435083432 123.771702114611 250.869311810652
16.2985956464407 19.2637070896667 4.31525130507144 4.56730040838549 10.4457092278689 20.4306473841186 53.1413940459426 373.972836432249
18.44060297264 18.4772040450874 6.69621547176466 4.91216378487082 4.99837764390659 14.4473926377611 71.5441229346764 415.364505218363
13.0177076941177 22.6056455513841 6.39443985823686 5.02253107554384 19.5773758350078 24.6829438137384 328.301353335218 269.149681693667
16.7628826018109 17.1519578003226 4.52003131725312 5.03659125548233 14.5526083213809 12.4030119131205 290.58702204088 342.822070655291
12.0773887306581 18.068983318482 6.85861789126434 2.57077530718065 17.7712784062929 20.5862744423118 218.104208346558 260.329568153828
16.8023953537182 17.3676865118077 5.41712900357946 3.86357057442527 8.78210570256061 12.8529433580287 200.329838234902 205.33967274883
14.7741147881703 19.3937531908282 6.57351548396493 4.74691001079778 3.65905664796553 18.6227674241835 214.482359721961 338.898590181507
12.7901202877486 13.8010309322437 5.18409739915251 4.20840654752582 7.38841440892468 9.2040258666724 398.733642930374 148.585413557804
12.6393360678288 16.9347571918679 6.49279785380254 5.35186656936836 6.88573734769763 26.5403073967764 195.336050667334 402.018180841757
17.0042968918528 20.2672579399827 6.56927913386664 4.87843128075004 9.46571762492237 2.40964514397996 147.461766931232 402.996007193111
16.124241006527 20.6674035518476 5.22613996503903 4.34689164830269 13.0968735663759 17.4683222624312 24.9637287855386 434.961266191609
14.0209852446295 20.4091299935818 6.62776786640798 4.24872635954927 16.7557847174356 18.2107321645461 364.080256511572 286.75252076272
18.2626569245279 19.5902579429672 6.2446252483937 4.21488617568075 16.5577185670515 4.92639163709189 55.0181931063422 440.136582272719
16.4961191752541 17.6243751472208 7.41464956286717 4.54475955681989 17.0486704122627 20.9523383982786 280.545806508202 221.386302321964
17.7115707607219 18.2101540664145 7.19971329352372 3.59841231310893 10.7161502232649 10.8873464053123 130.057736956882 388.93315305358
14.0315609849676 21.7340928559421 6.40867893996162 3.98344561808128 2.30149743172637 7.34168943945567 22.8170506845187 366.232475352555
14.8780372881123 18.3119637356006 3.52475071937529 5.50862626273061 3.94836597680367 16.0150096146073 75.5132516506656 298.000972878439
14.130626738114 16.6527133371973 6.3194809015396 4.01266591233626 6.65775093755282 14.6967582950938 140.363685147391 210.887428625744
13.8434616963344 13.2179724878673 6.9504468944959 3.93033492073791 10.6240925907174 13.2460987722264 3.46310894864224 431.733238739185
14.7391855112301 21.0815081926489 7.08877011132073 4.28728748681287 4.3588321764918 17.2251140244994 75.4128933095221 370.059997033534
21.4397746731021 19.2752260421287 4.45610666000378 5.59030899583212 28.4868251929018 20.9270706746826 166.99089360851 386.218392944266
14.150416923421 20.7584908833592 6.32827188784344 4.5552874870247 7.45668164339654 26.7923869876386 127.661257588743 371.843438164845
16.2993982732575 17.7968666466089 5.67592009021334 3.89606043292047 9.82176942448641 13.8861590274751 49.5805132052081 415.109905356054
14.9510702338093 17.691383919682 5.88637461591214 4.08515937103932 7.39226175337018 8.43060711731273 117.461169880184 373.468508973494
20.7040245673466 16.3137406809921 6.42379963922342 4.20230166756126 22.7775382445468 22.5637685174559 378.946755994099 279.995154193563
15.0447220416825 19.0396240242328 6.52604865766219 4.22783234152774 0.691611346430408 19.7087444667157 304.8722496392 284.56820812425
14.42595313252 20.9210732606435 6.5358912888926 4.42903254717856 1.30102438168603 8.36877745929805 327.34655894869 317.825580368413
19.420263688255 15.1050926673303 7.26680745792334 4.71469697728086 4.89141938468056 11.5112046560987 59.0848974887096 457.662797701012
11.2345626005214 19.5801503291228 4.55183369454404 5.24290676391144 6.47636422291833 4.17578041852386 145.760256604373 361.760687733548
18.6089132065754 19.2571132847154 3.96356357622192 5.37175042204185 13.0134494126302 10.2432618187559 44.2838261486554 436.523054728774
18.5411700097038 19.6404614422933 2.24974510380451 5.47752896489629 4.99572915754384 22.8894036228589 314.200949248787 281.560023545616
23.9289569923337 17.0316659343826 6.8561520782209 3.78090736708032 10.5868688402836 8.52112914343758 256.651464284544 248.099435625305
17.0120304394853 15.8195912754302 5.33108144009561 3.94648958522506 24.9460471984108 3.4688526940261 97.446357208498 251.995822184157
18.0510300356894 19.0035041083235 5.72336926893809 4.63518538454809 12.2204830495632 6.72433334869591 190.235778651528 314.88820420087
18.1926672759177 16.9227282684302 8.69330917615232 3.51436306601408 16.7011487994729 10.6874004462697 72.1168649725153 418.419531754691
13.572154416655 18.0880810543714 6.81559636993337 4.21830365362492 24.3283345825299 26.3260106611396 87.2999177602552 487.763205773159
15.5587278157659 16.0088120753307 6.84274590068216 3.69728670085734 2.04548414622051 22.4197054718349 51.5559053140893 267.858949770554
15.492862587846 19.2486648841162 5.11619952913696 3.70595734153557 12.6411963254105 0.205098679588926 189.818536207163 356.877946463907
20.3709645421963 12.0213847242483 6.94098503248086 4.05541972396242 2.69761536093315 13.1238744015483 17.6316710026292 458.704734532483
14.8573351747838 18.0640955328854 5.55367434156783 4.37778434826732 5.2429257505643 6.36208803305317 183.470612380204 117.414714083053
11.5911349269978 20.2009579285258 4.35030401503323 5.47635317392527 0.833436075120585 18.3339813986392 377.564809049418 361.742738556711
14.8790839197725 22.1102849773383 6.43885381446138 4.45129542102395 6.59799667895154 24.1705986818689 15.9175253853352 396.357189186746
12.7346490298003 23.6618679364137 6.63476458973504 4.10657105348273 15.0530083452974 8.64756102152564 69.4737331646447 391.135475868164
12.150043726078 18.3763259568772 6.97260573059747 3.53932552575205 4.79924417098286 3.69431952003586 338.531569596203 370.920186605427
13.3332765853095 15.5132660503134 7.01885100575544 3.59453889832119 22.0318122211282 18.3647970806934 217.95072011917 308.138942989305
17.9344803311462 15.4445370211942 7.87661822361279 3.10193427918786 8.98603826073249 10.5614988455721 24.469644697678 468.984883454853
15.0140447757435 20.0737611864499 5.69264206492864 2.54590492370954 22.9930946259672 7.79112427334107 124.98652702063 93.3819771181359
13.2122710589564 19.986481404494 5.93638084723622 4.66064756673165 7.84952256718073 15.3089109688301 144.409862237439 236.461215557807
18.4042147314797 15.8816826700798 5.8539084811395 4.54677736313025 23.513081784504 21.1768732468558 102.419252625682 425.122913769657
17.5974575354724 18.6320324123892 7.9968558075598 3.82048519551051 6.09188057370237 22.2352922398163 161.726742085763 379.171070177421
12.7083800422556 16.9187296766693 6.56985982956767 5.08161345111563 9.30183945490555 5.68424785110189 123.944215227392 404.818668041466
12.8733514315009 18.3286178234545 6.9618901947804 2.98537360249364 23.2438505061553 9.49619477656225 59.2026453081537 333.227637588893
17.5185343656915 19.5634180733113 7.57992779175513 3.51053580695201 6.46534980656705 17.0975310463861 288.802190979921 305.381925894861
15.560688286858 16.6680199567465 6.09743411467864 3.61615860590393 27.427424631814 16.2278717746658 171.359506592264 326.068909267414
17.9611053954293 17.3389296856895 6.64513755247363 3.81138023268269 25.5713877399096 8.59542569604761 225.077596898464 205.769807843325
14.1968350426897 20.550253116671 5.87946832124138 5.25088235888042 22.7682029262769 9.75164338035984 113.914512038322 306.138428766428
16.0574982611566 19.6049149024948 5.69157568034548 4.45968596132891 16.0703801976564 26.5861641839292 91.5743069221747 204.179057506405
14.2648799086322 23.1676727787175 8.97589123274283 3.2391988866568 13.804371512137 7.60654455985016 301.459047590709 270.824102100709
15.7785642567175 18.3124431761269 5.04003544599897 3.43153765465489 5.62217692427876 12.9303013157735 97.5311524893867 381.347883169207
16.6963956202863 19.9658174480248 6.79938443296313 4.06512546417276 14.3480361074377 14.7355422722358 27.645109131828 406.054688672843
14.491732306047 17.0402094482272 6.40077575276304 5.14616912874852 3.38183937572944 4.37220167246523 176.55488341159 402.611969876497
16.6597604739514 16.9255774252955 6.18806637475327 3.12395991108572 16.3758888823433 4.48458484543692 51.4072625871211 419.22013097777
16.2649019108077 18.4173738935433 8.0531509279787 2.92922316279167 0.62745134721583 20.5492659420125 70.2899947406866 308.700153452798
15.9930690594339 17.9766048920263 5.36149825488309 5.33302418694179 19.2859430680344 6.60129830458316 31.7713159101029 432.551763114688
16.5810417809252 19.9945425792818 6.81876714112482 4.0018483253997 13.8351083768815 20.3566341796681 270.062224716979 259.833782620472
13.2508860884948 20.1391400440273 7.01034303496926 3.63895653966783 10.1459593751993 7.56154289236016 91.8436742038664 286.14693777371
15.5488770699146 25.8240394652722 6.62627434963482 4.25246447345075 7.11899205165952 28.0262995138064 143.546208395954 422.287665753188
13.3578967184779 20.2640411963298 7.49261023421257 4.36610262366677 19.2107581878602 6.40287593427816 21.7904201851448 333.38310002897
13.8996988665004 15.2185543949217 7.90948775911047 3.46384844850804 26.7068027275793 8.18860472046264 27.6918939930116 361.74434578956
13.8136287598559 20.3970306265176 7.75483944668175 3.29785602843082 7.70786792102307 0.237734940022675 223.144664488893 513.527157286865
17.2085171401978 17.6246329520809 6.42402649818685 4.32766908746944 19.7389719794193 5.5919520585832 73.5749115877833 431.029999427234
13.4931505656779 22.7686144978953 5.22331217133386 4.95539079255276 3.39937311127286 18.9980516594754 271.535457921816 255.781168919836
14.7125166608642 26.2325380526099 4.29211191960412 4.29241933818051 5.57699992734368 12.2292612687447 42.8128588752939 367.333782158523
6.82580143267795 20.0195234555905 6.1437164643744 3.88810010117967 15.0428682819409 20.896615340658 170.240139615044 289.894036578412
16.8476390296653 16.6633853652915 7.09008867270014 4.19774948059039 10.7471939818798 27.7990711679152 201.485312447732 386.842385275387
15.2100678712156 18.6387956386767 6.58655743955456 3.78811973998498 5.03460438814607 17.6093246508005 33.7240709897855 407.232009352227
14.4112117681582 22.5099609026745 6.6402627530145 3.70156361900213 11.2972953938124 23.702817999696 110.863299374906 429.89735771633
17.8811123515121 19.1803323747895 6.97280643726405 4.408935289549 21.6111065847889 11.6941816580766 59.85007168308 380.727579980478
12.5977858642421 23.1830007184107 5.79055153509119 4.80248469344407 17.3133709711779 5.83838814811643 175.186902167336 332.930951983287
17.6028804626606 17.755261441542 4.56782396877607 6.58195114789578 12.2013653304281 1.50270216375565 229.068794314203 482.843600497598
17.1265488602906 20.2737941867249 6.4524046936207 3.89971416489439 20.8789115770063 4.03342889334023 184.104538618446 347.625284339201
12.9385509759978 16.9524658766041 5.91848473455726 2.98607701043509 11.0583080361853 6.95247232470522 192.107180981231 69.4362530241747
19.183813514015 17.4223510825632 4.40251736770247 4.99059426342585 7.54425351935961 23.9049746901997 142.892164293846 412.836090030146
12.3367461844276 19.7475341704613 6.29515227474664 4.92473118350848 7.07916322286891 9.82768853673765 75.1040525713916 430.953249212447
14.6781933863555 16.2763366454485 7.0538275071335 3.78597882818228 5.43674819200264 10.6293642074589 277.856734858944 258.28067793154
15.6108363014224 15.7576592272635 6.62299155009617 4.55294622408557 28.3401078304845 6.12433581660316 85.3592456084246 385.593873297669
14.6277335316695 18.1842115867423 5.94543104352435 3.22050858138675 16.6010563889658 12.5792512264965 190.951061852808 345.123454733857
10.2051684414244 16.4208877437395 7.5418431693363 3.08583362316789 26.1097174852473 20.225703825091 174.581540865463 256.188302075063
14.6308514454814 20.0878438507654 6.97240620795273 4.08175562583122 23.2709575927865 14.6458718113519 54.320448494878 420.094738102304
16.9272103556214 20.8688979036024 6.60651428971689 5.61772881678682 23.6720620177676 17.8795963917125 93.0004272240382 337.944228149305
18.0721448745637 18.4159072262816 6.8994549077741 4.24451188563927 19.3997689577244 20.5234408878818 68.5640903794103 402.849037940399
17.3429042321332 22.3187346018715 6.80797950256204 4.10566970890821 25.1216741047825 9.70857418795068 11.8387935362924 399.957267896331
12.5232498261279 21.3233607474683 4.52570148377536 3.50831642933487 6.80089438391836 13.8659509451811 222.858532922681 295.678563796209
12.2872836033657 24.6036826093262 6.49173740019947 4.2597187214476 14.1987130688825 7.43996779867906 204.509886043402 53.3803920354031
12.1049470793458 16.5720272897401 6.30431989713297 5.00566179146156 9.97233127410427 5.14753272590316 96.7932098965295 450.292751373007
13.8915508995398 20.4200491023554 6.56038988792778 4.31265864545594 6.4132443710815 2.05829710462173 158.87442683003 406.138221543412
15.3979242833908 21.4549440470841 4.87352874302076 5.64517990877459 13.6909020127821 8.47097276684284 64.7547670568047 443.739707725988
15.8807439842352 20.4421493993701 7.98847722113829 3.75453254317136 15.3858203734665 23.7226734789071 58.3303849010672 423.904217153951
10.2147975176698 22.485059049148 5.65934175365164 4.1167605486896 25.5670416597605 24.574039889518 341.350654305994 271.465970586194
20.7619232986884 19.1492979057886 6.63643666398881 4.12277377745257 2.09127797780267 16.8021103274399 37.8489320274695 417.710746647236
12.7837672519807 17.9828712304549 7.30816463271483 4.09267937710878 7.82569659847913 29.1752829073699 186.17902541964 227.41183209091
12.4285741840155 22.8662698910139 6.94479906692196 3.58580758542126 4.70329491430455 11.2244978520167 108.253375898643 287.117135695808
13.6088693412671 20.5521944892752 7.19900450774792 4.20484246093306 4.22189090628652 5.50889906233751 150.769997130558 344.35189040669
13.9759507341185 17.6191224450767 5.11953373956261 4.18963904291905 16.6990817198845 4.54678618144341 82.2767845462937 435.159089216807
14.7196775145288 17.398245211946 6.1286725936971 4.42581839990869 8.80750935819193 22.3604359164012 22.6745817937255 430.355301550967
19.4671096832988 15.0961545648457 5.63591616669356 3.61060259532794 19.2568942722024 11.5965997429572 282.094049500436 115.949506489662
16.835932223975 12.4830617275097 6.62993139309932 5.08602648537213 16.3734073860081 8.97190898227549 152.516959824133 317.426306934126
14.2008011438645 18.0730606739976 7.23371354971015 2.9715802151664 19.8035528817249 25.7411946003855 149.149275253033 396.713357432634
15.2733801073995 15.4408208119123 7.07257452610342 4.11624618697495 6.98391158951987 25.600547895822 177.798958309844 452.582435564946
9.49405926171701 18.5785391901559 5.57830769848042 3.91593569302343 14.4369007020945 14.2883320889295 13.4277880893878 400.243574436783
17.7547943307485 20.6064200604653 7.04440024663307 4.02701568411148 26.5130281008977 14.2245984710437 251.695704901047 338.422434640153
14.5521326744204 16.1301038815318 7.83020165455059 3.3123550825776 2.41602511690354 9.22590821366849 24.5421966668747 330.81210710327
15.4897942855701 17.9838547052426 6.31853031340746 3.76794397890358 3.52097206786269 9.06741421698989 189.394499303313 241.067264470965
13.1666947910425 21.7626891386852 4.95002333011263 5.13242250315515 2.48497101045438 7.39485252360722 246.612327182703 341.930509410957
15.777806116568 16.1141664151913 5.65200493505369 6.47683151721793 19.3137572431433 2.33537019656471 92.9493001529248 469.611571389748
12.9449319775843 19.271309030409 6.35162771449737 3.72761327914307 20.7350515094043 22.7106562244148 199.857805125791 345.09879050871
17.6562350689665 20.9962531495801 7.33259861836178 4.10735389639645 13.5267804890202 19.1141924250501 31.7703386668153 361.437889943292
15.802575985035 16.8555188146078 6.93482054553762 3.23976139201876 17.1261307547506 18.5348612788436 91.2865873296892 339.805476795306
14.3308388158818 14.2885307081216 7.66880702083506 2.99176777138059 17.3058483452431 24.1705679947185 48.7772544833532 461.913555002805
11.9882919544798 24.0227628507968 5.29595304615166 4.58831407814162 24.6465015454555 19.6695245000675 65.0525411515778 434.685064528926
13.4695118259153 19.7702792212914 6.90024141714792 3.62287531394076 11.1067173685695 12.2762608510334 113.982857965034 346.924873218102
17.0612388955036 19.2825445569513 6.29233716664366 5.76298215483666 26.7512243363925 21.076090112381 26.4137594879609 436.514583726951
19.3792330984832 16.1536395609786 5.39361812828176 4.23507345651447 14.2539987268596 12.7164345849904 235.064358714616 269.671907780526
15.6760645504032 19.1115801314966 7.20827172175392 4.46822781040327 11.3504940936202 20.9203745555891 276.836133538096 115.022355366673
18.3953780136862 17.3187355311419 6.24201843314897 4.09791188172031 1.63052700654708 21.3934839886056 181.552784290486 255.703241335659
17.1700255144314 19.3460668256517 5.72667638765999 4.3824003276803 14.7694193535588 11.3474901115726 54.0285570184891 416.102032851064
15.499727152154 17.6372845023175 6.34542268564107 3.70848815310868 5.45505112033166 7.08764534274296 32.3952504789583 407.425196750048
17.1044527004959 14.7727717708479 7.54418953937743 3.96080604123821 18.3170486296248 20.8475028714913 245.269701914387 258.277102153901
16.2830025467353 17.7944659761118 5.95242541007839 3.46842665128872 11.155148296487 26.1849974550728 164.492881241598 260.035145539167
16.0092252142076 18.410339886715 7.03769314065241 4.19682667726724 18.3172206766386 4.34772654622332 76.6043637608524 399.586031486257
12.9845651743473 17.6207740986529 6.97165720641466 3.52398654220834 19.6132383003084 25.0101934395373 9.83120970533033 466.253362283891
13.7758798832419 15.7473512380617 6.99638519120864 3.43668978852496 18.4945651643592 11.2249737498904 197.775078922535 325.816755551067
16.0282021323027 18.7050445516134 6.39650692449416 4.14363065069563 22.459041039679 22.9636361622116 39.402540737505 425.109736818058
11.7794285081351 19.8928024596838 7.65923575410972 3.05808273347795 12.3889823123413 20.7306001830447 196.386500543819 261.414581918136
17.4700249624945 16.0867966428644 4.47471570419596 3.91539536710336 5.7904204682827 7.39458888248072 74.5833927242784 351.685431477202
15.6294672834832 20.6449235982492 4.50254444448983 6.18623059382932 13.3735529807761 13.2850457419004 114.280741821584 447.6152856855
20.0656517204751 20.6554221915959 5.37851592666612 3.36300396030425 16.647296532618 27.1108711878279 107.022065123184 198.169934804463
15.8553085885304 17.2349355560664 6.58679868985734 4.5932354735688 10.9094661898735 6.30800522875322 46.4593730766333 381.799859313707
