28.8515310914878 29.5980297864775 13.135167944155 19.2247283757095 17.6122879536245 12.491033447884 50.0097033983449 191.64068114106
26.3935912795863 29.9020139736051 4.76430735586262 19.8172657020274 25.6406694210901 1.10644792580903 218.763436715987 40.2253517391993
28.7125543465366 29.811103171829 8.7316831750333 21.3418575671013 6.66310041461175 9.46359941687533 184.863116106026 132.553101610757
29.2820466886674 29.3964528155086 5.06199483928775 20.4389957487079 22.0445987243966 8.50596517815217 187.840660062913 54.0988108348378
29.1827371532816 29.0723573158423 7.58462426320065 20.1358966228716 10.3668907020295 6.01788422361592 218.749181745237 51.6347274420864
29.0426639882674 28.6979094900625 6.79269135526633 18.8798347465524 6.8320948394014 9.24654473860336 5.52442883965765 252.726392525787
29.8611713819286 29.6999356135234 8.85127619995588 22.1610135686579 5.9785830728253 18.2141647979734 153.312956352099 150.835039870272
28.6829294384696 29.4873050918671 7.6017995648196 20.7612258862166 2.59725623518698 5.41987440690806 80.2382360219091 203.720253502839
29.4596670547295 29.8708928572132 7.40037008858591 21.1505231988871 4.07288709787919 4.45863816510452 150.096198315082 180.103035579457
28.8982328303821 29.1453986191618 6.42682736235222 18.9446947046711 5.47671179627038 8.76765781401643 211.510945350492 37.4438067980723
28.7705797418959 29.8964422260011 9.48745039778045 18.9765419397985 27.1013229582575 3.79808296470845 190.546478400621 85.4429766903693
29.8960251206211 29.4050377157822 3.99504331051379 24.0833865905046 21.1312738990017 8.55558570560067 181.231872316743 94.6064581335535
28.9760460585422 29.0661509372081 7.68327546450755 21.5307756608207 1.2141782398472 4.98156372510974 189.912405275102 154.832206666431
28.7116793470495 29.4199120641649 17.7171410615226 21.1934966271238 4.50109530366039 7.78756074634138 187.698226690649 107.276804648045
27.8437443626722 29.7364100836047 9.22013790824298 18.7807935485267 15.2487841770834 7.27441001543202 89.7317692077471 196.017878040148
28.0996224637713 29.054778066991 9.77936063599776 18.0963923630171 12.1503424648565 9.15922091333013 95.136065611275 197.706712091561
28.3587900950018 28.8932650810824 8.18817433932237 18.6194780841575 9.28902399444066 5.49507928938293 32.6126078981242 165.871602130734
28.586303760696 29.0433369893492 7.71401615166048 19.2799892046158 11.729557576651 8.16512200397639 186.129055399016 101.28234929805
28.9975530312087 28.3317923597097 5.98444653699027 17.534564069645 7.68101617412123 7.08852624483827 49.0737125746805 281.271271379412
29.6117438723916 29.4828824539963 6.81636893844095 22.3630507823081 10.6098644600465 6.10545884421388 178.804052970101 92.4812397318357
29.5128298692058 29.3716399506955 7.04357333521548 18.8201290857011 6.57232515627838 10.6531906487446 157.529497767555 68.5600184701078
29.2811178178436 28.5734635751291 10.9369372140997 18.7968764304859 8.49649466324841 7.75277778564885 122.203873226053 208.106609110637
29.1843829648899 29.8622537629915 4.6509301926119 19.1617708765373 14.4973126179699 2.8450444097235 167.54742588184 170.787412143554
28.6774768711297 29.9253659916792 10.01521150142 19.5358643570963 20.4819220124464 10.5702508634561 163.829346261305 153.001476186546
28.8863938324478 29.7760976791206 7.34191225797292 20.1438786395406 26.8898498402245 7.2416465968756 182.370077248167 126.078365453458
27.9925650821983 29.8788671382607 11.273428059043 20.2826633134878 13.6098964857098 9.88624539494691 158.857119583288 147.675237983819
29.1847689843353 28.4659280996496 6.93343347173135 19.5649997241487 6.75460646151132 4.12947095626534 92.9545534827584 201.402083873875
28.1917334926588 29.7505490723364 6.16066236505943 19.9365009856498 4.37961017287287 2.97591171396076 94.745152981058 210.560703666981
29.8318504520314 29.734187469637 12.1089992689796 18.9380492129945 25.2850079588628 10.1149130550185 193.705746448271 25.1810509600998
28.2949705541868 29.8626295994397 10.7800739346159 19.3560991273451 1.81085637137542 5.13493148693303 169.101775153322 164.0639805959
29.2340154402514 29.5348942096741 8.42795162251853 19.11995720001 26.8810991604293 7.62162758394151 203.210388859059 68.8315603750464
29.4463963314064 29.4146352098609 10.9657271613614 21.4337369895302 9.01541623710748 2.19979269554498 24.3603469430456 220.004032306641
28.717086781919 29.2220282169898 7.49110189569299 21.4228931294145 27.5472691169804 3.0167358529781 147.676769114568 179.595446147298
28.8833186586241 29.752811563304 5.56570588335303 20.0490642687258 8.74084217046586 3.60681120476382 60.308104559773 217.588552544224
27.6875512145367 29.3961155014896 27.4399524324259 20.1740291564905 9.05057709918325 2.510899006622 106.920045487237 180.450326881334
27.6746096480143 29.6796542636892 11.0663221740254 17.9621035943934 29.7314310122756 7.34506688564844 162.866248790925 86.9673790985086
29.8924671793382 29.7551522202671 8.21033222413584 21.4414041449546 23.4632423970021 6.82448045515138 190.898882514031 85.5651953725828
28.0068560908029 29.7495064943481 12.5174994632758 21.5839954265813 5.84342839242107 6.63894743735631 156.287621252094 144.745283442576
28.5014528254845 29.3765507923952 7.15231672560371 20.421375208251 14.6434207201102 4.85299349597883 79.0466362721454 234.129129887441
29.0694427152555 29.8564767946036 12.0862903202518 20.777369817059 21.8162410362256 10.1758121002729 81.7154913270924 206.340307160801
29.2418170649334 29.0721424754295 10.8655798456139 18.5649283592291 11.1095741272188 3.99409173427614 21.5236992794787 199.843046717109
29.0989550442957 29.2799834514739 8.71701139249817 20.345307295672 10.4001567257959 5.26115225588143 195.937092324577 106.74824170847
28.1695656234884 29.5409358983998 11.0217784964711 22.1120608363689 14.6414882060059 8.88440785918971 147.847856843047 196.951465442202
28.1202031505891 29.2999808996822 9.28401388728068 16.689068414873 10.1535619736721 5.3127358752945 42.3892773492422 236.058439874548
28.8439683805811 29.1452702980425 9.83635660964225 18.1166225325203 5.55871877571162 3.4980276219392 159.915459991501 182.180180201545
28.1475479777996 29.7688986149918 9.03394757843639 22.0852604143131 5.36293322257024 3.33524636461976 199.058715922419 124.048931724694
28.7893697554491 29.0053915894991 11.2854449404006 20.0223728719168 11.1492096815808 6.74418894779876 63.8249354166041 184.882604460858
28.8908940353195 29.5565352640305 9.77758282423036 17.4824367060507 1.94036736143437 10.0213159476132 183.400087415731 65.5814778534047
29.7818027650358 28.961509200746 6.24013854763191 21.3021516786202 22.5880378876324 3.00235463365937 204.083832541364 133.372890965694
25.8989590592595 29.8722227448309 9.89304854002309 19.5622161976355 5.45357169689896 7.697056696592 149.938081754787 161.206412564751
29.1347267911087 29.8241085927636 7.49731377424664 21.0682011750959 17.6429040749526 20.1325614261371 209.190642395975 114.366789037043
28.9588376200708 29.1621507977391 10.0528729994826 20.9709302233411 3.86491650669863 5.18649146488171 118.737223709931 188.332602759197
29.3161272442708 28.7780023910237 5.68608546293934 20.6243559794923 6.50483313444367 4.62888306491777 183.405110078002 86.0361414883869
28.2827564406994 29.7030349195577 6.84682805715081 17.9255617315697 24.1892611182024 5.97927970361546 160.002857837443 98.389075253942
28.3612676121573 29.0021567182966 9.9118978846634 19.5333998011638 14.4381201158872 6.8215369591974 157.515913064898 141.995002181713
29.329318469666 28.7952603058552 11.2442921563697 16.8435353751145 7.46982513091056 8.23014194180914 72.0727421612773 154.297327079424
29.7565914095076 29.7663349869652 6.39400779076364 19.180513444704 27.4890353860631 6.73534956201246 199.655041302117 112.569404210171
28.142885903899 29.6895037827578 9.55386680539932 19.2183560534295 11.6948623183143 8.51486006947783 198.632813260441 59.9577544130279
27.7072843673056 27.8017759747871 2.06951168956936 23.4038030269012 6.68016300115547 20.7157114966661 173.390050945772 205.929872605949
27.7878033906197 29.8537017040745 7.71595549626709 19.0818784966529 5.52912031563294 5.0457451058123 90.1067371127533 175.774856666347
28.9652203371517 29.0260704425069 7.52062708344986 19.06736768985 15.4816973887469 8.05133109982945 197.146145035526 76.1948869665816
29.9287298445574 29.6392206644041 10.3241679676892 19.8819944578464 26.9183142594743 7.98584893563106 172.186147464934 25.8313688256447
29.5461381904128 29.5481750157117 6.25487352449486 20.8779610645997 23.4397715913481 6.79949729189412 125.348301560567 171.083499772393
29.0970118596355 29.8096896105764 12.7274744375948 20.5139841867173 3.50292003001829 5.52172794088259 48.552941323258 205.923598432824
28.7424303477777 29.1841635899857 12.3873479744747 21.4415531380449 10.3052801646377 7.67215581197066 196.417690968744 74.9514592299002
29.5306378022697 29.3359592769053 9.86910773795365 19.4272674066811 20.6645730789524 4.47819654583398 104.112073712591 172.57107791977
29.3692888607239 29.8352233583814 7.35248050463577 20.1753294526956 14.4465524318279 11.7100897216111 106.634766473532 179.466075373564
29.6245518655141 29.4656350160731 11.272539556504 17.7650969775494 8.24436200269971 6.21378259911348 101.827700085899 203.36906257484
29.2647237014978 28.5704411144376 5.00499441664867 19.8899991332483 22.4079440402389 4.0001183542183 168.860749666968 99.8833305528952
29.4121574738017 29.9546658045333 6.39358412256231 22.8749127264361 11.9658064823353 13.2544916495524 214.695246239171 44.4929067286093
27.5510577004269 29.8496804228051 11.1379228665635 18.8346019765785 23.552080868727 9.1989938787579 192.73457496568 92.7063656426048
29.1375358429872 29.1366021121838 6.41436696807618 19.8803945286699 24.0455062923702 8.5464068251856 181.858017820012 137.704179773842
28.79969402336 29.9647218043549 5.33785283740879 21.1253877305286 6.02142831358172 8.96243217229444 133.695589768652 185.087699074239
29.1132392822807 29.2840885113243 10.7981676364351 20.2112381645035 4.57294082005867 2.79842519655787 205.676551526484 134.682660774043
28.9952179609551 29.6457871428428 9.74268857634354 21.2971505756703 21.4553556225671 6.18862882094679 27.826909905442 250.157358023332
29.9747346929153 29.5048871399322 6.57113120145064 23.5208247124993 23.8763330916904 3.0359719190154 28.8715493122582 205.593646814708
29.0665018915876 29.8222292631022 4.86530550064333 19.6704042220545 20.2922404531822 7.35234585643382 204.932777013822 29.0258887496292
29.4373192228584 29.1891826182143 3.89596246430814 21.4074730420137 3.99580277354722 3.50388486471785 31.7284704074118 196.238655312679
28.4185130780731 29.058379283995 12.8982511205174 18.8058337116215 3.59258241728597 2.99495053531062 11.373211028455 263.610296367882
29.4165885225725 29.9188963182343 8.86411008006748 21.3679437005656 22.7852052498628 5.68412887638682 180.071897467976 112.134183512263
29.1068828613402 29.2029817574278 8.82937351098781 20.1638535054223 3.38720340627344 9.78696886664021 211.911088478337 87.3689834061281
26.6603025170166 29.8637992426711 9.74149024066656 18.8812528153732 2.37734663185849 5.38923213766841 317.359776972008 0.00306120427210999
28.3729490823755 29.3093480386429 10.0155426795241 18.0352716831485 2.13273581759106 5.63496537335131 162.642890096534 121.20524466052
28.8350316880935 29.3243357723031 17.5626755835683 20.8944678002669 5.42698893624895 5.58269794503308 174.442693069278 152.657866808207
28.9362683981988 29.7198060681632 8.70696710000992 22.6017604399108 11.6890062142963 3.66462006400769 202.858247692672 75.0047504466561
29.6497626110334 28.3781118646471 13.8165763560719 22.2907079423945 1.29616713072502 2.49353179918737 141.739440082819 252.530083348375
28.5595760498775 29.2508413615223 5.64391159215348 21.0407326883247 19.800528726439 2.16662975226422 233.417340980236 5.4986624935018
29.0334157416894 29.3936024591418 11.735708976645 20.5345641535338 8.58725387129395 12.4772253503819 175.349733915628 91.4143614967541
28.4045184445474 29.1718116969333 12.2035155223832 20.0994405137741 4.04989739458957 7.77188006989412 185.802621957348 73.9004323619725
27.8691916195953 29.7926547792806 7.69031058508496 20.2809577821944 8.43219979424727 6.35306129611526 236.867066446889 24.603757485658
29.5853675498777 29.1927413898013 4.98514527927147 21.039023127722 18.0287285437514 12.1487840589949 64.2638223652636 237.15565305692
29.4933845121319 28.4354036252541 10.1272186982952 21.0139766649814 3.46959195509463 6.22266269393017 124.267136556635 187.067682898589
28.6220949600162 29.3839972339402 6.67259948584708 21.2669081938169 5.82129230135911 4.85159891444366 246.95450879297 116.061221067284
29.0020884743351 29.842330175088 6.31947457682868 21.7876581668727 24.143669288311 4.43465645226786 119.580969233508 166.996971355878
29.328975083091 29.3272149550024 5.21036354419103 20.0007367486355 20.8368761195031 10.0100924729673 170.187433982752 85.1374171211255
26.2274038919079 25.8543188816093 6.52448367312516 19.2337689071997 6.84549054696031 11.5529306060086 240.646630010145 50.9843159547842
28.8534936212732 28.9956716990877 4.75816792334539 22.5911097186357 22.4692801422794 6.42041251620873 77.3806118860544 206.787708706196
28.4459311842605 29.8068831322782 13.5174878317027 19.0811143532986 26.7088390683445 3.13368233758758 151.315806028789 194.686502189563
27.9499340723985 29.7643445680382 6.94900025647309 22.3884568753814 1.66360086759036 2.68636505769774 281.713512200372 15.8535897331924
28.9648107205237 29.1890006986432 11.4932003464328 19.295150407399 5.7234229985939 5.26037846976528 188.491160226595 79.6252603167205
29.3405308313853 29.8889529117394 7.77196772189436 23.5980470604542 3.49505682627234 5.62690035887028 213.254225618055 85.5777886339016
29.0093813053825 29.8500282915089 3.97636493465141 23.8978211229628 13.3426012073586 10.3471318011247 209.822812148278 106.958591324348
28.0584343959282 29.7472390059775 7.28153911749784 19.5497368523905 21.5856635064961 7.45658513832631 135.04176185276 279.021860854992
28.6038142618901 29.6596224621979 4.98579733473415 22.9471305723347 1.75835275929503 11.0066651238065 168.213487595615 108.714225413798
29.7265541547898 28.3192632080541 8.96045052550286 18.976241849831 2.6166271512499 7.38403199476301 40.2404856043466 250.135944285722
28.4513739171351 29.9139774662985 7.2480415256087 21.2967097242882 14.5591021294174 9.37485876706265 41.7098271506682 213.440741191867
29.7826637397824 29.0933309901209 9.73514111803188 18.2923811023034 17.2412481748083 4.4882872192453 198.115048515487 40.3364067343211
28.5708000098622 28.8162783966127 5.62275351155509 20.8792982236353 4.99949540678476 14.1207770232073 24.7948184743398 201.906027844614
28.9874028405812 29.6590520450938 21.8168868539196 20.6965157265363 10.6204236315173 6.86360654084975 107.277236008667 175.266423326682
29.31146094 29.6839838343628 16.7989733972277 21.443329283051 0.679071320939176 15.0163527904037 213.475730036629 63.8287696928562
29.4978544907906 29.5245792556725 6.05590389589682 20.0429920950377 19.2704174541962 10.1328044377731 81.0741533612817 196.1322730161
28.8043386921814 29.3826556330179 5.12653047544377 21.5302121046232 12.0043968601671 3.54753860952803 160.575998824973 159.638806310163
28.9707325536332 29.5460434056928 6.41165911079099 19.6569302970464 20.8346156462917 6.40716164563661 153.945050865413 169.198557738803
28.4384628128748 29.5446194870401 8.17976457043605 21.8105266144024 17.2211163159323 2.56935179112707 191.646405656846 96.8195702632484
28.752224750082 28.8288046404578 9.15722868022334 18.3489336877069 3.04755405524502 7.33505141071628 156.250505488097 139.715743710712
29.3298220068751 29.1410776098842 11.8271920561309 19.7726500019157 10.838734110949 5.69139792588319 70.8318805699519 197.445013091967
29.159325651246 29.8335902842869 8.55576599037789 17.0254744258275 19.9753941640564 10.6805251443052 75.6229775113191 184.479857863314
29.4101847437988 29.6193559630883 4.72278540879048 22.3164247941367 21.4703749504157 5.61646772599418 67.8519085987636 196.696575960956
27.8931109435723 29.6023251978099 14.8416429808205 17.6578542053779 13.0764797598927 7.6925802275044 104.415973606242 176.710095141655
28.6656721961687 28.8725914773219 7.84824982905523 20.2471193705022 2.08980830804576 4.55451874261892 158.437191091336 164.178054692767
28.207562393278 29.0661310087483 13.4261909271556 21.0059291576626 20.548100543244 7.6497150608977 60.287651341921 202.042035920074
29.2760630415145 29.6570634463301 9.91093743505499 19.7385124195669 13.8919212938599 6.80923244260696 211.551252044899 122.344150432573
28.6098656941308 29.0385330569059 10.3451511464166 19.7229679821259 26.0574405783191 6.96473665773352 205.807059781873 53.4367972148364
29.2039003744608 28.8943569351162 8.18058430334139 17.8820865872168 23.6861368943614 6.53000515023895 97.6435036162152 240.114005978532
29.3771864999041 29.0905719572979 9.4676493451004 16.8184672041193 20.6128708539697 10.0669393227056 138.772201060084 136.806792913259
28.937492389689 29.9483623511199 6.96286658126137 20.3586840952208 2.06350029877592 8.62209216485473 198.999137874207 55.2051239679542
28.9577683297029 29.7800937518298 4.98915520402356 22.7030348274603 14.6616320847389 4.14211762926088 228.8145394146 42.0657607398605
29.3395156095822 29.8858172464579 10.5963005073393 19.2334818106889 11.3765611727214 7.85456369660443 187.749506086199 88.7962139835139
29.1203102695152 29.4536479903007 10.9892660402633 21.4629792221975 13.1369321879436 7.85547544843016 176.564694423147 135.515557800035
29.7875153953244 29.0150263583063 9.833481259192 19.388002363716 21.5715896569457 5.27783817698312 55.2529619515365 227.668133103977
29.2330075062089 28.7925636990022 7.6133782269198 20.0000415735329 2.66542060370644 5.05911905892839 309.03721899122 131.119293579285
29.4861093339366 29.8169347939428 8.27810776244148 20.6742708635368 19.473370858207 9.14534453147249 55.3111155448072 200.13229098085
28.9720353737088 29.6016499677391 9.64328735823242 18.9795659614802 23.8262150418138 5.23342685158777 90.4020531016595 230.299544273056
29.306579007543 29.52375933637 7.55415699490847 20.0393808424742 4.28618068688205 7.48589486002984 157.549315368828 164.239863779503
29.272284903028 28.7045754072888 9.52616534220792 18.5801099385846 2.92739865635904 8.03991070218499 38.8934299257565 181.370889668547
27.9930164377068 29.8013550753624 7.47984910150205 20.9997285998277 10.0271453958028 10.9081320352273 126.495322749665 146.881427196417
28.8494521164715 29.7958431478427 1.75921257465992 21.2842527809588 1.10937800277731 7.02543783735515 226.688500483649 70.5236751681547
28.7263690073167 29.7214804441205 7.38127867174929 20.5934860140238 7.70197597277385 6.46214215866937 228.155544102819 30.1082406508544
28.5973122548623 29.4547382569488 12.3726955915821 20.0234609694178 4.21284347945854 4.46193023729304 183.935924988001 34.5534318929695
28.7038974968086 29.6432469754362 9.16839016920683 20.1884633959827 20.7049878758993 10.42256027886 165.886667736102 92.4737500369978
29.5825376237851 29.9573758339071 7.57420941496196 23.5724747665919 25.6174270401983 3.01601644571674 236.2961695551 36.8733646057853
29.5208426797846 29.0221637357109 10.394721916414 20.4782262923342 10.2740512173923 8.21909709069377 146.367438091983 182.029660608005
29.2238008331086 29.2234656345638 7.99829872169138 18.7942140995108 9.94422567213288 4.6165015352903 77.4826342432451 173.856308059699
28.7107964004178 29.6856678853473 4.77826839778342 19.4938322554577 6.89389164559768 7.91018067775565 22.7017536346459 212.546776607705
29.3187533321876 29.5446839629363 8.83667247345972 19.2068297909761 1.37955855651915 9.45979013381213 237.530908249154 19.4849870657163
29.6377773475574 29.8176776642753 9.86543470467 21.5555094956523 10.6208142308177 9.01891743496698 153.989756373483 175.774774433572
28.0356016058677 29.8080505125505 5.31809772172824 22.4395705955587 24.6562002299323 20.7450114671441 122.450405384789 172.598201250854
29.1700675380183 29.7044510116054 5.68387343422753 22.7745710792668 15.7756908622879 7.40933756915109 177.398669267328 104.859876907614
29.5458757393401 27.018444857664 9.91711474651837 18.6760502076513 3.92516022873504 4.58527897166196 170.138419915819 125.918194125325
28.905802296635 28.3314828813113 4.24927690143579 18.8118499809431 21.6394346461923 4.37568494100683 99.6048171491839 154.983778000475
29.2740169039742 29.2198607809208 5.01920836101221 21.555628491311 13.5833633164151 7.11660641294752 146.733791135015 160.84616982794
28.9279648501843 29.7894792563328 4.68793647859964 20.7518741741757 22.7604733142078 4.86787489725538 189.372001049815 44.7881732722553
27.6153168011207 29.1019920042178 10.189335807734 19.3122642906081 4.88273231269747 1.63757529781942 178.284846441696 132.779896799724
28.7835484666953 29.7544201723554 7.31206385010275 20.8277192823485 22.2897004263794 6.79435758820752 156.196431472202 180.929013368892
28.8110508878174 29.8883676669277 8.91742655909529 20.0876122214701 15.5442093006083 5.44930818884269 200.405605765315 131.270864923535
28.9811842482955 29.696946780639 8.46384469064674 19.7569151543182 18.7575651823087 3.58964682504602 172.114288615588 52.922739858213
28.6400124349615 29.6956561928199 13.657500299603 19.9697806217237 1.92727340704751 9.03668852151261 132.420560011345 178.70205075219
28.5583201593273 29.9080151390696 7.06061592704629 21.9925001222529 10.8362625779229 5.11270612206128 98.2537563538677 202.939939186529
29.4773567059638 25.7162646818015 7.06251317182621 16.2950721797619 25.9409275239841 5.95476840209503 70.9689915301914 184.707323878222
26.4448576199006 29.7452476432584 9.97533376164713 18.3562231198164 17.9991606300334 8.86320586403298 263.294541273249 35.9377814409615
29.3447253981467 28.9838102888939 9.30754217453006 21.2054474844619 10.843091075726 9.94494500443861 146.650533771115 165.107198222755
29.4187947004622 29.8830154494458 6.72438214870602 23.1867684487086 2.74720668115496 5.81527800990367 72.9248244414582 202.893387680308
29.4815613440492 29.8168277111905 26.7891074326105 22.0813946154127 7.95146073350801 7.93871558715645 170.334829111707 55.6623997662789
28.4124771552073 29.1879766258464 7.30578551687299 21.0352971361604 11.2505900515986 6.94912614521151 157.790863530073 152.927042733945
29.0379747010539 29.2708135509091 9.34515949464796 16.3825289170397 21.9582340854787 4.96912846237722 160.198509168056 145.942987262599
29.5189031276459 29.752189361161 9.48317299677765 21.6370939929382 12.987044594936 5.68072078379524 118.877940729472 142.593578835287
28.3351775200378 29.7536387377894 9.45287234623725 18.9310944042702 5.7124731995826 21.8186562166651 199.020548219694 78.8378045976423
28.9130793813373 29.6278887721941 9.95974232187982 18.8503789631407 11.8366636970068 10.2340197652868 152.361625809564 157.02936418344
29.704703187373 29.9305386270758 7.44854882028312 21.7760924344528 25.2830290426325 8.80879932830144 21.7464342468051 318.925015486429
28.3484130569445 29.7792358057854 10.6406888734845 20.7538917248137 13.2374970207162 8.4139154234527 200.483508444488 98.5243324278
28.3024994315815 26.5555783432498 10.2682742713865 19.8287113591881 2.88660544481834 6.77042331917154 132.812264864046 148.83025409209
29.5853312367489 29.9558172024139 7.2968474340847 22.6289747134979 8.77141524936436 3.98703424741767 215.042529964783 72.4135646484813
28.3834476509052 29.8286877003005 6.71677341747484 21.6976960863034 19.3138433973853 12.7830927783851 186.394271312848 72.8300562371968
29.0574863238103 29.7591823105204 7.61282253739568 19.3713451793743 19.4249010384117 9.58677918833531 201.877938202716 92.2317593089085
28.5473344769822 29.1983386958501 7.3469345421583 18.8860465769005 17.4768880918978 4.97103561209808 188.77749114854 112.734474220245
28.502509991496 29.2938490845596 10.512494676254 21.6157716437198 21.3714880627002 4.99762106787494 179.354682912239 121.14842719561
28.885828239115 29.6793486882714 9.5034888618179 20.7701193758271 21.7606768726598 6.06740694946091 29.4281534143154 195.034008913903
28.1864704686325 29.3365403046921 15.1734278974892 19.316656770921 19.978426742817 5.06465631316314 174.464057605134 104.769018857109
29.1962022095145 28.8831968202557 5.52158068018262 20.2438330074631 24.92581427765 6.97717354637149 142.525585906554 103.023259850627
29.8621429711403 29.187835868766 4.58703654328187 19.6249670178873 7.28793211960216 4.89130299368188 85.9115181190491 209.453654292338
28.7325975800697 29.2608362397393 6.88645610102026 21.7934056487288 7.93668937943711 7.1434009172101 211.643799812231 125.357525842725
27.9932769278169 29.7293792565513 8.8430720303912 20.9094963188014 29.8989743345086 9.71756359991856 182.133731903877 120.242283786884
29.4616856549372 28.8512860557585 5.17274743278073 21.5047531101929 4.30071495504241 6.82106186777483 152.37922966424 266.00176600779
29.5137990742901 29.9506884811588 5.34996452593341 19.6934595002345 6.17839144750682 8.2134589210409 69.3512312132637 253.088650449249
29.8735132172541 29.9779099317632 5.06766109488324 23.5446035576431 2.3464019677062 7.41775695262313 221.319765942606 82.8934694313959
27.6390426577516 29.4356067017674 8.06270365678995 21.9975868400533 20.1165196557932 4.08538290037241 233.088952234255 63.3340195564351
28.2023308421852 29.3373863112664 8.1506304696155 20.3040259214121 21.8813545159319 5.66848866307945 151.928500934028 151.180509480902
29.4732549251309 29.7306144933898 9.3528874402485 21.6311586277077 28.4502816404172 5.92720617407803 205.353281477239 86.7351419114589
28.9417100293636 29.9501163909133 12.7225748992596 19.8533632972515 5.62430379997674 8.88095141460196 160.909418167674 147.281483422366
29.0723760915562 29.6848082946317 7.67648754485152 17.1216144043181 21.5020261575406 2.84933573179522 183.046748393495 35.5908584946103
29.5441841929191 29.5496402344862 3.59096823127457 20.0737570354904 29.0158007250243 3.40005075673921 173.589770443202 18.3772684065051
27.1864870068856 29.475461132647 8.82288118555492 19.517007941841 5.54878835213028 6.0054073027761 89.580256072948 200.633114022826
28.3654355059366 29.3469291112262 5.88758284562647 19.2439503011561 7.67629547775719 7.43561361097038 25.3472273917403 289.460651395986
28.737501705491 29.7501668933081 10.9356616385531 19.9505382507872 10.887005324874 4.99491042753809 191.459211714306 58.5944217917803
28.673181142561 29.8262112044212 9.49650815811527 21.6398789021274 18.6692757387057 4.54000681593843 115.857352073803 177.949355701495
29.851892956609 29.9392171143116 5.91020513594524 21.3378446738383 22.9208724631388 4.37143521494244 210.557261723202 82.3694329536095
29.0406571308131 29.6601283055576 4.77883458784927 18.8529985256737 16.7054739486819 6.84819713476311 125.958944755441 170.759630084068
29.6545799814438 28.9709575684198 10.6861709619395 20.5539149326832 8.64615086915492 9.88877675118609 211.97202112546 67.913816739998
28.4890616601999 29.1769637781137 9.2055934906424 21.4050453445826 11.8833755199717 5.57396688347942 173.656622901573 183.033799876537
28.2536530871891 29.6529212003316 5.84498619394169 19.472866517324 22.5099198079855 7.20162961986632 160.077202754559 149.143860203971
28.8146659224653 29.8591335731354 7.97702888816863 21.072806610917 6.99248964519577 7.65265246417135 126.804655403077 172.474596080034
28.5584414833977 29.1840706726815 9.67033363941639 18.3777286230232 14.7630662666796 3.76962125326067 110.233770563444 117.093662134102
28.8941590212466 29.7159659235842 6.89774585108297 22.0299472833984 9.71990707953388 4.16844600236245 189.717369299311 112.716949763108
28.5654097281148 29.8128161628339 7.46824973887285 21.3810567918223 8.26335796168976 3.92909073934275 108.611744522461 193.309604426522
28.9326212719129 29.1330649878832 10.1913126124806 21.6332762961048 20.3044952134549 11.7338085726635 197.471261756286 73.9369362925446
28.1997998329694 26.6221473609425 11.0259310842553 17.8143329202975 3.92165589689085 5.96629120294336 151.848961609537 67.668988979235
28.7583101701148 28.1765716776697 9.92549803465924 16.8742710092921 14.1000706116284 3.77994222682783 178.587197621778 175.678157521102
29.8729810681867 29.9242292716721 4.18721025668718 19.7280288652465 27.6047447735371 9.9009312392627 112.831926367365 166.751116171141
29.9771025189225 29.9278541872634 8.45607395722176 23.2176402893178 24.8452417118515 6.30621845801007 225.7916192968 57.6611392135287
29.0917692112255 29.778366458539 7.45113043941671 21.3161175331063 8.70096630717884 11.112023177506 64.6762019084547 266.264345289728
29.7284511243501 29.7492490386263 10.4930317424273 23.2691567087499 14.1609725349171 6.47203026442202 167.280495298629 150.603225208284
28.7274185210752 29.6991789097455 9.94458887301122 19.3697695289277 20.9309781075501 9.79887378327069 121.848810134354 211.829179534202
28.6547752122548 29.7658546692602 9.2591634752178 20.0846276885377 27.9983214958684 8.00332111808092 71.558776346921 150.897570767127
29.2920815802647 29.6221563474679 8.84887894664639 18.3561332672358 17.9467857467545 10.2225517742353 239.118434647161 28.5171757902225
28.9512588513363 29.8277829716872 6.38554081342619 23.0999341874742 22.1765798016274 3.33714042888578 46.2538352361052 181.69118509524
28.5078286298041 29.8340497129441 7.25839325232659 19.41489532926 19.7164316482259 6.39035125159384 145.221690090166 168.214292044362
28.0675527642338 29.8686797957273 8.35011891435632 19.4461588869546 0.690247496692017 7.4957131467302 121.264050152134 154.863741555322
29.6956434299296 29.3681588351431 7.83501697525262 20.4488807843185 18.9668408101151 9.99621530136146 191.347309126722 57.6234641858398
28.9470856381984 29.7541923671372 5.96557989572699 18.6700255624748 11.8372555240579 8.5601614809787 171.674877167617 130.53301377869
28.2426252116756 29.8174611751312 9.03997994508803 21.1404603784605 11.6750219726542 5.5111090932017 176.961229247893 141.86841882576
28.2350824765555 29.4163831622005 8.39720240851027 21.1705672540106 3.62266537999818 15.2430326163536 175.43838490751 108.043564564899
29.5440213557523 29.6523706317867 10.8484337750112 19.6404785770839 19.4996372198477 3.47519493956445 112.754694845732 194.081617021401
29.4310382340712 29.3767911967545 6.80046325643023 22.3690812619529 8.51605188771167 4.52658199474618 205.240740812211 149.058275493234
29.4667141004588 29.9256075212308 7.19662473087998 21.3916952251359 19.6663380914281 4.73973679431603 138.230825131178 256.985864515893
29.1764573370439 29.5564897516791 10.919047879452 19.5519226019176 14.1528512642919 4.15362851892653 113.015176326309 177.147415856668
27.9346749894093 29.3934170287313 11.7840973749821 19.0876428515874 15.9242526487844 15.3189365903542 197.136746720353 70.5314959458041
29.4274572582867 29.203614032977 8.5949508283601 21.5983637969679 15.3103877266332 5.7856403855055 163.826524326377 153.529215328432
29.3648430495903 28.7736666958881 6.46914074949431 19.5542912135267 10.9940385323672 8.4400937292553 190.345473566929 21.385640324705
28.7086181234225 29.7699897724419 7.04542779217838 21.5453365192829 20.7900308772866 10.7462440569941 107.163823779639 187.401758037076
29.1342531759928 28.8805021558711 7.23383327687176 22.1460170450908 12.8105943879904 9.58088173832674 161.552074812818 145.894591891035
29.1960880962419 29.8695233059453 5.08550091872657 20.5400818054811 24.6222393492597 3.00010063026095 160.458811772806 88.7657655252285
28.3982319355269 29.631335738234 16.029111722929 18.3987911485808 5.78006876716353 3.44990442509484 218.121798437941 1.33810278120556
28.9878878280844 29.5714560520485 7.50081032757249 21.8874786665363 12.473072158627 6.91769327063006 107.496957363359 202.449349652229
28.6456037170765 28.6719032741525 8.24935579052828 19.9097911387365 17.9717336739132 6.62395129830149 133.011093146274 141.345925291486
28.7368215903146 29.0440685337598 22.4210855242083 18.8234935015032 3.81889105042797 4.850319561532 99.8550888848506 196.636129108855
28.5382258478133 29.4165414872022 10.1129012450676 19.4012677501058 9.73500842064543 7.18309017311385 158.597059285065 172.466882569913
27.5265450173225 29.3528159460454 7.90396968253104 20.9463406801068 9.26987804912656 4.61773662612686 139.054960824822 159.154383195736
29.588513267571 29.1227027846575 7.16237367560928 21.2581742956234 11.1758393818422 5.04217376167921 172.109962115791 64.7022818702015
29.0405664613438 29.1197845350359 8.07649659377962 18.8660915769484 16.3064989510786 6.28186337861318 141.653494672792 165.520739307131
29.2660668655941 29.8528005902208 9.94248565034242 20.2462824904374 7.82888342537209 6.03580620050112 58.1225665562018 207.526653911111
29.8454456075423 29.2195197037926 10.6456144939551 18.3465209322265 2.94953125239356 4.06742129288119 152.648391699591 132.115844921834
28.4471322014469 29.2310094251934 10.8822953957969 17.8588387372259 3.45202862275907 5.24954561418828 126.198537275085 169.571641509443
29.9577821301746 29.6208471467477 3.00036820486014 18.475591218372 15.54429870389 9.57697337411468 146.706715027191 111.212196774879
28.9234985524082 29.0568997265907 9.77523971455597 18.7515895742713 18.3033124453272 5.70288995239727 92.3528990816083 210.057043049734
29.2209257067067 29.3925241773842 6.32414898050083 21.6078194304636 23.6287555420973 7.34263038618917 132.576876059291 181.075909592113
29.5370827285785 29.8863453582695 9.1119713789693 21.9816107412777 24.3892073893366 4.58512497350802 181.654066278089 56.1900457784585
28.211659628302 29.6912310399855 7.12495136413205 20.259281662426 11.6496015075951 5.68397958994583 189.222042601323 92.9608988943718
27.775213175673 29.1244478487363 7.31846545155453 21.5991277364749 7.62356594528773 9.63627840830003 162.331725357341 100.262889938559
28.0082969953286 29.4542947182451 8.57567430007579 21.2724055581138 17.6647930752939 10.4438482988096 65.8662475447914 168.26220364204
28.8968527182308 29.827956832411 10.7897119341615 23.0413363988415 18.3192106673282 4.22679826894037 182.154455856964 20.8607911823864
29.1346056037596 29.8110786273554 5.27195660062072 19.6901109740428 10.3851647223025 3.66969131961132 183.267769981721 123.985742889176
29.7187089379926 29.8157839386005 9.35178408119689 20.9920842384527 15.9187557583657 8.75410496041144 210.015113466068 75.3802864380782
28.876796989686 28.2758910919051 12.8430437578715 17.0672830198747 29.4727815097615 2.76385039216349 29.52147940964 208.102100861776
29.7831747609531 29.8661193067024 5.54274767735192 22.6444038499887 13.1793155919456 10.3388696405843 127.615960880423 230.763677036424
28.4602853313179 29.4837918774487 9.60885858244631 21.6493625814094 7.09588167490285 9.09044739436895 137.98877174792 167.343756349099
29.9852359303669 29.9188669581137 7.56399066223138 19.8815448705081 23.0440326648822 6.56519433671819 151.289657313515 159.229673316512
28.6966424040969 28.6616902663012 8.02021865568428 19.1859279894811 12.5143926265072 4.77221867411073 156.85744659019 71.0289583572071
29.0670274382124 29.534204151012 9.41403397167126 19.3420139825397 17.1138701367051 7.41150960587755 191.345048666866 68.8503400237085
28.7718277779382 29.4452126022587 7.5495525527558 20.4278055883152 7.60522370608833 2.73479613585272 202.882412506548 79.0998701426722
28.8492188408926 28.9563242674376 9.99825450412735 22.1875133757878 0.451401033862115 3.51563318182949 71.0227103699561 208.210185545276
28.1528646512428 29.6230523953216 12.1885464829591 20.2778943900186 11.3627845272893 3.65553184450519 132.487054429829 235.551463659212
28.7552860759978 29.7178047073804 8.61336074164672 18.853957728088 7.19517837958148 5.37503761871975 71.1299753421529 236.918398023667
29.8376992699846 26.1715211275137 9.11904329398241 19.9729326487818 24.8162576613182 6.60679340775442 207.254719758357 58.6845650602583
28.227130255673 29.7075384672346 7.0569526416031 19.5719620464241 18.3927865351071 10.4785422903422 69.5191009609664 181.596419148358
29.5894518465472 29.1717567219116 11.2955604051428 20.5069847590411 4.72114052453573 7.82963876586862 210.483041749014 82.8581158943256
25.4064132113312 29.3634368380793 5.24282363788685 20.4546380648399 1.74195557738014 5.72871220435361 216.519407052428 139.527048220308
29.2750275245429 29.6997392141431 9.7843984187195 21.2971077540518 15.2300754344923 4.30826311533813 184.606713888167 42.5387127097634
28.1754474793838 29.4980521774987 25.2093112451434 19.428973764733 9.2143335413884 2.26086071619561 97.9172085531825 214.141348963425
28.446897194062 29.6832234303853 8.07011074081992 17.9002157054956 11.6097725490266 4.33019139198709 163.245891003889 10.2279428100744
29.2741442966452 28.8519095306845 11.310364049754 17.1783419064362 24.180051129773 4.5025552079095 137.821249312764 126.066051509389
29.2607304685171 29.8258701895582 9.6344412827508 18.9963840770091 4.41074498456906 5.01730410978246 184.203616467144 76.5263664252851
29.5776537570628 29.5190652663698 9.14628850102835 22.1742726667302 22.7011752694084 6.05003379577373 206.377661228378 85.4221918968336
28.3078808061676 29.8903137116637 8.91216365766216 20.8177033480718 9.41718478789509 4.84761659750746 161.280942835815 149.186745271778
29.6017985687227 29.8225473295654 10.4494907473395 21.1948365495821 17.0421149135601 7.73060654275081 1.20694678880178 249.368014581057
29.3662043339924 29.1597142623943 7.22800217602113 22.0579172026627 5.4720747085367 9.71779674477818 179.655391729171 151.676956415367
28.7622189319331 29.1143043108021 9.79750507411342 20.7193922826243 18.8252680008122 5.90294630714983 210.217338749934 46.3491784878073
29.0018569741623 29.1962922699384 8.63819523794635 18.7796549994686 7.87174619432713 5.46032160526366 74.6504152475614 175.329793316761
29.3751155823784 29.0673751622968 9.58191082513966 18.4251714596334 6.2108887464541 6.39680784610168 59.7076078025905 188.637138770365
29.0644490237345 29.4301640091165 7.13448776830138 22.2019414779911 5.1578797465657 7.79237562199381 164.555213238358 171.777363774277
28.4246500037881 29.5137835617752 16.4367604867032 21.9096080215309 20.6845847222937 13.8124786911245 37.1948478956023 213.924866955345
29.2329068454537 29.684597057832 14.6600233598562 19.3776035817713 13.3864933210716 3.25756061501678 69.4851299617041 220.949336901346
28.9869225734655 29.5944212698719 9.14975271084729 19.1093943834803 4.85010712069077 9.94208774027193 186.63427947121 79.2842387771848
28.3849079102689 29.7282466775232 6.51895610039269 20.8782145204781 17.8176673974272 5.65618505163624 239.976441784058 72.102705971069
28.3427943455977 29.2983501507262 8.07856191662091 18.7755313502049 17.3100930613178 5.27194388440176 140.672631906175 81.5315697713406
28.468552129472 29.676518247944 10.6171573641443 20.2817150122936 4.5235312363273 7.46501633701797 57.0964097790001 209.664154206002
28.3587436737832 29.9529871679426 7.68044087371453 24.3912019270074 24.651897694271 5.32223014522125 132.542938314156 191.449870702646
29.3043530462641 29.3011452164792 5.21625998886483 21.6308310847603 17.0938089442176 8.38941510721483 146.118095900446 145.862696980989
28.620381924887 29.1210696324383 10.0868471490002 19.1859113333091 13.0546246908585 5.70755483536836 177.222796647795 86.5515038906324
28.9702997795349 29.1795222787464 12.5558270892287 19.2183907048398 17.3010419160871 11.668424457045 60.6586037281187 233.635663246509
28.4101328465541 29.662900413236 12.1312420326476 18.213145951457 17.8102596188891 6.12135711441388 104.469469931783 145.331739846337
28.699024829001 29.404633449064 8.27808175084685 21.3650488357384 7.40562232097592 7.79097568580423 191.255512474705 68.340690568325
29.4176004160832 29.4468746339057 7.33070483886149 21.1219886369158 14.3476466174735 7.79717438403994 15.2690644552889 238.122195050591
28.228596753949 28.6039056128464 13.5267600783316 17.7456570859569 5.17790298578855 17.2621081689485 141.337747359484 143.099427523265
28.5935481905556 29.4628087986309 6.78574963405973 19.8046206862999 2.60976495911325 10.7060105092648 183.961819581556 130.665014149501
29.3123397811262 29.1753536882438 6.84741971210688 20.9994155090173 18.626376944698 7.3439485351303 75.6381825948989 211.547566587239
29.7201444417855 29.8910775316761 5.9772185183188 20.8831828449932 24.6478036257794 6.28041044221075 86.0059685874083 183.714533015484
29.0160993193364 29.6216326290091 6.08326739113107 23.3177183193104 5.01637351720708 5.46028162967832 117.221250472158 213.000258877618
28.7407479459774 29.8255313536881 7.04744541871613 20.5576025437589 7.00831436998153 18.3916629488462 112.14883728224 185.349722718977
28.8622875388316 29.9081563922238 7.56338295432205 19.6174076047422 0.612559455957927 1.96447990832206 30.0871461894123 239.108959891088
29.3309447155286 29.4231158815447 7.14322465807012 21.4401233263094 12.2525602744508 7.74386949670701 103.740829769301 167.291103636156
28.5746984642502 29.4068559308383 9.45705664113386 20.9386139568168 11.609347913038 6.62488320795457 112.994307427006 217.083672853725
29.6915085510047 29.9050189297898 5.84490106064046 22.3897811842713 12.8825746970915 13.134689607682 69.9169336396693 193.674336239069
29.4518391151079 29.047049081241 10.840644127847 20.0942783933143 14.497551274224 5.49370558530173 163.962755657052 134.780539504423
28.6017748310396 29.6495730608369 6.94732403183304 18.7477306702574 11.4129599785186 4.43200359512823 102.938881517191 197.162095037853
29.469285052086 29.4339579120991 6.63406693002858 19.912687814646 4.56273099610625 6.85202519893131 112.411034913171 273.615130444227
27.9574171458241 29.8667150642813 7.76407571443453 20.2302557523186 14.4569869254024 2.15140624706211 242.747664905424 18.1791940088027
29.3076427877134 29.8511574591536 10.2211899455109 19.5590878899964 24.745166804469 7.70312248816838 194.031497663992 80.8296518002572
29.3025506049191 29.9121102631912 7.2517634597887 18.9070880421509 20.6636515974198 7.46214987055386 161.088576025799 49.9333213604541
29.8485318110248 29.4955361597281 11.6020653116412 23.8173175539893 6.81027778061923 1.57502425883615 207.34639692376 83.5535892559092
28.8770569850004 28.4423285299639 10.3101564172321 18.8369829738199 29.0531739653379 2.89860287601533 142.946736750003 112.244966711161
29.0670433816047 28.8171047706262 8.43229571722633 22.7051529131034 27.9448437543194 5.60231349575704 96.1540893188888 197.624330586042
29.4075907780958 29.2597958504297 8.58873305375744 22.1974636856716 1.71673209227244 6.2523052983514 95.0442299529973 234.720633761002
28.9867079336342 29.6269905043352 5.91128363095904 20.0356636867287 15.4945246665043 9.76082355723656 87.7628771069037 183.326159665219
28.4112245674058 29.6542925536733 10.4244531273481 18.322013034845 21.1624496533549 8.52753658530196 107.369207619917 178.930816530351
29.1225592995608 29.4679608582182 9.87194232611896 19.2996875746192 3.82401254478234 11.481681786582 51.9339658544479 221.581595955515
28.8127901555422 28.7444466880259 7.50345293521236 20.261987849573 25.0530865181142 9.56217430541475 30.286632500601 270.921373446881
29.6879831105852 29.7216149490095 6.92490526915085 22.672231778746 11.3665957523473 11.1697474427579 181.007993251187 106.016424223908
28.7520365322444 29.4462858711764 8.56535882969496 20.0913355805321 3.0029924453881 5.5119811444033 301.897398681743 12.9898390530233
28.5992066622725 28.3659912192912 10.3419147711213 18.2612979274384 14.7982662446694 8.26754934582559 83.3415849729878 157.848884263929
29.1901289998913 29.9547750760958 5.92349924738271 19.8190035776478 9.99450329158287 4.64745785214934 117.293651849271 184.022854719048
29.1755290697052 29.3778403644393 10.0342447158578 19.7941030952274 28.8329058718718 4.39944856564605 170.129218689073 115.503461310932
28.0713520246497 29.7976821812476 10.5166904004558 19.7164434757097 14.271599947084 13.6817865623716 100.235592479681 233.287467664828
29.9482651006332 29.5503197971155 8.03243140211003 22.9957654408515 24.2958088176626 13.1890941057398 202.290977343837 50.3693530909168
29.7355228643571 29.5925603155905 8.63250276888981 20.4084795683001 18.5026922484063 6.22974935240554 189.000083870118 44.3574093933194
28.2166819638152 29.8864257959411 8.08467748687773 21.9874385537161 21.1231945818331 4.05570069206322 204.904456825729 78.3532285504445
29.2228596581801 29.6939093376402 8.93141277569379 19.9450263753353 9.78026147565408 7.63942291420288 68.6038070261458 188.114101511199
28.1630948933838 29.1229975978455 8.86276019236938 23.1933973593562 18.6862514559237 7.48266875396476 141.999615944914 173.291796471303
28.4033956926775 29.6004979237713 5.93212054203946 20.1023179263821 3.18163811314145 7.51833313429649 101.341310501036 208.903367019564
29.8050524140833 29.7515969924601 6.92330535640326 20.7519896891785 16.466188352754 8.19044952059591 134.201465333816 210.322070493477
28.2289476152463 29.4323723435828 10.7528572104181 19.1019332986699 22.8430668162524 5.15994228524461 165.812531336042 122.806455079641
28.2130527611982 28.6511676025922 7.67861231237443 22.2863836268142 9.74207769514439 3.08795671693626 139.834483226539 213.056382124644
28.5769361023675 29.6476858765145 8.98839533962902 19.6622665263831 4.62278797524712 4.65885212019519 123.91427658717 171.389695789332
29.0576715511559 29.6478296367798 5.63882160392794 21.1456837450094 5.99534078415393 4.01757368279694 159.255991909653 189.115543536415
29.0072333466189 29.7905483726748 12.9382332588046 18.8821308436088 7.29393439612897 5.11489985166028 164.049522199041 159.693082733065
28.9678842332338 29.738965298674 10.1908332322757 18.6633806560851 26.4746683175136 2.36430660966413 180.953299821736 121.966582547688
27.6955511595862 29.9843363845716 8.8509791751143 19.6481819158918 6.48674609655367 9.14661175632955 175.576563068932 99.6402078111688
28.7349779283259 29.1976404263743 6.60875947230794 21.2872852423107 14.9875186514967 11.5383584717963 46.0412558682588 206.863483844176
28.8847604282288 23.2099525917111 10.1936159375416 17.1200913725152 4.54305166226089 2.24450236914348 79.9717367830759 280.214543971331
29.4136179730586 29.5733797095525 10.1059963402744 21.1416244921896 21.3505109575899 12.6196740039138 116.951807627692 200.808299022006
29.0929148024463 29.8096887803877 8.28717955343862 19.7207086294752 29.3828202406125 5.27635845691238 205.124936300255 64.3103024070782
29.2619513996533 29.3235129013817 6.62246540468391 22.5826221692136 19.3884911163245 6.83178992809356 96.6048003031249 157.414059368473
27.3715035259276 29.8596210293496 5.32605989912024 23.5446462703109 6.6841157127833 2.78876437886854 208.887894585763 91.4759906666458
28.5207224944717 29.8940226062071 10.6816632781585 18.5032565644074 22.4387013541832 9.62439948797869 150.915261323995 151.59417861061
28.4555007241395 29.1834834747187 9.67784469778125 19.0654273196487 24.2483465282805 5.67368870112166 160.402814337024 183.374523149604
28.9571282469382 29.6862640340451 9.75747090586233 21.3567780344333 16.2197948767719 12.6331203871467 213.58074123666 31.5728321436354
29.6887571560613 29.5471194053489 6.47231922322892 22.7898225344631 12.1944979319399 7.18974483807789 195.830194791996 151.332306609322
28.3441405727104 29.238030885148 8.89129149866292 20.4556046922457 11.5329847899929 7.42596806517668 225.815595566644 20.6584097634409
28.0044247425981 29.4621117278942 9.42981996174051 21.7965456313613 29.8345153729252 8.60465083085852 220.939990597688 116.466457142207
29.6936769370006 29.7395619243513 3.46907494275425 24.7033469341197 11.4698905186802 3.32679488839695 105.960405933187 205.343359210517
29.2329294985524 29.2590970324397 10.9396074502641 19.3920438046185 10.2702627720557 8.84464432334664 161.586731204939 169.091526908828
29.5803842106695 27.324285712077 8.08956617738387 16.9262386679228 24.6769448216121 7.88869587410097 163.322016994878 87.3267334796561
29.7278126456587 29.2884121855787 11.6259257893192 21.2046789779241 16.3718194907587 3.13262014830023 159.391897435561 178.965452304374
28.7397634621579 28.912709323435 6.86732886708927 18.4524792683129 24.6379132160948 4.44860111851006 186.501039774907 34.2585708048516
28.4460401684411 28.9380954898869 9.27169122732679 18.9260265354445 6.9045868392818 12.2069844913008 194.027515232172 81.4832505469775
28.6371984599852 29.9528129573237 6.51532769398404 18.8634699252841 6.54820003575785 7.59877001271683 215.912577856884 43.026773547805
29.239574189263 29.744311072825 3.36616195754884 20.0672198023667 26.8543357598347 16.545749289285 215.454541419712 13.8259100610691
29.3815204163467 29.7841326995128 11.3664451677448 19.0571297130324 23.2940965600198 5.59212857654737 207.681333702266 65.4306229450281
28.9600449971299 29.2569449048189 8.59612532709265 18.3177747987065 7.27679187309717 7.74462182893132 182.153834479326 107.846778719493
28.3724407766464 29.8139688877627 12.9979343111819 17.3545740013951 6.83204743799343 14.4352313106094 135.304232028199 165.754101040934
29.1986537923836 29.7668831523434 6.83610016312988 20.7228151943885 27.1738931694337 7.10316500004354 189.751243322069 99.6160879163883
29.5409935710655 28.491950722775 8.58746487073293 19.8385002937022 15.2564133154124 7.95938443050504 208.392431608415 46.0481745266392
29.2361467353514 29.0725777612116 6.70813359960813 18.9010732548731 11.6920082792236 7.97342013468014 165.363609950455 118.775569906453
28.8201650611987 29.7489637471414 5.07970913616403 21.2789922408381 25.7949756306275 9.96875803237254 153.207633083969 172.807676344747
28.6701564391195 29.4504844264459 7.73449300310766 19.2899759083751 8.67705449209732 4.71721495165207 95.915577796511 186.135938579688
29.0746006524239 29.3460113538533 12.2218583034913 19.6114828106273 17.7322774191255 18.1245783663928 200.037626363567 73.1516356506906
29.6404846673626 29.3163075932885 5.16026547557843 22.0375610366835 9.21533441763258 6.4912921003628 194.945029021302 81.5898570381917
28.9723656788011 29.0275103667422 6.79249198460993 21.0344737014742 17.7045623833039 4.03567485891701 42.5132596496622 205.954492034578
29.5875278670363 29.8286891366897 4.1771353222185 18.5933521667176 29.2927587051031 5.65351046907193 136.901286395016 149.723966229745
28.791722508298 29.8190524831057 10.8210349218535 19.0178693261653 27.1628362654452 7.48691499728167 65.486528859794 187.461790700254
27.7673636607899 29.6490356177974 8.41568385954737 21.0865309387802 14.8367179635068 5.5644239941954 143.355001566864 175.586866785416
29.2309046896294 29.6811750950601 4.58544650061783 19.4171022977759 13.1560110292183 4.79232265642417 132.734760822103 149.40627685483
29.0190292456573 29.1906961338543 10.7978953891032 18.1577269865941 12.0892772291908 8.14692770850916 179.821015222405 69.153635216783
29.0714944244054 29.2068865903589 7.89227718338432 19.1704102944186 18.5810641109641 7.27184704683524 107.755568764363 208.572663056985
29.397428637985 29.6334552160082 10.740191682961 20.9099099560964 21.7776244225356 3.06276943495827 177.667144639471 149.302354465262
29.4386708696853 29.9646293710442 5.51669016903254 18.3842059988048 11.8988325864411 7.45421875457274 259.714670358608 4.27073580241063
29.3121949883267 29.3173554530422 9.77170418291422 20.6161011714767 3.578757122046 8.78396281320598 173.338069561812 150.04163135112
29.0460497584868 29.660518177285 5.39396656374969 22.1891242725627 21.5233885222925 7.0995543587115 176.468469516257 60.5854729099461
28.0855710989643 29.7108706375114 11.1744333135966 19.7072322922965 26.8533674384608 5.72119351040305 109.024686030186 192.530602693568
29.98839182263 28.9271571262881 4.15551741020974 23.762435617095 22.4735414591347 7.38457562410387 190.924732183513 37.8394734609025
28.754846652027 29.383045492546 7.45351491001732 22.2372688440802 21.5214326507541 24.1897577885481 106.565062757774 178.704269149844
28.7442090265266 29.3928975424284 11.7740324370333 21.7077338185578 10.8500893527645 15.6370833615513 153.159281156999 152.70496584024
28.8761571018276 29.2025193098056 7.38664346743335 21.6173411767435 21.0522421642525 4.12579106260153 150.997248349052 108.224043802444
28.8257710125472 28.9917571146855 13.9824870927906 18.1281591845068 25.2748545087861 13.0122232017777 173.712052752864 59.519444808773
28.7617327290339 29.5815661688066 8.13535550453918 19.4366006968786 29.0138511603162 3.73465596444778 105.939080277916 171.481438580422
29.3423381221435 29.1482732625096 8.73816472531289 21.5724459031591 28.9768165958363 11.8549193810457 156.13640872055 138.692676662398
28.6841120481313 29.3727894635133 8.9512309355887 21.1020652950641 10.2598852574773 12.4052116576936 217.581841167226 99.7193516596198
29.3651896936417 28.9681643604912 8.10285768765329 20.2617945758089 17.9216918758413 4.54004969321678 273.99759304845 35.622336369388
28.2597991975272 28.9344832252556 13.0885194554939 18.4914124176164 16.8365659907384 7.90506483357525 142.1452924113 86.2660259498997
28.1385849821641 29.8456279553368 5.43266944887143 17.9922864375666 7.27696580060654 6.48467870414529 80.5629227541237 164.750518889715
28.2386205079384 29.1113367379506 7.27489103005021 19.8804915086937 15.3321843129353 7.74421667377031 150.033062143084 147.556008828188
28.4087295835914 28.7570078008451 8.92800209977134 22.6247962808399 14.3033317388496 6.24883645358141 150.831904140509 198.662348651947
29.059750840783 29.1261466249647 11.3776806910503 21.0002254711109 2.24317679441788 3.23027193931535 21.9478000790965 242.496525592237
28.7846417444032 29.9293995880188 4.16286255918357 18.0479471307506 7.89107706897618 9.68515351526151 171.180066346881 5.97897025760745
27.8513462056906 29.5839531131019 9.88303469923929 17.8883091956043 4.89429046577758 7.93007435565178 191.67102446845 59.2170229761823
29.4123120839373 29.8656481899329 5.60133264127589 20.4375199034691 22.1249094594121 12.5080612767891 123.434584402225 134.368633264013
29.5776306945766 29.7511395545126 6.53045782900243 19.786948049386 11.4918858484532 5.83304232992785 161.814919078917 99.4840421248104
29.5731677517256 29.9699103364643 4.59811998869091 19.3945971500438 5.6673190525462 8.57180120552875 86.9556737975321 207.461412099439
27.233159869833 29.4402213101944 11.1160074898666 19.0872425663767 20.8317661718752 5.99740802364567 207.985136586042 79.4899013275152
27.9448772415117 29.1928566694259 8.224580325549 22.4611997190798 28.4456665284349 6.261551029981 199.60810306532 75.877949583926
28.7539633471026 29.2756903612942 11.2189636254541 19.5094082745608 21.7754023309179 7.29962194295214 192.203816186459 95.8334580001005
29.5478846302893 29.581322686202 6.32585325435692 23.8082578956015 4.74802027390238 2.10091731847594 186.902904136747 191.322975649561
27.9881312324978 27.5813963971114 12.9594556272765 20.9019430319691 15.4518789549445 6.64757983513117 123.319184727549 300.457375401704
29.0509527885733 29.7654871669983 19.4660597822505 21.9463820898642 5.36343115662156 6.50847829013184 85.6892234183683 212.629111905134
28.3865583893744 29.5176208318721 9.99010752667656 18.2273879630134 8.72059727828925 2.86783631640935 157.102901348317 123.859380974455
28.7909302269001 29.5882913107273 7.146276439858 19.6227292014885 5.8869904529109 10.4276166803582 187.813233708867 80.7511681387728
29.6938439720511 29.6907964170867 2.00375410717854 24.2169346348532 3.55834632716457 5.39044171159694 195.582106654699 85.7690252716397
29.3539462374934 29.306968585435 7.19067775932574 19.1909776656632 26.1021588218415 8.5843928437801 61.897098455018 218.590705765185
27.894124947916 28.5687014760039 9.53490685105925 20.0273849232021 4.75918976880528 11.4139915920719 190.846623480536 81.3386473260874
29.7410341818942 29.8418281386942 7.65778151986987 21.2428714964193 11.379799450813 11.61778781172 122.564766264828 210.965624736413
29.9483748055246 29.8585976412548 8.43448001778088 17.8662477611088 6.41873491339592 8.42669297858025 172.614777171769 122.009139856943
28.4505722545777 28.5847526157355 15.3843554300856 20.3621191107269 23.9708755199253 8.40929837391727 137.051341859212 126.846910595497
28.80535392547 29.4678562886227 7.5539779265397 19.2205669172845 17.1874305673763 7.97042452250696 208.090716263545 98.6304170249616
29.0342712052422 29.3255562264766 4.28166589477425 19.1326766445891 20.9264078420195 1.37504746516776 102.21960525599 179.402684805779
29.0592224129459 29.6887420471136 14.5309363083612 20.8781418096285 15.444358907673 2.0993129760435 68.7309151095847 241.751202672857
28.9537951097227 29.9723725771076 9.65718463048673 17.8919202865286 5.99435081041072 2.47246390386505 198.175607856993 12.7253135780884
29.404078670826 28.5432623000052 10.4662139620209 19.9495371034564 21.4984309375936 8.47390330925863 132.112156942137 154.531136173172
28.8721254259885 29.5948290554124 8.47111554061797 18.7557266944668 7.66245418234524 5.53288359877844 64.0428045274106 213.073061485204
27.6951957929759 29.876038138066 9.49714040016302 19.4410770863128 11.5322443205596 2.87515609271572 86.0442753977541 181.331541115134
28.1320616888236 29.3768130346971 12.612776026779 17.9984361967969 9.58127553738832 4.03328282626781 115.086445240551 139.331710570817
28.6370099382568 29.1505596933298 9.27413859911575 22.0921612262605 3.78465297165668 11.0489148924422 68.8519869954893 201.248097848367
28.4985109697816 29.7941363218911 7.84182561833234 21.9685726502305 18.7481775764848 25.8292987463026 113.582463212709 242.134521920351
27.8872872839338 29.6585586796371 6.8978336571977 19.1476254009902 1.54688604486309 5.22473115214595 172.981450748503 176.363065970467
29.7501402386027 29.8677310671153 7.39147738745885 19.5432320690407 8.30412108501066 1.93135629143792 251.65848301459 28.4900895116012
28.7930918307367 29.8740810581048 7.89219211775401 23.3644341390637 8.83075051636258 4.98853085562786 78.8462951848186 203.492084055866
29.5684085784498 29.5781813724904 5.46936431653955 21.5361755908505 10.2177493782635 2.83066335555021 120.40364818653 188.310917200252
29.4142394300786 29.591667836143 5.92648676869548 21.5824246929907 12.8855043366592 4.90540815177828 163.082313538925 140.152118763218
28.2655368432401 29.2025569000089 8.90606826450122 21.0294307314876 11.2097553875169 4.96720677030431 157.004445808824 157.853257754609
26.8492425757389 29.155667024189 10.2225555851569 19.8106670297051 16.6519531005295 5.21603408825786 45.6710180893776 185.794360264277
27.9754748654063 29.3501931130456 9.53158667944198 19.7208338015192 5.85856207790908 3.43044193045459 184.864466342892 103.166856137659
28.1161987309328 28.9744687066932 4.66262192216283 23.2581057513551 15.0029911503255 9.16882416525404 173.120041094744 169.338761109908
28.7350353055972 29.1441413614775 10.488835916131 18.2127302322867 7.88138989170303 6.66106482737745 69.6286357627124 226.393571904152
28.7847992476643 29.7611918988251 5.87040358464927 21.0311036288443 18.459077551825 5.00319720549129 109.615851795646 170.784263209541
29.3549466744565 29.1350266104338 5.00034575302473 18.5909513390493 21.8474901681207 11.3100428738735 128.051181135618 95.3284401130491
28.127674407769 29.7671462608204 10.2345056355157 19.513093117623 5.40402467509469 5.46034979382708 113.757241274627 160.58781481343
29.8083949539133 29.3581766775996 11.2329187843995 21.9031576226912 4.90053172488218 10.5877306362009 111.977457283366 202.846978849819
29.0816328260147 29.9428514945101 6.55150586597732 21.489366322285 24.4766047601346 11.8405212775592 93.4026325854637 162.499130516275
28.7712076177647 29.8529191749676 5.73719452369804 21.3928251681158 4.51181044382817 6.09971407533444 231.02498103506 31.6496673666577
28.8157151938784 29.5448576247191 13.5745428474061 22.2917577957733 22.3031004601946 18.3610087899285 229.978058728924 50.7676693161373
29.8027890834586 29.7785803199983 8.94904778502936 21.6354943128563 28.3479106919366 5.75132210630699 149.820305322763 171.120631091982
29.5310474040355 29.7061938006012 13.6955393631034 21.7486502504735 11.3979364706779 5.08921538930566 42.8900318041582 216.683779639827
29.3261189817687 29.7417030953259 6.31778431829668 24.0460432860166 2.77073509080054 4.20552036847197 181.080234683444 131.333722720365
28.9703165968867 29.3364957678248 8.86875085003698 18.8680700623891 19.7593009630455 2.64959951189255 123.116287516876 181.552832700526
28.8069500427131 28.9574703213298 11.421319646089 19.951923925582 5.26461418694072 6.26714055767134 86.6893727723948 193.95119446083
29.2589597713277 29.5671861533609 6.06766053905737 19.3475001409181 13.446784660028 5.08331554295485 165.377836362887 115.509168212187
29.2038651998504 29.7807274763029 11.0870809762685 21.1117588012201 18.1356863175123 7.14391321557809 194.833245041693 104.119161793186
28.8227707774327 29.5961570535708 10.2288271210615 19.8934018175032 2.77946757225198 2.81288956697669 118.113686336784 141.851567840017
29.6072111948352 29.0667315844963 11.2588199243301 21.3974660800604 20.1011238957114 14.3618886422109 132.623404390776 192.044258410896
29.7711132276078 29.7161838757101 5.09071713105645 20.3418240846993 26.2937592458228 4.8195948328184 68.8429428187941 243.830157728669
28.186875978488 29.7169410897101 6.69319746746773 17.5774669448012 10.8746692168368 1.95087841001465 152.325741074856 87.3071020385252
28.0093227371787 28.687158659529 9.4840958322967 18.0533951831379 4.73836998787282 3.65134515105498 40.217716263617 205.552596364297
29.9773234389029 29.5083875319524 8.86233662214724 19.3582861348717 8.57316408632442 17.5349684049354 55.6224559225067 150.521084720269
28.465467847933 29.9734912279392 7.51937753782125 19.1613387263387 18.6325381716812 14.8873409714182 52.517564457011 212.507030618165
29.9261121918627 29.4021188034242 6.59270786998195 20.7803229299082 27.701195727043 12.3593276259195 167.940599170163 139.609268170134
29.826184764893 29.5088752629414 9.26609133360359 22.2225036487699 23.019669133066 8.82164885721743 196.805606883408 46.3815266777521
28.6938660859986 29.855792682921 7.28009111025139 19.0069989770381 8.34224063681018 7.47321383854723 62.5663268788329 192.033611947036
29.3350102281434 29.8412222510302 10.3905492271306 19.3902234508051 2.26455772277908 8.82799523369548 107.462649207379 216.482362993459
29.6867456181973 29.5556744363339 6.55983844800545 20.3076184621737 28.373503389877 6.86102266349477 201.824363801601 65.8931182336698
28.9141874406336 29.6639070875242 3.67344555350799 19.0004218795078 16.8172220893264 10.2304144155974 135.724423752807 165.558137919929
28.7037300941735 28.7256522589435 10.2887561511369 18.786201722633 26.0300334631195 23.5536871943369 60.2722654878687 203.472830389603
29.5155718757267 29.2155758447507 11.2347940067685 19.6355153753598 21.6888990193336 7.48226863695723 91.4476290802057 205.519530958604
28.8991297661021 29.6502812623376 9.70936830123954 21.4608534151525 6.68999239237844 6.49216003968101 94.9140547407917 195.051092642715
28.5483579655341 29.3180734992576 9.34842729188479 18.5113807397122 1.61003713140298 7.90771062528794 42.0383409613556 186.629384345793
28.7146389147582 28.8643977324541 4.56742621934954 21.5453296414807 8.61778885859135 7.73552405374109 97.6896929130002 209.486492286195
29.5495084627193 29.6536822964113 6.68376148981771 17.7467219359693 18.9925258562284 6.80455490687013 199.455935092582 68.9646360932338
29.4986112876181 28.8666950118525 9.54617733094546 19.1797880964303 19.5864451889811 4.89991345160176 149.980963981213 148.648581653646
28.7483652179615 28.7191881530322 10.5370483618233 18.8097625275477 18.056376765567 10.6167333499039 192.194783489976 111.113230511581
28.6885494043835 29.7773947903937 8.96234930217802 18.6097570182671 8.37297950692337 5.59060642435307 165.604091124461 118.215856921997
28.8869648608808 29.2664007157819 9.16070361169371 16.3883059738448 4.80044087609425 6.30609285960577 29.8274921547904 248.646711970156
28.7738856067325 29.8641215018946 8.49721835850096 19.1034961003744 2.2167152242058 9.27267411255943 189.671556992509 5.99680377968521
29.2452366495708 29.7789518879099 7.74268069261762 20.8155688692023 10.3878435450472 2.64762644641643 66.8936160676051 306.58293595176
29.8074941658561 29.6299468646603 7.82706546544601 22.9635523923725 16.876482731553 5.08168613653659 73.4408420569334 218.095864878209
28.0417400207423 29.8653638397303 8.45697750733176 19.9254010360037 7.25317749620002 20.3831212831737 148.042449765583 153.291969606638
28.7821410622759 29.9827866453971 10.0283097870679 19.1343673493669 6.49046659198231 7.58956888492631 59.1092588400061 195.110259819338
29.1746734904462 29.8820227316398 13.0987512473439 23.2281491636122 5.41306774071004 5.10976316597399 217.617180850474 62.7026823511733
27.5209448932509 29.7192046045505 9.43891162487551 19.8882463034167 11.9425738385347 6.44585646558582 216.795687450338 27.0563900412849
28.9635211015801 29.3572976484666 7.98109687424062 18.3524667149132 27.3726089468622 7.3072783121612 84.4371660573714 243.274022567719
28.87789132824 29.5624571312272 5.04137013528673 20.1367027662201 14.7536454841499 9.62666501247646 188.353308000744 63.714879759487
28.1967401961935 29.3402403678461 9.0830736762604 21.9890079145562 17.4186555916195 7.14619680437943 92.5466536537183 193.162123301166
28.614002699602 29.8967258851929 7.01016810777036 20.7561509967911 3.90098134380183 4.68156559880976 185.230084974343 127.068941904567
28.1336522307196 29.7248584015316 7.44451201640895 17.7329964595257 6.83090123483871 4.78826075354286 181.19148563689 93.2501299855602
27.8077995590461 29.2221523223502 27.6170533116016 17.6760941735827 24.7217683001729 2.44072769374839 169.680139101441 61.7330176687293
29.6086615212436 28.3252665204276 7.14371756215672 19.3045642400486 20.8367954223015 5.47361057911733 181.283504147843 111.079730974849
27.7726513616727 29.336971167673 9.61455615706167 20.900162004312 10.5430605622018 9.88574291099142 71.0525436268994 169.293102564138
28.3174723328039 29.4569310028753 10.6459709369869 21.0604545172614 20.538665368882 10.702053462786 204.071406873457 71.3768393183166
28.2362818787908 29.5277392113332 15.0662532086213 19.7781734024605 26.1043355944603 5.84131217273554 172.681267168751 86.1767919664349
28.2145432967438 28.9354703534814 6.89311131091697 22.3118753088597 10.9968342375256 7.02556888193659 233.488209368987 170.840955860791
28.7070619180745 29.4714977965033 9.78340947622882 18.5253407062835 10.1255942960069 5.9984391232873 98.6674257193864 220.699814265072
29.4209790421161 29.5100339721476 6.20727271051899 21.4194108373673 9.73037551849193 5.68757663256171 21.8796747863842 217.448095278597
29.7564912740518 29.2883007011904 7.00987978867091 21.7655053277973 17.0925332355818 8.37918238639596 174.994289605349 153.999585591035
28.4217153752482 29.1893480603385 3.40967899427646 18.3876055669445 24.9511177574029 8.41414875793204 207.672991345044 8.59756793225323
27.7233919793719 29.4751938289615 5.64310166204171 20.673121296818 19.615096569351 12.2715937891043 209.602527338279 45.8401307088169
29.0474964813078 29.4824731096631 9.85714017553067 19.9805348174727 18.0087157458174 4.61343839262883 136.054085692797 216.529478439503
28.1332736981276 29.5232773298532 10.532630911925 19.7695142919943 11.2096611401451 5.66240521645847 195.388578487401 94.7436545402696
26.3020346207393 29.8492879858059 8.63435228155675 19.1215102921465 1.56416298219656 5.89366050569549 152.889211722335 116.156021082345
28.6291369013518 29.8074629098842 10.159149542907 18.745441709236 14.3160386364323 10.9545094906045 233.283575816019 58.5829063010456
29.0736123830144 29.2305412604662 9.46892780124606 22.3407289414711 24.1020197357816 3.16358304351157 70.4592504344449 218.268583310024
28.3850124127851 28.7978111376647 12.2241091262144 19.3404299293982 10.3150877103759 9.3812613529313 111.035940431508 199.920233166893
29.4688685543092 29.293614120985 5.30296296268509 22.3154199835209 10.0269461385413 9.47539339897614 176.516679614488 133.648319686959
28.4078410382699 29.472232019868 3.6300999837672 23.9614508732933 9.51843108187108 7.82623415113312 212.675658110616 101.986376868655
29.7737533322915 29.7500888481278 5.02298268840141 21.6040336911031 22.1752015825585 8.05593488855823 92.4523196984939 219.100191367366
