12.1796222950547 6.97606589614173 28.1235616205944 28.4872789986519 7.32472718834783 25.625492091536 212.363432969944 288.108084775367
14.4424713885603 5.06712868287328 24.3775809166495 28.5285519231069 13.3538606793852 21.4057097985973 238.018798793657 251.897901203934
13.2561608642051 7.01256359847806 28.5759961864475 26.4730278470352 9.2903017807461 15.3513088151948 148.795994084772 278.941482761508
11.6178778746767 5.24448066730465 27.6040496794759 28.5790831749626 5.36538087342537 17.9306632052172 187.848595901841 278.00766873785
12.4524722746407 6.78912587531532 28.8245027458591 27.0378413266801 5.36470088589059 22.3763922311162 232.791024480236 268.778502461014
12.4119540057177 5.43241833241556 27.1654533486791 28.8220516061343 9.31830852073426 28.7610862845292 233.398674181465 266.2413400655
12.4069804253506 6.85974019905902 29.3047077141527 29.0570959718396 12.6421035223656 17.6500550433637 199.910498093943 252.0499033314
11.6448238839833 6.09151076408885 29.6003986700851 26.2233088449947 16.6631937376138 17.2241723416651 259.023737418318 243.984505334218
12.3043455209999 5.50904597235461 29.1033885300639 27.3459268964006 13.3689823960574 13.192998286013 190.95896571407 297.741182627301
12.8372760232951 6.98967259569242 28.5381722460698 26.7279360385866 9.05410974670468 20.4872315574565 205.993846510239 293.050685148697
12.7740990370662 6.90329970255784 29.4785688634649 26.8377820585774 3.99614547287391 23.5079783736693 232.239091744865 273.376920244042
10.5023233997723 5.88490110546908 28.8723301539821 26.3844695523086 14.7649468242066 18.0810392186546 233.849303117607 271.119891009446
14.0870697088579 6.95435545518615 29.1333349899108 27.3113934632319 17.91495309863 13.7401782378317 240.553290747751 259.747307008997
12.1331830325143 4.87329519743556 27.8197984478173 27.3443358059507 7.74698522982422 19.8356045504744 266.146321114169 267.870970964369
12.6276760687122 7.44622826453431 29.232499196764 26.6448093150254 23.3128182166935 22.7519056742657 287.964449408769 274.099228291584
12.5184804316517 7.26904904674912 28.491615104749 28.1774171812458 6.54607142386545 28.0622047729772 236.020836563073 264.876302517521
13.2385120168429 5.88555785444149 28.9370703899347 27.096960189783 17.8023886198122 20.0926776572182 252.872105988281 280.123457218724
12.6440873926962 6.97212652431409 28.5272211276803 27.5680494486059 10.7020864667274 15.7829893129572 227.644913544583 273.545685150577
12.8693353759447 5.36061399676909 28.4213629143023 29.3041461496431 16.8577323608877 15.8509711967809 198.831619940386 300.155688553557
12.3104830322797 6.19746263916838 28.8860062378753 27.3752916634762 15.9796494388938 26.6732702025569 211.308325549678 288.250619787715
12.4967073511626 6.56437970956437 27.3484669285265 29.3079349633825 9.22058638590376 20.675961846487 212.876809194925 286.31087136231
11.120096547606 6.90601485564371 24.6433823417868 28.9903297814745 19.9974162442903 24.6123291493196 246.646237535024 256.367670036388
11.7858020521961 5.71934901803898 29.1140823813588 28.6511389551955 6.59670320122502 20.8020341931233 234.287223517007 293.790168586972
12.6295214465406 6.29101776928784 28.9740582429158 26.6568446551689 13.5646264324021 16.0670087589902 234.592560562016 255.659573596054
11.6693891548824 6.06526128675394 27.9281142023336 29.4348411469404 13.697341544216 19.2537524558414 225.943443760689 281.80209900661
12.9863878483183 7.81921959575731 27.8897281136237 28.2901789986276 13.1667037219697 15.2970788811 206.279406530543 298.035545188465
13.5970300412504 7.5924088602599 28.8107110139507 28.9552282872446 15.4457234289578 21.625996567922 206.565925813275 296.248609715592
14.5030173586058 7.27095618564754 29.5986783009235 29.6855863415424 12.9796564804751 11.8339243131369 224.785235826224 276.591901206924
13.0070097247943 7.87549505208386 28.0156633161356 25.7874622677605 10.8887187676186 19.9741762671442 230.285324383275 267.19366075789
12.2248681521229 7.15986218898024 29.8844201281327 25.6475945909683 14.7700173804458 9.59275537905624 250.290191422717 253.271633847194
13.7052531921281 6.89477310373634 28.8456487350634 26.4474487712861 5.63265140868375 21.4655064214096 241.037367914691 262.912910259256
11.7124556696309 5.06549943343857 27.6299698081089 28.0872927524135 4.09991162333693 11.8300771943772 258.463127110312 239.036990177918
14.6392906913149 5.5272602935035 28.9050565072263 26.7064571840374 18.4312700513499 19.204079255848 201.243860181061 283.962583631762
12.2368314280123 7.22087943862 27.7119835855573 28.8500496265182 7.7441634862741 15.8925190140229 243.4670985099 248.654169184269
11.4948579408777 5.44007839379927 20.0018219250938 27.724749115874 13.9695021534883 21.0021096435278 184.774176302859 296.836589613904
13.9421722114591 5.51310530908052 27.5210008597014 29.6385676354081 15.4172575472588 14.0040921355478 197.314774216482 292.493170151686
14.5280689598193 6.74254795489717 29.3135984008171 25.7779273328409 17.595687074416 20.667790544377 241.526544448918 254.917668755135
10.907610222176 7.27514192560316 27.9682249425775 26.8161110930625 9.69283829675247 17.9394868824362 212.475801813776 284.80535040156
12.7340568206367 6.79322980910538 29.3764713843933 26.4037726529091 25.6079332404971 21.6444419795747 216.576059164437 282.691760899047
12.4039528379153 6.57651016100737 28.7873857712021 26.7783317002954 3.62519315199277 12.5501677481847 223.86290908444 281.584818683792
12.1927375622051 5.87188287925187 29.7591930459197 26.0366049310115 13.166062328128 17.2390708123003 187.434140672459 330.539426706916
14.3623796690185 5.43152257510901 27.1732519320287 29.4788302692491 8.50062551967408 17.4273906531941 227.949422503868 299.058454958695
11.5364125711932 6.1585485199627 26.723514556332 27.4804905262245 11.0147576722352 21.116562929496 216.937217404445 290.571406927824
13.3203103683823 6.15834793882916 29.6683328042442 27.1469013690416 7.25187411610735 14.0144960111906 241.695648976633 269.759136892773
11.9350915734879 6.86932610898397 28.6387383816071 28.3606367083241 17.866970428301 15.8192297112751 241.230268715382 281.492567904755
12.736467309319 5.91525726275902 27.8224551605304 27.9667982786541 6.59422951508694 22.7833449038223 156.128232087193 317.816919477118
13.9688226645444 5.15821220265178 28.0451069822053 27.4007036758384 13.5691336655505 16.4554744873909 222.64808929928 274.443207654606
14.055834337434 6.24901227385168 28.6062454460415 27.1518623803212 6.186922894958 10.3567083041438 218.300792839001 280.645822123063
11.6105178477498 5.71108555416372 27.335729743389 27.5460687463382 20.5391824737425 25.4212566170263 281.126361100824 271.113967200134
12.4706214108824 6.99125256459583 28.6443594124696 27.1586379227135 14.6650594571174 23.780283456084 219.138511048858 253.225972465918
12.4758832225756 7.23746218266841 28.5681439813744 27.7187608396911 19.4162812555349 21.1210490422612 299.016907818727 225.853424618677
13.3104372305188 7.26623016506183 29.1816322182182 27.1297412365944 9.8611346114448 10.6599979711348 253.351669999872 227.772015580146
12.9959314508852 6.21141524721206 26.8057857792508 29.2163252202134 12.0947154862431 12.9150023105681 245.282782268426 258.315363536526
11.7499021301376 6.04172562010206 28.9151902586344 27.056476052293 8.17450017573606 21.5157958412643 237.484127946047 268.108549491623
13.7517945862497 6.59833462177093 28.8663477385544 25.7223555526507 10.0470344085417 28.0490783826969 239.715027049195 256.368953462379
14.7886503058296 7.08334968858989 27.5472903310151 28.5458541858588 13.717014614792 10.182452598205 208.248006811493 288.178293895026
12.699108588977 5.45379134696087 28.0894009278781 26.2447763527158 14.1693700821951 21.1132729266374 229.878612695156 257.827340407701
11.8755110396966 6.34689005567349 29.6414184515202 26.8322829180031 17.1223298835001 22.0538085929744 229.430927331071 286.302683979797
14.4894199869676 6.8856318431224 28.6456959221522 28.4607061403015 10.6100110037195 23.5733616529843 219.192676994424 283.447167285092
11.6525292911878 7.04299478220147 27.8670671367997 26.4073189553734 9.35562735961632 13.1912884789965 203.670049720666 288.020354238845
14.6403697024699 7.19933344042527 27.9006096945425 27.761049366878 6.1073891795284 11.8958855181989 241.394251229031 250.723683819857
13.2320555701463 7.62811380673315 27.5320521248837 27.982280996893 6.07638510630738 17.1978536845074 221.230410746017 283.230072717413
12.3167714456205 7.19125277809145 28.5677458101231 27.8757142452715 13.9413800208836 21.957016064663 243.102946588665 281.258310176307
14.7492027476334 7.00733238818383 29.1808691106126 28.9021256050902 13.8055802733818 14.8299919948477 211.631166805843 287.825104071402
12.0965786865026 7.50224940204961 29.6581591335713 27.3436071236828 19.0036152516214 21.5500925413799 240.713021354643 260.304917481611
13.9926325939627 8.51755007298049 24.9642546833081 29.7450565935072 16.5559994784728 22.9955882783773 355.179645828685 224.276168763131
13.2126942337492 6.97070590660468 27.8116422857468 29.1573852991697 12.2349375439206 22.5804658835335 196.866090029893 298.085832545506
14.1181940958847 6.84190946376768 27.5861093147565 27.8050862021124 10.7611772395055 21.2945599823748 233.687397585511 262.469867602414
13.5417894149949 6.5811377699336 29.23496728165 27.1025458712729 11.6714411059473 20.2471125965592 189.747689653239 296.206416917378
13.7234463668933 7.46693351020587 27.1428114267482 28.8174867145856 9.90982034588037 22.6773276769935 209.819714694363 284.479750773753
14.1472023559814 6.77853682754073 27.6627345050646 28.307929605454 7.83544958681264 15.1428382871564 190.197576431589 292.200352777204
13.9491009480035 6.28617234305434 29.4913444894404 26.2620037036939 17.3879658439878 8.45979725622216 177.936191753649 311.419177303031
13.6690503937183 7.61126972022105 23.0468018582509 29.2706541845522 8.87166802717825 17.6715444755429 228.184236944865 249.736725288526
12.9991604053484 6.88038973485172 26.63203778912 27.5172503037593 10.1451839002896 21.0883427070352 157.49893967448 313.07979447826
11.6270515314653 7.16007565999442 27.2118907454147 29.4298851259416 8.16771861811427 15.9109741590927 246.431403445369 262.903690467797
12.6272740670502 5.2414753898139 26.2834529406408 29.8656247006082 7.11887932254265 23.3228626211543 220.650191833815 286.150924027896
13.7012605915865 6.31721290302904 27.4897019299808 28.8447498627877 7.92627493044932 14.1611893664946 212.625407572093 275.263312714683
13.5911627308037 6.29700133545569 25.6308064890352 29.3313004062675 14.6579607163314 22.9967378476141 210.914870102747 293.077606800907
13.9587429556575 5.10837250775751 28.3876232422629 28.4778911470467 14.5848415805714 16.233894339843 174.478938298149 299.687174642144
12.6362969699863 6.8897556168361 29.3653560046446 26.4838683035309 18.2932684128946 15.6459822522384 218.972080175819 294.3722247672
12.924106142441 6.79368248519099 25.5996055320707 28.8539621157983 6.8495614229705 28.9289852000407 245.172325410514 278.189163898292
13.6318411803404 6.42346661660672 26.7182493820511 28.6637958392685 14.7222890449394 21.36011075981 170.583265648655 247.053966702918
12.1545298977174 6.88528592656359 28.4527862417443 28.323883410528 13.8658173162548 22.3865632464896 224.986729078125 321.936266105099
12.2918137076022 6.40214104672942 29.6115039256536 26.4843141049192 15.9324331645369 17.4660823328316 232.919586255524 259.68532490575
13.1956700195989 6.65256657745095 29.0502065059311 28.1416203947206 7.4751644507837 17.8721062986461 216.287164427084 285.228779741276
12.8223952177515 6.01109779536783 27.5571557248893 29.9642138103416 15.9966366975995 13.2881895797704 222.388025422746 277.014532614082
11.9127932344058 5.92875009066107 28.730051402077 27.3312702068911 18.4636411238841 27.3257704330738 247.075046176071 261.192601195243
14.8916489572437 6.26853936349172 27.3030241444275 29.5060579402965 10.8376502885828 13.2675473025991 242.10306153011 262.220098001145
11.5821167855829 7.0767142258891 28.6512137196972 24.4728571024901 14.1018579509204 26.6750996435476 235.203416467304 266.386969743865
15.7206672227576 6.24169344278977 28.751743111955 28.4908431302367 3.65998197639025 19.2562295621482 233.657279610308 275.226336334494
13.1272819090552 6.95895188204586 29.3695997151891 26.6702890378302 12.2141881521201 21.1099611164241 221.621982534565 300.324734455578
13.0560433163124 6.51007840959044 26.4954892349506 28.325047306068 12.8826537560904 25.9292665733965 206.93633445055 271.711384713904
11.5535517092113 6.05477669440211 23.8473843623515 29.4030774865111 5.95672931038302 20.1229425111985 248.84169687273 251.173438323191
14.5509870105238 5.91734321390667 27.7955742785019 29.2629595247185 11.0176754867881 20.4388459112365 239.393377732107 255.745846279395
14.4354625635746 5.85674443312025 26.9286724174184 29.6259133435802 3.70923062252405 12.0158454054977 245.21592839854 233.093175100231
12.013833859908 6.31177657713719 26.2609691438627 29.0487470870975 11.3637505645873 10.6699342174974 253.028433333422 268.179360527963
13.425801785503 8.0722604424729 28.5521960502536 27.6496367216736 8.62845294527774 20.3054319887679 266.961576878455 238.360562367616
13.9009681776149 5.77868453637875 28.2735246029047 27.758700111515 14.0057951629247 17.7186908768929 207.569132302284 283.831183873023
10.8923007404237 6.7100381342314 29.8540743099611 27.0240850000429 9.2427187758259 18.8814788648879 230.389485588559 278.941426993649
11.6043695430218 6.90849831480522 27.3916900224307 26.0722075199417 15.800728250529 17.2320786536764 218.947037034738 278.168425949873
11.8410822302179 5.96546104584396 24.8728744975117 28.4618095303703 11.4764991380057 20.7080957576064 227.101130714494 271.353793626653
10.4339445607498 6.00567679774285 29.2739838398919 25.6784274007554 7.5543610116121 17.155455408299 227.414095510313 287.252311855484
13.4446142601836 5.89033800915194 28.2151951091527 26.8924928651426 15.1483258651118 22.1093090074861 208.918465086941 295.641894413256
14.0110658098236 5.97797010805631 27.5863293404492 27.282171413211 15.6032062641399 21.1134637168328 233.115244544275 262.063961929376
12.2064030331332 6.27324574925383 29.0057506961262 26.8756677520392 3.38894935927792 14.6827656675722 227.010985113208 281.488121786309
13.9987792414523 6.11587426079601 28.4757185639832 26.8506053679708 8.42123919500619 22.9277650423101 190.773808553075 290.920458943109
12.5843471970043 5.74591141020921 28.7294757923359 28.9623216806857 10.7559006224299 25.8607541493514 212.634534125115 300.37740907375
13.2274389890497 4.95262907182341 28.2146905139168 27.323554042597 13.7495247613191 21.5374995990587 216.520897112444 295.1322169917
11.7008084094384 7.31877339283117 28.3095141771817 29.262158199411 19.9775500498531 25.0619542051216 249.988511687055 238.671466207446
11.2549852970614 5.81617140686397 25.0499931478437 29.1622376803221 3.7930181072912 14.2334379473205 253.933168042393 268.461594447991
12.6442416088692 5.78254254139101 25.3896135164942 29.2310388272519 21.1734494218818 26.2629454055522 231.444638121075 284.944474450509
12.4336112169899 6.59845370998811 28.3498996821881 27.0858273988271 14.5608749798107 12.1661127337393 204.973635310678 287.989451388247
12.7177772143915 5.83892501236488 27.8602713603729 27.0176002783209 9.97108112902765 21.0511327704646 252.941789735084 257.978029568146
12.6850691511518 5.5398503676241 28.2345090609372 28.1050624348269 7.96822263494593 22.0371148566831 216.504743412301 271.99753052884
14.7825965103921 5.9213086850404 28.0853508184179 27.7171754397638 19.1484310501682 13.0095710262247 201.149084020874 288.846811850511
12.8655207838347 5.46603129095552 27.7890699098903 28.1698155762525 5.77003224338127 18.2189984609419 240.780531397721 235.495620376743
12.9732878694523 6.06842710056061 28.2784467989146 27.4261251725891 13.0729078902989 16.7490625283939 207.661790957937 284.52982703002
12.0601470972364 4.36490254706394 29.1119305998531 27.0084548737779 12.332209451661 19.2579488053104 188.943479532622 297.765010773391
13.3172275272743 7.85354234037938 24.5104348237528 29.1381559378933 7.30516095120724 19.1408210128385 208.185524652155 291.490301178928
12.8714638621382 4.5107980664344 28.9858885103167 27.1181346105033 4.46124088000135 10.5475798161652 228.696666760613 265.212624544668
11.9077796515985 6.6600579927634 28.9587186565649 27.6416042194067 12.4202088684843 26.5302538202956 231.819706531118 283.672854246596
14.1547700655863 6.87262673925321 29.6778729375143 27.2812211431781 15.8999801945478 21.4605508733841 241.296297120649 241.91936635087
13.2034190535594 4.94028040098534 23.4465025602237 29.5896174381023 17.4715605592885 13.9276353099915 182.438077772976 304.852532675886
11.5067032252608 7.55702334849559 28.8081124426491 27.0280703106717 9.00100105273656 22.4070468355944 200.134582702884 309.166145180263
13.910269821469 8.28465671228144 25.8987253255425 28.9560150875077 10.3053069456691 25.8396055988989 213.91016013238 299.890538365535
13.3365688095812 6.58684047639627 27.3909986735214 29.5223418504574 12.720959845261 20.8490845094218 235.974639627207 292.476184061871
11.6331130547054 6.40931924712849 29.1179439844399 26.7662127246643 12.4636973500308 20.547235746563 185.103147995091 297.397825227382
13.9814662160046 5.73032698480642 29.1994679063523 28.4640565387134 17.9076942582974 12.4050674380836 163.918667569852 311.583231946216
12.3897083323801 5.40674080119025 28.4586814722848 25.7050690088415 6.87793009209892 13.2586409380258 233.747781651894 279.992526164217
14.5982204905817 7.20804521055536 27.8315648009269 28.0787838850709 15.1138658516347 14.5392195167955 232.016734334907 268.350837719702
13.3892122002036 5.19984984915809 25.8397796618707 29.369350444875 17.4494022267549 27.6027366370516 226.820262219215 277.429042568001
13.6975179886351 5.97290777726665 25.8115758539977 29.2562875167834 10.5815230174938 19.886002371613 245.566742561557 246.788131216532
12.4788233720912 7.13793473313028 28.1949723637838 27.9512690317936 4.29917489172429 26.3203621649029 293.345674772466 274.030245430112
13.3266485184519 6.34322832876735 28.2216268995098 27.9353802884245 7.33003445199925 11.4987951448534 234.702338295263 253.533308869495
11.0368278320815 7.4180111627265 26.0845166847755 28.7811994339955 4.98866808916072 20.9898141373532 273.699081491058 250.761289029359
12.8659368840084 5.93990925902202 26.8460769132704 28.73992854415 7.57115497736329 21.9364216727033 187.892623002635 271.850172871716
12.2873820918691 6.06347905174567 29.4206802406701 27.984739861175 5.36075371495152 11.4215306131627 214.430658291621 283.42811669839
14.3736693631196 7.12443257245907 26.3230796649368 28.9303518925298 6.76545523926274 16.7510764211023 232.059532257117 267.067545050329
12.7453196639493 6.1501014236294 28.3207958785712 28.5922392642086 6.17003482098281 18.0189605486987 228.339423571174 293.623991416144
11.785035880216 5.42835532125489 28.4591998265914 27.9016829670112 8.25420446549635 14.0605953190701 230.540568527128 245.470605591451
12.2013664619058 6.29821487901051 28.3471037163375 27.7551081527214 20.1173555432218 16.5453283842367 243.765590522512 286.81306225701
14.605550205984 7.33481308342456 29.8124808989502 27.041818137735 28.0365140903111 19.3995936308987 245.627698009035 243.724048466373
12.5675431006294 6.19858967069837 28.5853363431619 27.2456646553191 12.2972091110857 23.0318746628338 172.159040472719 297.16047588853
13.7522892991997 6.54830453415312 29.2532393371544 27.1415367866734 16.5008150861366 19.8632607076793 199.507769361268 286.768067169581
16.2686907394053 7.19019753878144 28.652830813425 28.471590482351 10.3517318937231 22.972228583871 264.279408269519 222.468058334487
11.9732303983858 7.61850839870548 28.7447765316125 27.6263278115313 8.91120716744269 21.838186747664 268.726400100466 242.253111372753
13.6472316388787 6.6289627555723 28.5696593455486 26.2287884045213 5.93893804998531 17.9096672807106 222.379079963811 294.054072447717
12.6548373402641 6.18549288606792 29.0975172936053 26.8984599231665 10.3283636107907 16.166424269107 241.999604608246 259.330305912723
14.9641332360377 7.63761980985219 27.9119626624399 28.2894808662672 8.15439186669812 17.4781358839529 247.340113980717 237.486323845907
12.8196961853002 7.48315507351344 29.2887051893224 25.816555229511 7.64953537634035 11.2822986677875 207.908996761906 277.101607966724
12.6302729256575 7.16033913624834 25.3636358880172 27.6619870527591 6.29959506730552 21.2875859062614 253.89297182879 270.047016589506
15.0442830582859 7.51515207078568 28.8247604772583 28.5319800921685 10.0447619769561 10.6251811803197 202.333543816626 283.042576089434
12.6444477510291 5.94205716809927 27.7644467755025 27.5299057644114 10.9185324247548 20.5456814991655 210.094749088482 283.13458228508
14.2576515275006 7.07974425408191 26.7267240725836 29.1257111057987 7.42442267332128 18.7461758411314 200.176838347503 298.830650680847
13.2430483128095 6.04898862022282 29.3335609966448 26.5108419918065 14.4820794760558 15.4422256124673 209.525274570199 296.429418352213
12.3915543367613 5.52987129201229 29.2426725105851 26.8628330872755 2.67927377673947 9.26186797746713 208.866124648438 287.161905757184
13.3281657340838 7.05326566265523 27.1016365682275 28.9870071462717 6.60855171408361 23.2755222590272 238.28595610293 257.329037918676
10.3266044137714 7.19156829385444 29.2297045028487 26.7164288836353 3.94684222978973 11.8336948774672 225.736883613871 301.945309818537
12.5311567765511 6.33877413060668 25.6611368952718 27.8772529044591 4.16900980934476 15.5024913613887 245.505273844019 251.280543482183
13.4412781548837 6.34231330152435 28.1227576118016 27.170618159478 7.59957611217189 9.55822702353128 230.075046701859 285.207565336656
12.8950851961263 6.88814765155505 29.6473864168505 25.9248535036207 5.48993223299352 27.0139753795893 227.902553975189 290.532468385328
11.9451409657868 5.97119474839078 27.1295697943275 27.9964935721484 6.10385255278123 24.6283662685983 265.43966977256 269.655575941502
14.2856796868726 7.70580251556393 28.7948822090059 27.3625571045618 8.02999657438367 11.6219155489055 177.73044713734 296.220535961298
12.9919162683105 5.03808121518978 29.5740084881707 27.5114534582056 3.81066296360657 25.1291086198054 229.564646253168 273.712548286292
11.1711761941518 6.40499587294537 25.7715675294207 28.0453942455213 7.49567849671779 11.1898982538229 232.769477494211 283.969416867452
14.7052820310691 6.16089715988256 29.152070858713 28.994742006299 13.2991916387677 17.2395916035787 253.251295692439 245.598233322333
14.0684007107539 6.12166247225287 29.5672542859087 29.1528879297179 17.2579597145021 17.5705603014093 231.410871539336 256.156747775527
13.6195011980217 7.30998461722035 29.5024540650556 27.1355186368409 9.9576809582793 23.5268243721812 253.721884437702 245.08089755231
15.4132577844432 6.11478957916524 29.0427516586192 26.2771287538087 10.3333541100684 14.1154886462171 213.205526161317 273.369104851154
13.8010106665597 7.32145087322909 29.0435233557338 27.4809349286337 6.03967144574695 22.2373413341672 229.020921836344 272.517207177886
13.3413235283397 6.86152195283517 28.5620142146931 27.56135744525 4.87504999808589 26.4829179715134 188.54722366748 324.417635684877
12.8422854327823 6.50502733621122 27.8247620434956 27.8508766518602 25.6903842880533 20.4373754311251 235.796385387633 267.300899832596
13.1862232363078 6.64124923351025 28.7249069708232 27.3886992492932 20.1302037756199 26.205482565755 247.513839813546 283.292351038573
11.0389890708344 6.14511616606065 28.7099383386852 27.9710126788019 16.1578449097112 16.0456265515758 261.34695929586 256.89713583267
13.3453022830438 6.99242929395124 29.5776735169231 27.7732039451365 7.22006237189299 21.3587679833986 241.244323991736 267.744593642193
15.2649135559564 7.55144888024953 29.2339962155396 27.6625824623072 2.52383708473792 8.1050424625681 171.038239618289 293.022033363149
13.2372050796794 5.95667664853493 28.8969186191674 27.3472427462881 6.67630458471702 15.0093850809693 208.328361241171 290.523073479702
13.1211232689015 6.57484427645321 28.7376415021983 26.9856556564329 12.2869298504434 17.3630506419889 222.27312830894 253.197431282624
14.1124824807407 7.02027735163457 28.961614912106 27.4385634223176 8.09565627973873 17.3994973023568 233.049773212285 248.504680211348
12.695972787989 5.77977837501218 29.0791596693516 27.8069532702294 11.4303626877666 15.5077294637712 152.702001558079 241.62828381036
12.0047811841315 6.8468183701093 26.9773457679134 28.7900248631548 12.0570648542886 21.1907552341269 231.163264350758 264.954639856831
13.2008748505857 7.10222978792654 28.5661820826169 27.5578111829794 18.3106541422035 16.34258856608 235.654112302129 278.116876562877
12.845344720579 6.19105767902252 27.9708510392615 29.2811252111655 9.54646414272666 11.764061433177 203.843273379091 294.532788718898
13.090760725597 7.63744461442703 29.712879184613 28.8502630121245 10.3429938748111 21.6501176004049 228.808070627635 302.604335112493
14.0059477552875 6.72764091532543 29.2600844576262 27.0034623524385 6.70368485267035 14.1155318959361 248.162252163485 243.296169765997
12.1031886089132 6.09605667314306 28.2358730101654 26.4161300391953 5.53886953258319 18.1643863210141 238.094984482878 250.665440936032
12.7485987858934 5.3229429473721 29.511785200492 27.2497991115282 12.3369437379006 12.8439930238019 240.988603518575 282.891533518213
14.2268827455114 5.46850852201189 28.9719507627293 26.3262589435177 12.0681183011129 20.4539340990844 235.269285616786 260.203575121268
11.4547419474856 7.02358514447294 29.3134995019938 27.9357756397883 12.3966811561973 20.6037427475732 234.628400933717 268.670774156406
14.4535186417627 6.38973640813232 29.0463738515882 29.781324377848 13.3318496930796 17.7822640150393 245.212004862477 250.444361805054
14.9758176469422 7.11159356057285 28.7753350986487 27.4081283503166 6.56784709779905 24.5181459387988 250.702862811679 247.180415377476
11.9115272461402 5.82401051561403 25.6083353064865 29.7849440934897 8.9652913352224 22.1634169731412 233.687883076615 276.216071683304
14.0689029402363 7.37536070872937 25.8134625970015 29.5316782664996 6.23925648871964 18.594449241721 234.568773178806 255.688446223835
13.9206470847424 4.99129956174595 27.183613198237 26.7105886124737 3.86174595389306 19.5970646080964 202.643220323061 282.026276799515
12.2814977769709 7.4077045000112 29.4233640947101 27.1331165525419 16.2410997949455 19.4971264917233 271.377152245043 287.96917778972
14.2221023323347 5.37114829675822 29.9291743397602 29.2410658752527 11.4916135277054 16.0950797968504 239.139283375821 258.354872692991
13.5063931552849 6.42623104558613 26.6606771960607 28.7644791843701 6.68144335920404 20.8097368389062 269.87194230504 276.694129391006
13.723481755369 7.45613485492047 29.3681158854956 26.2969962098504 14.3321201970701 24.6875243889499 255.027473903122 243.028637406513
11.4697432773864 7.08680518592301 28.5501369447781 27.3363919930535 15.6796472789766 17.5512127416808 245.495373767069 251.661702175336
13.1932373800749 6.02273029137009 28.6330179799523 27.6035635531136 29.3101382279341 14.9256869699999 230.12858884092 264.839369380383
13.6667068640864 6.95454775767671 29.4635894807155 27.1077450060962 16.5510855164219 11.5407167455186 238.217271111184 277.619175420048
13.2759196976031 6.30618922960602 28.0671611487915 27.7676325305438 12.3029655476551 14.6957062233878 242.133824678373 261.953327255296
12.6628159252938 6.43258021899169 28.7966811934767 26.4756768762992 12.2706412816701 22.1229657840255 249.336086481491 251.810540650879
12.6209093597426 6.73188839079281 28.7212608407416 27.1441546173594 5.90084636799284 16.6320892051538 247.447406120329 246.877487506134
12.3995168344878 8.20420025993725 29.5125649981472 26.8283788893282 8.57272074755227 25.7389574300392 243.683789915721 263.808322817725
12.4422620172475 6.03031165256089 27.0291143241759 28.8817990375332 13.1504781352164 17.4470255104885 235.24390489411 268.199611991284
11.6907416171105 6.4429196328445 27.7787306265059 28.504687487474 25.3957418778155 18.118140668165 229.700730518147 282.531890327668
12.8079437375838 5.95341116638888 28.6078024278017 25.5058363610825 16.8681906961715 18.5788719545063 249.980946251525 259.209624519965
13.4459156350858 6.92722015669492 29.6715849748983 28.7639890385638 14.6292440977802 13.10680277505 243.558598219023 274.052887956969
13.2830124389533 6.85385332867038 28.5978290551514 27.9060184586625 6.30879140185443 18.985930088159 203.83395808674 268.542101191355
12.1553535193164 5.48969913411895 27.6592286205067 26.4792089343352 21.4219556023265 16.0532184908728 226.992723527679 277.422857894311
14.3615585963184 7.10747470766662 27.5870553053939 27.0875177766043 16.0211923173355 20.5649122260062 232.02325907995 263.419842126256
12.1351747902683 5.67783065021718 27.5371927790775 27.9901489935765 9.31861102021682 22.6936953974709 217.180455962324 266.112066838773
13.7448444734573 6.03059223484335 28.1388251795159 28.8347960424522 9.19736160002875 21.0998067232839 243.903896468696 249.33202732475
13.4524700968799 8.51977571443657 28.9964048184177 28.6115829895478 16.7292233003568 12.0721943979523 188.184035393892 288.997528427396
11.722208977904 6.8160019218875 29.0123927582119 27.6062167600022 7.10663695866612 24.1916938923553 253.862781940537 263.260793049685
11.1805937480861 6.3896642989382 27.660109277368 26.4520406873644 12.7223520548633 20.0422694750113 232.980582006414 273.880949905676
12.3950005727212 7.44381276988501 28.8698901412152 26.888896165247 9.39248130974414 23.5635959158469 261.261115873873 246.357463460207
12.248263911604 7.11532796767332 28.1337235374793 27.1233780485175 17.3126164354121 16.9032910378397 236.248013071616 260.702280478848
13.3457509879156 6.71591216916618 29.0685505030064 28.2256087092663 15.372928699649 17.2234039732344 248.658483241596 267.325673914888
12.9703746878012 5.6123587074316 28.4973482284483 29.4159519201528 11.7458341576537 21.6038460450786 211.145456849136 277.577540149632
13.5646815809313 7.16108310030799 27.7102391877296 28.6669247903754 8.11168763838772 17.2454095564526 257.289614736631 281.179153315091
11.9242468379344 6.39439516438624 29.565478883786 27.4181619539628 10.8527542931124 19.4762958685087 158.497939703012 309.420430562829
13.2785022319365 6.36848974973408 27.3540613887613 29.6300470717127 5.95334669591892 15.3282639006339 204.192042250496 284.357260908349
14.2544530634373 6.68054368469732 28.7655794142837 26.7369071786638 21.5610436310543 20.8774275452642 242.322004557871 268.614055543989
13.9035963549022 8.48158819536373 29.9479477841869 26.2504735393402 14.0125334141034 15.6004928980556 191.002384456841 289.729101865241
12.1991482964107 6.03138019806529 28.4345353346463 27.1151066422213 18.275894188838 16.2186193753379 211.501008635558 296.84093179069
13.2577278002056 6.83985964984285 28.0980553882584 29.8811915561908 10.5151687478744 19.4004197610345 218.584566489283 289.509537850437
13.3240768710266 5.69107643471132 28.6064485865635 28.5138432754556 13.1095514628765 20.185260355603 234.841106386301 288.69998425895
11.9804212561554 8.10053352282453 28.7139586128554 27.3420753227368 6.70194763573833 25.650894957015 229.703654890207 270.296886669137
12.8172128240764 7.0039094244325 27.8948263739922 28.9931645021061 8.38462770382599 16.0872444308453 246.488051811377 257.735944180547
12.1590122631822 7.54575113341312 28.2051142260177 28.6721226102776 8.65468668227379 18.6744970347413 243.575577879957 243.604977996547
13.3039688514603 5.14542233176765 27.7491075459511 28.4474898509908 11.0532236885156 21.5020397573509 225.428393960069 279.852535881574
12.3176403993087 5.31741657276741 29.8463174544046 27.6313146154307 3.99073864333229 12.1086528759071 254.644108803933 266.685671754426
13.3040903615983 8.11135372853324 28.9627512432657 27.1117277565146 6.90769979123415 10.7195301251043 239.960508948291 251.792945125362
14.9366815217398 6.57537685366522 29.4186198997863 26.7623830129536 7.50433898330649 12.3012403402884 241.984341994135 255.618397639544
12.7307584249578 5.46160971203002 29.1780587565517 28.3210765203585 16.3686164377324 23.6562886775352 218.348000367911 296.249493836883
15.934973921148 6.00220510165618 26.9536363054897 29.6132267912774 16.3182495905196 13.0729646180555 190.21422602731 317.555031335759
12.4029027201601 6.73421550177392 28.9616881522355 26.7947285217495 6.09905825672797 20.2312088318781 239.976700710267 258.753465217487
13.2184055282624 7.27260722083622 28.4129009947326 28.108061023323 7.67589811980198 16.4608546534471 220.731036582304 289.925147363339
12.1499862909191 5.95780520116808 29.0705046697867 26.4386679545431 10.8817594392542 13.2911382002431 204.096989717985 292.46403357279
11.4797461094999 6.38530851645459 29.8367241461163 25.8005400017242 6.20519098802329 16.5073311393296 208.392498897232 287.618536858319
12.1976812269506 7.0299073090805 29.3114245967197 26.7854280162377 12.5726870758902 14.6497061640071 201.423635298148 290.430413039892
13.9962022989852 5.5239632343596 27.0347424020936 27.4751216642401 8.23881864982233 14.5231501435477 207.960021866738 252.465772813138
12.2852290219104 5.87769358820084 27.9228563581966 29.3957748175173 8.89518538638087 19.230232828499 196.653050754839 288.491945348101
13.7672722317254 5.27808126576358 27.3821191014662 27.6396808503047 8.56949245347611 15.6071345961949 233.902753783246 266.513154471748
13.222475196829 6.29260234712443 27.4159825850571 29.2173035647631 11.1068103606535 24.1284623194801 248.315280651615 261.667840390479
11.8167353682733 5.68820986732783 25.9370025261914 28.1849322672357 6.98546045937356 27.613965631463 255.887663713482 272.099126382122
12.2991148276181 6.03028595560679 27.4308132559644 28.1947887719564 25.6217322319416 19.3181149027856 236.16747513487 269.706932309727
14.1422690789522 7.64700563674501 29.1171354590707 28.0309434516469 29.4153112446881 21.6921609353872 225.381908838025 249.353735883682
13.4814173265053 7.27567618685127 27.2626671409128 28.1788267015861 9.33203544008945 22.2644420414826 242.030418230933 268.569243850463
12.1980712344398 7.55738737937306 29.2445044596371 25.5303533319654 6.29174606782624 16.5957961810539 254.193917048064 276.364139846683
13.2193245317788 5.89698611300409 29.768799791047 25.4323511988094 4.45034953096234 14.5469093195001 224.812413627252 263.315721571716
12.8954679620126 7.20518044669425 29.2250962788747 27.223317329855 10.5154006133798 9.67516571718984 244.43780683151 268.62625761015
13.7071772599501 5.93689280855498 29.775658528998 24.5127754931565 2.28392591099216 22.0348548843053 204.523397807981 290.762481393154
13.4521481750882 6.73964908844589 28.1141272368647 28.0068142852782 13.331123208016 20.6158471409453 206.637184944043 289.517094791752
13.3760745676625 5.8504389827744 28.2413393593372 27.5467580124424 14.9042660780491 14.1649300997939 221.280641919417 290.231019268983
14.7356754662193 7.63278021398861 26.926698139171 26.9059360748317 8.27163888631569 9.16666960435159 265.11692532472 250.568182946662
13.3027647595674 7.31994720345044 27.8343753862262 27.5613978261556 9.50602552972545 15.2590681345761 250.234864011295 234.962742927169
12.6532227613671 6.02546014043579 29.4539864015491 28.0331104455629 18.4295269278474 21.9227263272996 215.882695534665 295.432242586377
13.9111257538488 8.02719392459495 29.5441335614249 23.4806436332648 5.7594487021022 23.3696795866464 226.390348247892 269.829305056616
11.9342490144571 5.45492998046876 27.6183204772031 27.9402533529691 6.38913766422226 22.9208851215613 224.587934996229 255.795752163479
14.2469751236622 7.09090110261531 29.6837347184188 26.9587960236263 11.6257117069429 18.6971047170465 228.063833390795 224.077189930735
12.627163647723 8.2473150729605 29.5950227977832 29.3633106230088 10.0197533411369 22.1163702770986 213.16967342246 287.409353572597
11.9268836628935 5.60766151412346 29.4740246588077 26.4504728966807 2.1909450027501 13.1899217004132 227.747454863499 300.069849784137
14.4796639893401 7.77505485912004 29.8956367226875 27.1513637711235 10.2544644844728 18.3144634746592 231.168700884791 235.978778770574
14.6887220845421 7.07483690891058 29.2509265287875 26.7370794708438 14.4519188931189 13.5181239289584 231.899199809604 271.910849377041
11.3309266078057 6.74238173778476 27.1565814619604 28.3880041488334 13.1360084131456 15.2416678493321 197.294676649542 306.254129505979
14.3978059488993 7.4189937566579 29.3190655099631 27.2694124179326 20.6634738414906 17.9296679024476 227.346995342501 275.788684002062
14.3576224068018 6.85296496149155 28.713149124717 26.9477691260768 6.90506373841405 12.7337851772828 278.493752562963 280.099697103559
14.9229848762903 6.12798368706157 27.8444673319842 28.4920047873887 7.37192826895819 15.611222562947 228.631388366573 262.491406226089
13.3299474174201 5.40990630616572 26.9916950316295 27.7270511771346 8.87389531971486 17.6696794476265 216.030598412367 280.72617549831
12.9606833161158 6.46638150999896 29.6563286009805 27.627296151718 21.9481079284371 13.7966937913215 183.343714796462 290.859791053945
11.8668973050874 4.75021183172132 29.3128096773515 25.5389353870087 6.0581008540137 26.13519086222 234.324890033181 279.22496118327
14.4380259710632 6.55423376795049 27.7210387955791 27.0310613901419 11.8541034472291 24.3805177070299 248.408813996957 282.143642372798
13.6558467793668 5.94835273969219 22.4201711450362 29.6129523248401 21.0366545769843 21.0548901251051 251.171313288692 256.79136084316
12.3871412266029 7.08868264438845 26.313410081416 27.7214423123062 16.7174108993288 17.7509681116786 179.720549544606 296.770934992416
12.6715195646324 5.63537164828939 29.2015493312745 27.5558436998293 7.11140356310325 14.1190955847006 181.941523532208 291.822379157581
14.4334077382631 6.69757958729886 28.2643315632622 26.9405567042069 8.158317498594 20.2001333316508 211.183038666309 287.180891570916
11.7754061818952 7.57498691051534 27.8904954401902 27.5376398657665 13.8080029253069 25.77929523742 217.578301975039 278.892216014985
12.3873280155407 4.83047218727752 25.8204338771495 27.2242047586555 7.04659709556274 22.9810711566298 162.531445301143 285.307842385506
11.4863156939717 6.29862871962653 29.1075412520623 28.2485538497271 20.6360312012665 19.9393507488451 217.117300104911 293.134213759863
13.2689473562334 5.34307469651861 28.4231068417979 23.2167210342497 5.00247524140162 17.7543274468182 231.021805179717 250.307170568373
12.3542204870373 7.66953112628376 29.1847953830124 27.4874574144681 3.87736415436386 9.39298316086403 289.390354069741 212.550794502555
10.6115745150637 7.8429850927293 26.314909213262 28.1820051437597 12.2383964401685 12.6125569632803 259.373175308123 226.482801050327
11.9941816416161 5.97377115182147 29.216385680592 27.9337244270949 9.8545261779305 14.9431457996694 228.504782526992 287.113300542979
11.6982651175697 6.76014173991528 28.4360540106881 28.7883018122455 4.12802803043279 16.4488276989749 215.941206225929 299.281101164556
12.7138604378247 5.61313857113458 28.12125918053 27.098622891934 15.4489555266768 14.8172413020921 219.760145157822 286.689596793688
13.0682422322573 8.20814717124824 29.2447533879732 26.6984846616847 17.7841797340503 26.7510004003419 253.857223486764 237.763221597791
13.310329280903 5.75804394623664 25.2142636142466 27.5932704099582 7.1388170037367 13.9852767031532 239.841414715632 261.383544182801
14.4390310826069 5.77612780857211 29.3151873047814 26.7501834127677 17.432831882272 16.7897065671594 209.692119708497 286.715987725486
11.6412315897177 6.32466251989659 27.9094036491194 28.7364301320627 14.2179941138824 21.936084873514 233.883982031245 280.434624102615
10.8298637490187 7.45260721289028 27.2928502081591 28.4553532204821 7.22232169281073 15.057553250296 205.400336689165 305.390146299751
12.0520976035592 6.5002281484415 28.5490304035953 28.5129612055254 28.9194896892769 21.6084977244028 194.061485688567 294.487545940821
12.7911801690349 6.39264804781921 27.9033116079117 29.2578088674495 14.0694698145436 16.0801262238208 231.475898380654 291.925754863011
11.7227217815898 6.09024839279553 29.0047138409852 27.5214299395017 2.53914338042283 8.6932573111446 220.873725116001 284.491950222824
12.4928812034292 5.9894180981064 27.8586644725217 28.1011037458144 4.93367011924104 20.8030006773329 324.711081010674 234.978711207971
12.4611756180194 6.91508372557259 27.0911919016182 28.6322835559132 5.61811965274567 16.1836665152777 151.989698553813 286.250025562961
10.9753382692655 8.35425451863142 29.6952938840771 26.6680311097666 12.1116266297228 23.1231227011184 192.504803353187 295.942813922898
12.0611959731685 6.79608943727166 26.1855520559537 29.162304743826 6.69002750814845 22.4196842429316 239.447354053903 263.003271878453
14.5301495907791 6.00824509148527 28.2861562572338 28.7841279828428 17.4421609502978 11.8278197311181 180.979522739187 290.239549505167
14.0660273219045 6.82342189915346 29.5898980105471 26.8593512547031 21.6337601858885 20.5823494375187 186.981746345431 294.661854098522
12.0572810838013 7.87862213857321 29.3013168201103 27.2824691383098 6.97432785537479 17.7945331748596 244.251398817031 242.966906288617
11.6939161392664 5.95616389141725 29.0008161506385 28.445636263375 5.26434443051842 14.8755416186448 249.020659162435 268.469866636144
12.8266840273924 6.10105695586655 28.6531417409251 25.1091169498058 5.38551367878387 19.2686385774504 243.946909978816 276.196408530519
12.4160028123157 6.77882635495917 25.1077238148283 29.8686467927681 4.35931368384327 19.911184618113 259.635179373903 278.302471054758
13.4523277927556 6.72778510308724 28.8786447136422 27.6936532185996 11.4082380488004 22.2244234608628 191.593841796516 292.785728766706
12.484947103157 5.54024574816825 28.6768689264559 25.8521262268291 12.1650404694125 21.987599195033 238.060681117546 266.097030542189
12.6681435864521 6.41891329589264 28.3492740435955 27.4676126059391 5.37992403808191 20.3183296309176 232.184140293986 267.004071518332
13.9091760770725 7.43047604990776 28.9557988056475 28.0243587822892 13.0960014239445 16.1038925845304 254.395715415963 276.05978801061
13.3958457281695 7.07218319281341 27.4224378267622 28.7273581790716 16.4615500538438 28.1446819553863 241.515417229356 256.337268007022
12.0979890573887 6.17943702906519 27.7485279831558 27.9060003249095 11.1725668878068 22.5387267563827 256.397289156192 282.829828847668
13.0700694431447 6.36039247777215 28.6549860372299 27.078929583806 11.8169871181985 8.74861322940201 192.941576834957 289.733486730933
11.7248900241292 6.62379661171244 29.5887887870422 27.145082865106 9.4283780161901 25.0650957227218 258.804628295313 216.736300952885
13.2533233004986 7.28840489959358 26.9453204993895 27.5308572334064 6.66179042237391 9.9543640000438 240.597038354587 261.099181610227
12.9189089589221 6.17899247988849 26.2606813608878 26.9942915038848 15.6258620166461 20.7323093060733 241.501129040634 257.792642208035
12.6762649715578 7.02423484938084 29.284146987845 25.4479891241468 17.0567756127951 20.3300629159301 222.094756349921 285.919530008049
12.799734289835 6.23387146242535 28.9240200444112 26.3771776165158 4.85432712147448 22.7793144431567 213.265801173488 287.925401208438
13.2059380989465 6.67746703618449 26.7694178411705 27.6795738724358 21.9467666781752 21.0843939308675 224.467665702213 278.269847893819
14.1662621612759 5.90740395680887 29.2278966412846 26.3615788146737 13.0801289781444 16.3198385992048 241.743223755331 244.343574870512
12.8935718669088 7.13582343024257 28.6715475656632 28.191089458529 13.1886104180768 20.0579985977262 193.344895068902 298.246818178679
14.2905950359944 7.24035793141337 29.3190890389419 28.3109062516131 6.30368395174947 19.5488212859089 232.636909041217 283.903758147032
13.6702249934647 6.48260269551826 28.4854554288947 28.8063582260587 9.84705680292371 10.0776877738454 218.913109897771 281.610394177618
14.3080073515101 5.97244934927029 25.1692024731051 28.5152076408715 9.79564406363603 28.3488996918057 213.426107055858 240.404090220807
11.6472918396756 6.18096718280239 28.804509949131 28.5256899546701 5.74978212423347 15.349315612253 175.611420009524 301.654748932771
12.9564078370013 6.84295439809066 29.1138735303611 28.389594397316 9.27971493586654 19.7205420259234 240.162177347917 254.826776817153
12.0702999898286 6.03543622217115 28.0049766295102 29.9119458736663 9.48129689514953 12.9896241096328 207.167978521686 288.298272523929
13.2333443165497 7.34216461942249 27.9679840925412 26.6545637612047 16.2091418694894 27.1750425626981 236.194048385811 256.25560466583
12.2690698889432 7.30971011419701 29.2118931569865 26.7796970595247 9.52892126517462 21.3810708644347 203.544931524849 285.735328046182
14.8883577855692 6.37949431473057 28.5043107387746 28.1162713891252 8.02502363774257 23.290873522269 232.923519159421 268.793096753895
11.6638906022912 7.05743936946276 28.6624072538785 28.0646970354713 22.9094004642241 22.0552041651195 239.196916546693 263.03808525349
13.5256176960456 7.55559137049351 29.1525741748402 26.3352748866143 8.20820557161155 28.2142100212165 246.211064050477 256.536896636777
14.169590151534 7.04957143143759 28.9589148217559 29.2627035199321 5.31513059280193 18.2509508675786 221.575798728278 277.931020619067
14.1669889115048 7.74870738126903 28.2307435227189 26.7929158008862 4.78397918435847 22.0776911296078 240.868008951251 248.672475254005
14.3492596887735 6.74933267034797 28.024942278171 27.8419064096613 9.02279228303848 18.5173334804952 223.73748855856 253.860572474178
13.3114633999866 6.93275876558585 27.9405308874708 28.9214616298652 4.90343303367279 20.6323282600871 234.105410189828 293.79107847605
11.8449460644341 6.53904274809635 23.3495189493262 29.4744277071641 27.8623830091355 10.0819611826639 214.844042454689 285.018907205764
12.9101450710496 6.76877858826982 29.2193419156341 27.4229249569652 3.50974314916604 26.8250243460912 232.424977204041 286.556061030106
13.2685359133401 6.8900574633424 28.971544340213 27.8969908401775 6.3335505957004 21.5630488741073 220.747967702157 279.894149318377
12.5134788198533 6.02978955094938 28.6464511472913 27.0620800616587 7.73881054960293 9.26283991270689 245.744147216945 265.693357708896
11.6088142083549 5.89124803399947 28.4906855296695 26.8489753251454 9.11400153056736 16.749014575645 216.761782629024 284.099879989623
10.9228175151533 7.63100012834905 27.5761273925447 26.6526910039093 5.62408611020524 25.9697052860993 248.941681020602 238.133180849849
13.0601535502523 7.09594923205069 26.8100793318316 28.1261378159532 6.32032966417089 27.2724695864362 204.108535698646 294.017938119034
13.4720464391509 7.57853308345675 28.7666271943496 27.0301376561684 8.9228810453576 28.7125050317754 218.172629404072 285.342756178885
13.5018556818324 6.44963518939377 28.4588237623534 26.6324774231891 11.7285307213682 28.1536865286687 213.126796836344 292.483221796442
13.3491006111042 5.32056207563542 29.1340504207602 26.4469096941345 28.543302199492 17.3841700307619 230.798645594782 262.962416199043
14.524919664689 6.51210175210777 29.917207452707 26.131910801124 12.8166678518421 11.7191464313612 189.80190083522 291.727365876503
13.2020961772094 7.70274866498737 27.7330110198151 27.0997918393692 8.86630551384348 20.4792825637441 196.253719312569 293.951432083391
13.5546190621929 5.65952970924735 27.0839501688275 28.2469271612766 6.45550585123736 25.4061870245027 211.135994306156 288.446270413233
13.4305867552305 6.50323847610517 28.6292639545644 29.3241687750555 6.42107624922048 15.1269325914102 192.174586572631 294.227692813127
12.3076668218404 6.50535359351589 27.9871201093128 29.0117015547329 7.98778621829779 14.7053295589555 216.030471906447 284.292856732225
13.3927856878071 6.38523581786861 29.5062372993521 27.1994768529642 7.35465945153838 10.3156182647143 212.133210332142 287.733028680702
14.3754014342985 5.76271862565831 29.5940816740333 28.7026014466144 10.0521396141601 15.9087205159489 245.004298119977 262.199177434906
12.8131157247967 6.26157860731623 29.6866582269111 25.7643249295134 13.4668466134894 18.625207137837 214.994381918889 255.791520149283
13.0059190051705 5.73155077721348 24.9849811708728 28.2023799554952 6.78685919006581 14.5155867889262 237.844390305094 259.354451583389
13.6564256011427 5.71033742216661 27.9155662445061 27.8416126881594 14.4435633725718 23.9079769980636 213.370541737868 283.574542038662
14.3665306086253 5.90708795021359 28.8795259096509 27.2853256019836 8.37585213119015 23.9722990514961 186.458555957054 297.069916077208
11.6089749073242 7.10372476639965 28.4603851141089 27.468100299685 8.19810154225172 18.388769964769 235.838885184287 274.307248030076
13.141027759597 5.39526393588821 28.7903853697535 27.9195753210175 4.79493191855289 12.671980452023 228.172456928351 292.815430006507
14.9891800594354 7.27279676027757 27.2464395128835 28.3013412237888 27.5173564743404 28.7436880683422 228.816131982703 258.928492963753
13.7927541674324 5.9505407191203 28.4880105756575 28.5348722518889 10.0181278119497 12.7255043858024 247.865168897872 253.35008938634
11.0639799397152 6.39750721107835 28.7737774649072 25.6357262465921 5.03857546288165 17.0014942566199 255.625279483574 227.110504322622
13.2330331613373 6.16190040830564 27.4573633361321 28.3167256589976 19.8940624756313 12.2287456319636 191.269939698159 293.76476230888
13.938535278437 5.60684642989807 28.313979152148 27.5060690157214 11.8910574616804 22.3661064200197 244.660581458746 254.781646417176
11.9862679472969 6.57289329686757 28.8560745670727 27.3978250281764 7.77053544039324 22.2854056874156 243.033715628196 259.752118330488
13.0476755493721 5.53411114331538 26.2778562369427 29.6434010904031 8.24388221214918 16.6660109058495 197.194294690502 292.931067692479
14.3425602886921 5.77340347247014 28.6643047449337 26.9649672791187 8.67888189830185 21.8993335892337 237.36722884672 266.940051491012
12.0813069165542 7.53618056651233 27.1864300969035 27.6921370912959 15.3866286797012 18.8535923240453 246.484871949988 274.398200012957
14.1655094348446 7.15017308289623 27.984716035918 27.6980352852074 13.4320066989913 12.4722680820585 241.233808197449 262.916559103757
11.3301249059206 6.40276762241506 29.1154583854673 26.8550590299516 9.3335745465548 15.4224541772684 244.132996990428 253.633733288018
13.0361821386971 5.78394612181505 27.3847000429082 27.7818619993118 11.6867511497345 18.9901041178729 260.499673490278 247.878335968998
13.9631073038237 5.94985389596702 26.634255720697 28.444615771635 11.2188535901848 17.557301826715 242.575497011632 248.152420337232
14.9290368940327 7.4108548608463 28.8236743174496 29.4226796709973 6.96058171441057 14.4232236065274 226.012403935417 285.428231798637
13.3387893948091 6.88923368751655 29.8008420034955 26.0018162490859 20.0667349880429 12.4979134047769 239.501647207 264.715300242887
12.6572334538783 5.56942478418533 29.0599267774528 26.3657169796084 19.2167051104654 13.2279073941231 186.123344968649 295.076409189199
14.7655622843391 6.0873673014124 29.26475332403 28.9206169490337 12.2425312225205 20.4986444190848 249.344924435184 259.500414839703
14.7142068128766 6.51352179091814 27.8925780752474 27.717015480351 8.46169758824377 27.0611605352504 231.49577057643 253.90256213481
13.0640913784386 5.92869736594759 29.3333431137134 26.7761248429396 8.92696617963081 17.2736011991031 196.974486884016 295.363159936055
13.9979369006766 7.3652930562457 29.6506089790396 27.4049936376184 5.44727445891925 21.6317622608537 196.454173534459 291.245382276417
12.3032206991234 6.13103274261357 27.4931565904576 29.0514331910263 12.5778381829196 23.4762205928976 224.721712434203 303.025914479272
10.9506999069091 6.61656275205659 28.6119740070639 27.5443450579677 6.50977850769206 10.639198669981 216.571909066393 292.433647986423
12.3446187508406 5.82137019317031 28.917374530458 27.1526463197033 4.5718383180869 17.5384581620042 241.931326485377 266.176778856852
12.0641719421674 6.84535379749731 28.7038726976211 27.6698386044316 7.69928542504396 21.176227315674 253.018216744195 236.966719520093
12.9140603635646 5.47459298744803 29.0545555358699 28.4898750359049 18.9424872245883 16.9132713491801 199.751026828391 289.879694559762
13.5312732420581 7.45685439227151 28.7626467779682 28.7845151511038 8.55650262052148 17.4086387359841 229.2190287726 289.388134341431
11.9438460912263 5.64861470256316 28.7242574774988 26.8427839858657 11.65228010354 16.0437723285607 228.322344953401 270.552581494079
13.5640675052046 7.04341930165616 29.7944618925674 27.8043928124484 12.7409595033949 10.3266571837083 258.806092592861 282.019684366197
13.7457572067962 4.79585676538772 27.1764235835489 27.8925527694649 13.3381497545852 21.4426102977756 227.058652190968 273.409988922334
11.8130176870716 7.30511415567652 26.9984614555517 29.3087407397102 8.92257450040761 19.2086473614584 235.437912194945 267.208224921526
13.5928634636397 7.13517317753254 29.1747481611269 26.3942024925685 12.9410404932419 11.8479075584451 243.776596451596 275.39469532849
12.6056071199938 5.69828730763922 29.3367037743468 27.6405235987391 11.3510098764128 10.6771242367155 206.443308374516 309.864042384392
12.8992375497202 6.83758618980839 28.7718564514312 26.8543551330597 14.7242377875701 22.3083696561378 185.673526674525 297.698742484181
11.1162522187577 7.20653668822545 29.6160418302847 28.8412634369833 6.66847701407068 18.6495847516436 246.656634518883 263.125778732381
10.8566427258396 5.87430778126776 27.1296946966561 29.076518200625 8.10153583576767 8.11946237755997 252.064300990378 256.300245371668
12.1374168705589 7.77491728123389 29.3090780179527 26.0333355902064 14.4925906132214 15.7285027843404 268.235981397984 254.594999839081
12.1268816604869 6.13895925629628 29.8999350166695 25.9116747904009 5.74012082803074 20.9897068586245 221.299943737164 255.935308792928
12.421282108933 5.19330578952869 29.7427703520115 25.6193452683398 8.8711965612634 17.5306731935299 207.772664958636 288.408726080823
12.5941970643495 6.07010570538108 26.987886120648 28.6478809257102 9.97803429453436 12.7553009108429 243.227633129202 268.095128763686
14.077203816183 5.492482243236 26.5007463716768 29.2726342648262 7.14952400760507 25.2622150818908 209.032845552306 290.512927016938
10.6928181019862 7.09723444046064 27.0533771089944 29.3381541831096 6.47049228641996 17.5604298907837 229.731821041993 271.182986377388
13.5368793918003 7.18225809016925 29.1741463105331 26.5751515997532 7.93368148263389 27.4836926584053 246.728304632977 264.016504251431
13.9004434366476 6.44920230534503 26.6648982709033 28.9764832925082 9.03107011135582 14.7387886526112 247.66914635765 261.62615587259
14.1887212008654 5.12067969853571 26.560520319502 27.9076431128312 6.86748217640509 13.1712668459419 192.147795429198 285.79847991571
15.3842555454981 6.7497024200915 28.8210765738124 28.044182744948 13.3828347394114 11.6317113385742 243.38178610373 277.381123320979
14.0195489465862 7.20476417602108 29.1339176199647 28.7115311284654 16.9642032059935 15.9807299655121 242.472959428183 281.258695448927
13.113666204323 6.26130758904183 28.8467808368335 27.9256067367744 3.67696673350334 27.2605788200136 246.951855307389 268.181052846289
12.4491821492991 5.34428938142208 29.7677595616951 23.859817392774 18.0321387774052 13.9270529386267 211.179640125918 283.162731032772
14.0812363292162 5.2282671857265 29.1241900259547 27.0000458743903 10.0614320964591 19.890190580039 220.5596142128 292.256509819173
11.6088090635522 6.63764014211291 29.0547383715654 27.9621233602792 7.59707577021431 15.8171592071154 229.338777121926 267.350703449747
12.3915547092099 7.14989213502668 29.3896201803216 27.770767647502 7.16267071758716 14.3065689116077 243.076736089357 253.268957631724
12.827583485373 5.41534012208754 28.7852684765376 27.2198773026428 13.0369257776494 19.4299644807818 220.089087115467 267.74068111943
14.6843953854526 6.92502600604567 29.143755039765 26.684339105385 4.16771237082816 17.3641749251721 215.285997342424 284.903137672616
15.5146827906161 6.99698296350165 27.5925381988596 28.9968218009138 13.6050280620719 27.4013023646158 212.193548662267 272.849670863429
12.3021577137748 7.27279660846366 29.2148484842266 26.5265861624229 5.88424256290737 18.9321059505868 239.438475130906 260.765506695972
11.1510361407159 8.94457183610749 27.7144993379283 29.1434474193332 5.85608628085938 20.7394783997055 224.380954882593 276.465870294268
13.1623511492645 5.25288106220647 28.4931813014523 28.3123616909457 3.79871476415867 12.2967418448582 233.631449192354 262.466714799781
12.6016838645826 6.25370925918189 28.6751596611174 26.8838686758402 9.13285664283877 18.6692781026241 201.147291685351 290.15956354679
17.0604792981577 7.43383930686503 29.1341727521363 27.7626344702466 10.3736401041001 22.5581839649148 247.909371764464 226.903455893301
12.5801638756485 6.47755392298192 28.2653642485103 25.0827846761569 9.23995282629546 14.8230770395746 211.280202059582 238.661920679305
14.3779911285604 6.72378982538285 29.6778515606274 26.234359773687 13.4795664519468 10.8452447426451 228.389568930557 283.849507642904
12.4135082125748 7.00084941720504 28.711056780508 27.1034549324392 8.11156911982013 14.7229459226046 207.707781869879 292.297218775859
14.1790216265722 7.07069849296286 27.05498852379 27.2040403099695 7.18404013743037 25.2838764831203 245.281080977038 288.674819089913
12.1588883167197 6.6353523969763 29.2196916618085 27.269296369211 11.7581426364085 23.4181900492226 185.494478844584 298.769093113624
13.8755519044731 7.40395368958262 29.4228528285123 26.4461267163571 10.8201705182271 8.34309646877866 219.922137305973 281.65468388007
14.6621135368756 7.6000558387587 28.7211620837129 29.1988548017416 21.3116618522316 26.3054326382087 194.003338090025 305.747966297032
13.3616850196557 5.58704579427797 27.1096166350463 29.8627480824256 5.3674085333514 13.7803565967722 211.098725117777 290.426769918425
14.1738394688117 6.8017371941446 29.3924045419472 27.4295515827916 15.2190200807146 13.8006103804943 242.075332682801 280.925360916035
11.3073231643374 6.38338086314672 29.1401428013172 26.1141824796466 10.6226383598519 18.9003384158269 243.903777928752 293.65245386629
11.9670009462975 6.34802915851915 29.3796361113658 26.8605736220631 10.616236182467 15.5333551359671 246.383390941036 252.504998147863
13.3840724059674 4.62052747698883 29.9841310376475 26.9525561081101 11.6252375598931 17.9015673548068 222.238100392359 298.476172876211
15.3738856922269 5.67876196274834 28.8596533140418 27.7507524042729 9.53648569520576 11.3942618406116 210.69179263667 288.641868823192
10.9266023796132 6.98982835985428 28.8198385095609 28.7796723404732 5.40968294807141 18.518707049432 219.732042452325 295.738799693643
11.1426258158204 7.03161812603723 29.2769665214594 27.3038196092266 6.50154825484958 15.2404309623501 241.991010161111 292.21697280697
12.5907520076351 6.38870762932155 29.2211680878804 26.2719603087592 6.1846718094175 17.3417269558102 201.344638321306 301.753657757955
13.3056967563948 5.98034184742126 29.0574176190738 28.388816622624 11.4134062960304 17.4842345821321 236.46302350237 274.777937708566
12.5470929977187 5.06746938393523 29.4683830804932 25.5460697101033 14.1098780331783 17.3539018780937 183.739594528871 290.397338029605
12.2471613558643 7.5794424552067 29.6299606203411 25.9249720902792 4.99700320524328 19.6969958973837 225.960571666767 284.062229335561
14.4159016005041 7.09695630604257 29.7377577569864 28.3519593834321 6.71548228587293 26.3097416078739 233.163499028891 276.881360995478
12.6691501968858 6.94975411042633 28.3739289402371 27.170689871497 8.84889126734526 22.0644852042921 245.77242929463 225.727901011618
12.0148946630192 6.0671105516853 29.1930332446069 27.1624646779274 25.5247627280941 19.9794677268283 218.399927244466 277.640533843023
13.7243896209136 6.64419344447952 29.1025316162106 26.8805231573688 11.7112939523938 12.5213418074351 262.097948130288 255.165282010859
12.6072332103862 6.68363072471414 27.8218036780605 27.1226768166916 6.77605834785705 14.4931002446005 227.665095007442 301.91397811211
12.6581693714155 5.44229174220339 26.6305271124795 29.1380116703518 14.4388253101964 15.7644231034731 222.595732919412 277.224274951884
13.101113581802 6.55041862089747 29.1010805698685 27.6439547294336 28.807109837279 21.4933189543806 209.072600763712 276.157445251877
13.5648829479621 6.0385472909944 28.2934092200345 27.1277429708324 8.33816756634513 20.9955899893703 238.823799661485 256.42918666385
13.7147387626543 6.74431616408232 29.3058714746411 27.2503100564058 12.7641477909588 14.2379792457843 221.38356876838 299.166630120853
11.5658715864142 5.32319735656221 29.1514383483847 26.5940839962809 26.6894510601597 15.5185587437809 173.460591837365 291.125504474428
11.1381245501988 6.24841576881137 28.3729158850601 28.5248417017052 8.15126613305695 13.4351243435492 210.417179716955 308.764728030663
13.9118278328458 4.83248414259447 26.058302719947 28.9500763785998 7.63612971888741 19.0846833576839 231.511741217262 281.86294580517
13.5944363116835 5.22064703857257 29.4434669343495 26.2547754561911 27.1277346395532 15.9394769929865 218.090079726464 263.883686649246
12.3379201430154 6.62160361725761 25.7131141987566 28.556714207107 25.8852291939976 25.4248320604025 205.75657984684 293.787110537307
11.3266897330207 6.04843284210306 27.5143755242632 28.1839090623697 23.0814273474418 24.4285244897685 252.079588621648 259.942592671646
11.2083833145348 6.40066849299648 29.3371880559995 26.5864402005988 6.22895404294004 13.4869178755472 206.30230882032 281.360008595511
12.6174075836531 6.74584206198447 29.4136883826299 26.4754288929829 6.93749341219435 11.8959270151782 219.014992600671 293.776256535149
14.360245274992 5.88915698127607 27.4858710652918 29.1723044592238 6.57691662644092 21.6964744481947 229.700867912423 276.793607193024
14.1145543445412 6.38422156520799 28.4934283075341 27.2798091498196 16.6089761758784 18.970080938871 202.092897900986 288.292909291061
11.9020093068631 6.47835078199696 29.625418069597 27.0980138130287 14.7584026819062 20.0344609184735 177.747323077145 309.674200077398
11.2030821022232 7.07105923525314 28.3688107701824 28.4704735006681 17.8802666497272 18.1362229358374 243.558201914565 273.190308955283
11.6544143847722 5.42243254603705 28.1326584381739 28.2216926879201 11.8125361057983 24.7601530220471 219.053422882932 258.479736899601
12.7989414752208 5.64491416778742 26.6222413229032 29.1919132195323 11.6193826580291 19.5130710022152 240.736407720777 263.242885148902
11.6575547104395 7.23141469993343 26.4815571358275 27.7667859773369 6.4771294476264 13.459087450584 208.367178067328 289.606226529291
12.5655178272738 7.56798561800328 29.4497888145619 27.8243224382061 3.82316787680798 8.52683478618027 194.082123582664 264.712012208048
15.2597637387098 6.76560115653121 24.6981837587516 29.9891302419954 23.418174834046 24.5632062174202 233.48914283363 284.433471919483
11.8941731177372 6.20071464750904 29.109352835933 29.1233792934422 11.4563222074077 21.9880609680194 256.502153217923 264.056494406663
12.8944628896072 6.33491756854739 29.0073779228183 27.1325619909123 5.91039098709997 13.7965232766 239.913797201819 249.700903101628
12.8528662417489 5.96108163843716 29.0155241164781 28.9358985801545 26.8414160917584 18.9488298941343 251.818837002918 242.492758703535
10.8633996899682 6.94450094657953 27.9487112943687 29.574466219211 7.45817569488714 15.928777835699 208.030899536754 301.349391828719
13.7415908238814 6.81388158634361 27.5379450774195 28.9327253542391 6.64861289646735 25.4425628336132 240.433015204691 247.164616361882
14.8560195491203 7.96683733663777 29.0806079666599 29.6266809497504 16.1123131678394 20.8096498499506 244.445816231784 255.163036077398
11.9480817133717 7.10664367501207 29.6094346181385 25.7369368315954 18.927625797934 24.4841627689429 181.480625532917 297.867371784698
13.6799456890525 6.54227449355821 27.8177560395762 28.0634576974348 15.8627719672971 17.3572055442309 251.536918432815 249.06733157642
14.2838717187982 5.23464792573965 28.0165580588557 27.4027064785702 21.5558197389939 16.6232977354847 229.870273141268 274.976011955449
11.4899872881686 7.2587773402425 25.8496510775261 28.2787102916331 8.0180329333174 19.528333791436 257.728920898068 241.799880053514
12.4523153166002 5.81460036718323 27.1167171444605 28.4440413768645 4.59832186523449 12.7107900828877 202.405560756032 296.455981211073
13.7997259074459 8.11136386791588 29.6047916321377 28.2395180768617 14.075821559003 15.7630614037559 246.882217702488 255.759307530018
11.9502933136229 6.6999883281439 26.5443179708597 29.4149799172031 7.22316716418944 16.6107970825787 234.099149896262 272.06584106207
13.0731386221103 6.25241562094546 26.5630174596307 27.7513261107118 7.65111927286737 15.1915261279626 240.191361725768 265.290347837288
10.9294069926343 6.83955855160171 28.0179497779674 27.4315360781388 14.1315976596647 11.9722271476042 244.77366813356 253.808821330857
13.5812315590463 6.50326725321155 29.4747874482754 26.7089716909012 9.18852821665414 15.6186518591576 203.96413613677 276.520502574703
13.160724184807 6.71278676731383 28.4326413441221 27.7690696629517 14.815743698483 19.3639611346182 264.815423429349 280.442872804667
13.3529613213859 5.89151774644208 29.5563072080644 27.5226879511986 10.6606735207492 24.039448589719 169.63897135748 297.080508805502
12.466463731928 7.14626588919813 26.5926363117582 28.379503494982 20.0700966123695 25.7966604618712 222.088435380418 280.47595598144
12.0481213299139 6.22868176487052 28.3272980776728 25.7649083912707 8.68747327154641 12.0045567436264 254.816922564681 186.061438141026
13.8104576329843 5.21605727111184 27.0217828326973 27.3673106681423 8.8890040336173 24.878608631556 223.638442059273 268.040443998121
13.279613458277 7.36875594084266 29.3096224974926 26.7252176443999 11.049709308334 17.5988042176725 200.096799548593 302.802869402264
14.5073699912262 6.84538570633472 27.9340494617762 29.8604073898219 5.90456508922496 11.6998481513964 233.706315574492 281.058785511845
14.4134155665305 7.0936651956314 29.3239400248132 27.536520632705 7.15599162417546 20.0297198493091 242.272598778218 261.317411510441
12.3499003444628 6.36818515859431 26.8421369070987 28.5394130740247 16.2988687953624 16.5547965489385 204.067510329426 293.857681580052
13.3539211266114 5.62371362631056 27.4244235584994 28.9006659348161 22.8923273368598 26.6462916388346 240.949494331936 268.804931702559
12.3573327960935 7.49466129766638 28.8245749121885 29.0490015385504 19.8135897322078 21.7027016018541 248.903901468969 268.14285123131
10.871259503426 6.42092362767363 27.3990039634903 28.1863139591638 10.1040445240346 22.8914220396081 258.037882299269 254.525250113364
12.0524928134097 5.84683296459534 27.0468321282339 29.0890752331439 13.0845952307214 23.2941809109564 242.956827092802 268.353447286452
11.634315525879 5.61769969724568 28.7258347556067 27.9373909954424 6.74813328490894 15.3474212667505 206.958295613068 273.796268240203
12.3527651352358 6.12162239983198 28.5216486671489 27.4471031315158 7.16442375756321 25.947835975205 234.39730337409 256.351141429137
13.3834895399499 6.82279773594913 26.5438606089734 28.6020648155461 6.73950781717423 21.9437764504442 253.98606949853 238.438816368481
13.2771448182276 6.65398802764723 29.3362583530589 27.2967350637385 7.02328123026665 12.1906839456221 172.173684845127 299.560448140298
14.546632566257 6.92470863650274 28.7264432574112 28.0462492126472 9.36407645335346 22.7009466390917 189.301615714847 293.488166763787
13.0058216618177 6.84437570678483 28.908716265098 28.5183978731653 6.15452465077286 24.8562458467067 241.347921939946 292.83901991382
11.3175686853536 6.63714555302128 27.6090382582951 28.3673595368597 6.67239189746827 15.1071248722118 236.49651851978 284.254500693805
14.615613183181 7.79665426078375 29.6182529696206 29.349118095968 7.05801456391509 24.9076209691833 252.350338183658 241.670971301035
