9.33222056506314 5.32953458509228 11.2994491037746 6.85458557661601 8.93784136020089 27.8617814126873 399.095798720183 254.894896317396
3.82431002832381 6.71120528467577 9.43482963769034 12.1857404304047 6.03319723228813 27.4744223615318 387.901575248512 500.625568418891
3.23811369289184 6.81800622173981 1.47261954855307 12.8646887348718 8.23092923687561 21.9119293178411 437.660383512426 399.082885533351
3.97148167083514 4.71013890892914 4.04922805537529 14.4225674638728 8.49464920572538 17.2181154386658 392.520168455959 482.493886700081
2.71776670657701 7.38456535995707 0.251736621625486 12.0088485581614 22.1028391248059 18.556396570552 365.072632206868 513.835263056705
5.99917631148482 4.42031060661886 18.8896560275656 7.92624481492817 20.7881427621925 26.0658526706976 33.0723508102683 532.102835674051
3.96475823183348 5.15630294156631 11.152631328245 8.57403415935405 15.0149362266256 17.252096980735 399.580120405115 415.17293684665
3.00134715536403 5.34516038118734 9.21425064848723 10.5741235533229 7.37604118229763 21.696338506158 393.397230142827 515.993113597035
4.62014912375756 4.49764959554478 1.1401254453051 9.16296373153725 21.7002228431982 25.9286179139272 354.649765085291 511.933639929375
6.56192334672527 3.69427614821643 7.83795702087752 11.9076479692276 22.2024623787475 8.58518380988162 235.427942680006 536.151238811296
5.6947617934858 4.99232833879954 3.10803807837594 16.9498721548137 29.6141035084999 15.7287828541065 210.825435504016 508.455139519244
3.54644089573041 5.13524995571921 4.38819758232396 10.5131013681921 16.0984817182078 25.2579659720186 370.655878073739 515.708181072608
5.84240839410846 4.19625871011904 6.71296995751607 8.73987075104941 10.5053848386015 17.1091405371612 262.242206619157 524.869985156643
3.15079743369625 7.91217887119854 12.0774312815121 10.9444285789305 7.73170080821812 23.5449702109767 252.562275010139 529.12250187438
3.23535285784818 4.34644345798172 11.3165523627119 18.1564638275454 17.8253305072223 11.9746961278586 333.711877005623 533.243598019572
3.17992993247662 5.14858912487053 9.67944269420038 6.15726243566449 6.50012890120309 20.2247578365563 418.618244108526 507.503283468962
4.26438248722201 5.00939346211141 1.6247670388477 11.6486508514689 9.40736077268422 18.7845705179848 247.515012286713 534.352888028617
5.3039022546332 3.57103600841151 11.4584642974061 8.57898172718588 16.1895944011208 22.4910415207865 40.0919845175314 533.668046540493
3.8845385985243 4.35929949667126 9.82929434224223 8.25170053499668 17.6663396256582 28.2976349180277 304.014619528899 521.7765637441
2.8829101213601 7.66630957045234 1.26585420051648 14.8448551143526 7.52310666373674 24.3137396891603 367.038332931704 521.843961333222
9.54807929781999 3.24545284672849 5.38219018028882 8.77423757118154 24.9288918142223 19.6712724193991 436.391494289384 384.606492668035
4.01991830239728 6.51159209097979 7.64667793703936 10.1618958816366 29.6867812798345 29.6079726149202 385.978636710245 439.773447593057
4.33528289905414 4.59427912865201 11.9208535215814 11.224153412277 21.0112832425186 24.3963893951285 398.310497372666 461.561886819885
5.62099938387173 4.26407917825009 2.28183365725462 10.9855865218236 18.9686441424066 19.9915934474745 234.196794304697 535.242242260692
2.72489375175066 5.78372808318565 12.2011183628745 9.85767280862832 23.4248397306206 25.487445539457 358.969184089945 486.797970376075
5.07569569690524 5.32789697976242 7.78349286463452 7.85279845764685 22.5022420257138 5.45742736237814 265.718559809298 531.726675749234
6.2530502045674 4.44609017582625 9.35173032831245 8.96161796411856 11.3040182259465 17.3307323817518 446.567494820578 507.759071274187
3.68497039136422 5.00809916509245 5.2408630240283 8.91462251592889 10.7278015159057 14.217746367803 328.192973080115 526.45558411602
4.51638441911848 8.95490413415011 4.43899170934939 8.01819142476541 10.507772656708 19.0210996460171 385.62337437876 520.170151071127
5.11236690170076 3.42478582124971 6.55833118877497 11.4598595114256 19.598022295741 26.7915221697401 236.088324694118 507.453609362729
4.65902871522579 5.59712532432717 10.541377300538 10.3645818339289 20.182869631471 13.1504874952494 262.62263100204 523.519515683216
2.54777759207441 7.30526349917104 22.491324133353 11.8407926561178 24.5746213350699 22.7690768457904 236.856721403833 523.022955467152
3.03348135764398 5.36086101505153 29.6979336714007 9.49772463847953 11.4008635948892 25.4597742156765 332.319000396333 485.230326407332
4.88411071200002 4.44088131675134 13.2424552711581 8.56608222471234 10.3241764056654 23.8439762063135 254.753498614019 491.387972506744
2.26723457150323 6.69530162060711 8.62233906616727 14.6655210817427 15.8674711360276 15.1566664455664 492.069220270286 395.76477314703
4.87781410119224 4.40926176269795 8.92990713382089 7.61332876961499 8.85376982535313 17.2741859283318 240.373994986643 522.551401049497
6.29903509599111 4.1587027105892 14.5755145220545 10.1236612654824 29.3349117503056 11.9943213238759 436.95080990393 378.942011529501
3.31108654658116 4.80824423854648 4.92273479657783 8.09218425600691 24.309970452609 25.0497572899569 282.989205047166 531.749386641743
5.6694670567482 3.61741481742385 3.54743640516116 12.808120099074 20.3243567522486 26.5747452463076 133.117570940862 523.354389710248
4.466077693415 3.29863897762056 4.36901889534734 5.97817424033831 3.86026632676521 15.6456873519886 85.1628567022803 532.703361303208
4.45386033769178 5.7325689749133 2.99244511657001 12.5192343795983 10.5921208156576 27.555747628278 325.045239137037 501.032421725393
4.8355406165279 4.07726977213547 10.2786404834745 8.49953976152433 7.77509302888194 22.8834221855251 290.430652527046 514.236617876285
5.14187465617821 3.9607275873564 10.2719874478661 7.01828696103785 29.1769362379078 8.84539734892737 308.560843768106 507.390221424347
4.14445211492163 6.52945096715944 1.01178173128995 11.6587003320016 29.1774370049455 15.8309769169715 132.077770772325 531.217654620689
4.48563737971705 4.51657767691501 12.5255069293752 10.6465097836351 12.612715484244 27.0793372616348 341.034929678305 514.507011142161
6.341679310349 5.72066917683205 18.67873356037 8.24094675474566 19.1870813198864 9.36586406609863 282.455079571011 521.218494042073
4.71616548784394 4.39248957389503 22.2357597456166 7.78315720192974 23.3580392016 13.9021540024648 316.899849029751 508.698890317011
4.15259541757943 5.31421823967895 4.13337992927978 13.263259792718 19.1416327322209 25.9583232096633 43.3333568070624 531.759278339339
4.71278715449921 5.60755777586619 7.50800197095061 8.58615811753733 21.5606437639822 16.0175894962342 115.651347359573 522.661281415303
4.31151270313089 5.21744381462482 2.36883214366305 9.84928495513807 26.2581590911247 22.7660159008879 355.69194854738 509.579885894187
3.35555964502357 5.99919340522053 7.88192378259696 6.71627396573735 19.821010236413 16.8325834144825 158.881217434994 525.171081921912
4.93543617463543 3.89782315377764 8.38516051611668 8.01533251311873 17.3032975128755 18.8225015153726 145.414903049173 528.968059491453
2.4980841978866 5.58399394522557 9.95987195360611 9.40307629746577 21.8451806681841 22.6119319336898 350.411596660633 508.270291889655
3.34910220125182 5.38363843204235 6.02216874376799 11.3284458798451 18.2096066626236 18.4653300024518 248.007158311963 527.541402905041
6.03105804790969 4.00081406376359 0.164530983729849 9.34513059404656 8.34770279156302 22.6187359526325 239.818636065907 522.944159258843
4.95054122698976 3.57927204317355 3.0475432808042 8.79935523121608 11.701286523248 25.5995597837214 331.407700372693 527.777351080212
7.73575896886224 5.01319989171277 9.08906043765584 8.22108446390624 26.4075707478807 15.6995117651903 272.097662141253 471.154685537543
3.59340974601628 3.40915450587768 1.41002139686111 8.26350508067884 20.0264005277516 28.8511326182478 362.671650977146 533.958290027607
5.17737292996209 5.48331336734051 11.9174789386506 9.1030627742789 12.0765668295776 13.5070098953979 139.032321980506 533.006096716974
3.96943519511398 12.7310983439589 6.15264755181148 8.69073821858707 18.4731326202941 24.1996130264995 274.503472361475 521.785335135386
3.46826408466368 5.21412502884227 11.6601748236863 10.3777413290274 19.6931689689496 24.5146393852292 366.125319075943 479.342439007818
5.06558317820433 4.41785075245909 11.5493585816516 8.74340230110365 17.9841334750197 27.3023282596917 334.102410825871 370.907654924542
3.30756257212873 4.1783497379387 7.41448718161864 9.28749276146903 25.2308826382119 23.5094650440649 228.461523251492 522.72702950558
5.60556873627816 2.74404046637738 11.9918210057575 8.33687025665369 12.1170871448954 25.5432981334863 380.204849797444 504.821692927367
5.18621185347347 4.50761434984526 9.12932757873413 10.3809658850832 28.490151437129 20.5784658833318 20.5769151618737 539.86131825966
4.94065401855778 2.58783908774595 1.75538469601838 9.90224261529615 1.93806580834538 18.6923903934943 316.085775192635 505.047360200529
3.94808401647571 4.68873124599302 4.3224987148694 9.67540287126854 12.7886016491901 13.9651541920193 166.319358017205 529.546928730889
7.94153132043047 5.59783173000369 13.2353954662347 7.55622753648339 11.8704811490346 16.4401025847283 386.174936994348 290.774818031387
3.952534373253 5.89429870240254 12.2255242675119 12.3421223923921 13.7597662748364 20.505678172937 393.095163825111 476.858174286589
5.32321427335193 4.26221673440028 6.95763777763352 12.180404064765 22.1038539375142 11.6884896093808 258.591810417891 528.390590269128
3.33659696058854 5.76647415890961 9.35204737086962 12.0687851241335 5.73325538237019 24.7467600141186 321.624975512866 513.405680755028
5.26478430728625 2.77699566045361 2.46009920291157 10.3821972524303 14.6755945376573 16.0606511059256 74.5766283732816 510.588443457899
4.1366568517221 4.13714261083928 9.92280150248119 11.7935208856445 22.4527296233365 10.3042755988386 288.863626885787 523.931719768269
5.78128085350018 4.60722125533033 3.59425058395115 10.2604762096232 9.63836481331187 20.1827715616087 305.8566262418 493.290360949744
4.7509448729492 4.32060974814412 9.43000780093606 11.5800498897569 11.6883372234464 27.5930452580051 150.627208167567 533.911145459652
4.50549898039929 5.19836828072794 15.3864771384987 9.12269065389826 1.51401334622642 23.4259364282329 74.2707214289466 523.183455085449
3.77721926762104 4.9961513203207 22.7353693608285 6.86430593947839 1.98318738067104 12.2689531905451 84.9449911098277 537.06740724838
4.18430956917769 7.00606800083507 19.2341039038172 9.15947910125484 5.56080587998654 24.9039475101972 163.252563942733 530.306404492666
5.63245984806579 3.21485552538263 14.2421844201472 4.87885392192991 14.6587324182145 28.5991184506605 337.918833102498 453.162258636883
3.64927097610179 5.62994354207708 11.4760234597917 8.58491130779176 21.2983421581063 7.76824492439478 342.563389813185 516.003217211588
5.55919945592209 4.06621902350584 4.42775631127162 14.4457087149557 24.7198312616819 25.6807444028038 364.838065885204 494.556352515905
3.19258303343795 5.74041092462209 9.6946435043493 13.0004389118326 13.8184875844241 23.8597987368133 436.848460936607 341.877058590436
5.11264207003975 9.51161523660073 2.2603748422397 10.3375900517409 10.9206538328946 23.0529362733548 123.495714771703 528.596327612385
2.16594979024642 7.76305200144015 9.81986864178129 6.817729439885 10.9368026461611 27.7566989162733 118.92235260888 539.019761265837
5.79391484923871 4.12725902252173 9.7401704716389 8.9520908298651 22.4178749813489 11.8716651972308 363.961607442055 511.270824591208
4.41422522634187 5.06819391739104 15.8885086714385 7.33419246650009 13.7715590615568 16.9231760520433 393.656936454915 505.351485355425
4.73493369214623 5.0913056688735 12.063631938573 8.61896564830364 8.41417823455816 27.4986755010511 311.515837438465 476.665276256381
5.68036712485137 4.80837630860912 10.9918602490463 4.10820554186136 1.82552258318262 18.9156762653305 26.1922569029614 535.204011668209
3.25658197148343 5.25386714155662 10.2256740244706 7.003679781719 9.65285407620942 22.3805678348531 348.655271444841 512.532298316195
2.73880512646533 5.07175264109566 6.78344043738277 18.1022628397479 11.2680046753448 22.9314941461071 341.19319496692 507.563286876939
5.12995690047348 7.39498391644175 22.5891747855022 7.615820180709 22.4845412931704 15.6498672056751 263.929729956852 470.0621258977
4.64609126679716 5.13848646728106 16.7363145209201 7.73437597188286 19.3303691759312 15.6190515534506 94.9577533540329 531.58706684773
4.29863579298566 6.13555389690105 14.5181394257109 9.15669340574034 3.52291846257929 24.6383143244232 388.163309650258 472.545757519694
3.81281638507964 3.08743816396996 12.7306826177883 12.5143582682645 11.0684251942439 24.63850904644 347.797310820202 525.834983929378
3.35799409964007 5.16626942125954 1.04702336375871 13.6372536129575 20.4316632763607 25.3785641425214 385.728523873911 403.393143431101
3.9487042488728 3.70300295916368 6.67808632422945 7.00795336344979 18.7678827146713 19.4852970156879 193.578717047167 530.804759203753
4.29298593271055 6.93997675604468 7.24948768449151 12.0719081247214 9.91378725403133 14.7380980440839 400.748296140939 511.532079256268
4.34528705182163 8.04044075541412 1.23184617743237 11.666125904954 2.74155132594161 26.375088679863 190.976911959225 537.001122718311
2.8751398788978 7.80890374190027 12.2337597744655 5.71988672993789 18.3200364617527 26.5397093831574 262.371553028074 511.491712512786
7.82236715361261 4.33677609250323 6.92503014388708 8.24156190325788 20.4266480305434 8.47271882195817 373.857532830495 504.592288351228
3.19841186571891 5.1244183982176 6.5636875061855 10.2113668113035 9.79402954721399 18.4462759734482 160.69306133337 530.644135712585
3.57967503567813 5.5020821571067 1.44485703164701 11.8791572487991 7.49226531169039 16.6313801403766 253.419597480023 526.22870748118
5.47437938210949 3.05301671618131 10.1476724716941 9.03526121563663 15.274857476315 18.0779118636136 196.949954277612 534.182685104649
12.5627572115472 5.72655245021449 20.7157994486861 9.18740080326952 9.95451926812366 6.95324471189407 356.923761310625 448.07137476024
5.62769371342546 5.4787718114397 13.146970181693 8.88883865862629 9.36130689463636 14.5863669285204 351.067891302292 531.877881776322
3.63564406614476 6.15961129624125 1.22067294650319 13.1812365165743 24.3234643989124 14.3916668537486 130.223347382051 536.038182382347
2.36301671515379 5.3635117282626 2.51411673593494 10.8414485951822 29.9509055607467 22.1401492629487 402.864451378017 488.921325777471
4.69433452021574 5.80525742350929 4.82045892993272 8.7791201808378 23.2048887425255 14.2714184688004 168.611404051537 531.548702484418
4.82177115907448 6.14710732888586 9.07209114729393 9.03139729904015 25.5450424997015 16.2359085424327 96.6859458159647 525.602556715306
5.24131325500414 4.36218319455496 9.39864826194931 11.3440214395415 16.174611209955 24.886225467444 245.204853545962 507.168642100224
4.08243750023137 7.08533196087728 7.88903674944814 7.31606755878047 9.01755614757914 27.4441909075494 300.426726010311 508.240510829432
3.24202242172134 5.89759609671889 5.3170350679024 9.21017570618963 11.7498115118751 14.1678307284888 326.445839535724 519.330334230291
4.39751513279777 4.86765269266265 4.03710467971804 10.7077763853705 19.927830154653 22.4297214170772 158.641849624566 533.352890670523
4.41550701441071 6.01211906263144 7.65398653707885 11.1207477065551 23.3465582546532 20.081357950417 218.636654783979 531.052699370686
6.11165424256848 3.45967622320451 4.70797373097096 12.3706224947942 19.0023509007739 20.1113204362683 136.253853485286 534.215145937353
4.54909049410271 6.92818648980245 4.73487670368938 10.9730840952621 9.11421274068378 10.6250441979375 210.107699800826 503.707257268333
5.07096914213946 4.23133171546187 11.991202691376 10.1357723279289 8.61005322039008 22.9253039245121 151.603953603006 536.713677164387
2.35911217849307 5.40592051087571 10.2153964925953 10.5575512908547 24.3204772218724 23.5287272243589 339.761883744538 484.793394647618
2.76663509149535 6.30799986730657 10.9021272676359 7.964162933014 20.1010260221827 22.434694087987 412.727497484931 512.708025291407
4.4456761915209 3.78144675496316 1.77977474042015 17.0122931248172 15.1732999393287 23.702233134605 174.055329555535 532.46766687648
4.76262711224983 2.76330443796888 1.32429517560512 12.8415208048038 9.91622298487499 13.3970568483764 326.212494412025 467.324697691622
5.98701336338849 5.63927524943399 1.76233192605411 14.5506393517526 12.261537902498 20.4029579178305 389.948918306388 496.117227057911
3.63954427887751 6.39466638679508 9.22406018735468 9.704767646433 9.69510196980931 23.0484970917817 189.899713977953 529.17556867964
3.31034802376852 5.17301451496532 6.01270322771709 11.7723973287713 19.6717059131224 26.3257030741787 426.928242058089 494.100985243577
5.56556498600746 3.56815230090648 2.67295723580371 6.17330673757869 18.0438850155999 21.3370436788697 152.315538341648 534.395936107007
6.16373909305594 3.21668682181973 6.70195291561158 10.5045744407754 23.9263416428414 27.011298528696 382.712594635138 505.05202841425
5.60912002127567 4.40078617583092 14.8823965323986 5.9435074093128 8.33676103023476 27.7494003385008 164.498022017397 508.813285412374
5.46688303436629 2.72337926605405 8.20908601388441 10.8172983826463 26.647341041606 17.1093103418584 316.005694416672 533.23523298615
4.30462349437133 3.13404219978472 12.9235820166154 11.3116927216143 17.3080819121463 26.5344306844438 110.791726375537 529.27666969412
5.20181611298913 3.63818201291268 6.66234490130562 12.4676477493512 5.38349255568106 24.7990445517081 335.301978783578 521.431691884909
3.4211278493096 4.41207345439387 7.71845324057819 4.56535031474448 20.7698368783645 13.5719399247148 374.644090486042 486.870937313656
3.49428921584012 4.89166688636541 7.85778641975803 7.67888798737248 17.7361364620061 17.8037035311493 178.78484503695 529.811132861915
3.39435099476583 6.17872339180361 4.83593581312289 14.0818722848968 9.86715339982043 13.0607220057404 290.645063613527 522.844411535818
4.08378282586638 3.04018956078406 4.00234870613476 10.0713555843542 7.01443795026835 27.3121547608502 384.957714464071 509.012450307063
3.73035486352822 6.15559516608825 0.997152818858892 13.0732768265923 10.217367752702 21.3253849714719 136.468375990641 537.873285785473
1.55575104407106 5.52246586743722 1.87007735929333 9.17518830398081 20.6084295846368 17.474756014686 294.002903528746 524.071217267936
2.91935999552022 5.99379486324538 8.552155897871 8.20721863409681 13.5947929231334 12.0981735544057 300.767524222161 522.455935966969
2.79599107818225 6.16060959411122 8.6472800041146 10.7580411341045 4.55104073606737 26.7970988324829 343.453713011401 499.719521430449
4.39431083085413 3.46846369301364 12.0632916887693 6.0101892911551 22.5787024192883 14.6439904487646 426.230997712028 480.228657556597
6.83693421959713 2.65631662397907 5.8114333746547 9.24763337205236 27.5609961171644 26.4978465010086 379.044886874534 503.023215755372
3.31925544687237 6.68465287849696 8.45279339800845 8.06089164235635 7.07393700556027 20.7367126718243 323.652779880652 533.638010228834
2.57457985927382 6.05400547834299 1.97788274022049 8.56715643350818 27.1402696245135 29.6262282773595 351.197681114445 499.050750979404
5.52581890830465 4.36947190933993 8.66063805042871 8.36821642704849 24.4354181520627 19.3461604782492 124.523542643483 526.240097847122
2.81233097586078 8.72031389500856 10.053659835757 8.08479480611937 20.7943816209773 25.1668241085513 307.853808797994 472.80009765306
2.84653396581827 5.69785346931633 9.8969774584769 7.60107399809904 6.84282475667924 19.8866290983024 250.189907660442 396.857745678202
2.49795220900539 6.24575280455058 12.4300383280585 6.20561685040481 13.8998188088933 10.7294901158057 418.367427200507 440.060206128587
1.89280316782252 7.32740745726783 15.0182448974582 7.49934785645096 21.4197192079217 9.11047951709845 526.303907460769 215.562424238479
2.97810727486597 4.76495146002657 2.67625874841977 9.92791955053431 17.005174959083 16.0880853777784 375.05826641021 532.603681134431
5.28350376036378 3.92918574034012 15.8440319651617 9.90895293685367 26.0211847232581 18.657187104978 263.931486894588 522.562958265093
4.2014361562138 4.49963771684413 7.33051774201688 7.89436281335773 10.2357431967976 23.4039212552747 205.594120923253 526.747453218229
4.57731736169136 5.58139234748814 6.60483128551577 8.03037722267158 10.3965203150842 27.1338274558073 395.383074755504 490.975878140055
5.14243571805445 4.5661115880297 6.42292628884491 13.8115541179974 21.0901532533555 15.1219033839432 286.063277908971 527.991536985994
3.14365118507806 5.44163110997701 11.2385431496831 8.90192890090612 22.0626098741836 24.2834670415127 343.643725899057 513.442858693928
4.23206323376011 3.93530101435049 12.8958467812532 7.32419373643922 18.0346921016888 10.7080294021283 39.3642206516344 535.760288557837
4.10674647839997 4.04221300856925 1.00425372239749 8.91317293287152 7.26482363654378 29.9103326848512 286.385996894079 486.69770904413
4.93201614845143 4.89980119663883 3.05066521508152 11.0283905485766 4.5088612029118 11.9757923833513 404.886707234276 354.708739151429
3.78313340243084 6.05861919181347 12.0959788765336 8.72584653268666 27.7655868903492 22.4690251795685 150.522462572644 527.714691633544
6.78967686529593 2.92413042273156 6.46849825386376 9.36396757898334 24.0936736049191 23.8079186414983 168.391645284059 533.613051044667
3.02632491305314 5.44896798949994 7.50407444666279 8.43479422299831 24.2531153896588 7.98829495963297 279.978873152042 526.098709059862
8.49223912872165 4.34607807490785 0.729744597467866 13.5274285219515 11.1100848661972 10.3360743136459 230.008770076281 535.601197628999
3.58464853863379 5.63691277923458 9.64788683378868 7.15749848238318 24.1121201084965 24.9189938985376 191.046285295854 522.325653849375
3.2627306990332 3.7122859698991 12.359063460067 7.82131089901029 18.7168653613109 18.485115818287 346.174386553032 500.372730050186
4.92828750695858 5.42453186329472 10.4677883614074 4.14133718603125 12.0448044691299 25.1063106824048 361.459321023029 357.021155543821
3.85206561951588 4.79378821820232 6.51792113989817 14.7399480959585 9.08845126784302 25.1304804750679 401.516655957704 510.438175489339
3.81035315257409 3.53034850739535 3.07195654909536 11.0035415089702 13.009896867491 26.18472093565 124.838956298764 534.06675728662
3.34780326260197 3.15376097065455 10.2830157070862 7.46188787030122 17.3379896989466 23.3162423680273 67.1123002605027 535.053432979555
4.62557129474525 4.51709634167586 9.89227324351222 8.35913694577492 24.1089508337916 16.3049733270752 87.5473697504907 524.133260666935
5.76289101352421 5.10992880156839 10.3904829971162 9.1279155868243 24.8588693534568 17.012149040434 356.854175037466 472.320001378
6.47149842024558 5.28524590526322 13.5602443209459 10.04829049392 17.2879752686023 9.41408280440294 389.872577423177 499.209428738183
4.11235678791009 14.5960046131196 10.1103517109944 10.8758778122043 14.8617019944184 25.1285756852108 18.7478930096048 537.90601121497
3.55094464392785 3.15764385751804 1.3335336481225 11.0193644959787 29.5511584995505 25.9920615030284 351.953979628776 528.839450962845
4.86102357284877 8.18497208694068 11.6237223993423 8.87314285007614 18.4104174389104 29.5173426747421 239.610917980379 276.891087908952
7.10267733684579 3.64926625838304 14.9521333913898 9.62391064826749 12.6627977266289 16.384189684803 269.746200108728 533.483015078382
2.56709552763991 4.84461503973851 8.11505644492541 8.42910657222074 15.4116444296744 18.4976415227269 332.405037204287 504.134686096861
6.72831143901251 6.15017633111469 10.7607189266805 6.04123876976579 24.082312662825 5.69701011475501 302.390224150598 498.507437100091
5.50196968176491 2.75819475368396 1.20034081984678 14.9668759795561 26.8865745901724 27.763917834773 51.9630544482649 534.511936751864
2.56024017604845 6.82790993427553 12.0684745857433 10.390728831638 16.9910205960278 21.0489129235689 451.573804398295 508.078932547127
7.22057403729089 4.6503385056712 4.70376414666103 12.9639047780856 20.7516490971166 19.0482468129321 403.043547815468 510.560107896214
5.33496666083158 2.57656557688325 16.1656126277816 9.12112306071462 20.5019272139017 16.985511412161 85.4133111712625 535.578293397494
6.59737611013627 4.71070290558721 6.30417732432765 8.31240056187328 25.6154066757457 15.471081458265 266.372280909397 526.190283596473
6.26085592383915 2.70276896324927 2.09288465099955 11.0456998085711 21.6460965057708 24.6924319321543 159.527770687701 528.905506294832
4.03871280840827 6.11731137683344 1.79285786481382 13.7548662092611 10.277162044328 11.4495545000872 344.107995272216 522.308902807022
4.15658752635411 5.4157232829869 6.68905371403782 10.1882635159397 18.8490778642722 20.7554315369202 359.296919822692 513.504921409421
7.25429039759849 4.64276668176369 7.65446006374999 10.4668062305173 20.0013143389368 11.3471776584407 348.589841752697 482.619009717674
2.86636376779544 4.27922869174887 1.50259078391682 10.5079778978322 15.636622515706 23.5649159651931 402.918157127993 486.818384654298
4.02351020923467 6.00560875608589 7.86424785193135 11.5148040158545 7.1208767841889 21.2847258732915 429.838043603155 509.128293873945
4.65932097037875 3.63659368796696 13.8116797973019 8.36631814031457 27.2570430492006 17.9125926348041 132.209053325476 525.971487742205
3.51454173916901 6.06567130618316 0.49819016971382 8.82510573785404 12.2574041007209 23.6826955148485 269.870437800951 521.827793320741
1.63477957674943 4.40146869454542 3.74566287811359 11.6956138392489 28.200277027782 15.7154401791516 394.25945915964 503.137515057746
5.04414950072312 3.37680425826832 8.18334476871757 10.2312729225606 29.138680013082 16.5877109919689 147.206651168873 529.706186679458
3.76314361467672 6.63603004116345 3.45094453520954 11.6195330812636 8.96850262212413 27.1357479293742 362.991738469355 526.446508601987
1.68454968965423 5.83201640690745 4.6483898398073 8.0380484005639 21.9358399972382 25.0154222393688 454.907383070919 420.516238069246
5.83247856019683 6.37531045265239 15.6710169224926 9.30164086440832 9.63078399737198 13.1505362981559 324.467948940672 516.318077321245
4.80765645245145 3.33838167544718 1.39216356186094 11.4382482315253 22.7211489021667 9.61655941860478 180.61269894152 528.406557537364
5.63818321544483 4.78090445992766 11.240290161221 12.4250908568498 22.7801324181336 15.1590123425264 371.284848572501 503.405506812283
3.65327301494129 6.34849321800775 5.34087074899416 11.3350691181638 12.0446845168751 23.2058726859301 203.47477374558 519.178224019538
5.36286175449406 5.11764512129739 8.03452829063622 7.96498969069495 12.8573859093966 14.2009899430129 140.515537237332 528.998828714999
5.36987464929083 3.93711965355831 2.58907525941567 7.18064756519431 24.3749119318821 18.4566573621054 448.358124819158 428.225993906182
4.00647918703362 4.29231083277865 8.34646849983987 7.42908328338793 6.90195127556007 18.0351861551462 324.901272599093 517.19130886941
4.63996189179909 4.75313852859767 9.92539731248126 6.73202817320399 15.7125449887857 24.6409475563827 244.993919586574 529.187478004489
5.93564844795077 3.48458907455014 4.70581379376168 11.2715303820854 25.1719078030954 15.8712870826475 160.006008181505 534.89092083248
4.6882129872268 6.8896567355583 13.982707850918 7.55304144689316 26.7722358864445 18.2493229073852 61.1152034478783 531.315530202149
5.60302484450014 3.45904804168932 1.88196382717531 9.12228963080801 9.36767437425657 22.5466559772994 149.075676009624 535.69579222775
6.06625587640496 2.33375879970614 1.27713621700075 15.1637852373159 20.5921983829756 26.5428023582817 280.30940749797 525.954776898873
2.78483381127878 7.07746762034766 8.2877920076186 11.4146861291937 21.2571040779111 23.591759267014 343.292745598963 516.561115143831
3.34664339996369 4.40320733618672 10.9343686352746 9.36440041704416 15.7042626011458 20.1394755824362 240.349111348856 530.823766224568
3.41786920214891 6.36459881304268 4.88513486527014 4.674444998382 22.255113776392 26.3054283545385 142.218337881922 526.099213020357
4.84205694898046 4.77637023142452 12.1501842944682 8.25845901883994 13.9480559181368 27.7353621526227 237.924528147493 515.541223681283
5.6516476886978 2.85195417470641 9.42110118983739 8.68515724592002 24.1703187347682 12.366868757139 33.8188887438365 513.294880054195
2.98904736287216 4.1391420755472 8.37229182804967 10.3795369404653 16.8457658778333 15.9901842456282 316.156288698812 519.896977093354
3.75184162196153 5.3285784055403 4.83855740339 8.97745841792826 23.3371592987587 20.3715528192705 238.495109392454 468.713486827457
3.79390816717217 6.44768995398743 6.76994698501738 10.2706547804013 28.2508797284847 27.9293863823828 203.914236216276 515.58875868339
4.32129173027038 6.89178926040212 13.3283941900232 10.4988969333214 2.79698272280976 27.8416262864478 329.051043908728 530.398220222876
3.64869848332733 5.95486825056236 0.812442862317033 11.621280578802 7.14296680302335 21.3034940789283 323.228444394217 506.705575569138
4.25790159109448 4.59459478597002 3.22704468195381 10.8810513223566 12.8936004220721 20.5967264524172 401.24489536294 484.369397766126
4.29849721761926 4.02707514692577 10.1173958694436 7.45419353289533 2.04159848482886 25.9985466204473 166.736814096709 524.032470075144
4.54095427029088 5.56556080018589 1.72466802070372 10.9103721471214 28.8769367552152 18.9319860888707 165.859951912124 531.828634924009
3.35789804141136 5.3196269996426 6.67939595259599 15.6145167133978 22.105971158614 27.7900062752251 427.855691285571 303.85833522951
5.93950005046447 7.31931589538476 11.0765313686777 8.23323683537584 24.9553781010342 28.2135262755775 31.0826192282188 534.806273657361
5.66129269204055 5.97468161430925 18.2954338354198 6.62712335108418 6.30529781781552 22.8178405206361 242.478993346478 513.260350722814
4.65083027793231 4.71125268676768 5.67934090314778 12.5803088912913 28.5249114548311 27.3274352167707 381.083519867094 495.043873235351
3.07375810777138 3.6172024752188 3.57334294136981 11.59987612221 10.8299453188756 12.7022666372672 234.32454053316 531.567288804526
3.80645295902954 4.96928878480453 11.0772472677946 8.23577426014844 16.6223764258346 26.7131580294401 281.85722813214 518.624198480904
4.69933167562871 5.61063344478737 9.74028744117622 8.13719418251721 1.74506352528529 23.9938064758382 378.023591849582 523.186389115314
4.49120539260584 5.36521131762449 5.58784037564322 7.57595868637932 11.3355442540494 24.734372278486 398.155110359988 502.179746827365
3.25975348605292 7.19356345301631 7.55703155475995 9.08677643800425 22.8626038411993 26.8924475970802 338.359278392262 505.892596337379
3.05837973301009 5.80978189713679 6.90374979701432 8.17814628082783 16.1977136476605 16.4013230008371 246.594102735804 514.311389457273
5.61901408095363 3.26451152334939 21.0318850377302 5.6087030599748 18.661059353589 26.9492092572342 49.8157544842225 531.477083454982
5.08503760365197 3.58306188444363 22.9794795812882 6.13011780149891 26.6132530250262 23.1069370111339 137.409678801658 537.498305938367
2.98236537587263 6.75944624341633 7.87364162018863 11.732799166605 12.6096841963295 14.7627115027944 260.904192769752 531.987478056778
4.26237527452827 5.91916934249286 8.27918819019414 7.13579087440062 20.4791690697099 27.1373211797068 376.559890485623 493.381320373451
4.36586640858784 6.61113420329561 9.54351457356449 10.3803268608881 7.63396596301967 21.3340108644137 406.623128122076 482.661517307474
2.75069493710547 5.91148099838217 3.90314168540006 10.3470639243499 9.74474386725631 24.9162731547842 340.577076849602 502.924333745545
3.50768856151825 5.13457462279035 3.8055458258648 12.6014459362946 14.6663280950173 24.3975181290634 366.274620550979 508.682744058755
4.32291321575259 3.46427943944938 3.64413490907262 8.78895051444709 13.871504318898 22.8142585289753 419.161958772621 466.290333818781
2.53712372673072 7.54815679469389 4.59571514780917 6.63589812394623 13.5042159897297 22.2371397552028 214.118648070124 526.145488638506
3.7897826512746 5.52361421932395 9.17093353971526 6.47478661180645 25.0146568954454 18.1179481774776 175.976200223176 529.879661940437
5.06156779520585 5.36990153771828 8.75640305779066 11.7363751776241 20.7972531767441 17.8129008659791 374.902165572226 454.134260140613
5.08802588705806 4.03106824524033 5.50947332473696 11.0767470149149 4.16296733294412 17.4064439917507 61.5384033571465 538.932600227558
4.29332928440473 3.77286148597422 3.17709818003104 10.6374791129471 22.3976131715479 22.6309598951057 176.410302340802 531.52874371779
3.47311373615801 5.50793132534588 3.84478141341777 10.1854671465752 26.3197548302857 27.047696924557 221.052507606489 528.645197002416
6.27520266686726 3.90272255422585 5.2144699602862 11.2405170473173 17.1051356597427 23.0825285757925 343.355392028122 503.419560862654
4.27542549946199 4.00922751699639 10.287274769303 7.06445324413947 12.4620952726043 19.7786711823715 256.655843725029 526.002300880731
5.28600659555513 2.38159529614324 9.97952528685524 9.12515884058201 18.6029358521958 27.5434085857902 39.3232735744582 527.292246389436
7.82881899885798 3.59850276900218 25.021325992232 12.5562673698593 26.1660952971116 21.7321520872553 444.177317844256 517.677205261529
2.51564646117599 7.57112893693871 4.59559910777178 12.5959902641126 15.080029874487 17.4715658474138 306.740464203603 529.180916254807
4.4693780865028 8.56828835435973 6.62526542473679 6.35243313263417 7.35814862076074 16.9929896834198 93.079428077751 534.819855992102
4.96530307029013 4.0385345988246 12.0390595045894 11.0941891682457 7.14460998947141 14.8561986471617 124.73074478188 505.970306637716
4.06948392146916 4.27674530220203 10.2092721227819 9.95471747409081 4.23222222204132 11.54242465713 317.82813821584 524.795597290233
3.16863820496047 4.76163373096429 7.69231139821004 7.22620020387552 13.5219739274655 16.136245224965 408.63264243712 487.635994233593
10.5030155338902 5.26902787420956 6.12323114720599 8.98816708158357 4.32483412733659 24.2838524177657 332.796227899276 328.663728638239
3.87743094309667 5.4050021258487 8.8304497188768 8.3410931951062 12.5500875768304 18.9079184730259 291.806194834756 508.280619524858
4.79520692148813 5.78675843235802 8.7704054910722 7.92322799768053 6.95799265175793 13.3496154932222 340.964063944464 486.810952629618
5.69211739185259 7.44077215377988 12.4327946551672 11.0238922079391 21.9863890538572 12.246573888487 390.543025828655 499.658973344117
3.79480246669279 3.6558467776114 6.44583093979371 10.9107986225041 12.888502832712 24.9333605314297 328.399107894469 528.388631214599
3.98474469616475 4.89557745669567 1.77834737267638 12.2472043343128 20.898692396333 10.1583940373838 402.63599348071 467.972217231516
4.53273439815608 5.82739134785094 7.32416080462699 5.15447149153132 6.38411951775373 26.8245159914662 271.190724662098 499.254243973108
3.65159483299406 7.02193790860236 9.48027079029138 10.3042937078079 18.157153081754 29.2401915129485 365.467442222561 512.381999243645
3.44019765475004 7.80215529442106 0.0356164801933414 13.3349110498861 2.88320782802198 19.1309605658712 160.371461092244 537.411346088257
3.7142113374495 3.87910951024728 7.69247817587014 8.53826880544682 24.0821395608155 16.5848278428083 251.63574693815 519.834050876936
6.57956785914984 3.97766336413758 4.74983947875001 9.72263834195718 21.2612021583571 25.5923416069344 346.429626097245 507.290055064505
5.40899837780095 4.08732540226624 9.13138651815952 6.81828771198569 17.6451158931194 26.371469440703 309.662541161784 471.584212125627
3.65566088829211 4.44410791343187 11.7423997226849 7.29400645898191 9.45485753096785 28.9429658384699 380.106621789237 515.610663067203
3.29981956779606 4.67924432830823 12.2665037653224 8.10596047651129 21.9043361597799 20.4424127158825 352.897952613083 524.35260987781
5.23195424024308 5.96085939952054 5.4862415598072 6.09637849594961 27.9029920442706 14.3439022517742 468.996337423059 475.353947577501
3.06350469064142 5.48496426705927 10.7983674008535 7.43464917885529 10.6712083692911 20.2127980174888 406.397481993787 462.662384268178
3.60341188355688 5.58988115809635 2.65232014151225 11.0952225521984 26.2026195750318 18.606069662052 270.181111842445 522.855792777362
5.69019382136073 3.47889569091204 2.86391073689281 13.3767388831243 26.5232374133486 23.3063457505323 321.029777844673 500.24803540241
4.51931748128332 6.05874653739719 1.20026945228622 12.0062631523252 11.1465655009913 17.0446324047106 99.9782423659562 529.635425310928
4.58056472084709 4.43163337335585 9.08252941359518 6.78297742864206 22.1875034229209 25.7040839916462 228.497036987816 510.321871466707
4.48161497806057 6.09320388205534 12.1766050854469 5.99360763233777 11.6157588325568 20.3714781908923 118.197464948536 521.971716059454
4.06352733162371 6.03775643588969 8.87783606703078 10.6697100747187 6.74633443569465 28.1780974486591 343.557878792094 517.218853551727
5.33097422120164 4.51242767674731 9.23265583979769 5.80749532928548 12.1370069444528 14.8500680470627 132.977672353486 515.041114160718
3.35910915571519 5.40639030387498 9.41076532560002 8.60680049838832 17.0117928119111 15.4477807896221 311.595104843737 501.765049839737
3.65311387017665 7.35426050485932 3.15648187853762 10.9617425297033 7.69636833813923 21.7768311542592 417.75076071093 518.908181920957
3.41860021860134 6.5217705483955 2.14864876227455 11.4601638943136 25.0630303477351 22.367133293639 315.92903649734 511.049416628291
3.77736612158269 6.11934007775894 4.79505849471797 9.34663146851389 29.8371724088102 14.9507695370036 369.404925531822 496.485588479017
6.44579044747131 5.45546207502472 9.03513463554182 5.4213076021089 12.7114406341952 16.1375032389707 221.60106924401 422.707087539662
3.12310386145145 5.07818854970521 7.72206930703882 5.00702843307443 28.1649989102779 15.6025150771304 188.487642517886 512.901104262889
5.14388209772383 4.21946686261371 9.72219303374473 7.2936574943168 17.4108384681046 15.5267673345351 297.905850337515 524.181592073259
5.74792030573327 4.03469663052353 11.5406517865764 9.79226363030514 6.68666147809211 18.2990008095581 101.279768240011 535.783543431052
5.21124356309389 6.62530318838909 10.7700829649733 2.79393685278101 20.6154738307048 21.7720234853147 74.1823789476577 501.844469532174
6.70560800655354 3.80406442719712 4.14558684261591 9.13815599987125 28.2290637400231 13.0158695648421 312.993429537716 521.743181240598
4.69390950913548 7.08448949204643 3.05719251850265 11.8180604101743 7.21089760319573 17.765376829815 167.019031962876 531.309421672602
6.64981000979695 5.37244082096277 11.68785851664 8.13076426262845 23.433793291374 18.0089912054079 270.991678807928 512.597719631135
6.51883834320487 5.72189526679411 5.96299095581691 9.01733321185896 25.8245561739772 16.0864995991791 337.257249439486 491.701419423171
3.51454122582321 6.03702608808909 10.4579448523752 10.7396861796781 24.4890177740716 27.2617823233203 348.68528205511 505.598168842652
3.48007986450954 4.4409772486726 9.12188906154751 8.69751236505111 12.7366819538156 18.5045940197691 296.216034181892 533.962366461966
3.65994065737172 6.66627323872701 12.0498161016698 8.56200500510688 5.56774024976323 27.0676361381853 386.145727446309 482.923887762228
3.63518084522386 3.92162575476238 15.2825274568164 10.3366864608421 12.7856721755728 16.8780539057976 106.204058393977 536.966221746069
5.8137501620347 5.23051951463534 11.1038028995976 9.91451146965737 6.582505735895 27.8492660933981 226.802526446814 532.309474962334
3.88664468335972 5.35982434973692 1.69724074952132 12.9031736691805 17.6084711718888 28.5133098455896 300.370807010583 502.70853305541
4.73854800352044 4.03727922688054 9.4624644571407 10.082432825467 23.0807409349704 19.2696002684369 209.872179605816 531.105179963075
3.00377318753122 6.89540037002158 4.57650755956444 12.3984796949408 25.1751422156672 21.4479381045751 246.063009728427 503.742073312272
4.55142222203318 4.70993120489023 1.06097284639223 8.57083573580355 3.82760975286841 17.8911710528195 237.606612329721 532.776147356624
5.51355540932936 5.39943634215642 4.26609519822358 10.9683157148476 29.5572536375122 20.2991326003777 274.063473232044 516.105920139943
3.53825862263271 5.60592990681218 10.2564981569294 11.7426257752596 11.283058962267 26.227130011365 440.951382967872 514.22768723512
7.23849077673198 2.44055137898979 1.41443834718254 10.6678009012605 8.16547659637051 25.0861666335797 213.036502579746 537.716976335096
9.52604286384006 4.23465177798339 11.0810050055128 11.4386135885358 28.860328393086 21.5182887409874 335.880779654279 511.143695395114
3.88871522185612 6.39943150408593 8.96963492662869 8.4988042136455 5.74630564984152 17.6238628554276 363.71703474061 516.541292911982
5.23903005185374 5.01928460888085 9.89251072915255 8.12091891685149 8.57473131521471 16.4737048702411 392.900819027481 475.403264593613
3.25923026595783 3.68009215254819 4.44581222584375 10.715860231966 21.6547457487318 23.3447805261757 423.783344258202 414.068213089715
4.81284313473509 6.00765416560774 11.1701481164295 10.4678775882691 26.1709746256958 15.4940172810299 76.0459621435866 526.834839034802
2.44646241638371 4.59713816582538 4.72653329705677 13.0196868941184 20.7843066107997 24.6949849359355 427.732477935703 364.980335721913
3.93807295415065 4.08366307024847 8.42359863319941 8.97589793516464 18.468163864286 22.9223369262477 205.189372666915 486.001358740023
5.22176319021046 5.74108603223662 9.88888069974919 10.5152903005955 13.9468081654892 15.7306631385401 224.781407611499 513.16581126867
3.11682224840572 7.4725427210789 6.34602587676214 10.4503567555278 5.85819415911276 29.0614483034871 303.393236349198 504.761657463096
5.19917686173003 3.48867380510905 12.919625315602 9.3835136461622 28.14271400553 23.9700886080091 251.884968696913 525.692416107413
2.98281450465496 7.04352039781061 2.04272153469316 14.2258689453531 15.5216093430513 7.36831447473567 432.606447926415 434.349234619641
3.40172970057163 4.68615206259328 5.86753254766148 11.0874126916799 29.6113895041674 27.4583884933242 259.866474908689 527.197535381743
3.90485595730376 4.61093394560555 8.12438233757604 9.41920992456777 9.03550489084685 26.7197876331089 349.888812666925 521.525760704906
7.24814787610229 5.72435111544039 6.83782814338621 9.15244636380131 13.3802331092237 15.7684488452836 358.819743180857 512.552811460087
3.67965950959904 4.40063670395411 8.70276636773277 7.97185805729038 14.5774902681929 28.5554941888292 306.310106746959 508.45456827087
3.38887637006592 5.30922504341043 1.64250183855422 13.9327041300835 19.2119542741391 24.5048886874228 241.344320957363 526.764438451421
4.82597139180719 4.00134756816027 5.87900281451729 9.62837909357032 25.8351584901042 9.69802919659772 372.771358153092 516.409409322406
3.69432874972295 4.90493676260547 8.64720549521044 4.67475662868558 10.5581293541917 18.0446753393795 119.130793950624 532.36431793395
3.91888767010394 4.67251444499758 12.2789799760725 8.83987301986438 5.39097503574207 18.023206248228 178.957417271472 492.81527144474
3.14924834910377 5.09550493099414 11.3276932831241 5.32513862032681 29.4008142992182 26.528884555537 78.7674856827425 535.523221452867
6.1888527048134 4.19701494263446 3.72068405830093 11.4179694842901 11.590310978754 23.9601412091673 365.824871670748 510.446673092095
3.83187407420634 7.05472630154169 10.7227624817445 10.9763896390712 15.3345430882995 19.5147716368535 188.394207784691 529.240308413818
4.66468519170985 3.04993493943642 9.23274571410794 10.4443378027385 18.8214134079144 25.9901449328634 82.1610844902452 536.524023285712
3.57231511763291 7.23463454216868 8.97032441537138 7.3328772930795 3.9393331212482 26.0716710944169 323.651602572408 508.457850198096
3.48089225691942 4.83766698247192 21.2403905925131 13.0128179926619 6.87798831757882 10.5292862296891 381.452163522915 503.331616475301
4.92361050368221 4.26508246329449 2.22171847812149 8.00928642654904 15.774820643572 11.5727874253658 328.705052287771 522.348413400793
4.47641503877719 5.10720631755505 7.24866967224962 11.8199202792034 17.8381944972003 21.8270902976789 130.404246413273 524.274903828206
2.32188137669187 6.27190366558462 10.5019661274739 9.28231214171269 11.4440862475053 22.1573937698092 394.884874569879 357.230691583679
3.06729988898039 4.24460363594275 6.58056028666706 8.86309512214109 8.52291444769365 26.919634550022 328.536833103037 521.453476918124
4.87155033697982 4.62434552785708 1.13822758571605 13.4664169767615 8.69180969335413 23.2719322463219 228.039799962624 532.161603261133
4.25365468990232 3.49615893961421 0.681931506207587 13.6916932483091 7.86121095618307 27.0824668402699 273.290817763077 526.755588494816
3.63754533610056 7.00229887898926 6.95959578363013 9.27683182619314 12.4086573941466 22.4325200046972 403.742043486281 424.968406328535
6.09951063375606 3.24104184782795 11.9059441722765 11.4480563070251 13.6705417105843 10.4199956982053 346.354653254765 520.939211896192
3.63528837881718 6.3496702052819 12.6707277837272 6.2194695024615 29.5365945193008 26.3067957899545 141.83622467623 529.726516728011
4.7182917147594 4.81047385198929 2.67511045734702 12.414064927228 4.99206261777937 24.4484560334827 337.773153110444 497.709941425789
6.66830575304217 3.61504527212874 18.9249167557406 21.4505156290551 13.860387939823 16.2650858119443 350.324711355199 531.575753371396
3.3728132607004 5.57479055232309 3.86362038828398 13.7133146068598 3.50088903957573 26.0139239053329 391.184018114794 477.472263739126
2.25043430867326 6.20615138616699 5.19001026302494 7.03213153678625 22.6048780001733 17.8133324339785 358.281883191469 502.965301369403
5.0610893599953 6.81631692305259 14.3240920274364 8.32610076013198 26.8371980000821 4.6560632827768 297.548304752424 511.750684270476
4.77237977942348 3.92290871271049 9.84918136809181 10.8783645813798 6.54962720917312 20.0519389796733 354.363644788922 527.997900738951
1.97530740298518 4.7345553875294 4.70849936241114 9.48765398926342 25.8700070297419 17.3300771797779 217.609625171724 530.263840087822
4.36627845956096 4.63516287883822 9.93418918679702 10.2780159501703 20.9253550873791 29.1917886189459 84.1333469937959 522.976236343821
4.33725612427813 3.44433746452772 12.6594388220342 7.60378869256421 26.2368225923609 11.618153181687 201.390254552217 535.347511632559
3.4634963184377 4.84728945027683 10.1068593012979 9.65659102686574 14.8150033174499 14.9523951819817 397.055271771026 486.390338583401
5.55074612904933 15.2112610136539 13.4117094199517 13.2232176966568 12.9199874838591 23.168007346525 148.556568582265 536.017201679777
5.24406234146301 4.37311389650438 1.4871088203613 12.8100886185912 14.7987565528906 11.2743439111243 387.470665971349 526.551915581198
3.65739725660866 5.85150347117907 11.8705935464711 10.7875768597561 25.2128949001969 22.4479346494514 473.802389230545 268.091302066574
4.12671185433047 5.93899319478904 12.4573345647983 9.95535213580264 19.5073847604485 13.1928438355405 223.257098337158 527.792499662098
5.30737813074343 3.08575640182009 12.9503519678642 13.0487246873606 22.0180290171206 28.7381793943344 240.76029614114 524.747145472764
3.47476457298091 6.81454628999855 7.68060419648028 7.8824765862272 10.1141492484068 23.5438227109793 331.140487020506 476.22396012876
2.39698305254838 5.80612989395066 9.76429255439055 10.3415299621219 18.3635401891662 29.0337742631386 162.254312682459 532.895037879391
5.60115925394178 4.31716073705696 0.839327624271905 13.1923355069524 25.7549975286221 22.9623675201199 343.619797851083 531.745211367983
1.98143466952565 4.18579346872363 5.54482209705241 11.0442193356665 24.5430813864731 18.7891572101034 370.522213099771 490.912383057868
4.61291574399131 4.05213745999561 14.5846638823236 7.62025785323074 0.602650934695592 13.1836794052436 130.454558999489 532.280334681213
3.11986928997315 6.56603359990345 5.23992759463967 9.98564160683009 16.567089938724 25.5858834687199 216.301692149518 528.542573937243
3.63730697792822 4.62474645923978 8.39506342506969 8.1229631205739 27.6253599418334 11.8355892177945 145.37352613181 524.854126110739
3.76353100049823 5.64663558958325 10.1336003350246 8.42487217573349 10.8235757557821 28.2104222856645 317.244719549269 505.953172685038
4.15252302504908 4.82763980454474 0.49782942364893 13.2345905864444 15.2483296801079 25.4008829093713 471.973144746942 438.771515811232
3.26620958351392 4.66403034340446 13.4792960247714 6.32329477982081 5.21912097752159 23.6943331096143 344.770047979866 505.244007888426
3.78771096713299 3.85026045272766 7.1907578992599 9.12832389541331 9.9514535835489 16.079961029102 358.944568242703 485.446003035718
4.57573503911799 3.95731745852513 14.6787015465044 9.16748914021617 6.09898890929572 18.5352529083007 347.283252532502 528.413046098795
3.88410534083246 4.1374063897271 4.14638478564994 9.93538739053908 8.32154022606835 15.6858886252052 450.442247155642 482.73909860517
5.57539432580441 2.02159759578686 4.65204710690308 9.84608607841807 7.8313436300196 29.939819022091 113.019865309595 537.355903152192
3.88092624367376 6.64739342527524 1.2201859744847 11.8669168042012 22.652365816313 29.6936992413261 339.451601142064 524.115594554508
4.10012369745931 5.5001374994078 13.4242014138225 8.51445479865274 6.88305068157135 24.905979522191 478.969549489319 301.033779611368
3.98348558047856 8.44947498588493 4.00136245313824 10.7780202343582 12.3793632858468 19.4199118935765 395.478730792269 477.02186296997
3.80387744505347 7.49542518410349 4.21059019499872 9.13714917599102 17.91896157625 23.6963655416536 323.958834504773 533.022811352889
4.14434627435745 4.85504863206942 0.210111594143621 12.5519653345732 11.1039793667953 16.0932290056717 180.003182545517 520.432386201795
2.51195677349799 4.58991588210098 7.06711008057269 5.44614833623335 22.7505684783975 26.9835614385087 434.104721384845 477.653124496682
3.06173385748399 6.64659535881925 13.6839088367828 6.88177269655466 5.46193341965712 21.9558955704765 374.891976127927 509.760591194537
4.27951338768368 6.46326936255774 7.76318395556258 12.0588535009109 6.67780079138056 22.0729050498805 310.040681917244 511.916472297573
4.00241689414018 5.83685018283031 6.49515778767225 10.8908850469301 11.1258238339031 14.8594312869015 257.859718276879 513.501905809883
3.56147363330073 5.25541567473105 7.57852090606249 10.435522124355 6.47638683885259 25.6710103504114 399.881690963008 524.935959595736
4.50994541737866 3.62866143987998 9.15303491690815 8.08765252275319 23.0363263435383 19.1815351327323 210.047908534496 534.398885509175
2.755405851911 5.33142095946349 5.92607076481133 11.2897829383723 14.773206362912 15.9402102435176 387.711143615339 526.335962798007
3.7007005210558 7.50564442156247 3.16441817685861 13.6813831511132 9.11445286745002 22.9716543486284 340.231464150891 529.683295254827
3.6008382920813 3.87472952974001 6.67352394392316 8.23716258609304 22.4787349853425 27.8108036818173 124.658288357627 516.465915650128
3.35116491152996 6.75825422969983 9.83857172076641 12.289550143555 20.1396262648382 9.24005782502933 419.650012290762 304.750816038567
5.27720130352047 7.19770635355155 8.9863073852888 4.3275276050184 14.6374217468449 27.4274564346126 69.7297522622818 531.193089325181
5.71083750241338 3.82380796247752 4.2597460855919 8.0823878302949 21.027258091388 25.166282855034 300.604617120282 525.525508007686
3.75862896636783 5.54117884066183 12.9153149986904 7.30197255176183 22.8253045758719 28.7716384368864 350.745785200878 494.708180214312
3.46148118262289 5.86834280882568 14.1945986480675 8.00439462962233 2.63616629935735 24.1514191093405 341.181077329965 514.344142286872
2.14201236877293 6.59224329956858 10.5577376789919 7.63563847198725 16.7869327060692 20.3261598427766 401.157507140876 450.721451638989
2.18027106056671 7.73606933785467 14.7379336218372 12.6793475310294 26.4194361572973 23.7394898294247 386.583172501958 514.622384459432
2.23865756248412 7.01283289739785 11.7706643521252 8.35417559639052 11.0970675645779 29.7133156279883 278.319143916542 470.235892260079
3.3838956177537 5.37669649372357 12.4516895152275 7.21356632055915 22.6458436398611 20.7622041584426 266.247954522305 516.406371119872
7.28604582955495 4.0832312483435 8.95465462522789 8.65056452509419 15.2287264000875 28.0440906112372 337.960923311766 459.786695026603
2.84240043646272 4.26626681781808 2.05790700045804 10.9406653222211 23.8608851406022 24.4780919734373 286.773518348868 517.950231477596
4.2388073590605 4.24196879908571 7.26527207017529 8.33834769510286 11.2490341470236 22.6720276621387 241.490679987731 514.148809261915
3.9583032123671 2.87735925672062 5.81122232306094 10.1056657482486 26.4849602797687 19.1605998316048 136.940198399277 530.32543968794
4.08481849547158 6.04663915255345 12.4008914651692 7.70885836472618 6.06305452902577 19.5726157409542 120.073393201677 513.87386401686
5.54779150504014 4.58947581908134 13.8284700960751 9.06045232759719 15.7542357748595 14.3347194061461 340.074091389384 482.345702790246
5.21959175259412 4.24926157267033 0.575123379109863 15.1535310675248 15.6725423123433 17.2086108481497 119.507809587869 531.419032033059
4.33155368948089 5.452086749756 10.6739476682233 5.08881629290835 8.22944431029747 14.2207183538379 182.634376500565 512.02942335628
3.37731360586131 4.77938580683277 17.2986162940222 7.36178803251286 8.65886916588674 20.7319785339294 362.189330682237 513.126143153512
3.66539178873598 5.901981023677 14.1607898255481 7.48374341102108 10.9943463222173 24.8617698941589 361.958880208349 522.229602815562
4.53016524503391 6.76933870275488 6.0596442148048 7.93851790956322 23.562473580597 16.1755837975183 268.852593659876 493.952270959569
3.61409986168056 3.4699018276911 10.9754897714576 8.42663498956219 18.9220316783394 14.7588268208767 230.012941728977 529.405471410573
3.06287688167542 6.0409246768189 4.40441805547586 12.2606539405181 1.57773020258581 23.4891733155889 173.360267612273 535.549580330253
3.60580349778153 4.970583950013 4.07612076856878 12.3803776421058 28.8872258236602 20.3139798930576 168.209418988455 534.794965872718
4.70949189690528 3.92353412971012 8.84142531895405 8.72875215768791 11.2597582021211 18.4176836688898 269.344374437303 533.841821881959
4.96450091319507 4.73305709284186 9.08913229690821 7.03514346848629 18.3860499231363 11.7448922289586 276.441703589045 525.931268958612
3.66560461402466 4.02604479754394 0.626282733211049 12.939001386936 19.7031161086039 27.1160219134444 303.827241957905 520.056961282739
4.60720096234961 6.25358788479137 7.86856849756517 7.98554098744424 7.9039778707375 26.0301800825271 142.026657211986 532.501237798491
6.94703423714766 4.135693911413 7.73150017756488 8.54676206830529 11.1709542484009 15.140960652653 339.934153435824 514.760466183332
3.87162969459075 4.56412455250743 2.05174311863812 12.542132828419 21.6795604931659 21.610716496113 336.713693131095 519.125368130183
2.84551042990937 5.83822743276044 11.4880452085859 12.2689890052441 13.7126281713919 14.2889390078155 450.230101531714 398.505356712118
3.31102086635031 7.64012688008291 12.9787386683632 7.00907990298772 9.873557933149 8.08454316499526 331.700825735896 500.656126013458
3.06641659832666 4.86256083436335 8.48033134116774 7.75236366307658 17.2779030485027 18.9511061455669 407.759694548721 478.961642799567
4.83562688703134 3.58633549798979 13.3752124565464 12.5351528272695 12.4364906985546 29.4632831339203 256.114239133551 531.778212691408
5.15667168014561 5.34073387901645 8.07551439930065 8.62425386377117 16.7466946312938 7.13403819383747 353.014748161856 476.727581525091
4.34003748720921 3.16250702103941 9.48986182873274 11.5874187040667 18.0746766490874 18.765916970605 358.146422613781 521.264494037153
4.86053961946885 4.42974627358457 12.7516163997637 13.4100313094529 18.8383005798349 22.6151225705937 411.830892528407 491.170053533676
3.53829820287919 4.99275444886589 7.83029865079375 7.74857347431804 12.2909412787229 16.0472103761991 171.452317057682 528.658541885673
3.03553758193519 5.12606684529013 14.5646977791664 7.39949345393955 9.77089547968622 22.1070439698083 441.915812674292 293.469936217474
3.87274749103974 5.41078018688464 12.8094189126168 9.68219262452065 9.61211697988088 27.9966363764836 329.157032418772 530.926954362953
4.70042177080604 4.01455683771051 4.96860621535444 9.08713904380055 20.6070544539274 17.4171897933518 174.019552625762 533.532417193681
3.19373509428233 4.84641919701722 7.75999048221788 7.43750057226208 12.5704787244036 19.414638038715 393.115761227465 501.849783960763
4.77066959088054 7.23465377933527 10.4970650517575 6.56870682246825 2.93169691638405 29.5944993073996 56.2997033478712 533.40367154054
3.07711765756069 6.40372079362703 8.83782381199055 9.30854322388419 7.10688273279247 17.9671705263411 422.01619181162 510.194729338894
4.22867682150695 7.90305005956586 4.15012603522038 17.1647305093142 17.1463409373625 27.69176745696 78.3675582954316 536.361649306651
2.67947618877247 5.72570796209792 4.21181408161522 11.0331361511703 11.1530670618472 27.2307506509015 431.882925449844 459.701766001869
3.35472868682168 3.48776620468671 11.7400151353967 9.26726136465647 5.59541164377867 29.0404969107564 467.571935123341 507.618019614152
3.11328458103361 3.11289330651286 2.38874260592458 13.3229668236175 11.052750046555 25.5972466352507 369.79877357485 497.709139500449
10.1839999832808 1.29593123821586 1.64407651949338 11.6916168338037 11.4840103735434 29.8899777814918 329.558469422805 532.34388357686
5.08754118064205 5.06636775683971 11.0862304667433 9.39213355598849 24.340779479877 7.15064595072125 216.950122094418 534.523506036374
4.76198530966458 9.24691624192615 14.9025648445321 8.76780690126077 23.9159851377374 17.7379987290231 183.488211071805 533.606038714073
4.71305238051926 8.39232415303222 10.494007489968 11.4255594037047 1.62677645259917 25.9967170142628 377.902698980006 534.217815536718
2.53187489741939 5.93977506868018 6.44907132981485 9.93279420352763 20.1824468974322 28.4222863074318 83.5164787201454 536.770193469254
4.46005528038393 3.85476776010192 11.9649150241322 10.1747384556188 17.6245267405981 14.4456621511552 144.742792727194 538.063740290909
10.5050905045085 4.1834700838203 7.58021635977371 7.58261712545097 22.920713240227 6.15583146679384 440.620273200892 422.705167764339
5.30911703333334 4.89270269617069 10.2182855793271 7.36251589347236 6.93057107181528 25.5319909873631 328.378011480456 490.016565377855
3.5884420154705 4.16697310546965 6.41149095195708 8.87723264418583 9.27927783463 19.5946306150811 385.613004268923 504.245646481432
4.30596852408317 5.08936357611489 16.8159212560423 6.85601614764011 5.98838487982656 24.0307390325789 454.292982329815 446.313430175239
3.99838595295894 7.89901573517232 4.36210945201287 7.70212930532546 5.92355593189131 18.8255354278958 242.892786801895 516.360541812925
5.37590827595682 3.32312214773221 4.61114121064267 9.25464508135684 14.4324464507202 25.4931367176291 361.010410173733 525.388148902286
4.02198230136423 4.68642843576029 11.3498098626715 7.79214920752275 25.8402713056041 26.7415198690939 232.650408599301 516.96114201381
4.45755341902535 5.5016481539675 12.2028171035804 8.03371071451129 12.7440001013254 28.3623397223318 333.734145610625 487.245363788601
4.23117283217615 5.91567067256101 1.84587317297004 13.0310997306699 16.9825660555362 7.3603714207205 163.564838828994 536.748134898591
2.91516558003576 6.22779121490562 2.79547403871191 10.3368159234249 13.2456015571212 23.3208480962057 342.083599060138 494.842880695622
4.40899569789592 5.57016597907298 4.93868016938128 12.9930691373018 5.81233804736148 20.6691068401425 362.164480055255 453.319607516514
5.13753160900351 7.2345713438793 13.6084915223104 10.4637248531949 15.8383197940704 13.331987389716 180.633898867614 526.854299266574
4.38439335169384 3.01124145560286 9.40538800720506 8.39973660016088 8.57839606270691 22.6160809420296 256.729194014354 529.519385104149
6.80892601602196 3.67292744906504 5.29624417194992 11.7156628883371 17.3528321657346 6.06723741930618 385.072593165129 515.890648466158
2.67616459230103 5.15433243402219 10.6439951681468 8.94574049408942 22.2893878083244 24.9573605952858 216.282195795551 522.786889374563
3.01366899117862 5.22588874777924 9.38803528556234 12.0905461557542 18.7165750261111 20.4441271317202 464.048769209379 437.686821034861
3.64998960018323 3.96737491189433 1.26178275508798 16.0191165623209 6.87548952399201 18.5719299778045 375.037396456593 469.093869983456
4.46219520690084 4.83328734110585 8.41449536374099 11.6093624291119 10.1742391363132 29.4787985237159 183.340634040994 534.921619331889
2.74028882865753 9.14049648790292 9.6703380277755 7.17172242395304 13.4752498700928 28.8288163338835 214.404034915423 509.387674154523
5.39751433662371 5.7773384171684 8.26238615992867 14.2517357820901 2.3311876217333 13.2664830034968 415.558376997095 519.164818630448
6.70636610818105 2.57142726841748 9.06315539074078 8.70354675516166 27.2389140141696 15.5204977577821 206.89732066493 535.42865809561
3.61856135421896 5.00809848525757 16.4512300952239 16.7504108980775 11.6121687375295 9.30343392689291 316.705871784683 508.257949353164
4.95065891614889 4.38826832340091 6.68768070117754 10.1837393352361 12.8641798283578 23.8390768823832 258.968841411452 530.663603142123
3.4142403542787 5.84928290120037 11.7940224059301 5.01928062872168 15.9998404055115 15.1242973438426 260.535793367143 509.000442364594
3.09291219910296 5.18868944253366 9.5386226681469 8.41354011122821 14.9133400636316 15.3665492895272 343.997585621007 525.260294132857
4.10642208194598 4.46075737961565 3.36163890382246 11.2624537807267 22.5175402078503 20.3362366918417 274.660542014816 499.158432372474
4.13136821970848 4.58244497199992 10.005340555613 5.6655414159105 14.1784653876699 21.3367219996788 66.7561325920394 529.701672210804
10.4431598822292 4.22331590407352 8.05253735767748 7.99506728159334 29.6924926225894 18.0449290997607 392.117970387579 520.027753796238
2.70372090056785 5.31896569533193 6.3806028354378 9.05968499762439 8.94237762722191 27.7349077542153 358.002086612905 489.923845281235
4.95559392475814 4.06280958279049 7.55419436054778 7.21309488773294 20.1619981955849 18.200473208682 355.731644124468 523.129574014055
4.42552838215304 8.4159830408672 4.89033527486697 14.854874062054 7.29954605121325 24.7777748737457 130.049385250552 529.202498519199
4.68949553832641 5.55084485692382 13.777877225135 9.88099514041161 23.9560047126276 8.36956869073724 381.139808403424 509.604506382085
3.74687453673481 4.47973237697425 5.84922619460587 10.2916355348843 27.7424101453698 17.6439935127095 469.787735492234 480.524482934858
2.87437984875873 6.21938610170313 11.9356421197987 6.16587537159338 15.2085806646064 25.3138266715547 328.231675542387 515.564308047235
3.10365820071885 5.86753392800978 10.7230137699508 6.30362898806797 16.0296676012616 25.6875771115305 332.74725124578 507.201124967619
5.83023717155234 6.12426174382498 8.59473226890399 8.6277787949881 13.7297341478044 10.5240075713204 223.12047230171 524.68644541871
5.48211290032564 6.94472482414509 12.0093031645343 10.8377683446481 24.4144277954221 10.8573869501218 320.894804608619 510.997212823564
4.68341816801536 2.56326627991335 4.39869674337447 13.3156419024626 6.29884030469246 28.7319314359225 356.676529182459 525.887205407348
4.16717800220544 5.85805734221194 8.2095609440754 7.98327254331414 10.9899266261055 14.7545638818158 65.5967493441002 533.958588920447
1.95169643563279 7.53681690720778 8.92620167675665 10.6312767373778 23.059464202326 22.264985443535 156.868316943343 536.387787152673
3.06053903144448 5.01385173293732 2.09759090331774 8.81988411976837 29.2656362286015 5.97956206252679 517.866329256519 173.841143478938
5.41952337317139 3.37979832840179 9.33515680767801 8.6136941194614 11.8440241779034 14.7199066655643 216.165335746446 531.478206009793
5.74002128206482 5.7297982004475 7.22487910552271 8.8019447528432 20.2645368977561 15.333596778535 207.289589449356 529.65300863928
4.86663401091346 4.12458555721552 11.8358718760224 9.07765747760148 19.1507462047432 29.4198554734434 163.851942673443 526.723782294347
2.59429694234598 6.6941428291478 1.00752974762237 10.82757168414 29.4380017504426 26.9897417813218 320.965763218863 517.794519624113
2.42630502287254 5.61649358054069 5.20682004048253 11.6667544523344 12.5216608475144 18.1834275087173 366.80380482469 528.587014981128
3.87625552439429 5.95442500719652 10.2687786802317 7.83166470703817 20.6573772835109 20.7877972509779 296.752894835256 505.507949234198
3.79772695782063 8.07712009219159 2.64811458914461 8.42523534205646 8.05706818120423 25.9655644372387 305.175388454222 511.927015086342
3.03713082392435 8.93452422909097 10.0794126408038 10.2099968087854 5.73267729493698 28.5076739680438 426.837835830823 478.436312056075
4.42626819326775 2.95717132475845 7.23045910729611 8.81709781202713 16.5351263904196 29.760600656916 215.472375200645 533.798276392543
4.04708124246513 3.47992980046552 9.4176352034834 11.1273513565944 24.9554313837961 24.1935767284437 188.193153093181 521.235629176218
4.20454514115795 6.97711743137396 9.31700382799187 10.0460534159398 12.220060131644 14.3449734784925 350.97086421532 513.616813024899
3.09665932277163 5.4318728313207 16.9397867829836 7.32061881220314 22.6428824564749 25.5234159535112 247.065714956907 516.274035181704
5.21486260132811 5.11911545531319 9.80262505247257 10.8143788985901 20.060823559671 14.7133298669565 208.571283131547 533.605101229023
3.25928237263339 4.14097557481745 8.08548394294699 6.99727911738297 11.354281073216 13.7190389119275 429.063386645753 495.590885345911
3.15524696152632 5.16042577756775 10.4037540455491 8.25227411303189 12.0082203027281 15.7997064202736 449.900629012168 321.9170715644
3.91879259485814 6.20834997739602 6.42197127362352 12.6367277642162 6.67369000353765 21.3488385107504 440.549769363534 510.582881782602
2.40699538009569 7.31593520857451 6.69989898959501 12.122322783591 27.2411271745786 26.7635396503719 315.565568536154 531.409345423687
4.06782061540256 6.0535858381973 2.50183632445765 7.96320862057296 9.60448571413173 21.4291119648395 309.742160858277 521.929505590674
4.45484779891943 5.49352605038019 5.48984021931005 11.1765848900357 26.4032549525992 22.5421895490499 338.208554798966 523.779832294687
5.79694139898946 2.19964556817113 6.87395747441398 10.720600812346 19.8423696887191 20.3731555078576 11.2960017600148 535.76779944259
3.44589349088344 5.15385712048389 1.1562816342951 12.884619325769 20.5791221871992 28.0871682393889 390.511339808236 512.283697338765
4.43878832158006 5.67041469797218 3.82829666706252 9.26226821248348 9.28973296390146 23.8553096561245 247.423921887599 532.587113435406
4.67738573998373 3.24887235610542 17.210412204876 6.71665153526116 9.64483664900129 25.1755277865726 288.686814714672 346.731098124388
3.68240124957385 5.00586689669656 7.08733435773291 12.0153252554794 19.4338588616761 20.3475415009444 290.873599463602 516.823585996903
4.82818728129103 5.06561763929648 13.5823829792962 7.51975691626798 10.8368238086001 28.3509848622357 274.332377036676 455.977578986383
5.58664576959681 3.930926896543 16.4905127192841 7.62746515175899 18.9294389451947 24.2801001688283 138.401879616545 533.739304200778
2.97308040134907 5.7605969767865 3.3058512952413 10.0392918747095 13.3396931025536 26.5164848645229 443.875035191897 461.235909408216
3.2976622049377 5.99902341608042 10.0974852754567 9.77218332993374 19.1503208253288 25.9190042108273 376.830412979668 510.753069874129
4.21228034488423 6.97780537586898 13.2103003329656 9.09491395627215 15.3373659919298 27.5945908588754 198.487301193251 520.267468459568
4.35929953384336 6.51305929240407 12.3726987621105 8.47445144391293 0.190859820563765 27.7561550785689 204.812383954826 525.722211533723
4.18223459556484 6.89195463155159 7.52282669788827 12.7324434337924 5.85842031737256 28.4252839090267 120.089167423228 525.947575532665
