14.3946632594989 6.24460000851695 29.2708228550316 16.230273242667 24.9710551338676 6.49501548279628 273.699017666382 163.422994330387
13.108277024244 4.9983237020809 26.9213561260429 25.332554903564 18.8940974022057 5.03819461450052 291.747595900748 131.932966588532
13.8226993482515 5.14585449116218 26.6898163647119 22.8732876069487 17.5510447167813 6.64190194335995 280.535974821363 106.123074274319
13.9530623808273 4.42653296072729 28.0624571071737 19.2429199455815 11.4308290181297 5.91361198511632 211.187529044083 184.736958256663
14.1410351032713 6.4891060577297 28.4031403123298 19.225862523766 9.47297941762322 6.16066063320548 362.4033977527 90.1758689267483
14.4624030447444 4.47168257898417 27.7345296288495 20.467497469407 24.9239173867608 8.67564861043145 275.539435134589 117.785918014597
12.7167352549444 5.66979403066934 28.6503848260323 23.6407187286096 16.3846795085172 7.20435944163169 337.242873165153 123.745886712417
14.6627850225606 4.94730547281446 29.209786562887 21.4749900778554 27.778200613134 8.04986563256239 297.410629208957 191.411678994478
14.1841057393496 6.22145602818134 29.1906537239344 18.9927009585911 23.9521379844518 4.47584183281997 326.422650928241 167.340884072818
13.9701599521227 4.89145614887491 28.0403846190321 22.4907275993613 18.9450913607607 4.23673814543513 223.366337591664 171.203317172317
14.555735695855 4.45420414858312 29.0973313042573 19.9041718244171 20.167331105398 2.76317994679506 247.980572523931 169.069575249156
12.1573311776963 4.43218272590746 29.4100475263762 17.2401810573431 10.7223200010086 4.28549643663669 350.959427890387 111.572826505389
14.0292004823689 5.33668745504258 27.9384320125882 23.2378983327613 17.3661203142919 13.8525940976188 266.161254966371 131.907122747605
14.6110371960859 4.65190172487692 29.1331858063399 17.5786040110265 11.7028596760778 5.74312880598354 341.289776630389 156.119176638307
13.1241068245714 4.28085017007081 28.5464334554052 20.1275881564568 23.5627406296427 4.44062613921448 229.849555021905 162.32962538244
13.0902542848409 6.67762261752803 29.3405936861716 20.2267621272971 15.3952687838154 6.86600184909274 348.939873467598 111.849884977576
13.4009137355716 5.03485661887531 27.8229080455688 20.6741340364312 27.0570083689762 12.0775406526508 229.84040786407 167.775306974658
14.187991582317 5.50745409571709 28.3733251399834 21.46626724156 15.5416882091067 2.51257968867464 236.412244890984 190.778514997359
15.4580128760458 5.20786699848047 28.9359981725057 17.6476168406988 11.2158834699726 3.99571681297958 330.105804986187 117.880206503907
13.1413579948958 5.52924835562044 28.1948709329157 19.512817130406 13.7600751255479 10.2053606177226 314.581599260364 189.879396705868
12.0107250341204 6.21509919811288 29.0172513124248 20.5444292546181 13.2019069840969 10.6862512039277 324.261509266095 116.648862058915
14.5161817894203 4.60957644982687 29.0482340533193 20.2216442282887 11.4154652582073 10.5314339695535 328.794160671698 116.283335767137
15.0083734879532 5.09984055254496 29.0876172099747 19.713824528324 3.26206908015486 1.88575956549917 295.567759736472 124.770414728402
14.8816659775178 4.01300881020719 28.1267333329023 24.4881893874584 8.95577079662782 3.34239956230122 234.06808641237 138.003749237767
13.0569671754218 4.82574500305654 28.9562836066918 22.2038055407219 28.0219955115992 2.67584643617619 145.546504038413 335.849775752596
12.7432678273376 5.42768844176784 29.8124349336659 16.5612425137748 20.5005735602012 1.69509371735988 395.668240185902 98.7401957944538
13.1987002129602 4.67760717810664 28.1788426446488 21.8247573435686 25.9219169630389 5.56350089009696 246.654097149757 191.763982011407
14.0060285634878 4.25748617266555 28.8595650795849 21.4229316564207 6.51094051344932 26.8774622247308 389.983292910865 54.5363812573663
14.4961169186774 4.87688995900723 28.7474295720631 17.6435308245877 14.4555336067803 4.92012191580724 337.975524527322 143.196231138656
14.8624939175525 4.81613210481777 28.3064685039736 24.9550868059677 11.7646313272401 3.91791150377702 348.064190808321 152.20052659419
12.3518417695719 5.76108644390272 28.0194936716901 21.1658830623095 19.5510925971678 14.623138077767 375.187054389069 130.339461379931
12.7316286930589 5.93800440017721 26.8894661722587 22.2129823007191 25.9952900399739 7.9930941283151 147.845594362241 210.068200097005
13.8507506296164 4.21719753809455 28.9563744206575 18.2478130726707 9.0350047315237 3.83397324353835 318.702632194734 107.24431513698
11.9181336923087 5.98846655498848 28.7504400519703 21.1418364143073 12.8184005010472 9.92618113159707 402.819954198652 95.153968539036
13.4409587883528 6.67892185191967 29.257119150113 22.227960985978 11.950143814966 12.7246643153166 298.667161240455 195.712825731351
13.9381454742464 4.33286144737618 27.2407609603788 22.4519427079124 12.179258288657 3.89497246504843 275.890025309892 229.35902817436
12.8397338487978 4.59857295460327 28.1602964542663 18.7470866917058 22.6161059524613 7.26528610355819 298.428135388035 99.8218340473407
13.5566435409777 3.67562189936355 29.3966583489386 19.0166250839805 26.5762907348351 3.06232786618904 208.111771468059 237.446834275379
14.715078266766 5.15834632835022 29.0086368049806 18.6389977578727 27.6576644654896 10.8477084867597 330.630048536114 152.794165545468
14.8198076070969 3.91432317337893 29.4040615084042 18.2858564557375 13.9091252251087 4.24280255279794 329.490026667976 107.629688973257
14.3029865462443 4.87371748625941 27.8747086025957 21.8071090377041 9.76334684545181 5.41467209672895 297.257995614299 90.8707597303278
14.567420776262 5.01154614277386 27.0035623644337 23.7361033027503 6.90887878804435 11.5150501539214 344.855789403151 91.8144721912128
13.7388587377508 4.99943673539411 28.8580305953624 21.7158500215338 24.5917390163293 6.32240527722129 297.429462468364 220.55434500109
12.2013518944898 5.59784201334429 29.7554823522917 17.6745946200523 8.90858184371161 8.89800092365156 324.721621605662 101.567784189742
14.7084005350764 4.40434924711619 28.1572080526828 23.151275526386 19.2458124967302 10.7729505924092 310.658390901773 195.182421102089
13.4027848187391 4.4494654163577 28.5621260938715 17.3386403633025 12.6271355403163 5.44522511035858 348.770646950873 166.242225152339
13.2610144126668 4.93360088151086 29.1354326078883 18.7951493552949 10.4233360514407 4.95598245842603 330.209928475509 129.43532290088
11.9906748052131 4.00336226469504 29.834790177092 19.7130539026651 26.6452507825553 6.62371817408388 263.292185416494 171.508598950957
13.640892846586 5.81281367856823 29.3835621414628 18.7208314625794 7.78055394872455 2.12058325321893 143.631422350153 260.046099402572
13.545407685611 5.3940009732118 27.6181166115403 25.4191196648791 15.9955328390521 3.8621168286763 270.075628844933 191.957839047303
13.6295951202908 6.57982196207964 27.6461497834611 22.7862087862449 24.95847571021 3.90453835044628 343.665375059553 169.450651542696
15.3648439013128 4.50012717415578 27.9176445770109 23.9794872512263 29.5813321561599 0.886922531268762 138.838428615479 106.592328580658
14.9375297659017 5.65124797554012 28.122162556324 20.0108805723348 8.00851427278801 3.0729951819881 345.174243565355 110.3178967875
13.1838113698531 5.35575555514454 28.2586149232817 21.4404469040046 24.5319014594407 4.52638167185869 269.07421717542 160.828991177659
14.2585312633384 4.68279888352232 27.5010977295321 21.3093075267825 22.1397980873903 4.9771465563413 257.690992177609 226.723237496885
13.3109140718556 5.35161096414981 28.1527123493242 20.8592989834105 15.5239400685827 4.71064469703653 245.98896364191 154.633044006232
12.905837340419 5.71353267439267 28.332206700201 21.8590051368685 22.1836227564789 7.35855094297997 350.209880990968 157.55142993013
13.6519404341457 5.44584563358813 28.6303134754523 19.3047214141301 7.63859889266391 2.71371700547737 368.226445035874 138.931322652565
13.7990396724997 6.2432374368472 29.4269323360037 17.7321362902955 11.9079587863997 8.16482284139862 343.457152095248 132.71797579171
13.6845546555676 4.01335799799926 28.3203640759397 22.4343991528539 12.1069301410289 4.84973914728815 294.828417291561 147.118860989068
14.5098990944363 6.55719701696006 29.4487071182676 16.7279580485159 10.2112779762332 4.07360981515895 294.284768278799 139.335375226848
12.8150374131971 4.21537917759428 28.6633496669251 19.0273121424029 27.2081639341479 2.68041962771151 248.69464561779 191.908779495889
13.5635348444289 4.68120474216044 28.0912485929129 20.1195090377194 15.3000501108034 0.765324100390204 233.825375190524 216.991563427678
15.1974686003105 5.46534942710342 29.1416783570726 20.3742603695262 18.9057561497425 4.23412410498549 254.206532906773 163.013999939374
13.4942282513838 3.97295512435874 27.6572883169191 21.741865130783 20.1811714075869 10.2588889212703 310.933150079261 70.3870354554975
12.9095622488636 3.83760826212561 28.9140284690154 20.6648279054296 23.0817104338175 6.44580856474622 251.28917008016 209.526885989584
14.4961283113392 4.51850696438618 27.6352778070733 21.955749630712 15.5849091425481 4.39960726634667 239.489264448007 147.450147380073
16.0563852682613 5.01872375259417 29.6706526956274 20.8240012895544 11.252754399758 1.26994787385921 262.797928370258 207.861807680162
13.2481406906323 4.67345873706469 28.49074432904 19.6653203544499 20.3009442532498 3.4582527190955 306.197390211052 185.064825517191
11.7567502941584 4.32216391200904 28.717765127992 19.9695821877601 12.1639721175937 3.50632737581649 203.861961612581 154.48979773459
13.8040611505336 5.73066641315047 29.772817698915 25.6342833612807 21.4971351117671 4.29735127935763 276.246615225235 185.295375090532
15.4941425156923 6.45332102578026 28.5737681311507 21.7724293966967 10.6541130482335 4.30718674113739 295.744911908009 142.189521624214
14.9527663370657 3.44836287967613 28.8052228585147 18.472358651713 17.1881442929791 8.85016394059106 235.185325022252 124.490170093502
13.9499455709725 4.89249394299409 28.9817179236449 17.9007557033281 15.6454490244089 11.858505656665 234.618207703416 217.158565975555
12.9736623414995 5.10007903174196 29.1323237071859 18.6089137576298 11.1365958575553 4.93252335778669 227.420257927913 113.998824351281
13.0580919893444 4.87758105716487 26.078545272199 24.3683764059823 19.3202766233068 8.6275392948407 272.571989723333 111.71228282292
15.1172492942966 4.21594240152649 26.5555386017843 22.7165113999546 11.0217316647113 7.60545671454055 297.965872415578 103.840576951428
14.7102298535259 5.73230141564297 28.5303855136947 19.4286829717082 10.8305431041778 5.60801129782359 378.396857504296 133.345971353999
14.3349835582935 4.97885869466301 27.5837027412551 22.461514857455 26.8123047418389 6.60498912575029 247.33944927904 187.860888753317
14.5496023161974 4.9102347045818 21.7315987301974 23.1835375685447 6.17022876290744 2.91244785083243 222.313652422684 173.758498938444
12.0724427068979 5.86543032386685 28.9725090943986 17.2982708821115 24.7790080914406 4.81520452961659 364.141552992197 124.490217463778
13.0094581612172 5.25742300231099 28.0648881780221 21.0624743646731 10.2447070312591 6.48488635815044 314.575308634375 238.563197786231
13.2351009906314 5.6191197357233 28.5121878810334 17.9628950563385 9.17436226175274 9.8627523435768 244.93405504199 141.467465784896
14.6959782368296 4.33163157874857 27.712709589923 20.7918101467916 8.53465085381594 2.43155626037397 320.39587973853 141.961589484643
14.1955500148717 6.19563563638246 28.6107751665322 23.9620568744767 15.4969864793676 12.3575118950445 299.766400092572 96.5025443477002
14.3209731870479 4.95166788607509 26.9734212633564 23.2787834077332 17.6063008967162 4.81747840064758 205.505542539458 186.431458670989
14.580162240222 4.94998133112682 28.3874597136895 22.0697744260373 13.3808296422078 4.39696166715743 321.450249295828 140.26860617528
14.237255848168 3.87950623994938 27.7987214749392 23.05427152605 15.8518458994484 5.15524582680542 274.372524233731 177.655240172801
12.64034967802 5.52159807760975 29.3484262844492 17.6402629714357 8.01229179360996 17.8295337359915 252.898803749661 179.893716503359
12.5629292363247 5.19142184760704 27.2905001762866 24.1395600618107 17.6029192652688 4.71460099979953 309.835475386042 164.125449742325
14.5136277197181 5.29633096329363 28.7126741031397 19.1837376524393 27.2148386800459 4.86705262631701 300.40738667758 149.19813910608
13.3592591275978 6.25471472982052 27.7911274260434 19.6146299663161 22.6285983732828 7.94259868496533 198.808159558479 197.663598003102
14.6435444478248 4.32698421431676 28.6457789181676 26.4298361485316 29.7870287288075 7.37653899868287 247.521391450148 196.3475357083
13.1364838368547 4.99683535692256 29.5013628076199 20.6772471564037 17.5920347864782 8.27532238646224 241.622457694826 138.060514545365
13.824628237852 4.11689755209228 28.772681621157 26.0455406760849 19.8958268079375 12.4270517887755 233.276154418209 167.979596263892
13.1286828649716 5.36235222092111 29.4614095549658 18.0613900252402 6.10059406648989 4.09416510383487 334.997285857238 162.779857436781
14.9088663766175 3.44457698507682 28.5985362239098 21.5626711539367 10.8784343168747 3.73832187064208 274.303942258735 191.836012002297
13.3620528942422 4.66318715883603 29.1872489720933 21.1093535833994 14.0164853814239 3.36117543074914 276.530328000897 188.669342029731
14.0217441949765 6.09069000871284 26.322793704287 20.333484653647 17.526519344583 2.28270857145885 349.792192198274 112.335232583958
13.4151070279001 5.15058899401348 28.4253868405805 21.1570747006859 11.8479953371133 2.83419307226859 322.314529996058 150.144295941347
13.3124860242121 4.70261376944144 29.4306807779498 19.5577640158329 7.59709890605394 5.29659898628563 326.10785236114 155.1583136994
14.097941453344 3.67624649665483 27.3514958030203 21.4214412732863 18.0253427806197 4.11243449486252 235.764649083527 194.678110210779
13.0535291357995 5.62501188356501 27.6489183570644 25.5952469015758 9.81866543541674 6.69879881428024 362.231396509189 94.0275439290105
12.0777560402827 6.49290750162189 27.5609684894489 21.2805337221829 8.67464950981078 9.05709032326194 310.773488876463 208.548234622172
12.5534879884261 4.17337707382382 28.8988250085453 21.5716681158538 21.2842798539615 3.17691525344944 249.043308384671 208.719334828108
14.4317154573642 5.96897969440487 28.6289972542813 20.3351520644455 14.6657677432454 4.03660591409389 273.060965980011 204.312432416063
15.7985467702367 7.37622275435542 27.3790754324492 22.7003059882468 16.6766700281189 7.29405567512858 301.066495654664 160.420701769928
13.1320544298523 4.6921586140654 27.826736898225 20.9250334544233 21.6794178451561 3.05988054948819 299.103520139787 213.970316376409
12.6690418442466 5.41951519076736 29.0984378694025 21.1763248778371 25.8448027209472 10.8174405860513 336.680047625641 162.887533066388
11.8772227204937 7.59648730883879 28.9964039544453 18.8276747628104 12.9634470227545 9.48936231931013 393.52875444742 115.160298116245
13.3268771314509 5.0657143780487 27.7644451916308 22.8273713740328 20.3937322370176 3.85556860894578 247.242872342242 239.15401605983
12.4578588849972 6.35761763292689 27.925343045971 23.1359163714279 5.79003794581661 5.57702642460278 495.554189335254 59.5071244280852
12.8384867565709 5.04711936322336 27.9937287000456 25.119058609319 25.9440839652359 3.29101607001355 206.868325811716 214.301983842238
12.4140212216753 6.11763450708382 29.3418389788297 21.2083028664252 8.99309263106211 10.9985877186617 335.538736265552 117.393793711264
14.102825801244 5.73596948912445 26.4311338013993 22.20595135937 20.1181673080873 6.60553914744535 332.62731919206 189.748502313874
12.6927715399345 4.83372930693914 29.3553784910627 15.260633179813 11.0067149012632 5.32419929047253 358.822135811817 102.695740853398
15.3932047016275 5.39706445580001 28.5295509092179 23.6462333932271 3.91997083049373 12.0720907674332 380.036430169741 89.0518357493841
14.3145491004079 5.94621702050523 29.042728115378 19.0166651905948 9.41402420815612 6.61702407752767 296.0837018243 168.959059055563
14.0003240737274 4.52316039551711 28.8115835827789 18.0224829578418 25.0240315736864 2.74784450854024 202.123053630385 213.811845888249
12.9936539761101 4.980542088998 27.4279180991774 21.3022200918953 7.85203846948892 4.91288896970439 138.361536196085 272.697160204729
13.3891339116357 5.10093395399253 29.3555469735253 17.4940298252224 22.579212640386 3.50230391485668 232.408014946365 219.572574865315
13.666407158105 5.47403161256912 28.4996625344065 16.2406005128927 7.00066987593901 4.44347490951235 345.946679982758 115.483622199741
12.5344657951127 3.5244965591214 28.3588667802749 23.5613109733532 25.1627327940006 4.02110616918729 174.536016300086 129.113220904683
12.0979642250903 6.4209098362591 28.2690325962799 23.7510528711464 15.4886880522827 3.86939644930966 326.140006337961 93.8062801313981
12.7498165053482 5.33191245312854 27.5512639515309 22.2112427049328 8.21706656856233 2.61211404126295 273.393448757017 181.636076272904
14.939427627533 4.88575620974733 28.572196054551 21.0660767216286 29.3555357074619 3.92166288814641 262.41821606426 173.08990047144
13.0854496911621 5.44517065054321 28.9000665794256 18.5667899783479 7.49842012279928 3.55846283125651 303.597772360996 177.786007987785
14.2501048191508 5.89069120947157 29.4686644025554 19.3822657943923 11.1715893881823 4.37409561022777 300.769376221972 129.460337373326
14.0370107088205 4.1915114760063 29.1459473057595 20.3213830386173 10.0220023677928 9.24436436830101 338.555295773695 175.367627117103
12.90566418453 6.09718390478562 28.4531045564685 20.4979533619721 24.837894535792 2.47239298314452 272.857261939793 211.593216978023
14.4862275799499 6.31950546344416 28.1620816111464 21.4910735724088 24.1730118902255 12.8309535272499 254.268725216463 175.651557068379
15.9484200838952 4.13504218450078 26.0416673998328 24.6188813596458 26.5025882438568 3.66125196178126 222.447667814643 187.908884677765
12.5705943622271 7.54411114031688 28.3917858576571 21.2399250356817 3.90883613658028 2.43463075824911 350.929681463749 141.575630191418
13.8403229510605 5.48858486677461 27.2609670336263 26.1101042576277 17.309603517752 3.64040273285325 242.704794262132 167.992706665534
14.2105841823737 6.25420702298813 29.5287231344756 18.6947430017336 14.6474352450935 4.48128884809178 337.960112205016 165.410884950553
13.9338331765959 4.79990167713473 29.3878162564869 22.2881556896021 11.4713687499273 9.39213987896665 270.37330637036 133.043996504453
15.0926628201765 4.63321043056453 28.193692549999 20.9640639200556 21.1749137132001 6.03974407993955 254.65066517042 148.574142698468
13.5661820361694 4.60384171377893 28.3041078224568 19.0875425915004 17.0556492759866 12.9590516513036 329.623829193639 119.327592413512
13.1772803393515 5.79803480313209 27.2080175915049 23.7153047742879 16.1094846941039 4.05061218066312 296.961143328311 187.116671558379
12.8056400404306 4.81819123903028 28.8204557583068 19.0865010265672 14.7928395368902 20.4540460379689 346.043373400982 100.364358900588
14.1187043547519 5.24178879291442 29.3030504630197 18.9675636958985 9.52124032969953 1.65687470856757 370.993926840572 120.332389394981
13.3674986113456 5.97145705844406 28.8636591013521 20.2500219566035 21.5665913005034 4.25709272615963 269.547949815821 275.861529719086
12.3513095877698 4.08689212945486 28.7584391015183 20.2665249385889 25.0112041429856 9.31196478353441 238.830228305113 193.267955714806
13.4727282739023 4.20808398194149 27.8971209266808 21.3866273312847 29.0610929745209 6.62344001135493 231.566507026036 199.546639339463
12.800752277075 6.18836074301953 28.1667115544799 22.1740987991206 15.0776833501162 15.6301653592778 331.106405451565 177.974129489094
13.9955305899723 6.70243309824093 29.3671551140421 17.3718532632569 18.9420706495603 3.81069771144087 261.971742843584 202.894971449665
14.24864877822 4.47534462028661 29.1098966322029 18.9617969943716 10.1673805302869 4.60987446563991 240.589359892231 170.923337968147
12.8721897635751 4.47854594099183 24.5631673089813 24.0151187681935 10.4363621350142 7.76391095568045 236.659509044708 177.238155288038
14.1369741545869 5.44347957313835 29.1118335778141 17.931546956973 23.6034070928373 9.49701158537367 333.864063767764 139.231850890124
14.3574986116118 7.01241212285567 28.8094795532053 19.4992823640363 24.1341097614527 8.98383543652914 338.614359885439 122.337934951384
12.9776311945184 4.56316228080421 28.2169397556443 19.9738142797838 12.8333885211022 5.23193748949753 225.286329691958 197.942167234688
13.438752556191 5.83419594339671 29.019137765508 16.2307060043357 28.079252017329 6.70061427243734 256.295636641685 156.134242064009
14.5700411274879 4.5863886269717 27.0502446438527 21.7515827961735 29.70164084905 10.8072251998745 299.023863021424 61.3761065056645
12.6745855888419 4.3733863079686 29.2935319814802 21.2501278256474 12.4954265131137 3.97258625091359 291.87201682648 304.868526722572
14.7615309992907 6.22314346656977 29.4638261352346 22.1759048217557 9.74288677179532 4.23824206301619 319.057177881128 147.597185019664
13.1599921618444 5.73516663856975 28.4371042408688 22.2653425022918 24.395659936749 9.56401068060792 381.001702500862 138.827066785509
13.6713088218184 3.82396765583429 27.8409932004152 24.3528888686275 14.4936078250594 3.98590737490635 251.474144208476 198.296879079487
12.514119563455 4.325083345422 28.1170715402813 19.5274934155055 29.9850974715401 4.24171218862397 251.90082266841 178.197174082732
14.609952158664 4.26704797505753 28.6587859170699 18.879251333301 22.1972303817799 9.24260576250973 241.180587686088 209.278054234876
14.3412659738503 5.40697223347545 28.8941837829162 19.6736417045214 17.4864223647326 7.51922674115847 339.024367165258 136.736396280026
11.9766425747969 4.2069972895476 26.2516964101858 24.1401347801468 28.2014474918128 3.42186103893239 223.785689763771 207.667005137551
12.2110365792744 4.96642732378353 29.0230931895984 18.1440994961447 17.219788087793 3.5638296547102 302.144442045093 187.643087813254
12.9772088593246 6.10691341664221 29.0747377347636 17.848917030198 18.6179991115119 7.63385695823155 372.517613984625 151.391385540774
13.3470337437711 4.62207447948132 29.6522876118702 17.9111792529677 24.032524492354 14.7167606974632 232.985174592393 203.470145905055
14.130514194404 5.27515249911579 28.7043333692478 23.2903478953902 26.013790253202 16.8028804228313 299.228073968628 100.295042770686
12.5952115928962 5.97582363456313 29.3055419556274 18.4600016023963 13.3752610711755 2.90001758657254 273.992257651869 217.797218766643
13.0614548811169 5.46808715668039 28.711502081412 18.5120648418164 16.5086119663326 9.79552291697517 358.585047561771 140.200206892847
15.1273105880648 3.61911697259051 27.8351205847038 25.3105068157618 29.6226823378068 5.32059703985851 254.763645559572 140.365337196575
13.4255256664896 6.85279260935559 28.410276905053 21.4621322250533 13.9261870579242 4.16009517610552 313.536946353157 158.470886876725
12.9456108716086 4.38947530136312 29.06031543265 18.7574006632127 10.9070528084281 9.99108374939954 228.699681969126 130.961450329054
12.6895555064656 5.99444933760941 29.0338102483423 20.4236522880804 7.61753949089049 16.6834909041027 177.889895982684 199.725418388129
14.4261088984466 8.63673806573762 29.3216622328772 18.257822599581 27.5176769026821 3.86121983102536 211.610883188056 188.778820745961
13.459728274962 5.26098003091315 5.59582073213355 24.0295270915882 27.4773709241829 2.68947755311318 251.503112679039 182.299310957898
14.4171092810599 5.17987389601503 29.3300315046775 18.9477097845412 17.8748955369058 6.90204604184055 348.929085370641 103.814384625155
15.0164352847716 5.87126027021115 29.2102485204407 17.9171091824762 20.1970489470258 7.24867703030215 293.245685110081 191.654767182371
14.0560654892784 4.80407901746731 28.433271632144 20.4751105510361 23.4044725865888 8.77616927971191 329.416613096853 175.453474620133
14.5562509157317 3.53410771188438 25.173827215214 25.8283838622341 7.88756146817757 4.97613901134374 295.862868125762 122.519765923884
13.4217851079284 3.8940548791099 25.6392238827504 21.8243669247059 7.62288961125521 5.88329624716047 326.002958912803 185.52010141378
13.00902947384 3.47612231991705 26.4492637026151 25.0270063389493 10.0502181462428 9.92053156141026 360.204046081359 85.3129533799495
14.0603169808847 3.24490207589835 26.7337939446481 24.3032153633852 19.3755260695621 7.11861634748174 127.701765895049 149.661547479487
12.1109989437396 4.808678471488 28.2860827194374 22.3724572079543 11.6445079131012 6.26371309722246 282.2293084892 120.155541849872
13.0806063550235 4.8722123274371 29.129929532505 18.9001885268875 28.6125440758455 12.5041301744357 191.526984679336 128.110802022766
12.7168629776535 5.44888827378378 28.8241908550685 18.8943018307172 23.4829581434999 9.64251343058588 308.327676760024 147.532259322527
14.8522671838114 5.06644056282393 28.7464098794711 21.1840122739777 10.5327430238139 4.36716585353111 250.858859268392 130.235350228015
13.3435761632017 5.14431849170924 27.1099869236155 24.2515064599273 28.7136400022826 4.62768174522408 237.522425055216 195.621316449517
12.767736633351 4.33714497577272 29.6607931776905 18.6162919815298 18.6581725743775 6.81555416853937 235.0945602398 139.91570808065
13.7850469928656 4.42557660756032 29.920099497426 19.5428688588786 23.8738531317283 2.79183546560106 242.29679608194 172.494564436467
14.0312878256299 5.51914152703585 28.6979461007282 19.6834832740784 27.6962469846929 7.11329673640589 293.434776943026 173.422398475255
13.4548077117299 5.22109434920096 29.1750867721873 18.8709685474747 11.3981789864607 3.63279046058662 343.011995312893 109.343919903033
13.945261229504 4.35733107127978 27.8069257654069 20.097030252324 16.2167526534097 11.9323713467507 393.659331043433 153.212989595905
15.7779615345877 2.55848546607693 26.7888358165601 23.5272280236678 14.0152687734268 5.23813602613961 180.148845871645 168.14561139226
15.2316001838809 5.3918613524509 28.4024121658986 23.7145789913839 9.01253754759009 6.36783495705411 344.512200617128 107.490761119543
14.1130261162323 5.45079005770124 29.1543003663755 19.2506312675501 14.0375863338642 4.77799865088596 244.114699600976 213.155499249366
14.1259854109368 6.48383727685468 29.3840916450738 18.2007741931127 14.7887600616248 3.67568288970101 332.984714139555 126.240382099766
13.3272696611363 7.13226128018416 29.4313157312838 17.2776154899239 23.3680174842845 2.37020400774578 350.479175824603 138.993275182865
13.6183785383783 5.32558418623645 28.5671271254347 19.4788374758412 23.308276798628 6.4761380868829 259.720545441794 224.868964978365
12.4589038757085 5.31934677170254 28.8275733970129 21.3319387925921 26.2272754615752 4.66238602521239 262.063296775286 221.646536901897
14.5035328069953 4.57166551085443 27.8066116697183 20.1921818335597 18.5356878752359 6.31592854141102 236.728871783697 182.607824831846
13.8475526542607 5.10434402525507 28.6513130800564 19.3478812358341 20.5940093341607 11.7687161932487 281.055880852332 182.882122726119
14.4761043912964 4.3678829358358 28.9308337047955 23.2588374962202 10.853787380661 5.03873930095748 240.908113867262 133.258325373428
13.1135361036217 4.90558300110543 29.0037827692956 18.0733481364764 19.0119268254945 2.75808788041849 255.798804455018 167.726996214937
13.9768592887621 3.48022134145611 29.1304346487795 20.4513498943169 26.3155957303868 26.0518379355748 289.628966136683 194.205557868569
13.7598585719178 5.34364648012115 28.7005223565975 21.981223769258 23.798481111456 9.63288134403111 267.207834845291 147.609334127936
13.8417121065855 5.60148564982667 24.7483560337545 27.6436189000108 15.9682587262528 3.61574138526753 190.780355333635 233.225553607969
14.9852985307865 5.00907993456349 28.242012166837 20.0491713316465 12.9171214364266 5.4611975687917 298.166398125961 180.89984380229
14.4950419207164 4.70193045879643 22.3966406190303 28.1824244668376 18.8611233533217 1.76873585253188 224.940149194118 261.546260490254
12.4065122215452 5.5930304996755 28.9140863868095 24.4162717282799 14.3362468732075 2.37634167205381 325.08887669265 167.016902511694
13.0031892591305 6.62453959772751 29.4103687805535 17.1596879866248 4.91473431389814 3.33881658385649 401.543422840591 105.161887275472
15.2167432296885 5.06643629645512 29.0069336581743 21.768727708969 16.8078018670731 2.80710876912008 336.604652672344 148.614337672982
13.4066782413398 5.83805082824833 29.7284259987835 22.9811226036151 16.2151718920295 0.468761726367468 231.718915604186 239.405303141288
14.523134199113 6.2201364657886 28.3682932347894 19.9944041441011 22.4398254844181 4.17160712041672 264.440860588059 207.915413026551
12.9313173912325 2.13797922996928 28.4791046559177 21.9111427743614 10.9222282748724 11.7420559536347 314.191892889479 134.368846196134
12.6141459791429 3.48988153768065 29.2196541546696 18.8620892008631 27.1520664514804 3.95103630655036 276.492852158435 217.240835142885
14.2530019615467 4.91620743538949 29.1458828559592 18.7991771892494 11.0082879016973 2.72021338948237 319.101589207089 168.218680820093
14.4196671226239 4.05547335264526 26.6073117862276 21.5745202364493 21.9432167521802 5.39490276616981 288.117042525661 102.950726856476
12.8594184832322 4.24817783615877 27.602414784528 22.2530461259985 9.96635178376391 5.23751203202758 270.38747977678 234.743648821361
12.8188939306255 5.63684515772093 29.1132269544771 20.2151169661629 17.5748192442673 4.53896900894952 314.397806756053 171.839636817956
14.362841815632 4.12383137913396 28.599077644662 18.315943321882 13.3453255208619 2.61597729611358 206.56461262968 147.633227987051
12.7243066646038 5.52572066816043 27.8145625939869 25.6398513477528 26.2564538761882 11.1243705914105 370.388590195842 147.640865438025
13.6772466106377 4.58244107268453 29.0056779330265 20.2829540419974 22.7530933051741 10.3686109930256 240.572871373354 182.190992832636
12.754539397413 5.72569759702463 29.3785278151096 16.6824405433561 19.6261791055543 5.43327793880406 337.140192667024 128.980836654497
13.026901467876 5.7362020366533 28.3147359274585 20.1410406921195 23.4752468262592 9.31347398078456 284.534650187603 92.8847472207796
13.7901881543646 5.79733576214226 29.4693592389737 21.3859272848389 16.4510185235428 3.23309455504294 178.713239178412 232.895836951701
13.1303620842059 5.89370346880289 28.2654851749991 23.2149707387656 17.5792333395337 5.6877170736379 298.613139261061 115.478343270914
15.5323971797603 7.18211758133896 29.427144717859 17.5906372412505 10.6642106657737 12.6094837723746 354.105421879629 84.430579469473
12.7023126662229 5.35252714689177 28.3115922785256 18.816780041508 28.0024312031477 6.68420211474481 283.369654298288 198.554767007127
13.676619035271 5.73814914813945 27.6703269309024 23.5848441833863 9.86185397354421 5.21719690628141 276.747500019835 187.040395442855
12.8837332834359 4.20580825165153 29.2911041364535 19.0880997417801 26.2000764962105 6.37382167312868 253.432859322033 203.92700417377
13.7554831255617 4.47551971054951 27.802842103281 21.9694659574629 24.5579874508283 8.65734328523677 206.332980781738 151.518789647398
14.5555548131149 5.09476703075785 27.4663978975535 21.9631775127532 27.1039879702924 6.62087516562973 283.960928185652 184.585901527626
16.5025595344443 3.09174172308747 27.2836321721389 25.8860646142009 15.708166306147 3.60534265707853 218.434368707111 164.08074836251
11.9260201640762 6.93163331990516 28.0759846449241 22.9632268344766 24.7485511272566 17.2377001195961 288.970530797264 204.547165543909
14.3939107681367 3.79667390917857 26.6085537070681 24.9508132001216 20.7810517375269 16.6266491489497 247.939468947973 177.449765894223
12.5201747949334 5.05266490102553 28.8405339965265 17.4127861071981 11.0195111135774 7.38663436314276 207.854780303323 146.175773087481
13.1775165720174 6.15977758329517 29.2779423739708 16.4123314160012 2.65049862003245 16.7158506044822 368.15231156855 111.270312956934
12.4879566237897 5.4989786476354 29.1301871015586 18.1969838870728 26.8924739373867 19.2252466894483 295.107711304846 129.007523044055
13.9033239145288 6.079233266723 29.4305360433319 17.0039983802876 23.2954369554509 7.88229451647434 207.83371697692 149.473384272233
14.4478450575489 5.8367892792298 28.835045431922 19.4116632545084 20.5500072238054 1.94676054050726 275.873200949158 155.222827087043
12.8256428572686 3.95412981275651 28.0658969849579 22.8098535527349 10.2227530183928 6.76517461005766 330.47168225618 101.930585987735
13.3562325083414 5.66683410444642 29.9096933922354 18.8733828520951 19.8445134286985 3.23044425990248 289.093919356085 195.593989447032
14.5506547493966 5.39716196861487 27.4537149326811 21.4118997658941 11.8427623747859 2.04324119017374 316.234800221805 192.820018585464
14.3842276410319 4.50154949876173 29.3299499018348 18.9822111467878 10.3075576168633 5.27108933399417 316.952279378379 89.9501741645842
14.1358280626856 4.98740251304816 25.3962521791684 24.6223687437724 9.88504994766387 6.20550536295878 333.157579399688 113.375776115492
14.9182008497071 2.71552090833773 23.3010814445714 26.3651003704961 26.2285260711103 2.53094729506618 238.315542216487 221.854127532107
13.1676762728028 5.64174427904912 27.4464180679655 23.0702224744374 7.14993705610397 8.80544898901666 323.357702267856 158.926808878159
12.7958632962886 5.26085663948434 27.8398027912677 22.1477728567123 12.0746200438245 3.5167115687643 318.158447903656 176.135143028989
13.2102653667228 4.93731437710337 28.5114079401669 23.4352488901583 26.3844336157562 2.32295001471433 232.223495186246 313.012942947387
13.733224500671 5.78693735327931 28.9082357047036 19.3282253774659 19.6001451137119 4.87592469205217 190.754905672718 256.435028026556
14.4992008061685 4.45897840690757 28.9697164280035 18.7922098311644 21.1128729329556 5.79404533867122 315.645610444933 184.931618779552
13.7507754903128 6.75607714183619 28.4383933899758 20.5969686503471 8.19956552155386 8.71909257901602 360.361332365562 78.8739388815727
13.7236763845644 4.05799311970001 29.4377483386386 14.3612716842661 15.408579972322 3.31746347461357 247.230087339378 204.320528872457
13.2065385683733 6.33557227500354 29.4406568730871 17.4951800588741 9.31455067220547 14.844929298593 341.23876828088 129.785063749328
13.3313218832508 6.07256329250967 28.9787093438303 19.0776496281028 16.5077438418585 3.93920914312991 351.323929133267 136.886109438982
13.9240437925576 6.95975496178674 28.6075018768324 20.0129538884022 17.5367943412421 3.40992254218836 252.775313586139 203.932527813204
13.9793924389449 6.15820463218327 27.9007040992005 20.2105004015648 14.6237752101926 4.78818204305433 388.591369204539 163.50425538634
12.5125509843239 5.65622733898258 28.2370363377022 19.0586608325302 12.6979569099824 9.25913797717404 358.441086903375 159.987734851813
12.3624175809492 5.48123575279646 28.2976474796476 21.6746838344457 6.39251528681205 4.74221367019903 331.809028552673 163.227982933522
14.7511357711782 4.70664598152156 26.7145565001818 22.7472345720685 25.2516393957509 5.63861801984763 223.644324624616 184.846684169991
13.6150259612547 4.04729261022133 28.2493860694852 19.1136783332168 23.9878195765853 1.71579366648638 244.928392171097 142.575108417347
12.6417763712976 6.41665384932768 28.3079680997289 21.9758819785156 14.456225059556 4.87384638651687 254.543603446257 180.62147912799
14.2205604581552 6.76542310520944 29.4029972269595 19.3166535821455 19.8971787934943 3.17907466805232 305.123872731781 183.848657328689
14.4788932765706 5.62829672719968 29.1677395265429 16.8040394730219 21.9137012069186 4.39228815025651 261.263322748424 164.791776330578
13.1304744197209 4.78088687971067 29.2035376906511 17.4957635819405 21.2282242300441 3.71089069791603 285.310861351515 178.906416169885
12.7627719502765 5.40364508789079 21.4613295642957 27.8904003672512 27.223752565 1.46462960694814 245.855847766985 180.19622807269
12.678177732845 4.95202993258976 28.6281353070305 19.6553349430887 20.0424045058007 5.61315022854876 216.880178127277 190.999832601688
14.1286731482573 3.70072776286243 27.9800276651365 20.8126567287215 17.6023594310555 3.87793747809321 260.726732877602 178.500386838617
12.8499164544833 5.36053050737485 28.8451424493273 18.7329625419868 15.2044002569065 10.2487641049921 263.493901107191 145.441639376875
14.41371182047 3.78649898222881 26.3559092635798 24.8581369284697 13.807096557313 4.7327296334736 260.980351296279 140.137376363864
12.1895600393287 5.85624250940202 27.726411480583 21.3830247425988 7.71794589546382 3.95923597909374 374.723549409601 137.959865890441
14.7681517668751 4.10022088156072 28.4874323867715 20.2342073604408 23.0494854472971 3.06630152476232 215.292205487708 198.624114447955
13.4971191128522 4.83335435246207 29.0019924982014 21.233633635248 15.4700813276427 7.39208473151189 100.488057238418 222.884822722771
14.1740018813144 4.58806927212405 27.7794935660086 22.5849323248423 11.5442627041797 4.98378820234274 219.83509446355 218.164555408707
15.0801647442028 5.21513729527713 28.3063729560821 21.125798457889 11.0275683499464 5.06802967573895 340.643785801859 130.583889775704
12.3605932149145 6.18676224251343 29.7624845373856 15.7152633023495 15.3430325218576 5.23775882966499 145.191613762161 223.950166133779
13.3777795767835 6.18427412250412 26.581962703459 25.6131335311886 27.749601295762 4.03111167337581 231.297076402232 247.13553405784
14.6317255339511 4.2563245605492 29.4005446151153 18.1989007251153 13.4722463986434 6.40602087313582 369.301542104068 122.875333354439
14.9504489395625 5.33148530995353 28.2929247650281 22.1442903218085 27.4722802914665 6.41390057527265 305.105101759552 191.471083688209
13.8901638103213 5.77667924126436 28.5322392596855 20.0617672514343 25.4629427587288 6.80594021212765 328.130685552231 173.897436019084
12.960939934586 5.56380741605567 28.4520618723239 18.9746331718063 15.3020583578996 4.01188414385043 312.150877337207 179.2431367244
12.78398801876 4.00270351853923 29.5805464473429 17.1070217355248 13.1534749023159 3.59877410936456 257.075157653628 170.270319881474
12.7755399783329 5.77979835801753 27.1461098455527 24.8111560308149 19.6277591092421 3.5311312830434 237.239958339233 175.90843389185
13.978405934812 6.00220559516705 29.533150989372 16.3242824070739 11.2498152240747 3.63094085268729 288.307740344197 121.179221239393
15.3642374676068 4.75527584923693 28.3981610699634 23.8392108651089 26.3101297075184 2.2381668009997 220.045670877393 155.713455927583
12.2671366925271 5.90121520211308 27.7214928026658 24.6391226093574 13.4148656844904 3.12260469590678 374.939273196604 158.583950112543
14.0267525668934 4.70083758785388 27.975174202502 20.423253996787 13.6287095117217 3.49092786475889 320.437923680146 134.744384561424
12.9057255750194 4.0087920660907 28.3333837105542 20.4811801474485 13.7157679123429 3.69028163178426 278.02441243697 127.853984073269
14.5134477078373 4.62229521372554 28.785850712753 19.562358958419 10.1619878704463 9.24049763460777 342.65116885462 120.570327503153
13.7924701904242 5.29001553327572 28.4295509575631 22.9632292050343 9.94850057226183 4.25723982090276 336.698268463782 179.184082207543
13.1651722616364 6.11538350693089 29.0435597568868 20.0049191687377 19.6001909644037 7.16753646984476 342.639682208843 162.30082626334
12.8671858473514 5.81840981006436 25.9542045987157 22.2242094049185 20.2774924527981 8.49370577715431 299.136923026411 109.511088350843
14.2850220100236 4.9134125796779 28.9203017561707 17.2261141081809 20.5884030492414 4.65398679458581 317.640880995345 185.699822510453
14.3818666447919 5.70267856464479 28.8094468765537 17.331358148996 18.8060922879212 6.95918535651729 306.661103366155 175.06956458247
13.1423726919427 5.61420728235722 28.8315009745322 20.22595167723 14.5279231269191 2.12861106202542 294.546349598976 168.59842618221
13.1844239428602 5.34194431027552 26.1509987596624 28.1123861473558 1.98965280453381 14.5525156563647 236.109076676778 216.10367268605
13.1696744839933 5.65063823619959 27.9231945745314 20.6336861275211 18.99268234258 2.44229240545952 273.426819750003 189.15879214726
14.3350070029005 4.45309873749582 28.319513884208 20.8316213499719 14.2384959810398 9.07560510804905 265.071941610489 201.455026204176
13.9799311258103 5.94949110741134 29.439724305122 22.6498064148792 19.9035912838455 6.70991193663567 301.309590145974 133.721659256613
14.4843067183885 4.58647585175385 29.0807193248217 18.9940881756547 14.5232555460935 5.42795597829979 250.879709585375 137.695461965075
14.1731959896195 5.08011641399047 26.6008342700639 22.5439465559989 28.0307559015158 2.30718409028318 21.1752637916974 210.06836313602
13.5270963268979 4.53209404675703 28.597814183458 20.8327150652636 26.0898412088861 7.66647593462324 303.879838866455 186.725333133422
13.7234386684518 4.0027824876411 26.5889251508167 21.7470801706066 12.9101703433778 4.05385594664608 316.263770080173 194.325627925361
13.1290204970185 5.60819710375373 27.7041132860942 19.6503027235872 17.1026312119458 3.86005254210393 359.743238858734 154.848244570333
12.7352501800468 5.91532688913326 27.7193319681755 21.7022687205816 28.003876827298 2.30215821884131 292.069052771052 150.910822968265
14.3600880831635 5.766073640418 29.0057761652449 18.8379433011152 14.4901171032953 11.9457925119189 316.874411892398 129.312023362087
14.0819054808964 5.20945921764078 29.3836242537558 18.6174026339244 15.3118284008577 9.24851245872215 328.809899241214 116.103209100674
14.2424087017304 5.74099294940549 28.7872264245592 18.8076047908113 13.5559262725034 6.27847943551024 359.198637395515 133.711669236427
12.4202540460075 6.08148430303499 28.8805890740314 17.127542930619 23.4166588913424 6.06724202156009 241.082828566751 241.379744251686
15.1523394636845 4.1692972809894 28.1824497106808 21.5982825109249 12.5042128006288 6.97093236694838 327.111760436838 173.15580200194
13.1125661296633 5.39161948055685 28.7781116183505 22.2975907071255 8.98348899233044 6.17074078233455 342.626922828456 132.234273045365
12.8667887491195 4.89122125665717 27.7730578035686 22.9842664158414 19.7253851132067 8.12435236038566 340.994402534892 127.044583913192
14.4955065608081 4.16002384864068 28.4976909125303 18.3717175522788 23.8387212957316 3.35739397546556 160.854940649635 162.016472634065
13.9124613227353 4.69024262045611 29.2560486863101 19.4301640903947 27.6444283157507 5.00930162753966 287.165502258059 124.551710821692
12.2866103876739 6.39107327882713 28.8742711549614 20.2839336960373 6.08415625433702 1.73982329836043 352.089896628242 107.081881299098
14.5294952444586 4.00682381814845 29.3695743334133 17.9114794135593 20.256414817034 4.63869944646926 227.746207736191 142.910448115767
14.2880165839043 4.25599545059322 27.6990393833668 21.1607809973694 6.65110637865886 10.4693887196393 197.799065486156 127.138976686791
13.2557602935404 6.29340961759599 28.157360924873 19.4092454054589 18.9978493264491 4.55253011444366 295.294543309375 218.45773178329
12.7805499164834 4.23655234310228 26.0301359989392 25.1591149438929 14.0147127725803 3.66060331248973 220.382478497416 179.406993883804
13.4816411787028 5.51143220524544 27.4222745354903 21.3398700259608 23.7190995091078 8.07011673999473 317.922260662316 201.076630108432
13.6202005253081 4.58826990172576 29.4413349463039 16.7728858644631 11.7846412141453 5.34840717640703 331.28297139197 122.614804607141
12.367441476807 5.63539721770601 27.5263330130354 19.6978103315988 14.438061630174 6.67540561675801 365.355867286518 124.153098801165
13.3501802219257 6.1657958955129 29.359326721857 19.9431940684454 10.2517970764591 5.09065827480708 380.257617086783 125.128585967176
12.8583312841552 3.84332156139741 29.4151859909599 17.4059814475808 22.2427477041404 11.5131969446574 197.726489580527 160.746687900143
13.374754541519 5.14222827141019 29.0456119238425 21.0294474991497 15.2401130685437 4.01005663054415 216.413921988741 197.534607655774
15.1114084720431 4.28087905863858 28.3664905756607 22.2386081396208 7.86487341726498 4.87122100256078 381.121749521285 94.6927664913476
12.991846341534 6.08138546184475 27.4327338383373 21.8328052062739 29.1172884687505 12.6031333352916 341.318061473034 148.753290533041
14.2973681395426 5.13476770939879 29.4662915641337 20.305995973292 23.9442996824336 4.45954981786943 253.599027670707 184.331767875054
12.9288408761363 6.11158742104537 28.7678094811766 22.6679015589484 16.3818728455061 2.23294533419038 346.691429571638 165.150207213283
12.6839720959935 5.74475643929067 27.9291646796504 22.8426839123082 16.7475068743803 2.00747225069899 281.177491211448 225.120563980443
15.6053462521419 5.62488392742307 28.788865957329 21.7453300401785 14.9136828750446 4.42481364643324 325.221617049843 141.686082939405
12.8265099584123 5.37699417146025 28.5322514786502 21.1239600868689 19.6264624158362 8.37442259908885 247.27654138297 167.519530219275
13.0789235839965 4.86856009245997 27.6255044711257 22.6910568723455 24.5449720061017 7.71412562556411 374.520473000077 69.773827443959
13.8875796226183 5.4020289397208 28.8480002078771 19.9707580525578 14.8498378161366 4.34463459654509 291.118555968242 146.240141079954
14.1970970973903 5.88286548021453 28.8219023372176 22.9545241596795 14.7443761177475 7.92216806413458 334.766005020709 112.440848868231
14.3986674904176 4.23112370181569 29.1113998493116 19.282118029105 15.9235391366384 3.33968800262033 191.611819582054 216.054366791561
14.1705809673469 5.90762910576124 29.6340092227598 18.1655088775873 13.2168048277378 1.6764824983668 231.446520030926 165.806551070215
14.930610706485 5.47079391334158 28.9874362616799 18.2701623446138 19.8472516832226 5.51676639886965 303.040604403178 180.769690151411
12.1040726566315 5.52846284059695 27.4929534369742 28.5596522583498 13.9051548409777 8.16187065591791 350.460550754022 152.401697383646
13.21647025852 4.99673235393212 27.961338516123 21.8533746117121 13.9175563466801 4.77430623482338 244.410742387811 166.10164211693
14.3428323084259 6.34341067098439 27.7018236287634 22.3808834863501 11.6464463765915 2.6782758035545 303.130024784953 205.770962037729
14.9377033470565 6.64515345072457 29.2140117712455 18.7633163731198 11.4761500918004 3.62402559653787 327.640158255103 148.255821889035
14.0910183744343 5.06879123714058 27.9123571934997 21.5122372701853 8.21898170791521 4.11385599509183 344.890090941027 147.377893846443
14.5493455905552 4.85179878618123 27.7035729268566 20.3844753102656 27.8792966324721 6.5398061311603 126.871592961012 202.602851258187
12.8821705884046 6.33378453395557 28.9473048291696 21.9076352494414 8.94986044121727 4.71741759359588 335.920610688039 129.377210504692
12.9755451883095 5.5751919692634 29.0378816812761 18.1135026396593 11.2380354347705 4.97774630466488 367.19449175799 106.234550836904
12.4821073026724 5.37118679529504 29.1428289493902 19.5346004809773 20.4590534931477 8.91786999349255 284.300871463308 144.597988045908
12.536129491616 5.42105990292437 29.0091812157822 18.5861905629536 9.71146453617133 10.5677808182402 359.821625902926 125.328294080245
15.0583758141653 4.12066206151217 28.0867005406219 20.0311188303568 15.9250601475919 4.30510425515367 249.148442841502 234.152841339109
14.5695196353576 4.27806506515703 28.8728086400565 20.1320243793703 26.7265998871461 3.66965160468076 250.008309750737 209.679684931402
14.732986221155 5.45234665447309 29.1028411080324 16.6066112339059 8.84341315664451 9.47044760102282 354.936420183439 81.8684562013279
13.9715307214953 4.53923851628982 29.0669926756194 17.677750064374 24.9200928798632 10.6887848267385 318.504248711678 154.535683483867
14.1677598577191 6.12720090279066 28.9162609877897 18.4125136968947 25.53899923407 10.0355472262651 334.786439846334 134.379032870842
13.6156448752905 4.70197024844681 27.8934515893561 20.5523455501854 19.8778567394109 9.69355391082259 224.192113987806 65.7099553594239
14.1884962971283 3.60071340946676 27.6754316225434 19.1912725309926 14.0525042279164 4.93549508807356 294.43012020709 93.8744408824505
12.6002326207095 5.14263201209834 29.019108936472 18.5434322697631 4.53844162875452 3.05418548246608 360.126997199769 156.18439856844
15.410736331449 4.61393099647319 29.7070934143618 22.7251486257416 10.9175207270368 2.92960398395771 323.050438076001 178.47612020704
13.6151973966174 4.78058155075001 29.4025828505144 18.8383749614318 24.1986451613032 4.74080360572557 220.073767933004 211.550789378531
12.9964735827761 5.78235201270959 28.008937828296 20.2211580912695 10.3532214559279 3.7044746953212 340.958552416062 129.66303624481
14.2639159355085 5.81910175691606 28.726139707458 19.5296685102533 22.4242421076986 12.9205553182901 316.277464425371 125.678313021261
13.1881719403455 4.41608704651154 28.3337774318205 21.9080403669345 18.6631159527728 3.74429226472757 227.534758483978 181.57720571152
14.1086900747873 4.37655072774656 28.8652936970242 20.0248741603512 14.9349186262025 10.8319032178425 328.418407618226 146.200271392934
14.1854941741673 5.89761611813537 26.1581038419564 22.0427781100819 11.1896176415474 4.17000403527505 350.644000143949 134.591923435225
13.0930289860377 4.26864070266861 27.9828012428558 19.6094210367764 14.1529757481492 4.32673201474688 310.831739489807 178.521278436765
14.2723749367937 3.91148543870328 28.9765022671784 18.4053277543355 14.9900613783271 3.00398632288322 278.471938176019 172.633068914342
13.0931687900442 3.95278799544111 26.3899527529298 21.5703593487411 10.5090264132659 3.96479528938214 257.31219054745 207.601975933731
13.3907239661804 4.39763410934615 28.6788279731379 19.2204339705794 12.0729307122137 2.43064584016736 283.917148391101 129.747208992001
13.2982688416323 6.07535270421904 28.6971791528255 21.6665850216609 15.4360361846153 4.78582938819482 322.233098413289 173.840160554227
14.9888353546751 4.1044960528611 25.0217952843884 24.6895420062898 25.1943450019826 3.48910361015646 260.647172870856 191.556533095895
12.2730638319717 3.82212574667806 27.6919156077759 21.5977386269612 26.9690454373587 2.3541731186098 243.345066441078 183.66117629733
12.7847445992669 5.88576951460672 29.0018571420246 18.0719122538684 27.3750148509654 1.59495644368653 163.540608099035 167.924418095287
12.4646467328351 5.8083928033302 28.0242322368523 24.1780633627465 6.50743154260393 5.30275121712408 451.970368880876 73.5886227621839
13.1111112797795 4.66411580796468 28.7552576320512 18.5935442068682 24.5775192543443 6.68046200794066 286.024971136405 94.9720543733646
12.5934011721166 6.90247854439212 29.3048195124073 17.3322900409722 13.5630072606481 9.56858243239446 277.946456507412 216.452191012523
12.6859913122917 5.38250886277393 29.3292049787917 18.8304697499478 16.6502321728643 6.77370095649113 385.365143026079 103.631404055595
14.2059412041283 6.00640765919874 27.3034534130149 23.348584206074 15.0870000360073 20.2953184525214 261.050615252438 132.351295523191
14.3805144836487 4.48580056278821 28.5207408256186 19.0309597763686 17.2027357834309 3.74626594505128 206.617085456202 106.549447080488
13.0174119425593 6.87420417233897 29.1734411065195 17.2757366041069 16.1560564977505 3.88171561599428 312.772420014459 160.975287093671
15.5917375287053 5.88648853165557 29.4092934970073 17.5396596379905 6.689530767319 2.29545287848837 54.1919466059213 142.070600698635
14.5778215693385 4.17731436310789 29.8556877670935 19.0789410464734 28.9715756785039 12.9015123215755 289.496900304675 174.627676709846
14.0793791128431 5.24783692774687 27.1665153092973 23.6987831066001 18.4230267305317 3.98142807503941 273.795505534518 180.655763208254
14.3822192533477 4.8687329295662 28.4074495266986 22.6931903976067 12.7394615721511 3.05670839622455 208.772350174137 187.253509028658
13.2595383870127 4.80837466514263 28.0891748909021 19.544892685313 26.4844839143225 4.95423185987288 321.082935705372 172.089527555756
13.2786688029266 5.43987132226648 29.2586767463445 18.2043484997841 13.0844829364866 2.3320020249139 303.205266280712 148.499741909461
15.0997000192468 4.79258024134327 29.5613189317256 19.7695917698314 8.90759487184453 10.0445338905402 351.027406053696 97.7974402751445
13.9263042252708 6.59330844840732 27.0860945508016 23.2824706049213 14.292924489158 3.07238293082608 311.802062192488 188.262963249057
14.3276070454942 8.77974071754498 27.3369881597376 21.035027204947 28.3045408211423 14.1491615138847 303.824252698399 180.565594781548
12.6621616857394 6.10181326574843 28.0258341606614 19.8362988233079 13.3687957823139 2.02038693758578 322.130110506847 177.192588352952
14.1319958017851 4.31874884464965 28.6628000327206 26.7188634410853 23.399026091409 14.843521487871 270.265769627994 189.857792588339
12.1897608007088 5.65120708827088 28.549631960913 21.7167507817662 8.7387954610505 11.8927786102559 347.984924879932 165.550406263623
13.3364861413257 6.04283899244588 29.4511171739675 21.4683199146758 25.9021321738112 10.5929180975845 330.851662876266 113.431842455943
13.9658528286388 5.45622630375898 29.4984115290161 17.6345259437772 22.7371951931544 3.9013429328776 236.439691663661 192.813870666223
11.6115994411739 7.93237801536786 28.9617836086835 18.7184245691828 8.72939903146377 3.77315340652821 272.751351133818 220.724328422076
12.4789024994553 4.8630547265049 28.9309961870227 18.9083169657059 28.4219430880893 21.7516530595007 109.480975019056 134.656518704269
12.804753606586 6.27606751554492 27.223029617081 23.6519820012676 10.7769983175334 6.42232459815933 336.619355575495 205.445721260901
15.4704945224058 5.83480878191054 28.6240228133774 22.5396670910677 21.6689486220889 19.3265052277184 325.673444800977 123.534548084191
13.9333737714356 5.51611662650663 28.1629346072707 19.4723394646029 15.4687687430416 5.961432107852 257.639572364923 178.107507249007
14.4080748002729 6.32980960961347 28.5102180182956 19.9276333317298 23.3080617800962 9.90541578572976 340.180717384012 175.290355238859
14.2336759489135 3.98923399218678 27.9795274593123 22.2761169117192 14.4843748159272 3.98008310628446 321.931387055065 135.187381742487
14.1790423247303 3.59839864811701 28.4484749198379 20.2929256290994 25.8647897442624 4.48741368668929 277.187914181315 188.692510868103
13.8563310503731 5.62816826964096 26.8851905155121 20.7826629346027 4.72281666994632 6.72525533849979 361.7721313138 92.9221168890218
12.8453165404517 4.62852622655309 28.18234364323 19.9662515158312 25.3715522810431 5.23905238899116 304.610081638118 176.926241763906
14.0505084905125 6.17109798792367 28.4343111762792 22.9878361662072 17.0773835869479 3.758795854819 258.159210538336 187.547461164612
13.5582074067427 4.73918354678814 29.0697824352232 16.6967666561453 14.127256298482 12.8594513473936 396.460969903566 126.79012032146
13.7784268461475 6.09321831017662 28.869300124831 20.6422126349687 28.3512933645061 7.27149440745506 303.096991150759 112.655425836654
13.7781954390718 5.88471141961293 29.1792110267153 17.5711199498117 29.7624333808411 5.47571921571224 349.449052994064 137.767838630706
12.6205948153416 5.55489398306448 28.982679332714 17.9061720531633 15.1955543459835 5.3400779044941 424.789158314016 97.3385211006867
13.8680929173274 4.72107756432685 29.0081678174158 19.7742963648425 26.3996388488181 3.54681050947144 204.765387687211 209.370525452809
13.9900918059331 3.24759106502487 28.9828680518847 18.5492248663396 20.9336778120863 8.54403737544721 272.435438666958 145.078041100091
14.0281409174464 3.44605987917675 28.5319805361719 19.6418315371022 18.305973383954 5.68402886624432 226.885922598221 205.112971523817
13.5679429230951 4.63689260970458 28.6077080509834 18.7091192426624 22.5411537703729 7.42367527437235 248.11873072591 129.872150592705
13.829308309579 6.05623096913911 28.4470735198142 19.2288373223449 9.40279662439144 2.28816256682853 348.417066875435 155.483899145429
13.2586300039466 5.86977203416954 28.5323724644825 21.1505324000595 10.9900499492086 2.45423365577457 295.872521471535 158.653411501959
13.0209561103226 6.00578101918045 27.552506519493 25.3795530304649 22.159847506683 4.58554080138129 94.1342794730204 240.677572010033
15.2249582777199 5.6346814778121 27.8185967965645 22.8078658828112 22.1416899563951 8.18228332291819 268.087586694183 87.2943085769623
13.1877257798317 4.77555008034559 26.8139074420378 21.8871489019361 25.4593185740061 6.55457972098477 317.39988229753 183.626790770273
13.9600159334796 6.65077418949153 29.4962794290476 23.4188835589809 11.5060684269477 3.37435106635895 308.607425742561 143.999369915132
14.5124587368812 5.12472200649753 27.5085658812317 23.3092357355115 25.8412460645876 2.45328867246716 178.873668921176 280.987555815743
13.8321426592225 5.43320343202022 28.664658876713 20.8287251286485 17.394486067333 3.20149108280032 299.960431078304 174.712685495041
12.7596569870459 6.27221971329473 29.6156728391596 12.3052292464357 17.6082299686639 3.23271486594495 234.805971489248 217.168910315298
12.4536545288643 6.05769827866942 28.0029577058783 19.1346062452683 8.54265238763086 3.9606157996786 330.679329222524 77.5226761551443
13.3482101834754 5.53834710442233 28.7248301576901 22.783960338758 16.3599725226853 3.41848177701122 262.009678942926 195.79054522354
12.6141919749076 4.58032823738147 29.6159388802222 17.5329278086313 20.1138616223986 10.3150241018303 279.724959976591 83.9243737687076
13.5735710328712 5.68675142208059 28.3655290066451 21.9591673801318 14.5154716056544 20.0332919975159 306.565647480505 231.065811698634
14.2613510070559 6.19839337545307 28.9941915865176 24.17901215801 29.4810942734164 20.0508484073771 351.113907991245 108.441933116708
12.5090164455135 6.09941584246573 27.8703719168111 19.1251729523093 17.9866912598788 8.21759422406197 173.397607708276 210.919864537725
14.8601441408127 4.98058938710233 28.8320183561274 21.7435911678713 11.4873847430447 4.84999757787969 299.141907936497 207.498190371663
13.3454694161696 5.63523051255749 28.9751661709393 19.209668126931 18.5993175145765 5.87657218994933 207.626117566461 236.352661926141
13.0336968909538 4.98655408841629 29.3040215954517 20.7444029231789 27.4365649328591 7.29973272006826 284.361774620774 93.0633467702259
12.3661229777487 5.7955864451841 29.8462055874205 17.4321666989187 23.5242808860467 6.07186376788563 374.678838523261 134.374230292503
13.0093852258715 4.815079752152 29.2617086996814 16.6543292617304 22.8276015818122 7.24696899796357 232.918070718006 152.759564894159
14.1798259279304 5.12988397431504 27.8175105575346 24.413392345829 25.0336049285977 5.48783154063605 241.117660497538 190.572042111149
14.3060239602151 4.30558634644318 28.8951093203098 20.9471572805948 19.3809593211355 11.1827735769513 351.98758178219 126.649606511183
14.4257278381886 4.5759189123881 28.8450032732191 19.4538536241097 12.106350706634 10.1397276971087 396.750221701705 111.891749194007
16.3417841207667 3.91304709618215 25.5847650287135 27.4083709411066 5.71785119096678 3.1388512113725 353.391750975417 66.24791093891
13.8882070182432 5.43139779225947 28.6735252346794 25.2787120210346 23.2796090553773 27.4772986232164 165.778640606569 237.860832230447
15.138177566006 4.59815242529471 28.2403199387577 20.2973883299534 28.8932452547683 15.7590071399242 294.886755285818 182.858956633859
13.289261540574 5.51604249144957 28.5175659966619 18.4673370386875 23.7139502990687 3.42312779222706 243.184960184665 184.139201297443
13.3277440740573 4.82988105993591 28.081850059661 20.8057390461696 15.112961563114 7.0706340555059 364.329572519476 133.16131204669
14.6466736127553 6.2976506190231 29.4931586393206 15.5949613238264 17.8532970591566 2.77512702674747 241.171946579953 185.328371269393
13.4711552592743 6.47852303699112 29.7760098707702 21.5773934378003 28.5349418395106 3.11792490566027 260.273087524383 182.431593169569
12.1596038443353 5.79841134720593 29.5398809217935 19.915938083242 7.79791143420723 6.68319266951946 297.484954258301 134.661089775842
14.1650694656675 4.01528172187784 29.9820274232666 22.234703792345 11.26300751475 7.24701881142185 172.160154578881 75.2337576394993
14.7940823395191 3.01624572535837 25.7501422431357 26.2323064165013 22.0689300428891 2.80103588077955 266.743996379459 226.314843857386
14.2635319398171 7.3011668214001 28.9445498806607 18.6123526902325 11.8977946526723 7.73266010122494 222.416468766519 134.484458139222
15.1389520968797 6.42228953608371 28.529169166753 21.087498956126 9.24124738971113 13.0086737542272 340.442403113353 112.392572744745
14.3592332156253 5.30432733587625 26.4194808467406 23.3135241335902 10.8106622729697 5.5037284512416 329.547204246958 137.696908925664
14.5387066795299 6.25960894776793 29.5720074142034 18.5369032279535 18.3810586479077 5.26470129437575 256.558534515793 175.879656063338
14.8923533160625 5.0452757943666 28.7608004928939 25.5783218410432 20.4433450179995 8.35745463478168 272.10362644352 140.294884635472
13.7765959840009 5.24075983628023 29.0149638991923 19.1059733237605 15.8880295714185 4.47383366975948 303.363768065022 115.658140350437
12.4838859868602 6.72034734718726 28.3579236829342 21.2104765182422 24.5857125073005 4.04893212932054 373.163493598025 136.895370139121
13.9765134522369 4.66637928765043 29.5340577797879 20.8018646971954 25.6056706981455 3.84655378154497 264.211866294176 240.190505054464
13.7133875852395 5.29942922866265 27.8229517648289 26.262352552729 21.9871931252102 16.1087526589394 272.661750486538 118.551141250673
13.0365876076009 4.89454836715034 28.7836798017083 20.691021124249 29.4884903757956 3.68067119843124 293.65353230094 142.648881291071
13.3193982177773 4.67896399026079 19.4311661830833 26.9039089884941 9.16272923668592 4.71277923332239 231.248282846699 200.093580457824
13.5911421261202 4.67594318478363 27.3466707525786 21.2959655246445 15.142680739964 3.73822403104083 307.541925844791 180.296881988752
13.1552903810895 6.06094162259316 27.5203789453914 24.3781959881966 21.0216628493545 9.16777061619856 313.507850008609 175.910202151026
13.1907576984355 7.17654106985864 29.6937722112229 16.4436729984481 19.4859644175632 4.14580458384307 333.229317375542 196.508723783252
11.3570030825663 5.31698022095165 29.0316654992054 20.6268797761955 11.589628587042 3.68668038530645 302.68401562395 61.4440215709357
13.6211025321193 6.54060086495506 29.3646142423622 14.9445769393227 11.8935418692965 4.61596518001605 358.128741603574 80.412673937535
13.5828102899588 4.56575359354967 26.259488391435 21.783172259901 20.885886410781 4.61213119568388 246.443384830268 162.82815171423
13.610294511564 4.84632017864399 28.4130713082741 22.81129613031 29.7420066391345 3.57625650922203 294.855209028066 199.130335803325
14.1363367644604 5.21615404089058 28.0683851853763 22.5331244478023 10.5298042634419 3.33796653900615 236.989711428084 146.342189653242
14.0359499703667 4.36977922372882 28.199836884395 22.1143333032708 25.3460851287332 3.5351196343514 241.676537815896 152.340721109692
14.736012188709 6.04342936791412 29.8216231835655 14.9317052315088 27.0308945272578 7.74616305399517 254.440404204386 134.950546050489
12.7836645361908 5.23325282419838 28.0937584562351 21.9975381226378 22.79058849426 6.91284576957033 252.074902644527 122.714703620728
12.812474929662 5.55165270060897 28.9212206272463 19.2796363291547 20.5753578827862 4.08681307293642 231.672786304402 209.676426915701
14.453631299536 5.25554890697737 28.0163714398606 22.2923700950119 27.8624891272582 3.97230153522724 234.030552318065 182.663368731426
14.0428560404828 4.801429668475 28.8632436404528 19.2061163704868 26.4250871922782 15.8874152987324 250.741835876575 164.335649294388
12.7240685465316 5.23457347032795 28.8457075015975 21.1937772855404 17.808453207344 3.98547404350685 290.380372195547 176.217805057898
14.5365900773141 5.44981102082157 28.3050218603355 23.369075877498 12.4262082820354 5.12158095932214 385.173103474891 131.50402610748
12.9825064843435 5.07026506002846 28.9997930585509 19.097269087837 15.7759444567388 5.0142095495935 262.79600718149 195.674315147911
12.6126543680858 3.79788469411625 26.6148090660645 26.5409793565565 24.2966589578804 5.34144620796832 227.494042675053 180.780952888771
14.5074148559471 5.91585269475058 28.9262283478711 20.4417276241615 6.37682000664658 2.88045546802409 362.062708557404 121.12643506831
11.5375696390645 5.53053700520606 29.8864619368015 13.966439758581 8.2860912611819 2.27511284256195 190.363181051849 278.050264490479
14.7969002834713 5.10189975558231 23.4252542886891 22.6568682415525 10.8292652211233 8.70715426383219 315.244224537902 187.544448516298
12.3075039229477 4.11819621965003 27.6005244293835 22.0303187148441 6.30184160125165 4.41680191727043 307.57510214838 170.656758178861
14.0691779732735 4.30711445721151 28.7902432403876 19.2274257699855 25.5142182146919 18.3431273243827 316.81016064663 191.588195500125
14.413912510356 5.56689527533405 28.8352784110432 18.8199105651194 15.2081303627613 4.18155112541419 342.90973197183 150.58300271832
14.0851871198053 6.62584384343524 29.0229760893616 18.8208255474314 12.3125499091269 5.02596793292082 299.640337631076 123.753452233023
13.0454283038917 4.15258134384927 29.3241152657598 18.1289799933225 25.0784080174411 6.34435828057264 231.442361031448 202.9115807671
13.9902737335897 4.20371984727411 26.3465155974799 24.4227222901288 20.2017331767607 2.80387299355416 223.824864147104 192.035695867112
12.5308933508596 5.32664688256763 29.4614751895267 21.367287910149 15.6501475509891 19.0878142242018 351.189142660364 98.5092152863819
13.4939244446229 4.09937530234472 29.0528758371388 20.0742168163462 28.8962325330044 8.34728855348788 285.772012765752 125.92876126953
12.6551473007091 4.81323755677335 27.4556330251109 20.3713770103842 19.7067171848119 3.01990201954281 305.058033643708 199.725995063615
12.5525573816889 6.31764542179034 28.460585009452 21.4309607950909 12.4913794071815 12.2447666998436 329.704429734485 152.792288640243
14.2508081778631 4.85717596101503 27.8442698278324 19.6270793571862 23.4408590450676 6.48685571872095 243.339813921065 154.636411291847
14.7258772291821 3.92083393767328 28.9603681448173 21.5365889592584 16.446935306786 10.0442383459969 320.221368829725 118.297460115001
15.753084898059 3.80648317936559 28.3300570727258 20.2044172619267 12.9366464845905 4.6005522170515 230.426885387379 182.259644774122
14.006609060984 6.47887930300185 27.9038099306266 20.735636565945 9.6588716253329 18.039994885754 355.636430116707 124.920365698577
12.126939222749 5.98033374927727 29.1213321414313 21.4019489241673 19.9823972442442 16.2463289957301 418.632394044148 112.225676048316
11.6996746285289 4.09252436449735 27.0539533499938 19.960678037032 9.34163007208417 8.71457905735293 362.335681231245 120.50083198606
13.6112715344357 4.38540134075312 28.0560605686678 22.4761822021847 23.0533282030547 0.912553099828328 150.990984974939 131.328306143684
13.9101145866418 4.29566607338283 25.4979085648954 23.9593106811812 24.8357403031678 9.96596809513636 297.318349316218 203.050901303806
13.2959202962603 6.44253914238653 26.8799565162525 23.4867412123024 5.71199212308292 9.70733912633535 311.135075261777 166.146361203349
12.8487429802919 5.25729870752629 28.7168676130889 17.3543829873467 12.9339751888893 3.35506868595011 177.274364751516 215.380525679687
14.1593203111472 3.72301794979863 29.046731976779 18.3172659319611 16.7657915304492 5.74310999215989 297.30271173603 96.2275560958239
13.8385156459665 5.26333267443266 27.6060002565128 22.5712449017726 9.97312630619361 3.58964143301743 248.636284242482 212.321457710342
12.9763059637797 4.92554089989978 28.195765544768 20.1751798959368 27.7068010408129 7.2746257906302 283.338794481145 205.966148657826
13.0155105576962 3.80716316756267 28.1268017012746 19.9860652326221 20.6883533174087 2.90354584838913 224.609920689549 235.165544755229
13.196953602386 6.14454065467905 27.5433833501829 21.9749692307113 15.8307224673026 11.8800744872721 366.995874008915 118.130074662228
14.2788421316111 5.41557237093565 29.2780647530395 19.8118967797868 18.9519181817707 9.20599071112257 325.587785004612 190.607791226861
