3.03530152333504 17.3919478219273 1.55320497726855 11.3603901335136 11.2499413776714 25.7776024539147 232.2257149213 244.282799138813
3.96522712121991 16.1057741291577 2.62695629411912 9.79952388079945 20.2165474561451 15.8834404421105 212.449159440929 259.698669164171
3.28627342499616 16.208959689064 8.48938337905956 9.47963061990611 20.5103551942665 16.7436763066182 181.051579616579 274.607251417436
3.04551922646678 17.2214209374794 6.1239626563653 10.9303077662712 14.9369540324834 14.8798970222652 208.838352347411 262.361926921803
3.5038620399104 15.910791437181 5.12407381707702 11.8808229761219 16.2613698314992 11.9029809555802 228.640793221617 230.731604264168
3.53175731167362 18.0020313314412 4.26190284590335 10.2154664582754 19.7414096308397 22.7218025876029 200.086376990089 274.576447378589
3.12288988815482 16.6776781210822 7.78166667099354 11.1295881259842 17.5421465017475 13.8497505853259 186.903665718599 290.799465862823
4.13669880519681 17.7851691338254 10.2668640065286 9.86017723776775 25.0769918704656 15.332673493083 166.41499174422 281.883477264413
2.85878160754703 16.2729687389268 0.388539039154053 10.1151739356987 18.0903828376204 17.5140985352834 244.293686984805 258.331570378445
3.36893578628362 17.9687719969326 0.0994806199185994 13.3763549158644 20.862115263442 25.7665057884673 226.803096641546 259.120890996183
3.85392480008892 15.7352176609805 6.01203314864681 10.0588867241446 17.7586928647641 12.0278063551318 182.116382580222 289.293599659028
3.15367137936907 16.6249994571277 14.4935495749771 11.0663295000818 19.5364653075622 11.8578374335079 213.205952075495 281.910088661267
3.78779151250672 15.7180827030449 4.95708621037957 10.4355651390503 21.3290446942708 13.7450071673777 192.163856041785 286.820231908698
3.31764404950929 17.0017246686084 10.6412155594106 10.8078300207923 18.8293004083043 13.1619174656304 201.436664163762 290.85411644372
4.54447615694056 16.7180107046757 9.98040455381354 11.9879406180972 22.1260955015496 20.5307807100286 210.291568132209 275.173028103958
3.35093038255229 17.8496710972025 7.46949549061164 10.482891448106 15.2802513659703 19.5586672637604 224.549321512284 242.082213838382
3.1381433566085 16.8315528220083 3.15706525701353 9.5529439228762 16.8499908933341 19.5783054310897 224.893888674406 255.401539865192
3.55275072392872 16.5955018354193 6.33264111838498 9.04530457100378 9.34636436987627 22.5140814279929 195.952868902804 238.588734624113
3.30776145834181 16.0872207245058 6.81530608131681 10.0261750346355 11.2333962278516 23.8356130405052 231.825272819695 222.438852206271
3.57595340087928 16.791680659362 9.7288691565342 9.90241477786759 22.3279107807129 22.4550592216223 206.032217302393 292.488402696847
3.54567995671617 17.8790017862974 6.77430144255829 9.21622003336723 18.0353660170408 15.6125994459837 197.954800411351 273.244508925008
3.70916926187017 17.7273213216528 3.83589156969171 11.2284232040699 23.0837099614782 9.60872356481219 164.657090140858 299.226172734892
3.75562378756778 16.5470000381002 1.79990004486464 11.5458168749843 16.9165738382804 14.7097410740873 202.250798012777 275.540288789162
3.66099049734949 17.6053923284321 0.985344911630252 10.6144644873831 19.3975164921436 21.7740775539134 193.440357436261 282.861118903614
3.14634816921574 15.9681151515016 3.04671015961077 9.89988807729378 14.2829358374549 17.2365273533808 224.197468808389 273.593125759934
3.53388019476224 16.5568473625494 7.29881518879752 10.3338608614475 21.7734199759502 18.3359372801775 193.336859182263 278.052602395522
2.86719587759159 17.3435478656694 0.493978776036327 11.1719253829817 17.8565797409115 11.7874820109764 218.919290105545 276.192366412132
3.84811619124186 16.5583942361106 4.82937787117977 10.5370523823938 16.9999501921896 18.5308014331713 199.929581384176 240.385793276099
3.5619950741826 15.9930937013131 11.1769220405448 10.1124046645043 23.8841519850974 18.792318065623 192.774438100647 274.077223566079
2.72909010556431 18.2476799654853 1.49607423079517 12.9420748947454 23.081163219933 20.7018153229261 216.064816477367 288.968493163765
3.51427358637097 16.5748457864527 7.55101614922442 10.2347762598502 21.9434757530652 12.4389165820478 183.686808793859 289.024099989378
2.78883944011941 16.7852612640049 1.71796965787652 11.7899107554268 14.7202474823512 17.5967663348698 185.951553623559 290.257107412433
3.44169437759675 15.9199472288583 3.64960866709658 9.97057072506966 20.4222001477778 28.1682992551809 181.884343868302 298.662536324214
3.11866766147645 14.9937370756869 6.10588543769897 9.62733581421674 20.600514855432 16.3256672559816 191.950971822764 276.174732771576
2.90775974726802 17.2867137642152 2.43675304529122 10.1593383215801 17.0360968665219 19.1426897958001 216.47648361125 218.539918832855
3.49904033484729 18.0724851615271 2.85536065409827 11.1376833865499 17.6663173967962 15.296478396486 219.760993298273 275.469427362581
3.30246673092427 16.2936430545767 2.30468029358848 12.5919855376127 17.6139625845942 12.2463185528656 224.632544339736 255.739325158192
3.28522028550717 17.7697509787649 0.185544593442915 12.9047626064283 22.2031736550086 26.5604548735528 213.697436829858 285.410619436205
4.4993467554175 19.777216870453 5.03049648424098 12.1928358880263 20.6827467626353 24.8574838865374 204.635825932514 301.15195494946
3.72968314521025 16.6890042473516 1.5170490751935 10.8383711561597 14.3339385368126 15.9110732394294 209.107112730812 269.827293712923
4.13991515211976 19.1021845215814 1.93724295006846 12.6461749689344 13.8993968664985 27.8920542302825 251.951473234057 232.369861374733
3.28944947290255 17.6911450605445 3.12678988307885 11.710193572389 18.7268715369046 16.0373519447006 214.305282582386 280.547522216881
3.21908359562129 16.6460567051653 0.426009734029835 10.2000132285837 12.0662017994072 7.73090291023173 212.521283918338 276.049520035965
3.15014516998053 18.2182238974736 1.97775389346088 11.1567661691857 15.3113356697281 20.2607871454792 198.015521729335 276.333024219851
3.19030496671459 16.7814439999174 0.0247313481340962 10.2456656639604 18.0476233045707 25.8708119544991 232.730715290364 235.352895242979
3.14913825774641 16.1630413582091 9.5541158389533 9.83425186745724 14.7485113756473 26.7512983044071 223.532015217789 243.970627084492
3.16211102642384 16.1970393037301 2.3712360574445 9.81284408477971 16.5317731712372 21.3328741920836 216.665729497026 278.906918444385
2.71335688008063 16.0955550355527 11.9530863078554 9.43995122565912 16.252884182441 20.0126947120885 211.159513729591 261.536842293473
3.35624408345869 16.7549282654451 1.07638979871708 11.2111846829613 23.0014650985894 16.3857585616066 207.324766088468 273.454082412708
3.21993130656743 16.1261700232846 4.59923364164453 10.7304974066231 21.324106882057 13.3633263564554 214.517459444674 265.542014139506
2.69041372682357 15.7909935989828 3.14961178013462 9.60645819036459 17.9491138114105 14.4186033021956 219.472368232754 242.824002050125
2.93269853202714 15.3617035424094 14.1878854232623 9.87903398603306 17.5673792025287 22.4077950090811 228.131882022944 234.755062700823
2.89744990447089 17.5778188646552 0.187786182393619 12.1891982005943 16.8638384098338 10.496219295429 194.808199815929 318.726767315341
3.02759795394172 17.2264557994667 0.0361844402107297 11.9817562693999 19.7019766644429 9.14656222417386 191.186939341028 289.688768962327
3.72895966658919 15.2052946214241 9.73356853926566 9.88834601418224 23.446055756031 14.9105050418477 198.254214587885 244.779718770308
2.81929330658696 15.9832930563116 11.1663409272599 9.99177439717495 18.6342613262607 13.7908741805207 195.256161566503 264.539696497022
4.23101077714041 17.3297771803768 8.85697270285031 11.1517994866923 12.9802402441725 17.4645599971454 225.169471313233 254.172617338497
3.11609364141865 18.0777387503684 6.3168011322352 11.6912987133133 15.8361593397262 16.766710637594 269.79033936532 255.010062012732
3.60766038293939 16.7182698071441 4.27062478764882 11.0692816167812 16.3694718928923 20.9342771265058 209.877882105431 281.338908372314
2.86417114295893 16.6127753493962 1.34667664142866 9.89533907304333 17.9829951986341 20.3763439169914 229.926083974759 281.998105239565
3.2441905238822 16.6123177119303 5.61617147057958 10.5552800805024 25.8456554598576 24.419674510263 190.95095225208 287.488776935513
3.72560360706064 17.4581848633323 2.5734433681281 11.1330903374629 22.768995561387 20.1305067623425 201.039575975826 281.61621924316
3.2734836686595 16.2960557299332 4.17504058314058 11.3779283036277 19.0608665620739 19.7385432171582 205.340488683046 287.855241663553
3.58933135723229 16.8174659469812 6.9557302093655 9.51346111118628 15.0490140369516 12.8099783164409 207.663026630321 264.033141951508
3.51570205529062 16.4894644784636 7.93930235520994 10.1484983963705 17.8864141142378 15.7799640538384 219.415650243243 261.16484875515
3.49021099633818 16.8992491963151 1.96325255210552 11.8999912839464 17.4851047561448 21.4663737476718 217.841481001239 255.204149147015
3.46688782221881 16.3989453239711 1.19290343613157 11.3232040421254 19.5061457185986 14.5655751012952 195.2017459366 294.984394954304
3.54908464507144 17.7733765021107 1.97558753167602 12.1708049471745 21.3037046684693 21.0945459148141 195.329972201031 284.307968029472
3.31619577352356 17.203735586414 18.3095580631897 8.6940321523138 13.3176426928523 18.0223118730791 190.785077247335 254.861858825166
2.92150122660078 17.7473095852335 3.12696362499074 12.2095034891733 14.0033045162987 16.6750846672821 240.833939522304 238.451394787111
4.02451382701092 19.1659936987731 5.90598325799361 11.6838907034286 16.4514855797555 27.1258701802794 205.593540652319 287.353455274877
2.91003457123023 16.4037735617569 11.8346734804799 10.2223858646533 13.8717149909363 19.2586310497947 235.924122727125 245.470721211227
3.08977364000209 16.6877119504099 0.784249076179051 10.0838091993922 22.6579614812376 13.7917128398468 203.189836420161 283.543141846109
3.64306762651318 17.4279701674119 6.37961911347786 10.038934847357 15.718611503949 18.4464834936462 187.963352490688 270.57258837357
3.72219154910824 17.4349856527497 0.000955761837455113 12.8540174423352 20.7747615370217 11.1684435007671 190.390909369817 270.758044354636
2.71897854074468 16.0315758769367 3.0979208058094 9.449713533811 23.0426280095493 18.1366250975819 194.121469664071 271.667108775505
3.65039071924519 17.0898591491149 7.57052761435027 9.6879590220787 15.7007505881768 22.8300857889593 198.835255470411 268.718412834579
4.24544226686855 18.7329350526159 1.14658739095523 10.7276149293649 16.590176690561 15.1604256151047 204.677111922539 260.845967190432
3.82531579814405 16.527008650176 3.78133117250672 11.8930202165183 21.2090723838682 12.5644574149701 183.715620160384 281.541375835426
3.97062775950611 17.5351585176456 8.16276992868367 10.5792242406737 12.9281137127712 13.2353817024332 222.540539150249 273.190968273762
3.83086652640053 16.526966281439 2.98605184798957 8.73596303929754 25.6457508442535 19.1360361355339 193.204744064689 253.375155869817
3.33721427780334 18.0021493191596 3.67410913333395 10.9673071603669 24.7178644047373 26.8064356017784 189.733531270411 261.564516659709
3.30438289712907 12.4585791755025 7.26952906811287 10.8556711491954 14.8839771925151 10.0568580737655 247.467075946423 185.99004474778
2.69305944374759 18.5397831816984 0.78340286164041 11.6835650999504 19.1227742653458 18.1391786699809 201.791868621536 247.731287873587
2.74012062161639 16.229944055045 1.09736743623361 11.7757919757006 19.1451692280196 25.1064582681024 200.537443422848 255.666108575434
3.49162772771966 17.7332924110114 1.20385348514389 9.5618561585563 15.8873003455522 21.8969384338986 202.321314494794 261.01437758333
3.4469362288245 15.6866985550197 1.71564636867196 9.74045284150964 17.8313424118941 19.1650916939657 202.537842719028 285.824560860023
2.80558193801685 17.81212238149 12.6250938521179 10.6648925375343 14.0162429133487 11.5454612957136 206.100222711446 233.424306288172
3.04337196840344 16.3663400943336 2.88656027718757 11.4856545860401 10.2758514345552 16.449947251833 240.427239590185 232.691394776242
2.99849623299118 16.5918958690562 4.47660785664017 9.99168905012433 16.493106177293 19.3798546458589 220.262222391435 258.722894712624
3.45010886252895 17.3996362901445 6.35971691393666 11.526707925925 23.4993349853989 14.9193413737707 175.910256845266 269.481250868252
2.59894035657375 16.4536596078067 0.666200366385114 11.0336225272402 13.5294192611023 11.185683723619 219.754468532131 285.031743049113
4.15677694953113 15.3762478434495 10.6997662841373 9.97955616999728 19.2823398228251 23.9624793285333 179.02749231936 261.972696814092
3.33840519355854 15.2739358962529 9.90065923548502 9.9993687876355 19.1285640876352 13.9519136781218 190.171877279758 237.07032186027
3.29720002677458 17.388243742315 0.839213397889161 12.9990537908928 24.9345420478571 14.4983581991941 228.581757040243 280.494253795685
3.38803683515375 15.417348018023 7.04752647433817 10.3868910242474 21.8189328610068 7.09259311357575 199.929409267361 277.900848181492
3.77928176092016 16.077137884727 2.6773801500919 10.6214262609317 23.686422454503 14.9937587834209 192.681004153399 267.276491771054
2.78605656337889 16.9974802832058 3.78277174109807 10.7315438651485 22.7976012387222 6.35993477705484 196.455891738502 287.163710951452
2.61061205412599 17.2595762113257 2.79758225972771 11.213393933289 15.607019985507 22.4104549806072 227.011150283316 250.657514852579
3.21727810537836 17.3619246526336 0.794689095802099 11.7907901225395 23.2707786786035 23.8037811963397 198.174435279135 270.732709855748
3.35728644528568 15.9868844504889 9.4190155241491 9.8896413369349 17.4584201539188 16.7839023261908 226.30080435166 279.909045177473
3.22333329094531 15.7481537646235 3.22963735400528 11.8723896970474 16.4910130930188 14.4949290870713 230.110090879353 256.466537140607
3.23536428943888 16.349767200033 0.603425957688979 8.04028000687849 23.8347381998684 25.8551296640038 234.251449339212 264.029425183009
2.76374696793115 17.3185617542937 8.95755917909854 10.9640128103324 24.4621582976701 10.6763159564379 208.964739885645 289.894110275267
4.0757261111261 17.1583346689259 3.8928787126585 9.06658131584909 19.4258535341389 12.6848847707818 197.083920734896 261.98754898352
4.05397947249742 18.770594978154 2.85038916568133 10.8403529273981 19.6973027125996 18.887488602727 203.069839694479 240.4218047153
3.48154048349345 13.933035898823 2.57775091107678 9.38238507214181 24.6059486939029 23.5046290335227 197.036330549477 261.663938102037
3.75900952700271 16.7152283992364 3.64665494230524 9.35420287026264 12.6302125211815 10.5414259465317 179.323007760328 265.204444562429
3.38405629314375 17.6036858467483 0.296161632941768 12.4539865263536 16.2790005683498 16.6874090574823 209.329625053024 291.090429344965
2.74498227070461 17.8845824140218 7.7077496641223 11.0602625054478 20.5276146596878 15.9490724613462 206.667866941895 254.207250577749
3.09722086638031 17.3861456953296 0.392855546829135 11.9611702481407 14.3088936344066 16.9112382523149 194.391292684135 257.638318621191
2.74873623495912 17.3349049861837 0.05607844583222 12.9607740457154 17.8764428674198 27.7623357223534 222.227408004734 227.075034604868
3.69535232374787 16.2324733316307 7.77729601019574 10.5393331018117 23.0093719670854 23.854497511617 215.523623784327 288.314313498922
4.11635614713786 17.1809985035455 9.6618306636475 9.36926448951519 21.7731742409179 8.77123826950943 194.262530835209 254.078035919495
3.94361335236259 16.3624760919302 7.66091803603661 9.94980514082973 22.0321890401843 20.6376087370699 207.160831896786 249.998438331557
3.09445112199624 16.1187664822619 5.34163184795886 10.8255097726203 19.1762760537399 19.0824387819178 217.037989040537 270.768144524077
2.87184833657586 16.9467250164411 8.2318663141414 9.47310868426801 12.4742316495506 14.478972973848 203.859189882335 266.233063551596
3.68430602173807 17.2239562901226 11.7017594425603 9.69287160758264 22.7308958939468 12.5470136381337 189.768762144814 286.890794916368
3.19955930245214 17.6545515338165 2.94402543268704 11.4460106568958 12.7368269717626 14.350884182592 251.198574201286 251.707081633732
3.76302767376812 15.5805386054168 6.1020541762255 11.1213583183228 18.2670660720195 15.0874078310384 218.308305512517 286.300679576307
3.07299809137199 16.2850075830119 1.50800726109991 10.8796181075888 12.20793977377 23.2571013530315 203.26055172555 269.180647260745
3.01706126262894 17.2404465992734 2.27907537773321 9.66208988768997 18.6426811619213 21.1587432462067 186.173970562624 277.189687937594
3.51812617393658 16.3596596804122 0.533225309766005 10.6953300725734 15.9544580837 14.5872105262329 193.042771239052 281.024747022016
3.57985570230995 14.1594294033022 4.23303755965364 9.02411729795776 8.80348500256978 18.9655647999536 212.083724216119 260.077458855451
3.09487763686234 16.8051396439785 1.33434571825885 11.2042285233698 14.7758350252697 23.1720543110481 203.459944079804 259.071766795322
2.96353735689264 17.7351937440509 1.95930931286243 10.9653234698456 16.1387377015128 18.3924361501521 225.877449245532 262.307613017301
3.25914550271717 16.6571811521837 4.09205649135059 10.1463145142601 13.3344113475064 14.1446257422083 209.325425302947 264.562447152921
3.74619117912746 17.4079005298762 1.53322312744216 11.3166631809488 23.9830047792897 20.538418528511 192.480740320099 276.185667346979
3.58264357924813 17.7508558871511 2.47564115440417 11.1544877432538 19.4961688811739 16.8359907897164 218.186736129163 255.254012686309
3.35764096581102 15.6704422140898 5.5286965089932 10.8884854934215 11.4245529581809 27.5666934263515 187.496065574176 234.50931500353
3.91084427713915 18.1701888723265 3.8605593932499 10.1514570849809 22.7355166416298 10.0136414897128 186.855006361478 294.248139496372
3.41247417676068 16.6751920754973 6.19167930584367 10.9095256329988 21.1518783707707 21.0541245599173 192.215660480735 278.611732827546
2.8447299892345 15.6942753192926 1.0531089388702 10.5756696949113 20.9109965696489 26.429321331704 220.086708746232 258.65365128197
4.19604567010793 17.0191781715905 1.91857330213692 10.9456765782453 18.8321953652602 19.0110537727259 186.923288726939 282.224801845989
3.64546548262683 16.580478501156 2.52884855136261 10.194542619836 12.6074298998455 11.2133088310443 225.605645892582 287.768678790882
3.62052669818905 23.6927533243626 4.67354789157413 10.4172290754297 15.9613649802756 12.6636159216776 173.576889773649 295.473869394149
4.03900769800041 17.0908452873112 2.07285987306811 11.5604695348477 22.5190339879563 22.6394137748971 184.041279851807 285.242298323092
3.12389522337459 14.0019677722174 13.219714348067 9.74697305629086 18.9170256897868 10.1074197327334 225.330569230032 211.773471486336
3.70409521873725 16.3835205979095 10.101011155796 10.1735573801687 25.6643740758768 11.3538500743507 159.496790899643 282.320103615325
2.88003860145702 17.2985413983039 1.51313696992598 10.138501062753 15.1092420666775 21.451874426364 225.493222418734 255.588841090309
3.67835201411695 20.2191882489475 3.51523864402222 10.2520949965124 22.1312050156067 23.1165738417558 207.391806829559 280.124174778694
3.7494676194214 18.3644808681388 7.73337011126424 11.0184602337702 11.7754074741354 12.7173327912318 212.582189383115 278.256593693583
3.17345765751373 17.9082858582346 8.44605838970017 10.0132124067374 20.0248530990866 14.1181061517916 210.330313545348 247.638963504676
3.44057517734273 17.0227669967498 12.1697747259223 10.8762633548712 25.0708000237806 19.3069951280918 183.909417271154 288.625376869333
2.91637723026357 17.6978699672708 5.25784900002429 11.2123468986495 18.4196666927102 22.2199402002839 204.956524730539 268.069037111643
3.59587233344791 16.3011973851243 2.10571751382759 10.2084181975149 14.8143743674225 13.5727876918477 222.60285062497 256.653516188828
3.55379368367279 18.2448895101859 1.86852778102261 11.7170572737075 18.98007554414 16.6792867284666 202.942730986684 274.134351726451
3.86465881571005 15.3691471592728 2.11244542422373 8.71087335668516 15.8809952300171 16.5129644967994 205.454947880362 276.999328109552
3.81097373679451 16.6973996336982 6.7449919920652 10.2509881453847 15.2768455858825 16.483555599013 186.363732232359 278.905803096823
3.40321849540425 16.4888715504869 6.14883352823447 11.5126108177897 16.1106330078787 11.8856091277997 203.459691089682 289.523389022278
3.79757525152489 17.0435317286004 5.52932798262266 10.1438260995377 21.2149644559409 22.3264063785293 212.605886652255 274.909001108129
3.43477507962402 19.5523527982514 6.62515128523107 9.61654143877796 20.3733975859612 16.7024558818524 217.393398567765 256.069367330685
3.88995910960175 18.129846337186 1.28520836771178 11.4930692430269 17.4266604578252 18.0415097363869 216.228388968093 263.750594019831
3.70335551905136 17.7037091841121 3.91228302722843 10.2744734816407 13.2282914206336 18.632203367462 217.724427042863 241.886874112639
3.34219874555397 16.9636090504512 9.92868692014325 10.0705277131631 14.3673277462194 25.0361501166102 225.215100962743 250.616884110922
3.15120030535418 16.7277150180009 16.1613241657749 10.3294710973673 13.5244153135748 12.4140366352545 180.525832574451 260.78719371787
2.83754695256057 17.5431255648538 3.94019151499826 11.2393461150235 24.5505403218062 12.7149724285251 186.276182912324 246.379750979555
3.51509816305319 16.4199770516728 1.2611409475719 11.0875141094592 17.1537128445345 17.6852762539572 220.02830980817 258.537874560884
3.65369200188002 14.5786737462446 1.19919251907148 11.8151796310842 28.9964985008202 19.1653451330047 212.471155119797 278.182594914105
3.69213162434987 17.25348178184 5.43913622248605 10.7599932788013 13.3019117961132 9.472600580561 228.132104359947 260.15818059684
3.51155684270457 19.0719051452291 1.00805449442971 12.8000256510413 12.9796692649638 13.7707308583979 233.615840519742 260.162454830101
3.34417238627789 17.7582138357786 5.3970013650752 10.8218806533102 14.0134004700814 17.6697705017786 216.477030013647 259.228070969027
3.9989444523529 17.6439647075769 0.768623425368189 11.556622438136 16.161576488494 20.1833753079011 201.889566543329 244.291916041094
2.57017621524571 16.9533102114791 1.10532868131012 12.0390632054299 20.5194002439334 18.9788421994721 217.769577536785 273.893786784213
3.76927534922982 16.6902417134466 4.61221807817442 12.2269942091761 17.4029344223173 15.2606148241598 194.750636895277 286.29649317642
3.5403484293943 16.4274337333134 11.6598204348471 10.1560537239764 10.6853846252032 21.8183505137516 232.261786819397 257.945318208903
3.24969400240615 17.6830968425932 2.14173771032593 10.9805026481545 15.320708513907 11.9508555521391 221.370271315514 257.020362311863
3.53652877372906 18.529731537735 2.76867566137209 11.2930129103225 16.1096060179381 14.9946182203059 194.086722657151 282.050262235915
3.9924473650111 15.4658708574579 12.8761105148726 8.24179075067223 16.065275208059 10.1378439170481 188.497542839691 282.161190213334
3.64389364223735 16.8871229223631 5.2432975799593 10.7973385088781 21.154297385604 13.6822671665249 197.125122535512 270.398356419341
3.70377943310705 17.4866318684281 1.87470221616994 12.8685017131255 28.2078015339703 17.6283553600098 199.594835766075 273.098581041552
3.11152124054357 17.2170578821887 0.847505431979001 12.568099549414 19.6922720390474 14.77646990009 232.790048748204 272.833406692324
3.29632563823352 17.3903216418231 2.74621575337072 10.6453310478471 21.5722714364621 27.9719034696321 216.932287528606 258.416574504064
3.99710773198851 17.4838302275938 8.20649405586621 9.02546324858975 12.4848270156793 15.1761358303379 186.276236834269 269.368018628445
4.04320280109731 17.4195815432381 11.6185313256766 10.3980294962545 14.9734915390942 13.1955902385742 212.00520494841 295.789211652454
3.04684606354469 17.5341780375448 4.7726748007238 10.8414895583551 23.6377085676799 15.2431439064124 198.336417837391 276.854137644614
3.04699279973296 16.2773986015797 7.52631794614625 10.1733098475518 16.1512116666863 23.8091422134224 189.0182534654 253.718749728339
3.04451935887701 17.6273927291167 4.50689628835978 11.4510433201941 18.6076454283387 22.3997260561095 217.885116424934 281.456309148325
3.84494473998866 16.3071103939624 1.64515005932487 10.9119401611197 24.147623132741 20.8868734007499 201.544206992941 288.046651659086
3.96144664098191 15.7852925018239 12.030638850533 10.5608458085778 16.180716750802 23.6349057970767 202.766047487457 249.509568616045
3.05426969062115 17.9008829902373 5.17240121343485 11.0251037654146 15.4486000888939 18.2985691235717 232.166717860029 246.946378054661
3.47292207261644 16.3574104018081 4.9517532743555 9.03771641847848 19.4369650031913 14.4694911238902 186.587142194264 276.029255564386
3.59998832968717 15.8440751437288 7.90440171031388 10.2283532168558 19.3063855655579 21.1360378480147 225.266372011296 211.344663179982
2.86391834428634 16.0453743683039 2.80584592288915 9.89766330141279 18.2595776568005 20.1116547826542 191.979450957947 231.683890623527
3.62546196509648 17.1164316855658 5.28602612086799 9.91062141609966 17.6039898634354 16.6075259854521 197.620068418199 276.691379447547
3.51100390524472 17.2448134721962 6.78758208149361 9.13232945060661 15.5048986188993 18.5385065676839 216.509086790218 252.355199134428
3.2736222347028 17.3730803679425 0.151076109330711 9.76152465479572 14.9071743677815 17.8918990329636 211.329565899792 218.933771211695
3.69982694224999 17.3964851631648 4.59536897198124 11.2242728783861 19.1165602101301 17.99147562522 230.017310688548 278.396971092707
3.72110647115519 16.1414070012198 6.83917452424708 9.32540644798221 21.3763938082502 15.4168172388674 187.463399033896 270.842788493961
3.50107840308891 16.6544933173707 5.13166578478844 11.6761006745622 19.5173497267236 15.0762610965611 185.333845270082 286.535305988487
3.50827248170442 17.8668840054504 1.17280477988525 13.112388975817 18.2031439903496 18.6630579106586 227.509752790675 275.627269996189
3.14270216506089 16.3826905890429 6.3953661606664 10.295123306735 23.0674011654856 13.3118190523066 168.505060296892 234.362001608935
3.14340685498255 17.9427726028477 1.53507254764289 12.5017958635538 20.9693844376734 18.8437102661431 216.190552750542 269.421502899499
3.00351462067214 17.1298652211798 6.02184077613819 11.2474983905281 20.9873114290153 20.6647361692947 214.826471552217 244.802420559839
3.48859764526212 18.167207431087 2.51895822324602 11.4616811358065 17.6334918506762 16.330773699728 201.29983936172 287.297689697992
3.2490441771677 15.514823556588 1.82259671703386 11.5115481682047 24.5052826154394 13.494862673536 215.951251786868 263.629413015331
4.07532184188216 17.0961242226749 11.8782560147177 10.1184125366287 20.0390196086093 17.5067733447674 194.958332802155 281.513937790665
3.94954057450452 18.4870599176344 7.65494719741593 10.0934841741147 15.1088846230561 12.5702468349984 213.86968034782 277.437422170795
3.13017538522156 17.6584042572661 5.68946325769226 10.8204171597427 15.4614140625046 17.3979458484073 217.01428898057 264.203802298269
2.77066105377703 18.695452649823 11.6845435464818 10.1272078871063 20.4221992269859 20.3604110804398 175.436550656415 251.07888606985
2.98202397243542 17.6848273249159 2.10507088494525 12.4045250062784 25.4799487338372 24.6226806381066 216.478066942844 268.138010383512
4.06389199645973 20.597858522908 8.88969595767738 10.3576716815892 12.8441168346659 23.6423013014138 234.711893175889 236.525251495788
3.47925240399708 15.4878723325705 4.83495985664708 11.5935412768053 21.3786411814465 15.9365174590788 209.566329650683 253.484523979333
3.27903289424709 15.8572188355936 1.53117047732242 9.41715653865763 17.3483129942189 11.6881664975842 173.038889025097 246.467833888537
2.93793928760132 16.5562716917775 1.70276443222755 10.7118120435261 20.1323314401944 5.76327702580291 185.521068352726 281.219613023352
3.1731762787881 18.0850082794933 0.800190551967239 13.5763551719856 13.0073777743115 17.8918312690802 238.321313427782 226.401304191327
3.89074600086998 17.6239964914651 0.836966819779181 10.9245290529544 9.37401495627616 10.2186000075009 196.620465297532 282.704198190923
3.86714930048544 16.5998099394178 2.49179966001415 10.5590758640295 22.200241193009 11.9090408913895 212.766730033255 261.842694244043
3.05072651797727 16.7339833041901 1.83015961165691 10.5354818402063 12.6946663482057 18.0585439267713 216.68895237306 246.200529615106
3.84319772295132 17.5839382713543 5.65790619113398 10.6053882819691 19.5905767767489 25.2984007938264 216.408446237707 274.408287489976
3.53365313381203 17.3257808653284 0.359562738707237 11.7442461872602 24.2860328680383 12.2210677750758 194.495630028224 289.529183275003
2.97004771247849 17.9585183613777 8.39449921704796 11.1260203030662 12.0931413643993 21.9588512492735 230.520237894309 247.779096984904
2.59270095980464 16.9567962952071 9.28605084883498 10.943063076671 14.3060969500306 13.1973773678245 221.283660796309 275.821576384837
3.66315988142865 17.3092199452161 0.880799271752934 10.6216707363135 20.7189136058538 17.9704418750293 196.210609278686 260.473501862323
3.68317772407325 15.9682140383049 7.88589369818653 9.76407417972428 12.5406263914143 27.2108902690991 189.231436387122 217.286767635553
3.46046514570351 17.7872306608308 8.987677547971 11.0699796775158 21.9280304948176 19.1960267705704 200.621127819432 261.926870784546
2.91752010393249 16.2286686455677 7.9069200840018 12.0421864880703 21.6270320965672 11.7967634594591 214.796886218915 287.302869057919
3.4324300152542 20.3736493334568 3.7725104530903 13.8503298573496 9.93273119280777 17.3984659594849 230.782558859414 252.307264753699
3.47952693225474 17.9525240832007 2.72185462067409 10.478910171341 18.3244915835986 20.434785378902 189.086957767641 264.391096909572
3.752143078914 16.7462885451223 3.05236728381295 10.7819762888178 16.6777101735568 13.1634297804835 215.263519355059 262.037150748629
3.34054944917157 16.7975165974975 1.10903095560402 9.14439033033679 13.680599325523 20.4887928963483 224.435877074691 251.047286951007
3.64059256450611 14.6546071735464 2.13205209795156 9.06495117367234 22.1468436937666 22.2340473166198 212.98887975532 259.855527927267
2.64850687894779 19.8879525048955 0.0463437711365565 13.8538811518388 13.7271118333734 19.9929582726753 224.821506469477 265.960030730976
2.88266144703639 15.2035533190955 5.93405893272544 11.5446510202149 16.6071200771948 23.6809667324438 214.64054306058 251.637102856475
3.4575914561689 19.3711920254945 4.14548699889776 11.2686512585595 19.6610771247242 14.4609950832642 180.87878842255 279.020058954854
3.01092271675783 16.7590601914499 1.25092868465387 11.9789570151286 16.7880176012297 7.85049574133769 207.259024084854 268.79775988415
3.09043668805354 16.6558443106236 4.3750422977743 10.1087922398678 15.9095903979874 12.4182963871603 220.296595008428 249.919793664917
2.82006926884782 17.8783360637921 2.52593106557383 11.305533129899 16.694024057944 15.2692132125983 235.774776222088 272.628584268211
3.22194538380371 18.0498942046858 10.2422071276661 10.7234310697619 15.8496442149908 11.9125208529522 223.361822613924 280.275644653367
2.78673789606018 16.5181245248805 7.48005912407319 10.5191062586105 18.4286629528273 14.1004819719093 198.960517979271 247.058071577844
3.45216960702591 18.478627822162 2.16413118433075 13.3345906314773 22.1521709334552 18.2447922933979 210.932637714071 293.16081651918
3.43159422027648 16.6604578109891 8.39447254174449 10.4562134734098 8.96414722297284 29.7663553273479 237.396526383845 254.997322896462
3.09524754656686 16.3658515177716 1.7721161142607 10.3581819896464 15.7244252751132 21.076034242577 205.042397073672 270.928590281502
3.2132708662302 15.7928193970249 6.96603319785148 10.0974767240933 19.7692596194956 14.9648800709306 218.321308817652 246.827546219566
3.63214690508962 17.7022671428064 1.16461208704521 11.6877570576802 12.6281125312177 19.1937661337563 251.316068793757 228.91478273364
3.20033274653506 16.7224894209961 16.9835119015729 9.10788611399684 18.3401629834352 21.8990213427651 193.166049076552 259.855498190325
3.64290102860128 21.4085006688763 1.90325464715137 12.388879695708 9.7109098677295 18.0403525143215 214.312704839328 226.155912534077
2.95654499806405 17.25472960085 0.973269480628775 9.97481389811429 19.3526329913725 22.3742032460544 210.958901651772 231.35536632062
3.79113099129168 18.1042203114146 4.90298927903035 11.0693321320279 19.0100136937969 12.6374103782819 183.111440603792 297.781585812781
3.39962498345816 17.576882251864 6.11785138014613 10.3571386499396 14.2731821954199 19.1291964386585 214.437701645596 249.319716716507
4.63473055418058 17.6508853080966 8.88781199508489 10.4970253683972 19.2020459143751 20.1240577618448 201.561580818496 286.152567247655
3.3447387516102 16.4325315306954 3.26674407391811 9.67619189587948 16.0690699746447 18.3327851331085 188.491316028102 270.929518191834
3.19095442431895 16.6928358712567 6.34814739158653 11.1287326476586 17.5371206404246 9.25968098311946 186.65539708139 270.49895497303
3.6149690290289 17.6495506237978 4.19864722100696 10.0635048046564 18.5387652345571 11.5624528828148 194.842755644999 288.245073127451
3.69542587863471 18.4062639643838 14.7358222679635 9.4687198635161 21.1185291518208 26.8028670501395 220.729958153655 247.156076068963
3.98217179617797 16.7408009679717 15.3092193109424 10.2375654427061 17.3606565365397 14.9786092918759 208.251353609295 280.312435840111
3.68726841321447 12.0217883504662 23.4813652420477 13.2989745253189 27.0027194953611 0.325096726406778 232.534339003199 348.762014585311
3.36557373375195 16.9626135460903 5.45452166869496 10.9622919562409 17.080974929071 20.2321168954699 216.743871352774 278.626372810914
2.95829390240969 16.1673059780201 2.41057385976987 9.43191530473611 24.2070313980693 18.932445193416 211.753406255785 274.785990360167
3.69573176022785 16.7821019454547 4.82952852844165 10.1876257436685 15.3326678280345 16.0901160620343 197.681847299793 281.426259836611
2.55044806327652 17.6636385591799 0.387122231110098 11.6865485078605 9.77566253700639 25.4145350096537 244.825586526403 200.381874394088
3.2250030574546 17.0531266312873 12.1573472723276 11.2443924893659 17.3611326057913 19.1145720682684 199.842659923371 170.931749931248
2.8286710182578 15.8956234518625 8.31029807188423 8.48448096767313 19.8849599640676 17.2181837624391 203.004677101675 254.271250720962
2.68535609208094 18.3591938250552 1.88780932907863 10.3458257764438 18.300724285686 13.8419701234646 196.797409381867 220.854347020853
3.63691126583864 16.3468434004993 3.92217648261674 11.4354146549842 12.9269111109718 19.3881030373212 226.665231007958 248.436275227939
3.8297990323822 18.0336200633578 8.1117677488834 9.90073095998789 20.2751744317717 16.9662181694204 190.824191758287 280.775344548638
3.61405745109115 17.7785313495336 9.71052280799859 10.2524818151941 10.021024794033 24.1777578445943 214.91486639463 259.764999440133
3.68192517231977 16.7480330528813 5.34439146902073 12.0191563717434 15.4707134631844 20.3732779149218 200.688597281947 263.272262960778
2.74140786783694 16.4797616439452 0.193602164367859 10.2135203436774 16.7278118307132 18.7244861216984 204.9693213998 269.248414160726
2.57902981690058 16.8536651567395 1.83098472554929 10.8093996799523 9.0150243771759 18.8604555669509 216.21891839108 248.080861837849
3.70405654367336 17.3899168209618 2.25064516989381 11.8073579154312 18.9430726579662 10.1520921620981 167.545583180704 267.999683314653
3.67176086430598 16.1996639051432 6.0199081984919 10.8201592270978 13.1361358528069 13.004742550838 214.478874851434 278.055648922088
2.79942587944979 16.6033972296603 14.3222863795111 8.91193826177629 15.3888582703554 16.4699500051668 213.793058589985 276.625499096916
3.74702411811279 16.8484399604234 4.95328395583156 10.4668004783121 11.6402074734248 19.2139179019854 216.568044824972 257.064197869891
2.29827105040058 16.865429889286 5.78380786581194 9.41677622870424 14.3406725372157 12.9573698027638 197.041662540461 282.097632780618
2.5250991358052 16.5317198940183 10.2384294816746 10.2908300268958 15.2164596220064 5.75816724596784 196.819870874937 290.801981401102
2.77841508430834 18.5306207987068 4.36608316043782 11.2956161826341 17.069045690987 17.1213842181867 189.550419050867 293.075717860616
2.80039610825887 16.2925788636553 0.526844080945786 10.2156729875991 20.0706924077038 25.3811032796421 192.065789783638 234.924443869022
3.89204402974075 14.9249054889332 2.58393180903772 10.0137140481656 18.8735864558785 7.35044627322688 223.931308236372 248.765050186512
3.62530103448512 16.8604240229006 3.28604123809668 11.9676561912496 11.5894719702462 11.1532044023071 196.663122381326 279.627284159667
4.36121396497939 18.2251706717914 9.25639521598562 11.310375696393 19.4577239453424 28.673474186515 206.08260068873 283.844568732601
3.44094614712355 15.91952177194 6.73072967928424 9.71987648842697 24.200422818617 11.9006797786366 177.838951356812 296.560024334747
3.25702596703894 16.3726884647044 1.31048281096474 9.30041892678927 21.121919740069 12.5017581846978 193.065852751632 280.330078936173
2.75274111461644 17.5740559222946 2.35539580535324 11.8447525228711 18.7681276142755 13.1649261146241 198.998259787931 285.098355184853
3.45588569974593 15.8572129767025 6.1003638242698 9.6343731913548 22.1921851952105 18.8223217877509 201.448196036131 286.53234707057
3.38902605268995 16.8163137693549 4.26021813264559 9.65171036124814 16.5463253982804 12.7656643571415 201.58759878147 272.864998619292
3.31314421722108 20.3473155120246 0.115023113782347 8.85567426225587 23.361805898883 29.8144462881768 190.773244730322 218.223420188094
2.58585687689432 15.985292415627 6.40560477830914 10.6614307458621 15.4091891221908 11.6243828306366 187.537598764771 287.375105108764
3.46849451584516 18.3651465216635 8.43393574628879e-05 13.377798514242 16.5059299407706 27.6509343386465 218.048926588578 259.120629988579
3.18142638983057 17.8972808715258 0.292165853705555 11.5558815153997 20.6279905711376 10.4248924611397 170.696249813461 287.770239549068
2.95887837246936 16.1767084341337 1.86053873003443 10.1029870240464 17.8487110899261 28.3437330423851 206.080184851408 267.538229574704
3.18639721301848 15.6568789196428 16.0244498081721 9.81236421882601 21.5836590091667 23.3049471487542 220.000151014415 235.719052534763
3.42288205681908 17.2322233143551 0.55771304802487 11.8674869641455 20.6524395150874 8.96320860654578 177.235886330522 277.30340485743
3.69483681233415 14.0882290909211 3.12805045504697 10.2331754677399 18.2943362062736 7.05059296593958 240.101834933604 182.253034475864
3.64836307735397 16.7404059442075 5.30747883638812 10.0182473287557 17.5718018539453 13.7498511691864 173.087121704735 269.72407389447
2.53096715733104 19.9387392001979 6.65320860111555 10.3622174147129 12.9608336594682 16.16972344937 195.906272177853 259.95884186059
4.05594039742764 16.5795781633792 0.863542997148659 10.1384061173041 14.2496649996763 21.8454897581665 219.043196486109 207.785980925653
3.98676077018102 17.8689807806745 3.00803682448987 11.09664432339 13.7251632192227 13.9980741434119 227.132449371048 262.429116139643
3.0535606555309 17.6552645635766 6.84300336454733 10.5706521651387 14.5629441242261 12.301617824561 213.28254668526 277.909555811426
3.19197659693715 16.5222032423396 2.7772809134741 9.53261731007143 15.6742946886004 21.9233472493132 226.068680205393 252.181409416029
3.4736349506547 17.9233122534481 6.21886076157149 9.53197910242607 18.2072478865364 16.5532070198287 211.1574591662 270.311314337042
2.67063088415758 17.923199098774 1.07847786109948 9.78281494381168 14.1802491111706 14.4261779611196 213.771607449995 254.485821766569
3.35068273343715 16.317508099476 2.65231057084923 12.0826889564059 21.5631619426735 19.1304835761523 208.361217422831 288.419569623649
3.06671555913652 18.7545614835697 3.41460590984322 11.7336286414525 18.0147132123194 11.9488007063829 218.76595401096 259.262360308583
3.51358377805407 15.3372010561821 14.4069925882302 10.0204654520121 17.287559311669 15.5176377426207 197.118001223519 263.536777523484
2.53646172686343 15.7997519845326 6.24638251009068 10.3461264478128 23.784046232456 21.336404545451 233.283400846792 247.657379342577
3.92922042659109 15.0637043687564 7.84800768888091 10.0352537372178 21.4700830215165 14.9297887606837 180.687793390957 272.321598237198
2.83483701304904 16.2217584371365 1.05279661763127 10.7976131498776 18.6976252287267 15.6941059011173 166.785458459321 265.042616615308
3.77133033490724 16.1448107956844 2.60223774742502 11.0140073827311 21.2682992873208 14.885638559895 213.586365478285 253.752219932553
3.39721951612623 18.5401111897025 15.1228709166925 10.0216131992395 21.2673261165264 12.7014167008467 179.149339588769 280.610167896268
3.61707585175654 17.3862200454239 2.45875653788843 13.020218194617 17.5663822048521 13.3817647511648 230.904257583064 285.260629636631
3.20219377209314 17.5464119688786 7.00637757332683 8.82270875083206 16.6706088154384 21.2635194528423 191.48266770415 246.104038820212
3.01121889782318 16.5550793758323 2.1364778651491 9.5665324386466 20.919494594511 21.6821773322563 195.183247048624 272.128218836277
3.83130863278691 16.8638651630031 3.9329995343951 11.4756235850532 8.63013640615122 18.1583916645917 234.558362645701 250.437352192501
2.61469259411799 18.4917123577267 0.165327517261828 13.0675483761428 24.2883223548496 21.6505961282201 213.714776319107 261.860201302905
3.10982060928776 16.7909765234169 6.24306745151963 9.04320872133206 20.550904572294 8.84355318267151 195.032428566001 297.296551764607
3.77491644555605 16.2659869750351 0.910202547302466 9.45306447391575 15.6601449648534 15.9418800215577 186.562640541699 268.719308198764
2.95842564574068 17.1966605412862 8.5174218462486 10.2593382533418 15.2611547552718 22.3389280015425 217.666508847541 244.993777197132
2.70684199888707 17.1519213050724 0.0993462411707353 11.6981545889025 17.8107349355862 16.7146857508898 198.225589123708 249.755071691886
3.23683817555084 16.4618853631097 6.36264703817644 11.0442825642506 17.0616991273345 13.9089358344209 196.052994259287 293.371513114575
2.60326721789939 18.6676578105224 1.1030442723111 11.5285690228589 16.6480049921233 18.7899770105321 222.665941472186 272.930085895086
3.55613370251969 16.2298507675703 4.68667327828282 10.4001217235935 15.3814850131795 18.6970810569622 224.900349573104 260.269060057513
3.08920770159253 23.4351501535934 11.7579980996927 8.85086708499687 19.5776613976371 23.8805291316985 192.780099400786 233.295888149509
2.94075210954118 16.9872429241282 0.584850158240558 10.1875366183933 26.3637947073226 22.1053526458809 194.322553878342 259.16635157036
3.33010950362766 18.7139302743823 3.13111080727593 12.2662990846593 15.5665831661516 7.88669932463871 215.59019863371 233.503371022361
3.31204417960014 15.8916984506882 10.9650490415642 9.77155344755966 18.3558614852599 22.1404764918031 229.783011759483 267.883532960727
4.18755513922282 16.4685961712656 1.45935552390315 10.3253103577158 18.8228650026002 14.911030290635 187.958102657856 277.961467261032
2.25886659142306 15.4756958758166 8.87787744111681 10.5348200450881 15.4630143087785 15.1651524560323 213.799080649386 257.681951546158
3.23422003447818 18.0268943055419 1.00473169649833 11.0720014359438 23.3379715316026 17.0112123003688 193.194964396064 253.236164161872
4.01024354724604 16.3209139192439 2.39181418452307 12.9459824520941 12.9522584143375 28.3879301681815 242.69900028477 262.58441714392
2.08629649937828 18.5298588504514 0.476291933089939 11.3854929548353 21.8665983627112 12.819003912095 215.127628653971 284.915756675495
3.27153533584229 16.6425031428381 1.97399553162317 11.6233597451931 13.202738824371 11.8580056062719 203.885292673559 291.455604553707
3.50590966886739 16.2936751430085 12.5299435348137 9.4758475117483 16.6860704790574 15.6476041145935 204.307790520764 276.603930776154
2.71277096989215 16.6331024760939 2.02036688900848 10.1823825482224 23.9561787665007 18.3498360491504 219.546256840013 263.542366340392
4.20396253788095 21.3648093189529 0.552994604906961 12.6321672146246 19.6704323318149 25.6568169716175 214.145236619634 293.217839743587
3.53464121933637 17.4606740780744 5.04398406381922 10.0425475532239 24.0188021537744 16.9276895821968 176.125053448607 268.30464949564
4.323018053869 16.8113792130467 19.1647345681592 8.44669812884935 16.5414992027647 25.576935704863 204.148107213742 284.458978139743
3.54848812874523 19.4523564639789 6.5857125713819 9.97965098748569 18.5255333241162 14.7362277796764 181.702785225535 275.742676891608
3.86678189983532 18.9334107547828 1.40273639997043 12.9606722652455 22.6901579348803 12.836026248225 169.404231212081 265.107623982835
2.7323532595225 14.9439873357188 3.82122526988972 9.60738594768828 13.5995432555638 22.0480914473561 196.150086031501 266.424165001529
2.87111912219857 16.2219197678318 2.32200711292843 9.89834028912505 12.7997500449068 8.14761197329749 192.172306406378 271.772530125768
3.79949559897015 17.7837971734277 2.18978180671345 10.5381924422817 21.0190425154457 19.4679941364193 195.244445560707 259.223797274919
3.80597532070371 17.2992442295558 0.214811642201764 11.5062448868203 16.196087972078 20.1700547805115 229.525171566107 265.750723352422
3.41324303296812 15.2039443149527 1.81074839215984 9.59587095547925 24.2118713622355 14.7373434123841 173.885150045405 271.776517009329
3.95768849061498 18.4612725629261 2.76915984397332 10.8244573047544 13.2977029603733 18.6883704958498 204.05944008579 293.289732668557
3.66783082331197 16.8347200858636 13.3394337465014 10.4641707768012 12.3985327849645 11.7452080328734 205.390011512568 279.955991808688
3.22696031409887 16.3949863530969 4.29981940639757 9.41422688797456 7.52782608920664 24.2614612148085 230.887051671243 251.604047216844
4.25835861842307 17.6834271485362 8.27619133736371 10.5445522569059 25.4930576862497 18.2830538458631 203.925798447657 261.001774797834
4.44843997976424 17.140465496268 5.69344465031315 11.7888508606212 20.5361964016407 15.1168037828762 188.404748529024 287.154437889947
3.47437088371997 17.2617988356207 4.31468416097865 12.3089667610708 21.5498469695803 11.2537615817503 192.791048458224 264.606787172918
2.91028089938173 16.6383793431657 3.64562965152424 10.3773006615378 16.4687010598487 14.1640504686278 200.784067754523 212.738189783991
3.50644064523225 16.0040979991934 2.66853098632307 10.1098042971435 16.7045337977059 13.6481159474728 195.311169305265 251.406785950311
2.76772368113701 17.5561552735226 0.562839477780867 12.5860422409704 25.2134449622795 19.584205031546 196.05326883547 273.085275107988
3.93858929982255 17.1982889793544 5.78944774375863 10.6689754084106 13.8079361936371 13.9343029203699 202.492805681563 260.125638033256
3.64019103186756 17.4678686146987 8.24223993653648 10.3429382959845 20.8025461016302 15.6865417088899 200.73643972831 283.406035868076
2.5702365773784 17.7408857865818 3.42845030021603 11.4684725668272 23.4751852061706 14.1049892505925 203.813399630658 283.7711875606
2.91430442459745 15.3068076129505 1.10493203696722 9.94257844279299 21.793556867773 14.7929248048216 180.362024916174 241.667719665678
3.47863751453344 16.4508265320622 6.23013755190626 10.5291084153473 20.9584306167099 10.8758089142493 186.717869731809 290.359041836253
3.73273330985073 17.5552386076551 0.886339454869565 11.6726695005237 16.5516485525924 16.185320305675 206.464682709925 278.995481051111
3.63142119870993 16.5107424135834 4.46179041973268 11.5987234884313 21.9377219333378 21.0138008058864 213.651125672764 271.836038678357
3.49492986231634 17.8314967926993 9.90816707570491 10.9436838212224 17.0869195325607 21.4545386405064 199.287723840507 280.781937046106
2.32064166421418 18.3507724123221 0.906084256367575 11.7546901497454 16.6005818688344 16.74870182157 234.149653794098 252.113952088513
3.69078501790736 16.3441588182804 3.71422230807992 10.0430710564621 14.0043347159864 17.3874419587943 194.625435207589 281.835052455576
3.99772303958159 19.0615332674857 0.683170798267646 13.0565712363453 18.761557767104 18.8404398166659 209.077062518606 274.23808831997
3.65314169027652 16.9841547856064 8.20914512650352 10.5585201519859 13.7359196299092 27.3222152125378 206.659663744253 250.402963660079
2.72510434946465 16.9590024618963 3.0785535219566 11.7109170636274 18.0076931492685 14.7695712451109 216.239229482322 238.23446648382
3.78666253770011 16.6169416092981 2.1659231280742 10.8212250769355 17.8068754359883 11.0875201705647 190.668150127247 280.42260066955
2.4364196353265 17.8542400557949 0.273057077849264 12.8588023315499 22.3164100960987 11.0935845968894 209.777589969262 289.495169786962
3.50288156553036 17.9374584864995 0.725191575453365 11.1987857217119 20.9169720264077 14.7427718759841 220.819355689867 255.416682977646
3.82537457696882 18.1545575410129 3.81208064009139 11.2121290593572 14.3610856543317 11.8160477921898 217.529790154588 274.461749608312
2.99223636772866 17.3254124933553 5.39853945524289 10.6888078378097 15.5065582935108 13.3718124589012 190.343172585992 265.991413121862
3.23923838198641 16.2155363146851 2.86417874678878 8.83828248228139 19.4770364239244 15.7661537232723 206.769834101794 272.629591719719
4.19313660397609 17.54014072875 6.56439014936931 10.3325371361979 16.5278335776401 21.4787647286456 216.858594962866 245.511513228815
3.67990643759625 17.9623985147716 2.76758584246346 10.0503715966361 13.9928410552288 21.7444552552938 216.66812304856 250.71029387758
3.63544368584109 15.7549592927693 3.17676710456068 9.2377680731078 19.2068935112785 9.48835518466252 183.397141912413 287.348207696713
3.49715750643176 18.5820224417114 4.3922344747563 9.68877952483694 20.9032637885874 16.5710337237715 186.015734935382 243.908252954909
3.16003359703704 15.783212117008 4.03576334430832 10.1299781860563 21.1765005137168 21.7069816027192 230.475257243532 276.41450819217
3.46530413712101 17.9813799699621 6.85293838571992 9.98548432741045 14.9035187081322 16.9894142426591 236.214681258427 263.285753084
4.08882046701275 17.7696597409372 1.47962738282972 11.5666957121333 13.0077344056134 18.4524790037711 212.520949530059 299.393829105987
3.17618363827812 15.6786645142773 6.38330834808679 9.55863683008195 20.2674781851227 12.9544156131966 187.778318295638 264.270446152082
3.12535765571691 16.744270324124 5.96479714708969 8.69487721205673 18.4522015388832 18.8966780292838 211.705758850685 243.002219117527
3.64622241549502 16.9357488684842 9.18133902200179 11.6808751969612 24.5268185486223 25.9056864163622 203.47773071241 295.718996391226
3.27236683504564 16.8276255561434 6.60818097259858 10.1364107817618 16.2052342880493 20.990194849757 220.795006333365 261.325237031574
3.12651931717275 15.8522029142966 6.10647080696521 9.97845558466516 13.8458093553018 20.6682764003064 234.831282748405 245.809186647818
4.1563329541655 17.1027103594908 2.35697336435018 10.6014083846093 12.2945018460079 9.99812304538538 205.801663777889 276.707309609909
2.75162814691663 16.5623245032141 5.07641537650071 9.88814181091121 14.7638848720841 22.8506802040286 202.672246137887 260.730733588752
3.95085466914013 17.0814774756459 2.84786913173542 11.0356243262596 22.3759340834514 16.3334722505341 185.24467095477 259.152937074559
3.63035923630541 17.4132090065921 4.09145109040324 11.3063468875429 12.8291445906646 19.3988517087137 215.591229131973 273.737631101664
3.37679222044416 15.9582686294517 11.369906251725 8.38910875310818 24.0464101709939 22.5329240316574 170.416860493025 232.558834629493
3.18890131108225 16.2247355759063 1.52920826415564 9.63016945888757 10.1753451735696 22.9187764976847 247.70257999458 238.069688990964
4.19521629507635 17.1073222364635 4.47380700362737 9.28866044375487 26.383986289177 17.2362295646393 210.50238467407 223.403322190174
3.55111442026114 16.1189146585239 7.35796384051216 10.379894933131 14.6345007486706 20.0490237959622 198.028354835819 290.949331940639
3.59037805095523 17.0446864414696 0.340541044074909 10.3459777131094 14.8318163179781 25.0561128162061 204.895057141599 251.045412799314
2.79253661882606 17.0237039116666 4.82705564300521 9.6190221304791 26.2412715575459 20.8031375635935 211.959826009317 280.242569811862
2.65358414358635 16.6206572341552 1.60470322716704 11.5451899393229 21.114195846614 14.4779748736693 218.853809698261 258.809247640376
3.67091445858361 16.3746701185785 6.59720961874473 11.4827804829231 18.9943156069417 16.4699437446019 189.260250967719 268.959794368601
3.05794462113973 17.2405754867707 7.1316818467454 11.0723107150956 9.85692834504814 24.4246495504642 217.354713863062 252.832609987471
3.73589702806665 17.989136871525 6.69848995594628 10.2648247678276 17.3454416595052 13.9095430623531 192.819491773163 296.931539799769
3.52108411309388 17.503331596804 4.45402302782901 10.9338385400566 11.6545615965338 21.8422226514611 224.679127281575 280.794391228835
3.46987610392519 18.013255697138 0.783477132546769 9.55554526265998 22.8439724891793 21.4118342918129 201.691929387051 250.740512769735
2.98507012498008 18.5551639743029 2.85714452832918 12.9387247579239 22.3983591018689 20.770080611583 212.475107938714 254.856951612648
4.07434148733107 18.3244507041976 4.12415932308445 11.5702354461866 21.3059142263919 20.4297464467363 211.54299368214 264.845588914206
3.22325380495547 16.1202194188061 0.493638375715079 9.64858245071381 19.6394230727481 15.1323587533965 184.871736459297 266.397804367363
4.26249818196658 16.3194424934558 3.17780568418472 11.3720382067388 10.210815038311 16.4885632223024 243.84019797202 212.652087232266
3.63088871555348 19.9679357281949 4.18728586702021 12.6338080021539 13.1717688054544 11.6235798982695 191.519343385402 249.231524553286
2.9881306010535 18.5396093686801 0.384240331104934 13.4835662377041 18.536834102281 18.0889447929682 221.687544739114 258.15530507305
3.16489977541618 16.5046010872671 5.05791693857148 9.94328137925147 19.0148835287363 22.6947521587932 193.939104797857 280.722337194507
2.76132246996067 18.2827988408557 2.71455085052989 11.4743830531525 12.6396987317105 9.89075569089136 249.76912413614 240.139076398984
3.50195361376203 17.8383410540213 1.12977595034057 11.4866909554672 12.0226554628332 7.95286184364352 228.560586302868 246.648365094859
2.75934690772174 16.7475891973958 4.2238205518118 11.4624051793404 17.2775671673881 21.4977238761123 212.040023649239 236.500710780427
3.10751913282395 17.2709673253953 2.02953342936721 10.8745957498101 18.9310703245491 26.4383671014313 211.036027032457 284.622380839355
3.55784482240848 17.7513143599971 1.55940666621616 10.6493093657092 17.0027184325132 22.7538421191318 201.700186009566 270.814590752337
2.84558099571747 17.0707800732152 0.88782355354 9.76124972445232 18.6796372459783 16.515390942125 199.524307850531 269.912633538454
3.59670681797184 16.3220879609935 6.25771111471023 9.69946787436556 22.6214308322165 21.3347899990908 194.58147319654 289.421924177984
3.09361803468652 18.0710332407215 1.38917307885672 11.1463337410027 18.4738081635503 13.216503876429 172.407817029854 310.549276795441
3.59402443525176 16.6228541864914 6.97860142251911 9.41385950108739 23.0853439344564 18.9479124292037 201.183262021456 278.923165169772
3.93577792392712 16.2627074221042 2.44789772882487 11.3331031731495 24.7688806851304 15.7602789491451 161.458472291443 289.551428824142
2.73319276317571 15.2274215897105 7.24232669240854 9.40077683197245 17.476335429592 13.2370998651487 214.829726249233 264.246713624164
3.14585691128201 15.6579119108069 6.92480378476639 9.84280403699355 15.955245575045 14.7456802770569 249.885041037421 262.708543332698
3.09040675213172 17.1131210307769 1.15925733756092 13.6094197072034 18.4169459834709 25.6552770243798 233.154763809638 254.179156569958
4.07451110950434 18.4527856560477 12.6215035237855 10.7693813736372 13.3774159449099 20.7737883878953 248.512531200326 250.14464167493
3.56832927524648 18.2873901480188 1.30986103664138 10.3331382683421 16.5986623846491 21.7933262900223 207.529731727655 244.878757076802
4.13738730636844 16.4537643837865 1.26958094324976 10.5119492549826 17.9879092427793 20.2405272061665 155.395466845204 270.166628883182
4.06810852098407 16.0541872321569 11.9584789618725 10.1440693238852 22.1656057098358 14.0681993371812 186.725252627657 274.358591822293
4.12928666012501 17.6817898310268 2.91137143732383 11.955595083001 17.38841426758 14.7800365995241 207.73079047883 290.813091435093
3.70938461529089 17.4810202701292 1.4433359272963 9.80085015880556 19.0287031504843 25.1040723557764 218.382731951012 249.974767207584
2.74096767149909 17.1917510696486 7.18212955172983 11.0123474750415 20.1985254299375 17.7486559755527 217.052903714718 236.899064244427
2.85550605258414 15.5935702126602 1.49144677676458 9.58008615189684 11.7125718097631 20.4036656349642 215.636847317405 236.636075477082
3.43501536141342 17.7619052379711 2.56838542872933 9.32534269484911 19.8233575275754 20.0966656122755 188.073681486379 260.658536835235
3.02951792243508 17.3307059611443 6.06667487602197 10.4318243043538 20.2642023847011 11.5256923142204 189.503197838559 286.196944513605
3.2669308862223 18.1332742380655 2.13949604469832 11.2919879026606 17.7593814171864 16.4112793103797 221.102832446133 259.860612205646
3.39179771701047 17.4718006638789 16.9996199410951 8.17847438135541 14.4235672817875 14.8893459675662 221.723774205954 267.349197772571
2.67673322458077 16.1225557963287 5.21471922663113 10.8820895201488 17.6827926539437 15.1438775960287 198.674303173674 282.193698902346
3.50323531010726 17.1546127356493 7.90098495482687 9.38454974115415 16.2703904077013 13.7205120592152 198.969601231829 249.322041597762
2.84344227779594 16.6975094348571 4.93123480905306 11.9433441546685 15.8313533581527 19.717832333021 239.810728057087 247.982621350424
2.72639229810808 17.4563645633054 1.68663480543559 9.91730546514298 16.0165892826959 15.8457767488944 206.98477280677 269.931340856216
3.18104759017989 16.1755177778194 7.11920913968816 9.92263774507109 16.8633578102816 20.9493523059857 210.501088869158 297.375113644292
3.94200938288135 16.7517468989732 4.09599337068478 11.195075433933 21.3557389933596 21.7966507415612 207.782591498474 265.076635827133
3.20309957335341 16.0427120752806 7.41094950556505 9.32524382255638 14.9708304442984 15.4172140333053 216.235306925066 257.846360867307
3.54763424769702 17.8507693776723 1.54737277548536 11.9312317316076 19.2896194432767 13.5556168097067 183.335135992256 246.727870080719
2.62687551521439 16.4383183786826 4.72521016689256 10.0136917284384 20.5481766722929 18.5576632252368 193.47985648743 251.366127615356
3.58727037502646 17.8720631880133 1.9957038125166 10.0857845998637 16.5215938806444 15.6584950725603 218.683357096675 255.158411205462
3.43312384625354 17.2923635976525 2.72080228162996 10.6317343075525 16.4251661177366 20.7846815578899 232.966124598583 244.916724655262
3.98165410307888 16.4848499675708 2.99836350454374 12.733275895728 15.7584520615604 23.3629689696341 209.745889027775 275.650435042541
3.68981189126617 17.4092429359261 6.18083243559369 10.7750779905798 18.3099273328495 22.3010835767594 195.813471194503 271.300891079509
3.50461903279146 15.8977686848499 6.17149922085919 10.0116330788084 14.9354166594641 7.06632200811687 185.24552284104 251.876901776596
3.88437457262414 15.5510380535859 2.84074508793708 10.9979229144721 17.2317877215611 14.6297975242987 200.298495956915 281.223587896921
3.70920399911089 18.3942729449345 3.04983424193409 12.3801552870015 12.7060780245951 14.5736352966985 201.473310695828 252.751260917228
3.18190487456168 16.4389414275892 7.41112357074887 10.00195071892 18.6305824696495 22.7077564668903 220.934535390388 247.085706556187
3.10592032807712 18.5177517082977 0.361948664999683 13.5042052192779 13.1054154272567 21.7428690078182 224.581617581591 253.043848490187
2.84390709679332 17.8011328133789 6.68667351060763 10.6809478332091 16.7147167946453 20.4569167111073 220.85539418782 255.661830720693
2.80645183932518 16.2076302960857 1.08858245163622 9.86656827115253 15.9230562754889 15.409528339105 195.399740550037 250.910348996873
3.22006650645685 16.7541576858557 5.86673772202045 10.882127513691 11.9403646976374 18.2674717084128 232.552701290259 252.132762721429
3.47475601548285 18.7010926474395 1.22584296317131 13.2156546191033 15.0102118635901 15.5160412442972 203.051599581571 278.276412686277
2.80361064135683 15.4793979604172 3.24136860286592 9.1991397270103 13.1424754610492 10.6990680620387 212.18439622855 277.854646903696
3.4990315887236 17.8214892277253 16.001300796554 10.4286462445856 26.5958472791796 26.9720441328627 201.922129985399 294.280259476468
3.15855524809369 17.8100386571585 8.68841416875324 11.6886090787848 22.4669593167216 9.78350282566397 180.455615280116 290.398232288494
2.79216139296601 17.0329990042718 4.74725466376766 10.496151573062 15.3575423717561 18.5569885708947 198.890100165114 253.630919635386
3.77456911101 16.2953785910348 13.1683206501925 11.1263877506571 16.6460407511852 14.1219853746151 212.960997602334 271.510566670269
4.21504083974761 17.6191872805983 2.76316044147901 10.4470527709008 19.56538703486 22.3013396045025 198.120103744858 244.381397942315
3.21196260910916 18.9520820393135 2.82237713702 13.060457888387 22.101327077539 19.9649561674023 191.835314296299 285.502685269311
3.95002343474935 19.3689418106613 0.112375242298402 11.6279338005738 12.4309241534468 21.4363798872042 214.785707499855 223.638074392061
3.39025851833894 16.1614120304681 6.98739143504381 8.36913170218854 12.9524119418995 24.0514051183662 205.569887551746 253.087651694995
2.92364969842782 17.2742204791362 7.29551541744349 11.3139761569648 16.6928941467932 19.4747519448687 200.461873413622 252.009300437814
3.51901506074469 16.728392435224 5.95007198171322 10.1172644447178 22.3633291449543 9.17809479647405 181.646275741501 274.381811748668
3.67635696459368 16.0865366536093 1.51499049105803 9.59479853231499 16.8396116322581 11.7199214342841 204.126183371294 275.837360076044
3.05152826711461 18.8832048839565 3.04205038114655 10.9445668923879 15.097748054968 15.1136541183486 214.181907011892 274.004915480389
3.62886348645897 14.8088530906541 5.75490316818938 10.0750950823412 17.8704012780168 20.4142648733343 238.155001940535 265.372763923119
3.60314788534382 17.2897832765636 0.289018796746394 10.1962983355188 23.9511107779194 15.8297248355319 190.595939145001 278.313827921319
3.77115189702312 15.720674061151 7.15540076422254 9.64328371170486 14.3611988059833 17.7789393547152 191.367183368358 266.649889959309
3.73622950208959 16.000643121877 6.00217921024833 10.6128632660508 19.2097932716932 21.8322780378312 192.109187723554 277.405130059886
3.57382405452262 16.1423128389899 2.91841783357527 9.48367871494005 23.412448197107 15.6822246674539 183.049480169654 281.465500824104
2.87685427734529 17.5630623330201 1.39830785845294 11.5870835614495 18.3023399947563 14.0301539666228 214.688322970228 275.326624408772
4.06084202596535 17.7574578694179 11.2183332439949 10.1291989128919 11.1704356185925 13.982387394349 220.83395194675 261.396866662976
3.69171266777649 16.3403746757103 6.41634540426396 10.2614084207323 15.7676116319856 24.2140730189636 192.055747010013 241.375246653512
4.3696331743693 17.9949425797431 7.08496479454548 11.2451894151821 16.9981387616119 14.9263392720453 213.813442901446 252.881140624338
2.94866493317707 17.0669387525351 5.06873431338312 10.6073128955734 12.3667294118695 21.1313944881453 244.677751398934 197.17220928882
3.19581016565335 19.0092562162798 0.862357336755477 12.1293702036599 15.9554087107985 15.0542396272883 207.708204829895 264.113181970181
4.65772063055262 18.6051051265602 7.24693951016057 10.6041070553381 21.7328145522269 17.386472186391 181.575016071965 300.434124986957
3.63273329021765 16.8257077518779 2.08051560910845 12.8991241940668 10.9384465605785 10.646454785495 190.333341931059 271.590549575948
3.76954988632117 18.1435167037178 0.214711921734234 13.4909253675521 25.6126160111807 4.66842707636942 207.821448155553 302.767388650849
2.82816412210965 20.1765608523479 4.39048504423133 12.2939495326345 13.1665830663677 12.3845174033545 224.852445993378 282.924518804431
2.99858415389256 16.0430511165128 2.5675933284314 9.23286609258534 20.0306151112727 19.2197541342385 184.384866763839 279.208469745381
3.47168076417567 15.6563555644889 13.6243592878066 9.7054130291437 19.0266004977302 11.3023329287935 199.801664544639 259.467420855671
4.09512262180299 17.660217996564 0.0580211997471247 11.657161294397 18.6058795737949 15.3032293942932 202.549583849398 292.177200100348
3.08858555139443 17.3198352046565 0.299076712239738 12.4315950387597 12.2699818430373 22.2707028291959 216.805042593944 232.082838245056
3.77479603504014 17.3018289035415 2.61520171551952 9.84637107898704 16.4880707428335 18.7753345310282 220.109660092955 219.543398195761
3.74959729173269 17.9201515340343 4.86748612368926 9.25047011476064 16.6409198975894 20.0523200768232 194.478792412565 275.041034847403
3.04590405151313 16.3890891422334 7.91332545340793 10.3361459842635 17.4700530963362 11.7154625517964 177.156556478092 266.896372402125
3.30051693150054 16.6148634170032 4.9324302997197 10.7877655552904 17.7311687233872 15.2754971169598 213.882582145221 261.505006803297
3.81984462165198 18.3981290385678 5.32127956260402 9.87333143328453 14.7868280000313 20.6025788886742 214.914607583958 245.924989982984
2.89910833035755 16.3053696109159 4.62261885232093 9.84206011890497 21.2739575437422 20.0502123266871 195.873722834789 276.603787172717
3.14891522692308 16.4283059988128 5.27131984805572 10.356835933882 14.9929781159153 22.4306242500661 213.179190555331 290.775399394588
3.84830020870438 18.2706643557819 5.50492784960013 10.5100280045895 16.440488967399 17.3547983322875 209.666938442441 258.248993884649
4.26986131420084 17.6201411004656 3.31414795390579 12.2644931049736 13.1616213765607 17.6905194660244 232.973764660826 249.450411966403
3.34250787671156 17.0443853480175 4.66590398347404 10.1703896067589 18.3270276834143 27.3343248063493 215.139579399771 242.230686124922
3.45380587318415 18.7129157942814 2.74636197026354 12.8217670946688 13.9050665835151 4.98016157259802 213.126542481771 287.920438047054
3.68086916587465 18.854667135566 6.15235006343808 11.5613104627939 16.451886633722 14.8248120561402 201.733222496979 283.709436362347
3.96832098917727 16.252058678375 8.67854705640456 10.1493785422092 21.5980791679388 11.1396824608501 174.432218588559 291.208732327549
2.82054988564014 17.5016776699763 1.58838707811925 11.7351973595553 20.0765546988915 14.9077379406028 206.515275543453 262.680425851355
3.0201550333843 17.2638157449747 1.63902318973023 12.1825531517137 23.3977551270518 15.9083320034552 168.557752356468 241.509535537748
3.20428574898546 21.0224184957285 3.1558643467967 11.3883076301655 22.964629120527 9.85926082461602 178.789485952165 308.251861926076
3.66687989080412 15.2574547775585 13.4642475328364 9.33328628830215 14.6036675757904 19.1244882466977 181.081963635454 287.375636089668
2.92057645058574 17.4774888943596 5.3405814368661 9.88858902924481 22.3546861902239 15.6267981876392 191.12076965372 281.765944138833
3.51605559369993 16.6687071589718 4.9198498682921 11.7632786078776 19.6437046363641 8.94624776650282 163.420572963638 310.976543297547
2.98004541684053 15.7501963326413 7.21570331627539 9.96882801248995 10.5810045781223 10.5902468604374 215.314002177677 262.44746583605
3.42027957950996 18.7845515427984 4.92638645854949 10.4468504175503 16.6252224649923 17.9386268619692 210.246221426161 290.420714392465
2.42581684658398 16.717213103851 0.628191290140313 11.6872568002038 17.611627191252 21.3318709154029 231.871078563071 251.938180350744
3.23500078461464 18.2269286492342 12.9361259009667 10.9925435751491 14.1048134341626 23.7025836807571 220.91736964113 260.582030741657
3.49234308504903 16.7998288982085 5.4046057161867 11.7094613694087 20.0922690215072 16.4849495454107 206.780585921648 287.955442003388
