14.6938375620461 19.8109723866484 28.1658644834033 3.11824573904064 19.5568548963138 12.6413910955797 164.955441024289 218.081577692656
14.6849555840652 16.1390967919387 29.0611015956684 2.80602951178963 19.5432667641478 13.9524993410395 187.580384834737 113.97840774107
18.1004159885292 20.9983847845936 28.1364534693121 4.34882908377546 3.79567856409816 9.03733001063565 53.5302857676884 231.284075809589
14.5119872236544 20.4301761887757 27.8980140454474 4.31119530842957 15.8919407859581 18.6016481489878 237.329644591581 207.434318666294
16.2377123896032 20.6247757863605 28.9399805141271 4.32721419314004 18.9976000012383 19.7320321650367 101.712439416987 181.326460448436
14.8322155696586 19.6121398534556 27.4984797271445 4.09173933213663 4.68919047080026 9.68441834428898 184.910214057328 120.463536208659
13.8325275850593 19.2305121096148 27.1961807932636 4.23025924397758 21.3062267287167 22.8875984060305 227.54955000914 66.2069486101207
13.934756000652 18.3606682677912 27.5768715399111 3.37685634801959 12.1456254287 3.71292784933192 143.317721523571 198.059335596047
13.8044111910665 20.0422571167814 27.4260631647955 3.7909864880388 13.0458755024749 11.5767258290848 153.328984218812 132.685266442762
16.0589970300634 20.2050723665334 26.7288781783941 4.06458328882611 4.53256202165257 5.83927829448619 177.134000666598 74.5919913474156
17.934470240075 19.2307739441655 27.5368227945556 2.81989363169218 8.57597517521504 27.1330559745555 9.07494770095346 213.437322688024
13.9680268557705 18.645188378196 28.8845821888512 2.76526281063504 18.5944123414239 6.2800049478108 110.973950362815 222.524272544282
14.2218602868316 18.8217026104988 27.9640685554664 3.25197954472781 16.9276451934263 12.0693559701375 172.928226747127 28.0759283661343
17.5417015203039 18.6408973924283 27.2532678026089 3.56237945183958 16.6461038511001 24.2370488448677 97.9596403241304 257.045732910811
16.6479299547217 19.3163051249532 27.3550277761516 2.75006006941429 15.3312279751182 1.33287084413997 118.065478241092 152.827184777081
15.847860670677 19.0488297878467 27.0764630643316 1.88308830429445 29.8223418270925 20.9738273409542 28.8698768785392 112.315187164901
13.3262188385975 21.632105403017 28.8022040147554 2.85759572900656 22.472368126191 6.66554298395123 183.84821333532 189.617559095078
16.0562519893109 15.4199240808609 28.0705138440998 3.41603306937894 20.4048640759531 4.37425064018541 65.0125555658269 290.307804367224
15.7148397550926 18.4445970062047 28.5802948700591 3.53259139638286 23.1462993344217 2.59034378902011 169.096027978717 194.06789613733
13.3780971803581 19.2859179056537 28.1274188916022 2.72486002331245 11.1940977168217 7.4827401229132 70.9623074474046 204.343004950385
15.4372239587701 17.5669971063525 28.4987122490855 2.96494832135196 21.942637612314 9.21083201489819 144.743268036008 191.485699864027
15.4772571489375 18.2168103307387 27.7606930385571 2.56269884162195 13.6134695163814 14.6762302648681 32.3664287729157 187.216601215348
12.6712599122583 19.9878804548555 26.6812899442242 2.84028592293832 25.698944387657 21.1816188388298 99.5875993529822 245.355826223062
12.5173596410764 20.8158522100722 25.4101973729451 4.58171361849417 0.91406785632693 13.3645977484819 273.546470179046 103.177409711118
12.8465973199406 21.5225849765702 27.0984376207079 2.90322666061911 9.68115544034294 4.32375320381731 186.798959266265 85.3872205684149
15.262655808316 21.4507624138878 26.3363632194445 2.99540107688086 4.42253962970328 9.43491588844642 25.5787732772019 192.249434171216
12.180887166892 21.7610897885072 26.2210428413238 2.55624792315557 18.7182088903761 21.8222012863558 232.191277737905 179.352890008883
14.5248430219732 20.3204377404925 28.9127641359591 3.37239358243446 8.13055863925122 6.63723343707074 244.36126440277 102.424238665541
14.4160095256169 22.7697491187776 27.5761891556331 3.5944041658517 15.8303206561678 13.3615396926954 159.294882006029 221.751267868932
17.051433900729 16.6511127257518 28.3238897506135 3.79677929849236 19.0169594064754 3.6092089836048 24.6981809500501 317.62497182752
13.7419866839339 17.9129040290003 28.0786763954248 2.45900573512611 8.46620333687798 20.6889504706729 43.0050784243721 103.431709625661
14.3093290183702 21.8827198123568 26.6050599016374 3.44065610329828 5.86685507534165 4.40000965722987 83.7209364322311 398.682227865327
13.1623458928508 17.820200494638 27.6917469448832 2.95487317147178 1.08284115805089 10.430111680041 487.263767425737 107.626478630491
15.1409354457861 19.0096904496573 27.0298799265499 3.78160602241679 2.11428457141399 3.07410078465306 22.8990010260514 348.298216709477
13.2202201924073 19.0280816142029 26.3478496046303 3.26351915573196 14.3038981672461 12.3099661145086 164.906231106324 215.040493351849
17.14508741398 19.7806770236512 28.7319928954984 5.49588105529633 17.6739047398097 15.2846314981609 14.2629448536 181.372501468599
15.4010767882627 18.8233241920516 25.3828253627463 2.31880944875782 11.8439913643928 3.86845523145398 38.9211420776913 162.488452681271
9.944745935418 19.122860438431 27.5609307531552 2.98557252234232 13.4551855051506 3.81544102929079 119.086075299931 31.9390525983073
15.0635429391396 23.2592889183777 27.5916386933736 4.85367846906655 17.649838945765 20.2044286543788 206.315330185621 211.591374354544
11.7344805091737 21.3473451628197 26.6470592762766 3.46768941628651 21.1204478237747 17.9998307939699 217.971785517655 211.595437671272
15.7953868441832 18.4111062456849 25.8095137615747 3.84694246491171 16.2659663550022 5.52996049183777 179.859794729604 193.722514004296
12.7321508821119 20.3133770154028 27.6270593143705 3.97492909647586 17.1616102624217 16.7478030442217 353.972772175734 26.1412392379325
15.2805729122611 19.9849185303256 29.0670310469703 4.07592867457182 20.6547956632541 3.22041040015047 36.8214838723101 235.794282549745
16.4777633091722 20.2320924984088 27.059329463968 3.15317302934638 7.79745587941127 16.9089620312174 77.9367953758338 147.501151348429
16.1031041346906 19.0207353394021 28.4734891662498 3.83664248948589 15.3700676831753 5.23253169038147 110.086454089017 206.014200419315
18.7048166812094 16.7690716802433 28.9579913577319 3.87195440736213 19.3602417363793 4.50978209094003 77.2677770500895 201.445105092641
17.5125136507084 17.0207260817854 28.5783291405123 3.61107347289425 22.7971456250781 0.815405174563479 131.69053520458 247.322247691064
14.012156150533 18.7188207080189 28.0669111187952 3.33376686230493 27.8531900973997 7.46509339733411 117.100205694557 192.919077628512
14.267341727282 18.0575417277678 28.0465218245887 2.24176018673409 20.3035833694365 12.887604521967 40.0843572727551 145.806473505377
15.9690660841548 18.8389356577002 27.1877997136347 2.78956810385412 17.2593567846777 14.9900172788771 159.625584334594 122.791411819323
13.1683910765964 17.6374681875549 28.6564018537645 2.92668070744188 19.4909389891072 10.079429481577 30.1074797962255 92.9249260380802
14.9581603843243 22.0211789509835 29.6018247891029 3.50279188414801 23.1609152618667 7.40302047494756 187.02220600877 119.018362917267
13.240747560292 20.6468096005701 28.1613352685522 3.05940877274976 20.235509745106 10.9181393566833 206.273127419248 112.068770841346
14.3650658925793 18.81707552527 29.7244198353245 4.13191244578855 14.9744975949304 14.4437954836679 72.8021189759184 220.713039067522
18.8194448210559 17.3354204346337 28.3622395968758 3.56167939848937 8.55329829578688 7.81110649919018 71.941583821287 270.744188680172
13.7077953091902 21.5089378918456 26.9967079210636 3.06588631051299 19.759575671629 15.3963354958208 155.055613697062 205.477779217742
13.3771154863816 17.5881374215189 28.6607958272096 2.77290793890319 18.602734735582 7.1216548607785 32.7029362534218 157.260200233222
18.3395549342069 16.059558438335 29.4076061321547 5.29592140905784 8.64443369191636 2.61242099696643 17.2365736283629 312.768097114413
15.819349381754 18.8320996759102 26.8107628188818 3.1871817110156 19.7759875820174 2.97280216846559 118.790150520195 180.426800155515
15.0066962098702 18.3729518548078 27.4722763703904 4.1265836329817 10.8162138510048 22.8380190239103 195.997387758947 19.7546836340399
17.4150882066767 19.1372743921513 29.4616003596054 3.97982646619482 8.56015461602145 25.0024457235851 60.6223794751594 255.819035216844
16.7167317995055 20.1089262766909 29.6311743215797 2.95548586092944 19.8841291248863 13.8633752237273 8.55091872908092 226.916412613498
17.3283779181684 20.1032831876767 27.5691073203128 4.24159475497583 9.50041888505961 25.7635327991245 187.299465841067 87.5567494319126
13.056915051761 19.1014804631111 27.7495111122763 3.43055838956729 10.4296956305981 10.954673710516 4.33197416532292 333.213540135674
14.545646353247 18.9053255569595 28.7369420419047 3.22549268826259 7.17557631182446 5.17541480142709 248.299694492512 135.470381599292
10.7341296096186 19.9650057662361 26.6187006077767 3.33695098000206 11.7071776257823 9.23389297597437 71.9698148337 209.160790743292
15.5671263425456 18.6468088493203 28.5809568538439 2.58418168874397 20.8884305430024 6.18676080606546 35.5212647028907 157.183378022153
13.412129381275 20.4234587298728 27.7863324697333 3.57584015017817 14.4210708354876 8.09231022434259 50.8081154506807 289.740675112882
18.4534855603009 20.0077917990507 28.1691261884272 5.45774379777543 23.7534061107255 1.70117554115673 48.6390743542478 319.326535271
14.1949711867653 20.7494853223411 27.7311830382745 3.95765228941893 5.352690318327 7.39934054350528 82.8355710475555 207.89346359022
13.9520380366002 17.6371764172283 27.2284940494872 2.90042454615447 24.1583766949273 26.0753247126833 236.25815963637 150.248945286759
12.36531653389 20.3424524764861 27.2691562484898 3.12275822390548 4.51394666609468 12.9756437019721 200.320304780664 159.0102721351
11.3428378256676 18.8258179305547 29.994470407193 4.65750370825859 4.36961838821229 13.1127401173313 417.965000037328 70.015958725685
14.6965910530858 17.6975575024435 25.8658319974262 3.15409019767674 6.69658599939531 17.3851703140954 167.597073466475 164.763403722309
17.3700013277243 17.5532305000977 28.3899217938622 3.52202055977795 5.50246966023775 15.552480114071 173.956978566076 78.6037766692024
18.0348293893269 18.4232469552176 26.8590834076822 3.69938367247159 10.9051581754673 5.57362444095426 208.517671517656 54.8462307029281
12.3477461638341 18.6577254872824 26.8072812788759 2.14387920294603 28.6318066087353 24.7694308324942 62.0282180510214 169.592306535466
16.5318832947889 22.4450200856035 27.3092038017283 3.73250296842696 27.7177195193578 8.54181080997662 146.817565465231 138.34789064339
13.8924594386681 19.8899599218239 28.3705035420415 3.90375302921535 15.0166717074594 16.7363214822373 7.50385012148463 218.916945368487
13.0278245510085 20.0939855917696 26.6146293369714 3.4091515631432 19.3029269030823 5.13562070072803 149.156671081863 81.1170514247029
18.219756001617 18.1440122929737 25.9474324051819 3.58856161757689 13.6613275438136 3.80373618918441 51.4313138226102 227.531361295826
11.5380256713829 18.3347526679112 27.0297020827639 4.46374725737683 9.05396340444238 15.6640799129886 172.486798618733 178.088498158472
18.302257428567 17.8960281746203 29.9245063175325 6.41661281292023 8.51850711640662 3.54477399161849 116.020971993544 206.648494403559
14.974705266044 17.7687653028978 29.6804936675422 4.12824440309862 11.7146177789725 7.73913284585854 215.106575343272 134.244049837926
12.7666337652939 19.2602092477407 29.1738901329565 3.36205633964093 8.34596482604855 9.80575504445279 210.841030354542 131.324149646165
12.231604104164 18.3486096934858 27.7647158824968 2.27654804253243 1.88070902608869 7.99731401893499 30.8181468648052 131.815919935106
16.103916664464 16.7953758459565 29.9582422209839 2.45946314477558 18.8095901709363 19.2841319142916 188.852637963403 63.3109592465235
14.1214128889259 18.7475130917531 25.8914987960797 2.71038105765108 21.0574066961624 15.1236553944352 64.8341730501609 223.702082688455
16.1426582300602 14.0757587809578 27.5017255591194 2.96306104947853 15.127702561392 23.7466466919685 12.0460522825808 217.153202684504
16.6034733736361 19.7790791243596 28.3496625749799 3.88730840361857 9.55186439356584 18.5434047574311 153.531491758633 212.216244920059
14.3060222463742 19.183829231367 29.161764320922 4.22368449154801 7.70368997166314 6.45959027892793 86.5448977281617 257.935568217835
16.0200416331479 19.3934301992091 26.5201654921746 3.73337276242239 3.86676679656523 9.82620947446591 112.252531107686 202.538160448526
11.783424286313 18.192625224409 25.0148758196009 3.72856190373202 4.70949785295333 7.05248634395035 347.792004739292 135.845779133244
15.474814350785 20.3627286613491 27.98405397804 3.47623212138583 7.85164547907217 10.4587416120928 207.967546031203 155.803458855689
13.0581800629364 19.8652198942147 28.8889956621379 3.28054170487192 10.4434429290991 21.5647215022453 272.045831090769 35.2321936917584
14.5239774185552 20.8081040465435 27.6124289465904 2.73232210971497 12.0546282669417 3.82307834705455 54.0810780414584 204.44907329763
13.9357643177107 20.9516023267869 28.8415512828494 4.19146247076659 16.1994796230932 14.8869970441569 126.741469347504 202.317285905978
11.4868977781539 18.6836645453787 27.704702105663 4.70098953130274 14.1912737336284 25.7146858618537 384.805486191567 17.3864495257677
15.9195040361785 16.4482766933119 24.9063498845283 3.1715263572065 14.1624454953806 0.63968383185434 262.531270123214 258.959501240921
12.1854359136983 19.0848787869337 28.7260273061798 2.74725957174453 11.1687336990811 6.05740915658564 95.066413853663 211.968522890726
12.2724131951059 18.3961020806028 25.8017103716108 3.4568656991748 18.6009913832757 11.0078083368382 226.107548890279 122.171246495966
13.3175560773166 19.6098820648945 28.1968192597608 2.58033101456414 12.7068264856391 6.96872651751486 130.575821657347 131.037031658097
11.590898161995 17.2014318491071 27.4328214699867 2.98629511011248 24.1431386118587 4.27609635869288 164.629006120387 109.137062673189
13.7653684667579 20.1132868312868 26.3945178003411 2.60753583293598 18.4533949558743 25.2570153162299 140.454178418481 129.992574747623
14.6755607928474 19.9191891334764 28.011011720812 2.09280164078496 2.96985469497818 8.152200752239 55.6774518624973 187.99482478071
14.3013095439369 20.4754953979096 28.0816285829075 2.47808061960068 7.830152972618 8.68748671762216 25.4919055583528 225.118281551928
16.1793745629515 19.1811472887715 27.5558924842185 2.95568094735496 22.4351767951444 17.8570975863456 23.1032752210883 223.298183721337
15.7471384592279 18.6377106896938 28.047349825414 3.54553503004243 5.5521136980589 21.9964651893859 91.1462301461885 203.951636520851
17.7405955396478 19.2931854940982 27.3844539591219 4.03228495456636 13.7639163121089 15.4367648672516 196.006815661022 125.801542067822
16.2022196112907 19.3592148065822 29.3112600758049 4.19436985428941 11.4929200587072 8.08498040700142 103.284772843692 70.3358108086591
15.3117215785255 17.4348342583912 26.9442613615378 4.16211106111834 14.3339393608993 6.701904893531 312.299041813966 110.001067929753
15.7222579726725 19.8661462800776 26.9231524305681 4.11858396781859 7.03829955201416 21.8564890093111 49.9774789092434 258.564562988941
14.8781095516599 20.9060917001966 27.5074015205724 2.6570786697205 20.4639171359422 17.759019947762 96.7789330566601 217.804674774285
16.7370612149303 22.5595667518638 27.7167581412153 4.8234527152201 12.1029869699787 13.4522304543447 75.7476870951323 216.534527911313
17.9274482472582 19.4148138459012 27.6776130147244 4.9501235239951 19.4207023936355 16.5708868837781 42.0891401959667 281.945113622098
17.1146729222237 21.6493940263554 28.8085684856138 4.15684073989575 3.7608791873342 18.4386700366962 83.3348427330896 239.98528839489
13.696246334437 19.7771805975914 27.4089323655144 2.65109315452285 22.5695847200368 11.3923565312092 31.358683690926 217.073993375921
14.3727031694038 18.9213245076278 27.5097413543706 2.94073687781143 10.5934746106856 4.36976057998355 232.410768944781 45.0360984909256
13.3536758392817 17.7034698586868 27.5811081082316 4.04796177416767 22.6168051967596 4.26890912990339 270.708666832558 123.667591686031
14.272990664495 17.8444864306885 28.8125763991243 3.07952386856207 18.5653916152031 10.8718029118213 41.7317376808063 82.62869421759
15.4440199050357 19.1502057091694 27.6482782392661 2.76590955045017 0.0172832943253422 2.7949238520969 2.08286257621084 263.559067677858
11.3381578613488 17.4957111022122 28.276753484548 2.4028330457531 10.6116598172263 19.0487996591032 91.7209527754444 190.768181411179
12.7398225768722 17.510077498459 25.2550855233452 3.98563335921796 14.8144192458211 7.86035563179494 323.8384005082 18.7112486671763
18.0357260600534 19.2355903657697 28.718659661508 3.74370102883014 24.9668712219892 1.87243797332299 209.011194860504 228.581534115606
16.7853226495124 17.7460475226822 27.33393503578 2.99885758292409 13.5724282975116 17.8097773295748 223.276261805509 83.3080204917489
16.0547248512952 22.7623643008869 27.5049973835397 4.07986759560526 5.19385167184962 1.92399630507304 166.798373321218 198.020403391943
14.4915607106856 20.203852728556 29.2093684301014 3.61635076127114 10.2430954415391 1.85587041022286 196.667607207739 237.895722665623
12.990885522803 17.7188732395128 27.934700674887 2.17695534291723 9.85174488244083 15.0106395520071 12.04976199027 226.125773110534
15.638721971456 17.6116136398455 26.2208066617529 2.60017602378899 10.2405786456706 1.73424892641447 50.4933904800772 210.6014886241
13.4223030935509 22.3619776686923 28.8107651317678 3.96331058775912 10.0518090530115 13.6354869763226 233.147624491454 38.1172945030921
13.2024829993363 18.8104538025459 27.774520819928 2.69204567163362 21.4598242888933 5.44450153672154 170.157728387807 73.5008355816843
18.9967459031765 18.2893896095543 26.1282340809221 3.32411007519141 5.34823257447215 22.4496538566195 127.364745413253 207.069359257922
13.0479334437945 19.7499495501952 27.1334901548694 4.12637824719508 22.6706103719408 3.24479156696499 379.352251472845 53.5054010918734
15.8303724718029 20.0044497091675 29.1507770417923 5.24735125936516 21.1246641136524 10.5077072417795 67.6345529462365 133.674772321638
17.4989343560599 18.5197479402014 27.2640613351769 2.73077448310182 15.7171567593076 26.5251820336605 54.7748782935641 203.476518447597
14.0173396474035 15.60117396445 27.2712020401199 3.38385930734551 12.0927565099681 14.850930060547 68.5888869724837 196.198179589877
17.3735896661334 18.4101625721081 27.645714757793 2.85820010557806 20.5318013879013 12.7183559584123 147.648693277379 158.400061715317
17.9207865237772 19.2501859997079 28.2513469086992 4.1764636473144 6.99491106112729 20.1664815696599 240.872454166837 123.690491519729
16.4699012817728 21.2602247465046 28.5670165144502 3.00960809648695 16.4162704157949 6.98700633782745 65.994676311637 214.80951436665
13.0069977260611 20.3234212376312 28.9168212142283 3.02974996446416 8.45718967333156 19.8808395753815 248.199774096901 140.148017923197
13.2124581538353 20.6163915847303 27.2641110554951 3.24307326176084 17.6514154840119 13.1101454272316 34.5122091812988 226.515917384415
11.4796788699306 19.0033397959922 26.9601525969316 3.21185403600363 20.9678095275306 14.6228158706622 216.919288611356 136.007828115047
13.3530612422584 18.4786156905921 29.4701418120939 2.99040060158049 13.5593259057091 10.5434153442839 6.89850756167584 216.347065587643
17.4225786729275 21.0705295797043 26.6933209032733 3.14848375711145 13.5918921949898 17.8513160985087 190.303743839481 107.574214913527
15.1818566924377 20.7800126655594 27.3516410319026 4.20204969312018 16.0925041967726 18.2066820249483 258.004679484501 263.187063208592
15.8325002778491 18.7600341076232 27.8468653570241 2.36357139753355 14.2967200721632 25.5550636605692 22.9869968114631 168.368804098061
17.6926016427509 19.0307376787094 28.3118339693326 2.84323646470473 24.3496176010893 2.60354931197782 165.438561990837 93.6126396020989
13.2332788347009 19.1076920142512 26.907723824279 2.80510179205049 5.91115865584398 11.5819951896422 169.493746467395 124.475078028445
14.1448684725404 18.4741842681601 28.6366216799359 3.27097367141995 18.8709003102625 4.06453652365341 113.15448665635 372.473187900925
12.97237580423 18.7671219153244 28.5648309627257 3.2651486794521 2.42924731081917 9.09835761941243 159.599694940158 129.51403163922
14.1072637751178 18.7700369207163 24.3665434961787 4.03679997754291 18.5232747443276 19.2510313354531 271.116956511122 78.2593847304029
15.7404203692284 21.70190191451 26.5258182207461 4.40377145865721 11.8846725566571 12.6487535402603 80.8069556557439 225.364118187795
12.3108536361681 18.7752919649443 27.125822355336 3.30202351613728 18.3349262530401 10.1013489041793 156.007596788107 164.396776870146
12.8431927973556 17.3260689225039 27.0534547237579 3.30596050033276 12.2139244973524 11.5232123894055 59.456397444285 221.043496219542
13.8927392272731 20.2368007221237 27.8779157803581 4.1208915862391 6.24589367034965 3.46208963548771 262.430092840341 333.365866516606
15.9341971261796 18.9799143913556 27.2478310362181 3.3130978184753 12.4453283613379 17.1104065483643 191.70780778112 118.31376617821
15.6630864399796 21.0086100130522 27.2113077507993 5.3339482265992 4.43987425572355 10.0549686328606 86.8801056302225 188.427945810749
17.9012038438301 18.240146725846 25.9723027295898 3.10197944154202 7.38325243251886 23.0141954984167 117.168769473384 185.587831537072
16.2146133947941 19.6559147827889 29.8259051438872 3.44330311152876 2.31282162734381 3.11748865339255 54.5616351223153 299.992698553808
9.74257984595214 20.4327591344345 25.6263746667676 2.33624544507026 3.9918125171903 8.1484536987116 0.66696370390125 96.6991675659962
14.1066402991147 14.9290727345274 27.4541896336332 3.65221375862785 23.4056256506717 9.82384024540489 218.980749839539 175.683698846197
16.5792003464103 18.6344044878842 28.6763759131167 3.56466898523378 15.2932583673557 12.4976622320263 158.883816751755 115.095707556945
14.4700620018641 20.3932172000892 28.2108889734484 3.24866002678832 15.9704488411993 19.8741558026453 150.650786743274 48.372642173453
15.7344367187644 20.0639505533493 27.5605684109636 4.42160069420375 3.45575498121718 4.14603544475892 153.027821598714 258.140890278708
13.8048747100169 20.0333163210869 26.9287885049695 2.97780286918923 16.842063491397 7.96173692165009 154.829124365433 112.776621515356
13.8219186234172 18.1560034457806 26.6485951403636 2.8595088327921 5.24974820433906 13.4988969496092 15.0814883393773 210.786390624808
15.3701609742282 19.9629852429742 27.6208394212863 3.88475194918833 3.87824600153273 18.9746964714493 57.3814377142686 249.931639867064
14.2224514362836 18.9735564455551 27.5785721111043 4.15548611287583 21.2138905743946 8.52882282454721 139.78823505453 124.992718887079
11.8584504211189 19.886050611709 27.2479869760671 3.36290314853357 23.7297139908241 14.103933525412 37.5793164404011 238.514403199143
14.4832066115864 20.2111401638615 27.6982204606697 3.40458395556137 24.0063386223001 15.4845440068012 144.500410106856 262.157824530717
12.1126266496488 17.013567120169 27.3563666331882 2.38990007524697 14.6084907201048 8.4942918884875 75.38333924957 159.845160034269
14.2534956220895 25.3227259764539 28.3417474018755 4.55899086817011 4.21005835651244 14.7641053294642 324.85874913556 173.892782667238
13.1926352968301 19.8734506884086 27.571328790245 2.66261199474445 19.4577271661016 11.6678279222313 96.4467177938743 91.2145493741095
12.6802815916626 18.9180843606899 25.5464294759816 1.97457661088782 3.57523728757905 27.8345091985976 62.5904739594069 125.746587192096
15.3357293244501 21.0379524552783 29.4966693724839 4.15654667498694 8.20256099132873 7.4684435727418 151.662350411515 205.362873053496
13.2068180071006 19.6586986197751 27.8387372639063 3.76611290214269 21.4063460251126 16.8973663686134 154.754973221245 201.80637166053
18.2461263953334 17.4322149299134 27.6700675285254 3.24453098074746 10.2454990938189 9.97689224886182 100.622913102515 177.140284425028
19.0233247814929 18.2779105540871 26.722340037089 3.91956906209847 18.6483290027744 12.4495743153259 43.5705562865573 238.953473277438
12.6171154445635 18.5833525613917 27.6328636597612 2.68040058077635 17.4139066601171 19.1171961011423 37.6243528653536 224.668809866065
14.700221202741 17.842290920231 26.8117136350262 3.89582959535951 26.1168367519208 18.857976509188 334.848698869381 12.7521531676318
16.3488660832001 19.1220091300131 24.8240984639714 2.82270637088487 0.627276063014178 22.8771825059442 351.085088740035 208.087297863884
16.3579922334676 16.9067645249838 26.7646758536353 3.92441549968623 14.084789843271 16.5426200418247 19.2369298057798 330.93271235077
14.7657125569588 18.8133824343158 27.3269188554924 4.1461933428965 12.1696977655888 8.06135985603377 41.1805578970534 213.836714222902
15.4718611796077 18.0117559712497 28.9177097969149 2.50932594102101 6.27656886315231 8.50600552145842 70.4738116628843 181.746552742826
16.8088565235289 19.3792261729245 28.6256875063014 3.94305667096094 7.20764062318461 5.53767285151292 190.527568318153 88.441458889411
17.3325068002378 27.6592050785422 29.1925048385887 4.43747669349812 18.1078791823286 3.33718846611804 48.0709633599105 205.69639899638
12.9606088251116 20.0749791140945 24.8395242001398 2.40520419512533 19.9306700980823 4.7665307944359 62.521535742809 224.944796383585
15.7011614142761 20.9254980516602 25.7161371304672 3.21899056457962 16.5552019695598 15.3731113227406 25.671403386615 200.539333203068
16.8041518579755 18.7984615656172 28.0050546833191 3.09611052474423 11.0450737695417 11.940232595972 155.770232498217 198.450387011454
18.4024954889771 21.5092158939106 27.5086199807547 4.57582398938476 7.9215822796831 9.16808530923991 87.9185724701098 237.278236693125
16.0276372993277 18.4557598573548 27.9436411698656 3.54749834538061 11.3149931687772 11.9720024309638 116.458836746899 239.965767675825
11.3129505505761 20.5058232199413 26.3496530435648 3.05056127153412 26.8571671990764 18.6197256994857 165.676872973404 150.675823765632
13.9882530076532 24.171264993392 29.0635467430893 4.13139783148734 19.4545092740878 10.064391767562 33.2020872226531 185.122913408716
16.2465750114038 18.5223332615089 28.5344006016596 3.87212279640711 15.6903057077004 9.99892316989357 59.4026845742602 242.83149661488
11.2340098962728 19.9757253237131 27.1430854926694 4.69853865182518 2.93277182587938 6.27213013195321 334.762784949458 72.5094893636041
16.6521756345536 21.0015936250442 29.2170407734655 3.8858322461482 20.094680228507 1.44098169801423 175.127814121283 177.427436768395
14.9839333185168 19.810292422698 25.3022315026862 2.14012144259001 2.20777423110587 14.3836703614479 6.75787272133503 217.550286901536
15.4570200045699 18.5963899579467 25.5291996879815 3.03348541345771 8.88381036104736 15.3980003492752 194.853470817586 115.841628635628
11.831836104263 18.3929568393043 27.1032654129087 2.69961268153975 11.8885025713523 8.90680467903898 203.68926589603 154.321560251496
17.246927220895 21.169240838897 27.6326717486199 3.29999747232083 11.0837094257852 7.47493876373118 70.3303644092441 202.715379659366
15.970273686114 16.3886101859452 29.8176805831969 2.89753637803519 5.06227771260582 27.0867155207762 114.843982328189 239.939730697986
13.9172990909376 20.3878003169079 28.9815553336768 3.79626433575004 28.5000637321345 17.6311272622149 196.071900626953 27.4377461112265
16.3510956889792 18.1571256335632 26.4689791167539 3.09807016982155 9.55186463437268 7.00473589178204 129.77761961454 211.257501378488
13.7738142953435 19.761760028231 29.0474580623006 4.86940604559481 20.5014213952165 3.53549653863178 87.4408052179362 263.36516644727
14.3362054109549 19.4234917199965 28.5869769714455 4.43802351880441 8.0326112964162 10.2389708095435 164.658839945364 206.375169061605
14.3326866667709 20.7496590074788 28.1711756433615 4.69540644748591 18.9578064434767 6.32464759504603 227.063788420846 198.61595103869
13.5547984458055 23.7023027513586 29.2894111808695 2.5348365346801 10.0957261590192 8.3410648545377 166.892128614541 134.605994379843
13.2106956057781 19.4726845433851 25.6862244262089 3.39009642022151 23.2321627357457 1.81286474960188 268.251406717715 159.654111625226
12.9846901860535 21.7542420533527 26.7872057118658 4.49650688906949 18.039980166379 7.01569357116735 224.78792861854 182.820120763076
14.0589205175156 18.4425864375705 25.8352082439112 2.60639314257932 17.3622824435678 16.6090868906017 53.1135735308907 208.586626172526
13.7418310874762 19.0995698341922 27.044606962961 3.15842280492541 6.69693559668222 18.0418479620743 11.7409792551005 261.299492970853
15.6465312954656 19.1246873555145 26.5834439610621 6.5695317830974 15.8033646314903 7.04741147152098 82.3411502930608 248.309071927112
16.1801627797862 20.6210624248268 25.7372018932274 4.32255001245991 13.223170524134 18.9370959689146 33.898575456664 233.718146530679
15.0690093077439 22.792692721768 27.8255476075679 3.3050970179294 23.1421968128534 11.3053982867538 68.4508596039702 245.210354308032
15.355085831798 16.6098324574871 26.9646720864976 2.70846893215948 6.65334450974191 5.61400380925343 78.1115934223707 295.461483734338
15.3373124265005 18.7003011223716 27.1267526027109 3.48722789259504 27.7164475481107 5.18435344525898 130.848519213789 225.853609654504
15.7427782919913 19.5846728210172 29.4742608985027 2.97941862963428 11.6568949348818 9.14773928595428 165.649685575463 120.864377134598
16.382683902876 21.7128507349297 28.6177749400198 4.21760741146755 15.8099013774348 19.9046322811779 138.873278959349 315.908898118228
13.7349889401856 17.7439647144831 27.1387758048448 3.2613570124656 25.1592563301719 7.43522841994415 254.044463791977 21.7522010777288
15.2831063637197 18.9167830690532 27.0794199602169 3.29771820427238 4.06326037562291 13.2376849655539 10.845643768605 257.171635550201
14.9539364781984 20.3164115901357 26.2765204208847 3.04720391773995 20.2698377872467 16.3005421747711 60.7615712518732 137.939831403844
11.1657551407283 18.1661698427321 26.6026714331525 3.03204739530343 19.9745064049187 16.5201744084171 239.142143267764 98.5390131662505
10.7350329391498 19.9913392214166 29.1922055017882 3.53059756940302 2.85617481632304 8.36996470121375 353.72094646539 111.713970660891
12.6063988861198 22.7719278918781 28.6132062212906 2.53815436326383 4.06416197250649 4.77237391741207 196.733393190923 120.349418854379
16.0926165214599 20.3981591955209 27.8180309583918 3.2021224798175 19.0759744341052 4.00687621395009 177.557357466615 24.8418401018226
11.1947855670644 18.0412015833373 25.7890338885321 4.2018679570782 3.59080719898506 2.43839558943078 270.378685219644 162.210014529563
23.1065877171341 18.4737517761815 27.3398941634477 2.91990239331703 25.9130635711382 4.64626312568911 137.919397898889 146.43922361674
14.2450493017307 16.2774692965441 27.8740043092137 2.60972257697471 8.24308378727601 16.7093608147814 151.167726208286 192.167050936516
16.122575922884 18.5268326142662 27.502035325994 4.24897957355303 20.9126429895579 4.52377065959722 161.910120564349 135.444444690938
14.7159142901924 22.6023238695169 26.8069934242891 3.29360157197427 8.65696962291094 5.00263178920087 36.9998936637686 221.969373088238
14.5603829869768 21.4270478345865 28.1710606195225 3.57564236093211 18.8659975714502 21.0035584773868 157.692411512475 130.870973173819
16.1301277860125 18.9545056137015 29.488333655018 3.51610206536698 10.7174473720275 14.9667066669805 13.0724442148836 254.798355627564
12.5485863555129 16.6832993917286 27.2040896867517 2.51756647953132 12.0425380014992 23.3332420168698 58.3564588582248 146.120860483408
16.8461426135508 19.0821037366675 28.9947302460043 4.59882120158671 11.7467208088308 7.31328890446038 55.4511808145444 227.430520123998
15.8381380779378 20.9789279559507 27.0489520320786 2.58528803493973 18.8048574026455 9.46369660961609 161.114849411764 125.06921339877
13.3690191078238 18.6834620845553 29.4898316182285 3.05769112373628 26.4564428964306 18.6031120089237 47.406743144463 214.708223868406
13.6065310673845 16.5324418283419 29.4872429294205 2.71254986691554 10.9186793139858 2.45798591151699 76.6541725060048 201.493748456094
16.7700206239192 19.2847987648788 28.1500500393187 4.05781127550098 18.6569459366087 3.70511967666711 61.1693865674891 263.455725384262
16.5201850876459 19.4274280112611 27.4988561244404 3.12212777111008 19.0571180643331 18.3764872930806 128.426189144015 143.982526805576
11.9593049964837 11.9006759386914 27.8093888774848 2.22577687287568 29.4078527485229 19.1843670502379 15.8252172579106 281.214216179953
17.1053185083973 21.6990394779357 28.1209280019932 4.02157353709987 15.2991683643346 18.5364384998744 52.1110941167442 249.309653037859
13.8376625430184 18.9811770108911 27.8366181916502 3.01528850537856 6.06170881324439 6.37756636272356 184.574884757898 173.974657769967
14.8875145949247 21.3886727579185 27.1081785829758 3.14974594396433 20.2522955493127 11.6355114238785 63.3086265666109 245.565375869384
17.7992307122215 19.0280942322725 28.4243312194792 4.15513157730073 19.3322335399339 18.9238158146018 99.2636225259363 242.697056790883
16.1346736935425 19.1886490878061 25.99074033612 3.51814278616176 7.7536291796896 19.4735493430921 214.94686316869 122.458603134014
14.4666642867075 20.6454171802815 26.5406513224371 2.7951987828703 20.2312505720446 14.9482137384627 161.845387084334 197.502002313835
11.9106316583102 18.6739032114781 26.4947739358657 2.56226118542876 27.4077033380741 1.71828904695648 8.13383744745527 187.435016487797
17.4585448890149 18.7530887960622 26.1401786885584 4.84061461798504 28.0030474820982 18.1877790453072 116.216918791555 275.490671006113
14.8765284152811 19.8529134497799 27.1612598001141 4.30375435158646 19.6456630178354 22.6148917766518 128.59594162147 238.904489611249
14.1284606396431 19.2716457730348 29.817492151724 2.23205801315541 12.6071136015765 6.46389257803631 32.7567202858293 217.208859492683
17.1266697223622 19.48505326105 28.560504934295 3.99704399292519 4.18593363371234 18.408196065163 10.325396506665 258.387636326176
13.777745442871 18.9954836539466 28.0031403656269 3.30889955176774 25.3788701288851 5.56357965545982 69.2583293296958 267.896863778521
16.7413314832053 19.0501409949382 27.9537067878942 2.4890042669838 5.12641811387902 10.037337141943 11.601227378855 154.393273924518
12.7611936539416 17.4661673434477 28.3359476763802 2.883476978979 19.5593375670785 10.0180271623714 123.265327288702 229.586327234982
12.6417216449382 19.6980690645416 26.842939321734 2.4919392117499 17.6706156724597 1.09015203249607 175.851264672384 440.699646412014
17.8219558795155 18.3546330783939 29.5472540939764 3.48286256135702 16.6719366289653 6.10225632908165 54.7279568295313 318.332021034471
19.0149760414766 18.9157342991128 27.9058587231241 3.5657141634953 17.2610246897307 1.97432242120431 240.534407624481 65.6654400813599
15.6141894907866 18.9234373792213 27.4995250195519 3.37074553617845 7.60650150459989 14.1639168292768 215.123096681599 99.5409416020739
17.279857856273 18.4245813025124 27.4782152513255 3.76046623898805 14.3531820235316 3.69619054035658 122.501404192532 204.689086967976
18.0365180099734 19.1382368479502 27.2069016736905 4.5716277641434 6.2261839391427 9.56015006023659 277.837294227059 112.493474308026
12.6366532273118 19.2649332829046 27.7239445940747 2.35022709296198 16.7552123973928 7.33075606214878 141.795430087277 177.382096114497
13.4535920039937 19.3633108876425 24.6337503067916 2.13724817452845 8.47086058428069 21.6193198697376 206.990532440151 69.2585517066006
15.5988898837419 17.2125376568517 28.9812694270528 4.21009252375698 7.11239265035894 2.21338112956948 58.5740021034787 286.302487268876
16.4390543089607 17.751973620955 27.0530801372325 2.96898908179545 9.45496314860313 3.46826976176918 71.7492019347899 272.194433882111
13.0981705413962 19.2751980589604 29.0568453975256 2.64647440952854 10.5169381907726 18.067097154321 80.4354927141106 196.680367722715
16.8588455927125 20.8267918162584 27.3981498970639 3.51798392609318 24.8297165698959 24.8015918371874 81.5424074044341 206.677865369738
14.1756848095809 18.5855077907746 27.6800958848378 3.59922053555727 26.3775654802837 4.6102452823778 197.515128154743 155.265462903771
11.8371829401905 19.3452713470912 27.5152212317143 3.38547275623641 5.26956562589747 13.1601797490908 234.688896670473 71.7383735672713
15.6222811054445 17.025786676043 28.4014241165381 3.83884741601906 8.7627390902482 2.67633610559224 4.02903890068072 319.88369845386
11.9414168496209 19.0653367892046 26.268226885251 2.91507132569394 19.2804079178921 21.909273702938 186.738022971093 205.494387661634
17.7830508895608 18.5239337753255 26.9486173753401 4.0921362851908 19.0466010201572 7.73196488192421 189.003494530686 83.3756663504897
15.4326813604075 17.437236359229 26.2801565000863 4.55211694431034 13.7266033209363 12.1908299526983 114.119456879388 315.965237822441
14.2283954961839 19.3876108720755 25.5841924234494 2.98001699486993 6.92471704153062 12.4707950416397 154.106407066274 219.400056719902
13.9395264192905 17.7561405209733 28.529126035034 2.80741060767862 18.4269281168611 7.82297616399034 74.0283314777527 191.426429176808
19.6460641660975 28.4310841579387 28.9414440660662 3.6693004426492 9.15560465183045 23.0225123007991 45.4179144717338 230.960707595042
12.742320255111 23.5925659735148 28.2318950139703 3.58071018991857 19.7107186114426 21.2539516196875 130.662699745713 208.37407479887
15.3787653510385 20.7696436996163 28.3742497976644 2.76965391345954 10.0423627097654 4.40950188391033 7.71446061040986 161.421390274387
17.3741320849498 19.7697057976137 28.6881523102606 5.17752107491551 8.36163280040978 15.6773160088444 224.341075277494 123.78786317048
13.2888073012966 20.2359561427167 29.2018787842727 4.3517585817755 24.524650306454 12.1900779841395 288.175591902559 197.816990571015
15.2583087143066 22.4508382290228 27.6468513572306 6.42354374625663 4.17311918000868 0.309486509802757 522.723111642181 321.645652308144
12.9156394685895 19.8089370473031 26.9373686219564 3.48155737225928 20.0914599952719 8.96395871985 226.963219806827 53.7718730406437
15.3606202832156 20.7714633830521 27.695955921151 3.87255870288943 11.4617466512537 6.3586294606737 109.481000666623 215.472068995829
13.4954290942129 19.6083796920751 25.7003713209852 2.24196470117477 8.68682878743883 6.1587369629508 126.329516539052 105.679480485513
17.8027116343221 18.6064285336059 27.1077612504676 2.9287649445391 21.2602232095364 2.7822930354746 164.731939011276 122.720250327318
17.0594915880476 19.6279095141317 25.6376906408283 3.59634558076704 11.4281513352838 8.86961543581914 84.6260426980822 307.079501258811
16.2429654969908 19.4316926827648 25.2878546836286 3.23064013724173 5.54248137069888 27.3269688293188 157.896847449881 129.551668461181
15.3353098713695 20.0406176393892 28.4456458506956 4.07861582260621 12.6979731574942 9.7090163453648 40.6438188437697 236.013344325145
14.5436212064416 18.4970599640989 26.8707752086827 3.22618250549371 7.03741105257958 7.95819959593778 276.181612852654 9.68964315560635
18.0532899464185 18.5470527186974 27.0424147194418 3.53289725694558 15.9658079814731 13.9932840268642 124.442126317048 168.587677291283
17.0430857179166 19.0147470031961 29.2946412161062 3.79335376673087 15.9555925117981 7.71197247925187 74.6663707933389 269.070779874602
13.5376071134014 17.6606862118281 26.8602018585458 3.72638878344518 16.6862740852713 28.5464663325235 212.524183771858 159.859591959093
12.2068598621267 18.9557399660326 26.2666582930864 4.24718590399926 20.7137112321142 8.34156096512734 124.132201085499 162.704381477392
14.4761676065627 21.0125231026929 25.9481598589095 3.36278334772757 23.2677134510517 8.35674706150532 102.64747411928 312.615049101551
14.9293250324873 17.8846359346679 27.5871715420418 2.42790819889506 10.2871655300878 26.5809980700528 172.262926126327 108.20309995329
13.8447147940899 19.9687580756856 27.3085625574056 3.93742539708699 6.96128558501908 18.8197374310911 89.1245945878911 324.690069416643
14.433066244327 19.5679225745521 26.7572246653935 2.65596858787469 7.27593211254014 18.4366462165056 100.802754967041 155.259920619343
14.0994191692586 18.8931547157006 26.9556654737364 2.73622294572463 18.6507590739038 16.529407220624 52.0179398796811 157.369299827083
16.0372207498828 21.4661930304433 29.8913998713675 4.36210123246056 12.0824114179957 4.71898201394731 72.535324432532 239.94716541921
17.3301246507467 18.4086542174956 27.2226044121653 3.10690530385639 20.8827073710248 14.7683632953633 126.756413700695 200.946285121246
16.4995462424544 19.0282565932536 28.0599648205492 5.03089306635678 5.02037934818804 13.9563338032147 232.159649482061 184.170400081692
16.5278236259283 20.6855723221992 29.0701779922091 3.49165099624448 9.13381660671299 21.8404724528424 17.0570167414255 191.077406462753
11.5359627139725 18.925266611372 28.866248115547 2.92148098979161 24.5785193883799 5.32787169717884 104.945211246391 195.019041610428
11.6409875752525 17.2901248848726 28.4145526608883 2.65411612145852 24.8816842265791 3.52066165634087 18.6264046228164 215.166885778059
13.6930159453059 18.1799741598613 28.9522549512623 2.20708790671977 22.0748462682015 14.6843313621831 132.181415318474 111.981138664167
15.3364716534095 19.2406226177671 27.9422156113939 3.43692473533305 4.52672979342518 8.63917005311805 181.023179097776 231.075204694892
15.7160697436194 17.4309446445628 27.3128293234882 2.97438036831814 5.22879324800629 5.0498598045352 18.3886748537494 335.599156935848
14.2826221755486 18.4846982183562 27.8693981845706 3.05011298262521 12.312113960523 16.8246717123871 187.257056409771 105.89548779598
15.141784432869 20.6217047085133 26.4922440251503 4.07538277060197 12.5089148327571 19.5522142836283 162.210759602794 269.166940549037
18.6251059840557 18.9654653365242 25.5528968687086 3.3267630907493 4.7929880757466 11.2042694337228 160.816595078594 125.071295301183
14.5464067214072 20.1492807033204 28.4851312771343 4.40577789426334 18.109620829329 2.79058739656673 93.3178243767776 231.42967241735
14.5342209783947 17.1792391481836 27.3129784027997 3.21760778626202 18.8527732516313 7.15755579970869 213.378410073475 112.836719048322
12.9550988819726 19.0203702438826 29.7909577281171 3.36535604001989 8.62933075764718 3.36957344263493 176.327813566117 164.357746302649
12.1409224273253 24.3598627862969 26.0070489735742 3.26289769760102 16.7929373615551 12.4054622435335 181.444417942377 141.061619363117
17.1283127228636 21.8572346687455 27.7610150767607 3.78783346243921 8.69859324641138 11.8337877022347 44.8595699988534 218.417354908673
17.6951245163838 19.1676537793042 24.9854591746874 2.81283508611238 1.81308241984726 9.35587288774585 11.995212192133 261.771661262492
13.4891316968049 19.3855888728048 27.2894504720108 3.38141158598578 20.5824636866926 6.72536322998712 295.352576990291 114.588010227488
13.155559664479 19.1215033185452 27.0149793295934 3.16442700955901 11.6981558083393 21.4041977591949 60.7225953243105 230.73396998674
12.531305874932 19.256010678428 29.3962842686987 3.37558811235208 7.63170850347387 3.77809716963569 132.8015222184 62.7434938493409
15.9877865284695 17.3014429235119 26.0798314447307 3.09905934480034 26.3489851741752 1.9561224613443 42.1096999261622 165.037761849362
16.0980401827898 20.5277664231242 27.4125794290533 4.21201549759108 12.2610400870508 15.0156823587987 120.169517940682 210.346941294818
13.8878550809689 18.3216546008228 27.7964213229202 3.7610431532507 10.1452064888048 6.8783990474231 40.7696698787592 241.105713951794
15.7968339534302 17.9978579449846 28.8061284947341 3.22978967474102 11.922726648168 3.15565575112835 173.979181058097 93.5552151002146
17.6738682714268 21.0007061889308 28.1194034430804 3.54008752964459 9.77689978200936 15.9919750880555 36.8251881892107 189.797918313324
14.2301615282813 19.9062965509772 28.6387453680289 4.08904958276582 6.05336760986854 8.58010093551737 140.346604039737 137.009647969567
13.39694372704 21.9306773332287 28.8821658669707 4.00873210824165 9.77569983723008 8.48726450640915 163.458356236976 97.4140712856727
10.6921556641137 19.6780171127763 27.5203871086255 2.07652484478506 3.81349818127609 20.4876378418348 442.889836603164 26.3811771684721
13.908763126923 18.0987389554681 29.3334476547711 3.86971124690444 7.42714560122723 6.47935506097279 134.477016021907 185.265917569675
13.5731683372645 20.9520315808057 26.44317589964 3.3351968738007 21.6748127720959 21.2149452864433 213.86106708032 191.237065582584
16.0445860191207 22.2346609974789 27.4774461074029 3.12776398427899 9.47660357681083 5.89665785292569 36.7353439961564 242.745513312637
12.9196841469776 18.775869370529 27.5825245396226 3.74609113330966 20.5271072761854 2.66153525124822 2.07395263060963 168.896823888207
15.3004335500832 19.9788426876605 27.2578460460651 2.43292500631498 5.07361692770541 6.46451530801892 143.117989814733 155.809231298333
17.7448833508348 18.8294248357822 25.8907690585746 3.86695176252053 18.0914495769238 13.9374336841916 25.0275005313756 238.118560307765
11.3190534086713 17.0010132824793 26.416067004681 3.84256979669717 12.3679457814594 3.5095880276018 135.303907877118 191.900260498069
16.0480627106166 20.3301721261011 29.5273664582788 3.8774084939958 16.9906132619191 3.10181748465953 81.3234296404178 226.728093200171
12.644222437077 18.9820491152801 26.2604542655193 2.69579022451 12.7441803961036 8.00553556428151 142.643417735702 144.200196856118
16.4815487448958 19.0598146089501 28.0845737481833 4.01800332050127 10.9106133567187 14.027345266256 44.2014647980976 260.566796866534
17.8114672790001 19.6404831827717 25.5885140768464 5.46674891122047 7.06740845878227 3.94674207039959 80.739884500272 326.377512274483
15.8617245264609 22.0922597577401 27.6524998866777 3.47783447740618 8.68686396230959 13.7046817397303 60.4214350122596 90.8391871556174
14.9666677164385 21.5410943012989 27.6199812097627 3.26723446608066 11.0922373972146 21.0441189139387 40.4663027914898 410.747085683504
16.2965496849751 18.5022674744348 26.1675511743008 3.52623666273317 18.7710137191999 4.80765784685627 171.992955989562 136.109656352299
16.443100240565 18.554420268907 27.0244563917642 4.10905188246325 10.3671971532069 13.0551397830063 47.420973587932 207.210546652571
15.27547700781 21.5195994217472 26.5737269847332 5.18818598955311 18.8928122028563 19.0210122223035 169.692641932109 225.035155220025
15.5836203682548 19.3083875453112 28.4085099774972 4.24377460891916 21.0690310059077 10.9767626103011 171.309799392108 184.439122141922
13.5292470513637 20.8585231884847 27.5884229742567 4.18507280610797 11.7955570942704 7.44359699090644 332.483148406029 105.090807185008
16.1995511577072 17.3101079330417 26.8527374536707 3.34612686516694 14.227428204137 4.4245493086577 6.06316513218282 374.621190951375
15.7249084312788 18.4564943387836 28.6816988785492 3.26670673030992 2.11611659583137 3.73878071377637 9.93807557693518 311.414255890573
11.8132613544717 20.2989646427287 25.8122628843292 3.59317148481276 8.9438659974009 8.49010367587106 240.205700474677 127.469119962122
14.5711898373626 17.2847997252432 28.1210568763714 2.51561352012929 13.7053405741545 2.5530594462752 42.3331774223624 251.127960753714
18.2651627727574 21.5094430828018 28.8819458297192 2.9924007752126 1.06529971966729 14.6332241053869 7.5068036845526 190.774135733703
16.0726799163692 19.2072753270925 28.595597450192 3.97113913705297 11.8434737930421 4.11757344342679 198.77995905491 207.626204241448
15.0879685294186 22.0985523932658 25.8148743572423 5.10998395740888 24.5239909111562 5.0198603325019 208.285831965557 95.1377856682403
11.9872554682164 19.2017454178767 28.8082076080938 3.76862817064523 3.82468493400889 18.3380332047915 120.351016543213 102.263248619613
17.4462340302775 19.3628105806166 28.6728462548809 3.04309500657568 23.9954815465977 11.4775013173825 56.3566819477631 161.90290135939
14.4640140444833 18.6923865964606 26.8901919413276 2.94505396899447 8.821546237767 2.92734428705516 39.210853073373 283.94509946016
13.5307028626949 18.6831696808572 26.3976717742861 3.82215026163175 7.89297168692875 9.68284489332691 186.342618108484 219.364565257026
14.7615088464901 21.0767836626045 26.0289598995929 4.93073862687663 9.41210240145382 7.60817681197666 293.948870506392 159.607457435654
15.0359109043972 18.8883383721944 28.4546389726862 3.9233774406577 21.8457909072477 2.99066170722412 112.407738298443 217.949584929761
16.7387370171716 15.952026253938 25.7955199531272 3.46984052354003 20.3668324639032 7.87619580574751 18.8368251869686 282.841841048487
13.2775423746383 17.8712301309143 28.4140971241077 2.69305339803876 7.62864929534346 10.6964847801193 103.6851631231 144.417109121503
18.691229123978 17.4241308931886 28.1987293315858 7.78289798749067 6.85796495413895 7.35484729675378 192.127793370235 321.709587522726
13.411109601041 20.8463081777511 26.5033527109652 3.97604845252029 17.734574541666 6.27172572779925 44.6015803155628 232.105433071593
16.7481510599037 17.9009776137268 27.1975682391045 2.85849608558474 23.4710963519477 5.0099431743233 156.775185620992 134.634091417841
11.7311775749556 18.4674350891276 28.7944057054415 2.6623634335004 20.0653003453735 15.7805735512931 132.32011270254 159.527820987976
11.8901255143579 21.5016316104911 26.5214144921946 2.70492474855605 16.1167303440676 6.087885221207 244.920614860585 68.5178291469349
14.9278191563152 21.6453562168253 29.0465582071909 4.10696297139216 24.8701629752733 3.64508616657897 172.784404741924 182.238774952989
14.2659535862818 18.9775800867179 27.5769139266585 3.13094131638487 16.525766024115 13.7340497540636 161.467287814185 197.257063150812
17.0724322931685 20.1617814128302 28.4509726421647 3.4873296461523 19.1973261440136 6.48071185543436 65.9147919951477 319.47458668233
16.5174258791468 20.1995079610041 27.733423267714 4.76119061332401 20.5205829507419 7.6010663356402 246.601749479722 85.7138269729021
14.2781738799405 19.5207324579521 28.8567957168623 3.64768477272251 16.5529504892839 17.683532292651 124.307740347491 257.7108136825
13.8658264570078 23.1860682263841 28.3155471046247 5.72105559786715 4.71886653004206 9.78678223052126 255.434461282962 161.164858001292
15.8920239604958 19.3168624040902 27.7163567290233 2.880119485789 10.1800983776778 5.12254726203312 105.80050739797 198.033148612273
12.2186443282483 19.9291372803509 27.705357355129 2.91031124236841 4.25279988615022 10.9746267687667 230.653741091322 191.741234649343
16.061704735035 21.0375577949933 27.203813378697 3.55310765898022 18.0610989835593 17.279252933613 73.8298537393269 262.318439431178
17.4042095292803 14.3063549217339 28.4750643589016 3.86702674758481 23.8582190547396 24.1615838487597 133.876888954067 168.487531330506
16.1292499011035 21.2839454722836 28.1196596445495 3.80170297257022 20.7270846767734 3.86737892157946 108.960003172521 77.2544787754257
15.6283354410599 18.7491732427903 27.4843588094493 2.96467991147537 8.87365963259471 12.9472103301903 200.452123058773 37.5312443188509
17.8273372439768 19.1687096010949 27.4759705932609 4.40705633740784 21.2220328921507 27.7192997515629 128.677664286742 211.813088296927
17.6708566311992 19.3863326555622 27.9263961858731 2.84095459829038 7.62031396855087 7.17974636463325 120.794901406365 187.265549044156
16.7938623776414 19.929436643819 27.2438665911101 3.30292980801478 11.6958913564375 12.7260846995448 53.7935179299329 295.855335025462
17.955933079191 18.0567638086911 27.1948904956237 3.87614922464598 17.7562781587533 6.92420794171848 44.6882536674721 225.015650263276
14.9885687163362 19.5775216943768 29.1318010205977 4.03967893874463 11.786780927359 25.3604218505483 254.009682303308 146.637307221807
16.2988832415943 19.6093067544781 29.3262847134199 4.2078380656036 6.9559036333977 25.0023898798614 186.224511498031 192.552659786274
18.5180689071185 18.7466031173584 29.5326251882495 3.18915790727459 10.9840913248392 17.2571240317828 197.012293526768 87.8173649604404
14.2406136696802 20.0426256176599 27.3146560250559 3.66579223292186 21.6662233083559 6.16744237353558 20.3380131552415 250.895353895749
14.378916492355 21.2285479575503 26.7060901100725 3.0040757869096 20.0127229191747 5.39152249217787 82.1660388278153 207.132434032876
15.9158792009903 23.5010090871564 29.438451622845 4.65841466325132 0.909667219278151 12.5520623177828 140.881892755139 230.366389849769
20.6919933825103 20.3934345122259 26.2639672440535 4.18418395611951 5.66507522326454 1.59318705407096 58.6470611172582 296.476946288906
16.016388984426 20.3706194423919 25.9352843865371 5.26829078262566 3.48226824066568 18.8205358003256 146.79480166925 151.171826396796
18.9119886141771 21.1314888799064 27.6866269817997 4.66213914269149 10.9452968367717 7.47291238217251 359.601265015492 33.6931024183408
12.1256005232966 15.7457503073514 26.6176435786731 2.94582887978053 29.5031457295939 7.00537861569809 218.555482087626 148.755366770286
17.8273489773071 19.9334356614727 28.4189608697591 4.01059075122803 1.90490362956442 2.96454885045769 137.50957336585 287.786758371985
17.4419065177884 19.6202673286035 28.5236951186128 3.54663808742923 9.02619061393385 21.9073541147807 169.673828929394 178.179506897427
15.5171979616339 19.3923781028586 28.0464128436239 4.2463500183462 12.8293211513469 18.2803006973608 154.508327013602 102.648250618176
14.2410963232973 18.9328360576949 26.5733603056087 3.18991270690662 11.6516779576129 5.62104431508431 140.182677425236 118.006423879138
14.0487415166664 19.5430933921314 25.6994585176983 3.01431235933585 26.0264970366711 0.991523546238999 115.356808708011 220.93364955451
14.7286298325436 21.4958277555639 25.6196034326743 2.78456910177573 27.9284330220367 11.7233770611619 30.1443424178195 215.189722901932
15.1760235260918 19.3742556909424 29.3591964458359 3.07681536264013 19.5488393516498 5.51505380034517 40.5364116546546 224.442187006925
13.2928215716291 20.9469580322697 27.155787696123 2.73970772278647 22.0328579824637 23.1889407085478 127.404585770159 155.987154303223
13.1785043203378 18.981192957204 26.5897239382246 2.5992782212817 23.8491899251573 14.7780859146816 123.53581606608 74.9255718176897
13.2218220458907 18.9550596941881 28.3424816295573 2.74497706346277 7.58437210337659 13.4135708282349 128.348805750302 99.014024010917
15.7168800335127 18.1043960683011 27.1424539881527 4.94977454936809 4.2322871268236 14.1990377087099 272.552615413648 13.5804448247486
15.7369444597276 20.5764945008025 28.3290855004499 4.31079432752494 8.24273131497293 17.5449545802749 129.50381067745 201.140128946971
14.2433150911898 18.9542522535272 26.8571931130796 2.89669989414954 23.0542340682025 19.9081925163138 94.8862299169503 145.153645267393
13.004059254977 18.7413357777485 25.8838551146119 2.44810081808713 23.7749911970981 16.5370725410059 107.684216151303 73.0040867845354
17.4098563617739 20.9653393379205 27.8283220454802 3.95593202859785 4.56822531960059 7.25289608254069 50.0292542425241 207.132970749555
14.7386953179559 21.8762290214775 28.381844635739 3.83945135732161 23.1088677767983 2.93469401105868 95.0134151909493 83.9374905692716
18.0350867497319 20.0898596987669 28.8857589998504 3.54006119001394 10.6555655658424 6.66109310350614 86.2617682661642 260.489060405405
15.3037181064473 21.3440193838773 28.8706962930851 3.60119641219694 15.7638566324812 16.9772305476521 193.528960108939 220.710182871307
14.4625359490759 18.650795846894 27.6203224347279 2.50717213556402 10.0340709606763 8.92363583905027 7.90975750387045 137.750248096843
11.3888888430849 18.152686149073 29.4345885048701 3.46365076815488 2.82864763200142 4.03417054990199 381.326615647012 66.6677347688895
14.1846811006026 20.1913301273309 27.2801866066979 3.06992705668811 16.0166145866242 7.60205122033577 132.142474265976 178.11726379511
14.9637193198156 15.3293137760351 27.592068728519 3.15102405573568 14.8507134450821 14.662750952136 13.4737731324779 262.43584171779
13.6704978357178 17.4195738413316 25.8735689316379 2.94658611310656 20.2254598148442 12.7615172138094 70.9800176117989 265.804237016761
18.392750923168 19.799354691441 29.0633692124632 3.78636617358032 10.3107628383065 7.73374268742602 9.35191563625912 278.087134906717
15.8634894397453 24.4274335642469 28.9646772190486 2.98827651808601 19.1307026776873 6.38629964133168 185.374675514334 91.7622070649805
18.6915209300655 19.1807124767989 26.5750142273486 3.78358608965517 12.2593896321232 15.1175169635444 100.560430575141 202.343046939315
15.9219162995944 21.3945576807885 29.7398423994237 3.31013750281097 15.0406606165465 19.1505708206374 18.3605809024408 256.047107671889
16.2061900946858 17.7858495044093 27.6535530672589 2.68154684427896 18.6381592219336 11.5625744122735 67.432081679651 204.964752959816
16.5607063618655 19.7015323037945 27.5832750434668 3.10950286721048 13.2031804158744 7.19448383360127 98.0751901915133 105.462565399596
16.0072217476295 18.8448431785196 29.3236884726247 3.8672940519669 9.59806820023534 12.6944783380501 58.0913845256138 271.383835219158
16.2886787078343 22.9313077371721 26.2704173435064 3.82173706670077 2.54042405497555 6.24691664373516 137.532781582905 204.801498754567
17.4687446404353 18.3530554781006 25.9543740345879 1.94937863368984 27.8299252547906 20.9922047490996 46.1347204576176 164.653307748216
13.8885573373963 22.521969899957 27.0468919880033 2.91238195371539 15.407413937121 7.8667169745984 101.08260874846 171.275388621608
13.2280219663284 21.1785647013539 28.5345775291544 4.41493000822649 14.7623458045033 14.574567338858 234.40533427674 215.309665620469
17.7826503267018 20.2429129949331 26.5440581800805 3.56800937139261 28.5715157828417 16.6825172479188 79.6033823829673 304.409667637249
13.1896953645466 18.9343332608933 28.8535294925599 3.04041361773924 13.3143876224671 9.76905550073171 41.5077643176243 133.300525851738
16.3488734177332 20.7071763054217 28.3200079208098 4.19649838485141 7.41736607216794 11.123686354127 66.484994847671 219.393987643824
14.2526301346504 20.0551231257169 28.9828737799656 3.24987769776645 16.7175849532573 4.85927877551591 38.4014529618122 233.957900246326
13.3476015785061 17.0638169794997 28.3593331020065 3.94525087534706 15.6259016519084 1.87585669640857 169.818616437441 185.918605849088
15.9227164610117 18.7634698613009 27.0433260164658 7.61252308900699 12.2150322381029 3.92851017387874 239.703223281726 215.877833963527
13.9471479649156 18.8179592848339 28.6216768894268 3.31590565285128 3.6970190132646 18.2313276947594 174.912785853713 64.7520074345687
13.1175784966435 17.6439387208298 29.7580589719552 3.29262334573163 18.7080468614309 9.43678842756154 166.487628169887 205.5434919176
14.1187335608502 18.7640768991939 26.8627603109324 2.95535564651637 28.0202156453884 7.95633078682871 146.213137569322 92.9022042674507
14.1381122382872 20.4909007209454 28.2054558931926 2.39929348531775 20.5988021326301 8.81379618302545 93.3060556884239 224.348151228357
16.0058207688419 19.4397538362046 27.2036156801988 4.75228423343291 9.52172855968323 9.4722710709501 116.515032211434 269.191571123076
17.1979626905642 19.8288924490372 27.8155758282833 2.72330271163528 20.8574226742253 12.3355566802131 146.293068268995 122.441812751529
16.1559079309482 20.9487294897698 29.4010597350127 3.54742212399544 27.594552347216 10.1060407704831 79.551559408097 146.895641828778
15.5485604908965 18.2016462837671 28.82088700064 4.25925243781913 15.9150668153791 6.79649047924577 257.493689812232 107.969737090184
15.7228754448712 18.7194079585924 28.0118486370423 2.98827286350039 21.0905656253367 12.4264378470512 37.6084816181664 232.036304372993
16.1031484805296 20.7309323084812 27.6873052693313 3.1104082971186 7.11601310101148 9.96231375214282 60.9955149187207 219.01992404996
15.7055361458445 19.5423174429008 26.9771025338282 4.14156194715857 10.9281451067621 19.1187536613909 149.940063714587 273.348382810454
19.5585885824206 16.948961394523 27.6077741641367 2.94100411144991 29.8093038297063 11.1487065520934 52.2503705883722 188.268017438905
12.140245842458 18.1989148704918 27.4619012035281 3.63513151164572 26.3816670197853 24.4493216624145 82.6610408583088 154.825801749701
11.0869719474099 16.8509493026197 26.2211413497862 1.73656120497382 5.45187667538421 4.16879184734001 53.6396905958956 78.8903896753592
17.0804461408323 19.2123239143103 27.7663667148648 3.53517567482588 7.88987973347012 12.5553243710464 46.7559203547369 256.873665102829
16.2742971878136 19.4306293825745 26.3804599884525 3.739569165544 23.3906179484966 7.84119667674927 185.089048902771 136.506892958454
17.6494416597715 20.8323459506307 29.0557284986855 4.46955357042825 10.6572112739359 14.3401640111103 91.1775830734395 268.026110686766
17.0459709487574 20.0903198688532 27.0170940266001 3.22554579228786 25.6736240947339 20.5251737039487 112.043802384191 125.569549321391
11.8945832587879 18.3268000803574 27.7292693748479 2.81280894707777 12.334551514976 3.01939564661471 52.2771181592841 217.531651983674
13.6932269182445 20.650947294282 29.0574883965488 4.28370588803274 23.2112352255884 22.0413533168988 127.564297640089 166.588193191754
16.2668667657585 19.2883379674716 28.9007817393315 4.6611386407472 14.5549098934444 3.62123016922898 52.8680822076962 304.822489657378
10.4344175739509 18.9617318201109 26.8557237214845 2.53819559246879 29.9971572841707 20.648831041383 1.02461981675612 96.291000161683
13.7392206792188 19.3659755630913 29.7239616555607 3.52959729283762 3.11920207015257 7.65947183083357 262.361935081041 284.931808104652
10.5378578212889 19.6288441574873 27.8417397851596 3.66162973794392 4.74234852808037 5.71254456849437 345.756323611762 61.6466360697605
17.1544929637243 17.0904634961046 27.4400444153138 2.886789519231 16.5165817157439 19.0866209673817 15.6490136419678 235.324151864599
15.3185555278052 17.2628773621186 27.9432645781371 3.0141642964603 12.9988488399647 10.5827004422723 49.902922041259 231.448537537729
12.6514771838372 21.2364088383526 27.4515978083526 3.19349183184588 23.4318422690595 9.96034223926495 54.3614064584307 206.432365429212
13.8752209895498 18.4626942584022 27.8567930726373 3.93875417079961 22.2602529311124 9.86842990797408 200.849896325233 138.53341996471
16.3625336778337 20.9999116380929 28.2083781772225 4.2012603374209 8.70017564716875 8.02490824958885 32.4288910338964 265.921067787225
13.2948089635148 19.5132050898687 29.6868222753762 2.96049607785778 9.14174796085003 20.9133791223827 90.8679620733617 235.694536075167
12.6991465491397 20.6825465998481 24.9361977716962 3.90673916153486 7.2420672383163 16.5927001200978 214.873775851137 94.9682336909418
18.8841013145812 21.3566679581633 28.0734852246642 3.68133842609469 18.9645063270136 13.4721482841841 18.6528249427013 230.164096134831
14.1785526698666 18.5389935843858 26.9238201541139 2.73682400958863 18.5350100719316 11.9068431589627 55.6642430117066 128.005405154176
17.7731915538709 24.7472525862674 28.9990275516381 6.36765247394795 2.68514450534718 3.28427207362183 29.2664815045562 219.651353515349
13.0681967975624 18.7481232494757 27.3391470328192 3.0561983637417 23.5920767534619 19.0720404331211 94.7140032553029 192.045976108277
15.6958346722649 17.8506112427405 26.7475208560968 3.87519745676864 20.7129514447478 8.66295341187126 199.86502253999 111.504351315083
13.2539093684786 18.986063439761 28.1207732451104 3.84762482244756 6.711513307986 15.1945466727304 45.9062180087071 271.39191405651
17.2380484533394 21.8052724287758 26.6402639588471 3.59039855148739 17.0637613018813 12.1442997207696 130.940772716432 174.913352931484
15.62382187601 18.828288784198 29.6434877120243 4.29661654719072 19.1137073679456 7.4024135672504 322.673376623767 127.001272366671
12.2798420076617 17.8686416632247 27.7352702557581 4.04775732529234 2.52811878925287 11.8256796650012 264.303921065341 75.7645667882471
12.5407917288118 25.2815428350209 25.8230388110078 4.52916461663949 16.3323430026738 16.5026287749329 246.04470445115 166.100534859217
11.3720134208345 20.0552055098041 28.2309843128898 2.70036541170313 5.79355677131968 21.2196137396254 263.179722514763 129.747840316621
13.2347765512256 20.3640907725188 26.4642064863507 3.7616479170023 16.5467036103671 9.85678964972336 186.316913321579 106.799735336286
17.2260762691543 16.3434110410849 28.198471898001 4.64768035924098 5.51884210413405 1.79339858969092 132.474387005573 309.001375963121
14.1205810348316 17.9371400169565 28.9632823232094 3.47266542978117 14.8976121439894 12.5979062191199 112.4497926572 214.201242525795
18.1214865559717 19.193740506214 27.0734335692528 3.28184282003796 21.5047293216911 11.7114564690594 42.0033108125691 150.010551636889
13.403207730144 19.4308294957018 29.7040512795285 3.56538280022716 6.10684761244104 2.62083451699981 270.064951691947 98.2343562417801
15.3115311420552 23.6245853844926 27.9244783019519 2.59232384741477 18.1509451430234 17.7113853581617 53.0616950627593 259.144302150427
17.4583078292433 18.7749412119601 26.4266238382173 3.28963989836377 16.0163008099487 13.6217837763829 160.564324076279 166.312023791973
16.2849596204251 20.1484709196813 29.3886963128073 3.85241362691326 10.8836296415321 21.3525595846135 49.3451383552446 236.223212384175
13.5513549137218 20.3674888573597 27.6998942840019 3.47555649883519 8.65009425385979 9.53323275529235 134.808092692674 252.51890262362
16.9434065103081 21.0689679376569 26.845471480128 4.40460412659615 25.0392858473136 8.39711938975541 116.973625238017 218.359228920087
16.9238434827128 19.0230502237136 27.6474149466037 4.39172461303433 11.4450471166957 9.32721881538908 169.258112516534 202.26378688219
14.1183120476387 19.7962061135097 25.8653522112861 2.81318827245833 11.73283764383 5.68856591565643 33.3431111164236 230.37927994516
18.5634633870324 21.0673947366836 27.4808720196014 4.53923816534917 1.10144633303407 8.70245167445556 35.7976999066188 282.926709124021
17.96668386918 22.3260329700156 28.2613553672697 4.90061079879768 11.9960708501882 11.7459950594336 20.8738048165774 233.463218193863
14.1044338939253 16.6152891513207 29.5789444066242 5.47748486725684 4.07119134260852 0.407245748378691 264.906479922211 234.255489405597
13.8097841711117 18.7333494439096 25.5971404767505 4.03941721797891 28.8811092787704 10.6702165428111 245.185283404204 106.853698449558
15.4522664987607 19.2490323158114 25.1854647558541 3.98167968397395 9.58371011433207 19.0260776666026 204.191567283765 227.523474554279
14.7150791106716 18.1294567480528 28.8628375866323 4.20725304671058 6.31766519513136 9.26083779801993 79.362416842499 134.774926016981
15.6697965966447 16.5161811233404 26.2451608001819 2.42213576891162 26.9208460634491 4.38899830419194 126.760038286299 122.534227883226
17.9568450454859 21.9948523158582 27.7983786742135 4.48667397167372 13.7853540350386 6.53769404973599 139.042179506342 248.595912294452
15.7805063144887 18.1903729880128 26.5104140449516 3.02278033298311 5.707774101159 7.79081485029218 215.066044570086 47.5605772425351
15.8271279268177 18.6815889724579 29.0429933596868 3.14116208669646 26.7604499473669 4.13781396621399 131.387914262796 150.920041299592
15.5165664306271 19.8215862755507 27.4312655242122 4.68343424618387 7.64175802662294 3.92424152921594 144.3465405827 173.286351705487
18.0270819588646 17.0160081349843 28.4338094901925 5.13513437492983 5.62271297753262 1.46360227681456 149.181303947431 297.712041877091
13.734552462412 19.2488329807048 25.9233026435226 3.99653187619832 11.5373700578621 9.70104105072987 107.930804235373 226.436820892444
15.8354706076009 21.1324692253422 29.4132591359884 3.81908917461303 19.0133483839631 0.545720945209827 105.653217564475 188.30878729832
15.7285930352204 20.1399964950569 28.7301432363858 2.84556302257042 9.40673983315867 15.1176248806723 44.4739478802106 237.903679597111
17.9874940757174 19.4274122569975 26.5353579939633 3.12585236378581 26.0595457123188 25.7865214920097 141.573066376257 120.810914763374
