0.897045628279659 11.9126287595002 6.68532204769186 25.8366323511294 22.7375196155521 12.001603862789 271.145731791896 101.531020219116
0.992094237288365 12.6417642676271 4.70400472666584 27.3793797226981 8.21787793244137 2.52712763153505 247.404124120146 125.392416931812
0.824304295491266 11.5466573516896 4.52871228300204 27.3013172228827 9.93291785683552 2.84038845482053 269.235039667422 86.7043214199553
0.834738493030575 12.5329417914676 5.16088971545222 27.6855315989119 27.6840597923748 6.09487828505267 334.480755723569 91.6462527328754
0.76681825037721 12.0068040507632 5.92916371465452 25.6701431085353 10.1462188128799 3.31239940535559 229.031260504935 111.85371034428
0.601411583374984 11.4864910002236 3.34350090983259 27.2200998873985 19.2432136919308 2.41812358910125 244.487858018177 104.440562758184
0.730273195785133 11.890180531852 2.18400886347373 26.9974683842612 5.51002502662969 5.40676637274337 278.684397151142 105.232053515719
0.882454358899931 12.5511053258885 6.88652264161249 24.7039055802954 23.6447585845251 2.48826818679587 206.847733226634 84.9377075977021
1.0054858789378 11.0107991031709 29.0665909021563 26.2237654915382 8.73046516407281 2.59157501613163 252.601279471741 122.620148793136
0.980899388169232 12.5226992442698 12.1955186188663 24.5984287650608 9.88695528638332 6.76261645889815 241.357695965484 117.01964138986
0.841408316839073 11.4395611306554 12.9217881087952 26.0666142337005 6.0079983025517 6.11046670369705 348.654763575804 83.8878698612548
0.669323270181698 12.3714470466252 2.29655487434766 27.5433960383806 17.8569697105579 3.41944157392568 255.864290709592 88.4483199140068
1.16443759810982 12.6140357501166 6.95553327315464 26.4974224618166 14.0468216111381 4.08894938572123 261.303509098842 156.422347469258
0.745618322075094 11.6678942757697 2.94377592013818 27.3280535621248 11.8141993381517 2.79454667118856 242.647710813664 127.374414831935
2.03866497680654 12.4858186985004 7.25306600277044 24.1155575234685 8.70620173314007 11.7306608303414 281.920248909855 129.288031525897
0.784899276323776 11.29772500598 4.39565045374319 27.1603634899903 5.82947589900383 7.37544101329062 312.189096407839 70.0812122611915
0.855505228622774 12.9534350881493 4.49323816796687 25.8646839629995 23.2618443466628 4.12100889118255 216.924342712495 78.7554334787161
0.854357304398999 12.2680741977731 8.77619266398663 24.9338774028957 15.8711192882861 5.17156518819332 271.201194804139 111.569092790922
0.918529216190335 12.2423328671911 2.15112515787684 28.7719647756817 12.1711802425154 14.5025674467052 400.872449240346 65.6929500303717
1.09151885399956 12.612437691015 3.71100705118556 27.514339603116 19.7481115790162 1.87141939465061 288.550875257636 123.915630633321
0.714131674436804 12.6848286594306 4.00366925687095 26.6685120932776 21.5584762862675 4.49172402432918 310.241950693358 103.63560193165
0.728050754377836 12.4351913259746 5.35815717014029 27.4312129562084 5.11151130260244 4.08587426808284 284.064522280923 89.9050014246161
0.641418950227518 11.9641471524773 1.22804784102187 28.1593650864258 15.395334401818 5.78123531278647 310.113868866378 106.512251245798
1.04788255901507 11.5844212903361 6.00898389401358 25.9430596302742 13.9365396449227 3.61428459461013 254.231021762171 125.609153994948
0.989809316871461 12.4233909363771 10.3467076707678 25.1351752847455 11.6651089101086 3.0043355778673 229.836578569536 102.830820191785
0.99136625294759 13.1824865639204 3.75432368432068 26.5813586645293 14.1518363360257 3.63128351626493 330.032653805457 115.865095607311
0.752756269358881 11.5308726337702 8.35089449916951 24.2383862137646 21.5454515828338 5.67221152076736 280.116466185893 108.291855599151
1.22536368229109 12.463470988374 4.40826533393249 27.1332041892303 10.5950468520796 13.5065338669794 253.301560320471 138.258659950231
0.768209471925316 12.245993467619 6.15723108148658 25.2009136613596 10.917899412987 3.27353848850877 188.77875265965 114.156830129592
0.808349568480225 11.430891351361 7.6167051845519 25.5291981045327 7.93809167041913 1.65720233261201 300.259815999582 107.291213027639
0.717331149366752 12.5423161634435 12.209887279258 24.8580775862594 14.4854491555624 4.34719541141095 275.356390754941 78.5091023337802
0.905454118356895 11.784056777579 12.1893855839618 23.5277478416868 10.8297094752283 5.52804114842775 352.122661022482 91.9638648262929
0.92343869892582 12.2993388904506 4.90534880824348 26.1281198278138 11.6190941206575 8.89129534576279 263.159034361487 79.145866609703
0.74927840751395 11.8983943589919 8.65160063638574 26.7374102932178 8.50950376527931 3.5984062082395 291.400755234713 87.8712878155345
0.825297338554085 11.6848684456541 9.61792345815833 24.0009956912004 7.05799532105816 6.45476807708733 350.403817399935 84.7981775621011
0.987679417251767 12.5958927859314 12.3754619108457 25.3391356498495 19.3510895739123 7.90093875584939 258.369627130479 94.7270027274482
1.24930211770037 12.7792182292424 3.50641041285047 28.2797165430481 7.74436194877206 13.2317279972689 310.676823454448 53.87999962446
0.980691504918446 11.8566864555077 5.51851569150621 27.4232435934497 18.3395341638685 2.11586857060236 319.924068129352 101.023128876904
1.06051603460594 12.5696490049676 5.11947454157362 25.7825698850165 23.0974726539632 4.19502481518257 203.589439944457 102.518037575894
0.832186008540108 11.3650786824339 5.2116849203466 26.1511028518923 29.1107542353272 9.22191410937384 227.595128115174 123.181330264399
1.04096610556891 11.802960150736 10.4518940071275 24.4938732382228 14.4605935712585 8.47107155615375 287.786761350862 58.4357286646814
1.2600663055122 12.3387667623697 12.4911599447165 25.5502065248994 4.55915755917785 3.7633771192697 335.550592879719 91.3264759274624
1.10433980797684 12.6314155023536 6.4352321636539 25.3076367554213 9.2721192972172 3.30792385626237 233.3193737081 102.506347879835
0.706338630841695 12.456027798146 4.40544043110443 25.9731268223765 15.2355637040955 5.97678287517976 289.137878414777 101.81387886032
0.845562229068883 12.0434679442029 8.22160266680737 24.4142492726134 24.0056991858816 1.57451184182784 305.100596398339 112.356253289578
1.14953507624859 11.8336561257236 7.49146373856182 25.9010354759368 13.1414620997746 5.25877457874241 301.203810876607 86.5492841771403
0.996416148360303 11.885799752913 4.8983279471956 27.0322356016242 18.1018259186951 5.38494092469458 237.745876275748 85.7760116319921
0.931649589462348 11.7182759422987 6.02514450177395 26.8888851800215 17.8929026566369 2.13884335216032 191.314765762554 105.523350249157
1.4230735969451 12.5130296683795 9.76983282412002 25.6341790686122 18.9188610558317 9.97194235179583 302.854754135 111.328547830697
0.734260451670612 11.7789309114803 5.95029430088464 26.8052559584548 19.5680237779952 2.861376085452 248.693359729178 136.137672575013
0.79370696740219 12.4944137057209 2.18846859380656 28.070608380956 6.84496679756819 3.82179595139235 268.657364234389 86.6996967999621
0.868322554308618 12.4477648002394 10.468493391962 25.5118045421941 9.36476740446928 2.66933601776744 266.124058130043 113.419808536295
1.5335103175618 12.7457792711607 4.92823730792244 27.3806216514216 9.86126769135029 3.52138634131244 202.523063571093 45.5335375301651
1.0582065243539 11.3495372120606 6.29613640680431 25.1374220592501 8.33933528199626 4.35066570161328 242.044341342658 137.738940981453
0.912571067038066 12.6962590601639 8.70782177283956 24.8655462815171 13.9797209500991 6.48436801133788 244.746247013812 84.8232611865998
0.883272602247173 12.2505264034646 1.65524435488507 27.5722273176777 25.6782745672843 5.38305478136738 223.56805812478 123.283332892352
0.770683038591725 12.0159940807288 10.9650538408923 24.1588102430944 5.01498943947402 3.36021263539008 297.963360817175 103.595564725311
1.1109200489171 12.4925623654576 7.24326746249754 25.4265875164257 11.7039731090451 8.26753988853076 314.622099238993 92.9791092954068
0.973686213375638 11.8039068256545 3.2342511180291 28.1103064874189 21.0093572641375 8.56731276247828 328.854811889544 103.795593415241
0.90383805043197 12.3773833792013 5.48475327850446 25.9909746597091 15.4795172599838 3.66570903995118 299.160760492929 80.5687056947436
1.06765058235474 12.3042911542602 11.9544309327999 24.9426369309829 8.5967270805582 2.29455068234059 261.213586091029 123.282445648753
0.963152104111439 13.526062103823 13.3325052538538 24.4863180585363 21.729202000886 2.62877788755988 138.051499434481 96.9065844698211
0.830973889030733 12.5910528972492 7.76820536287674 25.0812801480726 9.94678588852973 4.40311598300781 310.434671559313 79.6222444091744
0.973698918382231 11.9714048220412 6.06811405958013 24.7763177616808 14.5126500873981 2.22326280085634 194.762977266072 126.133581778489
1.26610371010699 12.5663466345152 19.8105162385615 26.7297719506174 25.0489174552242 1.51386828485747 254.597103924231 135.920351367833
0.935279745386683 11.5933423316223 4.3420052572025 25.9399706262444 13.2847009826336 3.70083631651716 246.259179366756 79.9818855679844
1.22129585466329 12.3445779213193 7.26919278164985 27.818572311036 15.5232222174584 2.50123257555546 235.486438811641 124.345912640683
0.871484149891585 12.3694293590867 14.0155799657673 26.4363802431687 10.9424342031044 4.83746537829039 303.638122073246 105.983668091265
0.787374762263889 11.7788270750556 6.5635957452491 25.2941434697935 8.34961122900934 5.28943105239827 301.059520184403 88.9213809710586
0.928579902773417 12.4841865976277 3.37268708642272 27.5883925140916 12.1136918690476 3.32269072456878 310.984416908153 76.0566327155429
0.916692916571312 12.1977210441942 2.3772412268732 28.4263759554852 19.3580608425444 5.00485803962815 320.189169057289 96.7431551418107
0.855276514051713 11.7304773777489 9.36662512253363 24.302939291915 14.2236590845824 5.29011124285413 321.3039034205 84.0768271268691
0.632938507992361 12.4611276511114 1.24502501407999 28.0883511130465 17.3469984490411 7.5732561799184 308.08551874437 99.6050291548286
0.846708363169342 11.6157149527227 8.31224227599388 25.2549747506042 10.5300548102053 4.75850074013519 336.427573042256 104.594951210198
0.788583135336348 12.9021202105394 3.3544435737302 25.2005159557826 19.5038926122108 1.27615338833121 155.906918736611 158.571610564085
0.916422350043124 12.3311396565189 7.06810632598414 26.0665435026697 8.02610451041266 3.7139336709671 248.886590207084 113.047002742333
0.918336868008558 12.7371569050581 4.90180268237206 27.6813786707309 5.94054359320835 4.98504179694963 259.409773226509 134.464531148943
1.27444586585567 12.0303917562956 4.43441932993302 26.0895677458988 22.6322131034373 5.56946784668654 263.969473959018 99.2214198532097
0.732353859368653 12.7131844234362 6.36597780904561 25.7257956097937 12.0783972776492 3.60435246663368 258.881180544069 92.4946576992328
0.534861921805657 11.9290440887394 3.64260394226812 27.1902263729241 12.7041751614174 6.25075820455123 309.692941941247 91.1078152830471
1.02007413978129 11.9658463512516 4.48708593080206 28.1603546433382 6.27617392867938 4.79909899247917 173.486177932332 136.777726151059
0.802324172794591 12.5666805738397 2.61104929292436 28.1215481586786 12.6926331016376 2.7356581280098 200.789994584904 151.923469128154
0.995604850926069 11.8874350469232 5.01993043359612 26.7111552944535 15.873907435795 7.69886257562552 334.14399474493 102.247828408542
0.72176738086458 12.4651130084836 10.2219725148005 24.9674752858558 11.964535292826 3.04320806457969 283.97188426455 119.545769464885
1.19968147879288 11.74574455846 5.18167857025387 27.6065691462913 13.1743934088543 2.18167074767713 301.640128090793 94.2271492123548
0.738156425556922 12.0113643503451 7.06709968089867 25.9985744850453 19.3744839343684 2.96691056504211 257.577031202848 104.470252414828
1.11329221344925 12.6684982438362 3.70050558080829 27.3573811813823 8.54977500081853 0.772474323743599 247.132948005923 92.0887136447109
1.05505590286405 12.685535259822 4.50263193419677 26.0862058597442 12.1909238285569 6.25550659219187 283.551936141869 73.9958392690986
1.42831177060245 11.7719190679418 4.73907224667271 26.9849110236825 26.9554374995539 8.25484587582402 252.05719327168 113.332755702225
0.699223395749814 12.7687262316894 4.29057030463844 28.3801263986568 7.67763603521249 4.12968919145119 308.371446559709 96.1396420025305
0.678342199120534 12.5099671457014 4.62736049558943 26.0963591003806 25.9947011486688 8.25420072629693 206.90331683693 92.4276907516707
0.878908900985573 11.5620058167091 4.10132010588592 25.7380382645714 9.57737603061238 3.49237941114144 293.45123927194 90.3897484884331
1.31871712168013 12.6508609111021 9.68196613918983 25.7997088889312 6.07488335207723 11.1938273266994 292.283607212747 97.4444919384177
1.05930727884096 12.5422303252967 5.90285000499828 27.668003693734 12.2350211781386 4.15890104796608 300.582150578683 91.8215695434977
0.981575630891079 12.7498454823605 13.681492725891 23.3113239010511 5.23858586499054 6.26413491193135 244.410233075982 102.114926750523
0.818353592937386 12.4169292319075 6.26382808569974 24.3821740557541 24.1358308006508 3.13039690140373 197.678550945008 88.4959925338857
0.730507477865831 12.0877347914412 1.86101779538506 28.6009744684975 9.33978657286592 2.71462213200057 280.200213284966 107.958638326126
0.861205621612135 12.6614738842435 4.29858503781827 27.3123005232566 13.9983783033085 3.14233119827329 266.344570463739 113.713349132695
0.778660330893498 11.7648260763292 6.61352276720761 25.5537192427007 12.3617227850718 4.82649659542046 288.229146477102 101.301447091145
1.12806363062368 11.8382930365662 6.15683588030841 25.0023380928809 15.6612946835772 1.90262731457854 253.539395867502 116.672061927434
0.920398217323578 11.7098273340567 3.86036634447109 25.6515474056867 24.6389770519355 4.00863947878531 248.105896480029 115.950224091537
0.879309990392607 11.2891075378869 7.04461585580736 25.9547728618525 16.0183648157822 8.05057414408571 204.632978266407 99.1445923227482
0.920623963441493 12.0342048740892 4.44649940046958 26.0428406499962 16.7038211540186 10.4965970135767 268.045908245835 114.511477600918
1.02899692348799 12.1797347692976 7.74145197304297 25.0459987452338 16.8381387682557 3.53241951392088 286.321301539973 91.6080542367824
0.729068568383667 12.5236286474999 6.5678608374016 25.5137164666435 4.96768473233916 5.56511446450726 300.944088149811 61.5709574931878
0.923104907911064 12.2561590754062 10.792267577252 23.3741215684177 8.32168077598705 2.79602719365366 213.077872796645 114.555513179129
0.773681930690849 12.2266270787431 9.81318460942468 26.1133488133124 13.186472818432 4.94677790169391 259.155714037406 119.30549892095
0.751714089432145 11.6927520828891 7.98585711697891 25.6627807240195 16.8251874063009 8.99772922303646 250.761580520376 113.07866065046
1.0169485591977 11.9304006076175 5.21942914748122 26.7510967401079 13.2622349861029 3.02496652956654 131.501968857746 123.409015843922
1.23497446979546 12.9827452188622 4.37570118318023 27.0797648452585 14.9455199000079 7.93369751420941 307.582192939192 96.8544899693828
1.06258708881863 12.1092011745862 8.69122685228846 26.1592847884004 13.4305520339742 1.65553538529457 242.540822282386 140.188374628559
0.729639477644641 11.7590763663473 5.4348237022608 25.8683525296717 6.74804309249636 4.58281311716837 315.106421937997 104.652403073587
0.971496923902659 12.0645736533461 5.67430432100187 26.0055513675734 12.5835051044243 4.70475630347673 302.299211433771 105.874944890429
1.00710426342162 11.7591020755001 4.39686200174997 25.6753772662714 25.9703688028875 8.71195116946279 224.567470118361 100.786048745123
0.858364510723573 12.6105766159182 8.13825421495314 26.4433867184725 7.27886545293965 3.59999898588307 208.025706125604 89.6151667488183
0.83387695972219 12.8943153885992 13.1199896787019 26.5652463539697 20.9872932321472 10.3640058693383 259.246643825645 89.8057069379634
0.474349923966499 11.9266827418152 2.12823321882569 27.0529418951258 14.9978043815295 4.59639410604597 272.823256199264 128.805823128503
1.00611639477099 11.3392806742535 3.55033370224577 25.6314331509053 11.0441653065708 3.26652840968622 204.695676490217 111.152458203079
0.948230707306046 12.476106655539 5.61435318047733 25.8840736880741 12.654211067047 3.55627535408433 224.243680791793 89.7717826734005
1.09386687849644 12.454947624614 9.83366844367116 25.1012627577358 13.7954406840068 2.0501733743914 255.299052157421 98.0007987207307
0.998935854696881 11.9447356152595 5.93537318386932 27.4174262854486 4.76109364433538 3.58367294226325 253.975400083391 119.088121373189
0.683680031364055 11.6520769409785 12.3178526770384 22.0015471784444 11.5540996208765 2.7925402829839 204.723678126706 94.9774652346183
1.05234250375262 11.6879946235494 12.246103888608 26.4820718639086 9.42842043053183 3.60854610175481 264.634866942049 81.2826226094147
0.989163250101087 12.029526409349 9.64285036638316 25.1029795183006 16.4720056916572 3.39292223835642 289.22444494656 109.433236074748
0.93452496514075 11.8235403053707 4.52520123688309 26.9344729572427 12.0724481366542 4.83517069069678 294.813226620172 93.2919687473679
1.01491981254629 11.6892575053481 10.3586117462705 25.1117136009046 9.69164065894983 3.52467574979719 245.729565090518 91.788128207516
0.825947176628457 12.7124230468329 1.34477380676955 27.9189893012987 13.5431198699178 2.62812844996834 268.57296895109 122.883408819146
0.809778392614676 11.910965727431 2.84866397053684 26.9689645729788 14.5774816255733 6.76234828392169 244.451449411906 80.269875229556
0.848760636540864 12.5422784451834 6.28079574329948 26.261901587705 14.7380157104721 4.42086942230947 234.19862461794 110.143732699817
0.955634579351963 12.6871542062793 7.05427365621314 25.6656384322749 9.10597026801009 3.19645627862351 305.702447149028 86.9828932758606
0.803520240717267 12.4754621628167 4.70398526134717 25.8108695083 15.5129845307242 4.57655947018048 232.676881349121 102.122733668022
0.783968471742434 12.6728061880589 12.6376434891456 24.6375428356043 11.087430260756 5.07455567603408 255.29976548368 86.5432350986645
0.876876805092683 11.8627436347893 2.11987968974495 27.3555441962165 6.59551326541574 12.0430679713571 309.974628966657 87.3534745641277
0.681974291200974 12.3378060246439 5.2300382728651 26.4869704361786 26.0199698649655 5.71917740516411 168.671542327974 120.574061907237
0.803530044194573 12.3907748107205 5.708767255153 25.1364355195546 7.88405321164246 25.2045918730259 322.420680522248 69.1051675731503
0.75097742495621 12.57800489316 3.0088639896568 27.5060332343942 6.8063847223726 4.36852131861229 305.098161781589 87.33938254371
0.953357367670057 11.4673723537211 2.17508031119315 28.2714840890333 17.4113502609253 2.68324953338495 235.687939961049 114.715104806912
0.953449767036032 11.9443575241884 8.83515469133208 27.4396465764754 6.14626530306152 2.93810190245826 311.39875625894 95.5148230375087
1.19077007570469 12.6617585655952 4.97346861999475 26.2497025886333 16.2813693272025 3.21419636287463 303.901049116221 111.706043753702
0.984418657315048 11.8654991572343 9.31813899159223 23.5386884555501 8.83817944576775 4.9506406074646 221.054750653726 109.395614200826
1.22276127570374 12.0126882313397 5.80370424708977 24.6786484005292 22.1181625356812 4.43658431651655 208.79796405241 97.3270751799326
1.13299817292031 12.362637985556 15.2228386098162 23.7951805932879 13.8070063802579 4.49593752883992 232.46881148778 65.5715769450028
0.861480899613912 13.0845096695289 6.20936341362436 26.6223318140061 8.39821646626406 6.14597361647031 315.14891295871 60.866712170221
0.68234016455749 12.6283567290489 4.31821757674808 27.0039411417688 19.0610491367654 7.62512376253421 292.434593958709 90.2052489883481
1.12742213236332 11.8861249412113 17.0445681293486 26.2073466803897 7.3900597345782 2.35352601991118 240.333822542579 103.583837903328
1.12921319735413 11.5814161899206 2.21127873549817 28.4489244137708 8.3908881278532 2.4689224813295 299.198037951904 102.551616829601
0.850979361807956 12.6872049762682 7.13906765717074 27.2743085641459 15.4155702415115 5.94028938411829 373.352727724186 77.3239618876681
0.930517401967262 11.7322295268818 7.97274201250558 24.8367941252362 12.6085839853624 20.809105521589 320.430137418077 61.2515635230359
0.989074664848656 12.1956044177402 6.95340078848582 25.065498386818 8.5843791658538 3.61366331748991 285.278628884068 115.026695725117
1.07972137778229 12.957414356421 4.15460379062247 27.0051591239643 8.65612426520082 1.22004421878853 200.964398262117 138.53400039207
0.879655584318509 12.4067097348032 2.45796150530426 28.0700005133897 8.27008158047532 3.81918808103346 324.277560660924 90.2628540180358
0.795847105473265 11.898361015576 8.68494996031177 25.8084592603862 10.4403060599171 4.1585729994828 307.214123130194 100.499398120381
1.02480471813581 11.6679266708785 6.68312192528736 25.6808031998746 7.960111540339 7.14971929302307 299.241410421564 93.3800100387482
0.990139456960382 12.8336898257889 8.86169263765623 25.4450251915784 13.1669333728047 10.2630811140018 249.94846630072 121.111728842072
0.808083699609137 11.5936644989699 28.1191639813429 22.9259394369185 10.2309977473831 2.20253002568895 215.22801164418 118.50764105351
0.883474327681923 11.6221945349768 8.75615340786463 27.3530629143473 4.71166266988133 3.73984081214385 273.563038304991 103.835784196693
1.10356384981716 12.2303037971965 13.449025414771 25.3743916655594 8.25319982236431 2.51897315970018 243.514193425508 93.5799484374122
1.25128017583476 12.8773137973495 3.28116168805874 27.817708468784 8.14006023739219 5.34384327718866 261.926330540889 119.026122711788
0.754218169515555 11.7678150129792 3.57105743581581 26.1428085420827 25.1663411203764 2.91644874590655 224.034610139316 93.8821220164853
1.02950368608921 12.6856364919035 5.2121255017552 27.0493717357853 4.96545295317034 2.76355173927392 306.116917314456 100.820279103317
1.01584862084343 12.6363668006231 7.14725814934354 27.7079022628003 10.3164327905115 3.42028597032502 273.791372293157 122.652979325178
0.703945152445799 12.7567675648673 2.74128817055763 27.7798357366363 8.08835877078969 9.40301094844986 291.1338372424 105.784742751507
0.789471284992576 12.2245391638086 5.88681976474741 25.9439338802834 16.7038906113584 4.68928343968844 265.37991901813 73.298940345198
0.853732305507612 12.4479182689216 4.33156847089345 26.6479954752737 18.5855051122677 3.50655454780705 276.918219657003 94.7700293778642
1.22597817497393 12.3467133872883 8.2642493206297 25.2825525630916 11.2420447902248 3.25752336415358 240.856763433603 128.079596333316
0.529517084502294 11.5475263897209 5.40213101682076 23.4628486698432 8.45883663995068 4.03699588187045 347.616168803301 72.2128496089341
1.1839715675014 11.8289774281445 1.89833239522487 27.2117417431015 12.2179843792893 20.1672284081472 296.95559786958 97.7153061339243
0.888126394960382 12.0879781270874 2.94641141327669 28.7710888365796 6.78559076136428 5.42790039194363 294.953868777778 106.115030537357
1.28615127847344 12.7335051912315 2.63473344597995 26.6990619517627 10.4414182492401 3.73046439539898 198.278276207234 104.880037510965
1.20993370253281 12.3307453268523 7.69022594804273 26.2527432764811 24.6720835808941 4.56185481094987 261.573220894621 75.4043110796653
0.867769508758611 11.9379364779884 4.56557556117573 26.73936887635 23.8352418928866 4.10371979489872 266.273348476134 113.466107519798
0.7183016076205 12.0566094920515 5.64862099353359 25.8194903542991 9.5534714057311 2.84378280072103 283.888037036483 92.7581553952152
0.870687611244711 12.8133944404699 13.9235580696906 25.0758235554887 14.4713692363255 3.69681269001804 211.746673562265 103.361668132109
0.685237954852376 11.5905040211646 6.23928985292652 26.0473989661454 9.15744687559089 7.93228335429028 329.749912398775 82.4901325870596
0.854596624241868 11.5779063001608 5.00700923176668 25.0077501034589 11.6712544775944 3.05759651667899 246.174811639025 109.52406651579
0.873743500866232 11.7206185002541 9.12244177443537 23.6725520886294 6.95125147739877 3.1067465208949 252.884658303032 112.834983961924
1.11061916135591 12.4145381786215 0.347815055962155 26.4714776710551 17.3533410549485 3.55595110049151 297.875144182424 121.889961313077
1.14060321169544 11.6469650357269 4.49161640280011 25.6543581662338 9.59170369242072 3.94744608033443 283.776711342981 110.400510868923
1.06427582690381 12.4784306057995 10.8940536322457 25.6110430021698 17.1087256484693 3.31824634210839 319.613027926323 106.284731253259
0.805360796343181 11.6622854422349 7.10482767294568 24.8910305549276 17.3512542159756 3.9758829053974 282.022446574069 101.516719067083
0.857494727369291 12.4863645004576 1.37912698951023 28.1115383059449 16.7403320434475 3.67905096234815 251.93393145882 125.520148695911
0.553220416262144 11.8767232818542 0.588684440872293 29.4251823055767 24.1752363648254 3.98004467314388 309.895832131023 108.913733099125
0.996932414193406 11.7103850093353 8.46348536194252 25.6666396756604 10.4979533322029 2.0435303119129 311.292883464399 84.7273727951946
0.642113051002912 11.7714493796165 9.66416649294228 25.1625797922499 7.8368399095671 3.17352847637791 299.965480831364 88.8219812288587
1.33314405202992 11.4277501416884 4.97219087929408 26.6068513437364 20.8229579275495 5.98662064837451 225.863207838672 125.729695484688
0.940487056948353 11.6646584682787 3.32133306163454 28.6834026808482 11.3042154339478 3.08895449165874 268.33426346077 80.4733145154564
1.06801253349741 12.8358660346202 5.99557145046926 25.2878749208307 27.2305737986805 3.47657402824966 265.184367696642 112.549566997519
0.809365558658439 11.714863320073 2.78860135145322 27.9031201913477 9.28438306142538 7.35979783901323 335.13414772901 78.0490520242113
1.00084429717832 12.1285687814141 2.56008149770133 27.6689935390007 4.11843225070912 6.25162105693002 297.836958656209 59.2990251310431
0.983290492565979 12.6354180392405 7.79542350716026 25.6104350616576 10.4350922133629 8.56325636983863 321.632670589534 90.4326772133262
1.00864251959427 11.5668299765517 8.87930793521128 25.6836240448442 20.6371710503067 5.36714671194653 260.891285645148 83.331217138991
0.867642426151985 11.4224478645288 14.6737264851741 23.052556907893 5.04971258215931 3.17962626848403 371.212802556651 82.4977706288892
0.98235590052862 12.3678125693971 3.62681646207496 27.2703585856164 5.26636096346947 3.6594896637797 295.524861557506 82.0118067158387
0.941168975023786 12.4798350764714 3.23667710978303 27.1953617000427 7.55643997160925 6.89284880127592 331.741939957543 69.905763934593
0.702875370223713 11.6056911958675 6.72585083575214 24.3827091237204 10.2488369858651 5.40906514466095 327.372237030497 70.0582307450601
0.824827808155081 12.6490286835723 5.39932824538299 26.0392549745196 15.0903749273918 8.40504744969297 313.162676658541 87.07314375164
0.759907755150709 12.4182652051428 6.90911712389903 25.3157455853258 16.2243639515083 2.65104432466455 315.303191893083 113.413010501399
0.933148729176852 12.8481103569969 4.4154041551024 25.776768554675 8.25904212328891 9.54887278352312 280.003247940807 83.5350071719284
0.868742478135186 11.911512643003 9.35307603893234 24.4462898247285 8.516537772923 3.52359066357168 81.3786115822204 134.254247203822
0.925165993513333 11.634371763383 7.78212095244823 25.9170249460039 10.3091694035256 3.00694636493783 252.972326156995 125.682383699551
0.861669762840539 11.1028039009048 4.80169614348487 27.115977842882 11.1583800701629 7.27256975785694 311.284392807166 57.3230628417052
1.00224117224666 13.0142039797642 2.0500355386704 27.8581300619984 8.98176341047789 9.72621435536493 330.530196717504 105.656891335086
0.832986074998929 11.5008547555805 5.87445796740809 25.378418781832 17.6724465025657 6.37837578794492 324.086683601115 86.4596120923543
0.756723485098773 12.5846696019726 8.61462199520804 25.8631580967957 23.8770369356087 5.32141253432423 287.910775327835 99.4830170637327
0.759934478442981 12.6218440912609 6.90482945137924 25.186157318276 15.7986178182055 3.06817490859372 255.298031373544 97.8136908912255
0.923990734229537 11.9576935237211 1.72919945136069 26.9505775418764 7.75824849040351 2.79937727096924 292.554397537147 101.119288319465
0.831936662509834 12.5906787419259 7.04906494466496 25.1932658547822 7.10239064463397 3.46311995198871 290.770684120016 97.5506776663695
1.20338647049091 11.8898262425071 3.22510817789378 27.628073748378 24.7579875699751 2.02044450918477 166.633803606858 182.200381831429
1.06837512166415 12.6449314523456 7.39706719085293 25.9488392301678 19.6096047134437 10.9616273154298 259.743642995383 117.741896007291
0.89057046765725 12.4725722096116 7.73208456396901 27.1391120643691 14.7811863185035 11.6558718982264 240.21811624726 133.356011419162
0.942815686795165 12.9569532268967 15.5668752347352 24.5481047357575 15.180596054262 1.82689074817186 203.59746670985 117.65022827029
1.00267051200041 12.4901044246854 4.63589602047776 25.9018979531362 8.48522297133898 2.78637434230033 274.035224445638 115.833069101087
0.928030375365292 12.3948357370234 2.68605888867705 26.2617335343418 9.03003701168709 7.09644107795539 305.504308421505 87.7401214382632
0.9627651979755 11.6834116539573 4.1883320669506 26.5918404286128 9.67528327798474 2.68367614484863 196.425399962466 110.682893343202
0.627654402278654 12.742495357017 3.66034125542474 26.120608298153 7.6712807902377 3.61647913784907 281.965460678459 66.7615408417015
0.803202511173939 12.6664257060298 5.43644793666794 26.1031683567741 12.8604045061044 5.26652319201457 253.221696715412 120.992894465723
0.531661361430174 13.3524551932471 5.01251429058652 26.1161077735051 28.9079603679344 6.88249243824635 243.691419450411 96.6364888567303
0.727928138053437 11.7684479082946 1.41507895404934 28.475381209208 7.68288182785643 2.51896925267651 304.533830225179 108.379872982511
0.873309335301272 12.707271820999 8.97494663527955 25.0497018721165 10.1102241486114 4.71809245108229 279.028828715478 91.9014473919645
1.09606189493729 12.4855604357427 3.39836998490658 27.8910573338871 20.2064090238294 10.147852860421 264.385381652638 112.864417801753
1.012743448894 12.2335280237344 5.21407497329526 26.2959274051695 16.0952025098477 2.29851349069318 269.772476372388 124.369720303827
0.715540384144754 11.7133020203536 7.86114520836913 26.3235880553297 8.64935025686605 7.05330231330283 303.256814108327 73.8813001406875
0.858964480226382 12.496363831956 5.1373180316049 27.1029465015872 8.61748111444887 4.05501002999086 341.854148885331 76.9936288111567
0.752866809548936 11.6502111237023 2.22806107051239 27.2573817688599 12.9627828394892 9.0891858471912 281.64989947516 102.085356386328
1.0071346581089 12.9198921955004 2.67172835849583 28.3798833281585 14.8276072809246 3.05671010855429 245.779013792255 99.2316184263933
0.711717343243683 11.829189126977 3.22104318734951 27.2210047842965 17.8502752175127 3.93352035578846 195.318533776939 113.534543686952
0.927947076126476 12.5796547107033 5.23331436402678 25.3546489311161 11.4834735735403 3.13453967335571 259.275594148218 114.868360287439
1.02167400453532 11.9931323623179 3.01462914955023 26.6878502787157 11.1734166070657 3.3042665144394 262.200417485555 131.235730362584
0.936508275882931 11.9835901784425 8.03108620073721 25.9218342879352 29.8573182330326 3.16419275267883 289.761614000843 95.1891166730562
0.932353380256144 11.9024729531286 4.28754899444129 26.8336611916691 13.4920595231963 3.64613458280626 179.973192736967 123.258066151175
0.834723788973465 12.8619099266859 5.1072105695028 25.2965962001901 25.5116395413311 3.76219151528762 281.170017427158 102.346317359812
0.669486726899368 11.5320136353571 1.21807358808401 28.0026905733863 14.2322097508304 5.51503789325869 285.673452135954 91.136660160648
0.916514152274424 12.0063264727349 8.47900217675297 25.0996186603032 8.47695067548126 3.6016099784184 235.124209552875 92.7187741963304
0.799811709613438 12.7664696775658 4.37451914413713 26.7898759555309 16.0474999987023 5.06542037775295 276.720635403665 106.485280948719
0.658084041860743 11.7416190200663 4.77489227737797 27.4472335155227 27.8806163890585 5.27558850458091 319.59491786455 81.3272025686205
0.794512193446338 12.2069165503783 8.97509885302759 25.7593066353238 9.22378394996414 3.08549813324386 335.581771145213 89.3533358059022
1.20951636614554 11.5524907185543 5.2128794823903 24.4431849806226 23.4620910846112 4.32291670256481 232.418405945201 144.634546601939
1.30596251575782 11.7202070605494 2.63868158876075 26.5251218386627 16.0190334260555 8.59393325418436 215.829275959114 123.67348985045
0.967952879443023 13.0274735907749 4.6767991743357 26.9690352741609 19.7814547303941 9.32673392291397 303.845624197958 128.071263040013
0.738031290868298 11.4962816890612 4.05222975478085 25.7534007887196 10.7200855388725 17.0079298886821 308.73265797236 81.8932166654135
0.825279879323325 12.7264938049247 5.89165371178527 24.9109037049251 9.6972304897438 7.89744739384003 302.863867009317 97.0571259610897
0.655195231008497 11.7634350797518 5.39044280469083 22.8336288893898 6.80379035427148 5.29285368556889 293.598231453178 80.6655090449089
0.868742281068551 11.9011984358431 13.87920764785 24.2751288796013 2.14247345675857 4.4110763191141 367.096152703999 86.9969910329251
0.873437356956596 12.9785583837899 6.92415331506869 26.1598525263686 10.9008993044958 4.35763019068855 325.088878573079 81.6324696885218
1.02111707753245 12.3025101607005 6.01163888395368 25.6099387510016 15.5822799404526 7.50090461024273 282.136314335772 117.665793706443
0.945951168053841 12.117936090028 10.288937383961 25.0400737832915 5.43532811176954 8.75698509160521 296.244818431747 90.5201205860257
0.949793015565719 13.1619808088492 3.30191700843165 28.5361091043131 19.740996428987 3.02066660244397 213.567282936764 93.7512142277261
0.456926484496674 11.9739800046505 5.30906631097913 26.2903409654667 6.03495600720795 4.82245241739145 320.577489378467 108.632118115706
1.0171695837041 11.3973941843951 12.6916248368221 23.7308791903807 11.5723033347626 3.67587353083496 349.29839042674 61.2277325877623
1.04009845622993 11.6962754671529 7.44256206112378 26.0857110744282 26.2364992544856 8.13590011811711 246.773080369678 101.646535780933
1.1141740472846 12.9597878409434 4.31929478890123 26.5215669609926 21.7130939183769 6.79511128594703 210.914401346349 120.711216677001
1.83082852754595 12.1896605225494 15.1798016735822 27.6018769712209 21.1200403216332 4.38132036337534 91.160575223277 195.5911248893
0.666760777657825 11.0514640019307 5.16944844961861 25.7682092481541 9.59927184316319 4.5844746998574 237.663435915102 103.251133279154
0.819195427048391 12.0374430019803 7.60255150941982 25.4460135069892 21.4811171941716 2.83585098776835 265.723009371677 122.88627270485
0.862220120685506 11.2332992958238 24.4422426001785 26.3142293929661 5.50839171018659 6.22466466792191 335.45116903265 83.1501081783493
1.05594893312251 12.3655007847524 8.04972376427218 24.9923867737958 7.49557001770228 4.38025442618538 298.916264845166 99.6640754339782
0.875263473334705 12.0884259840226 10.0004972110711 25.1337853047184 4.13370053818923 2.79102355393249 251.629490900047 96.2027673910248
0.914346819109327 13.0516546808474 1.36666332968882 28.1511690688476 11.0369290449332 2.30117324250617 338.5773218757 111.164055718703
0.837325711854798 12.4048589126741 4.99139886170491 26.7169387257709 12.3137453699055 5.80464681928008 267.352439954581 93.3664665579572
0.801948744995596 12.484056047717 2.9653815962541 27.5415781394116 7.01882842710591 2.8701681546874 265.257922703533 118.061234706932
0.808226798263508 12.552548281336 3.90438426651476 27.3348667389295 15.2447169136857 4.9721000625502 198.142374244521 113.564729276558
0.825648542888281 11.6580056432126 8.21404308656468 24.4447995269878 6.2068621189389 3.21258947919108 315.451270843567 100.650440941422
0.710049276657202 11.9836536997974 7.33340634294038 25.1336343853197 15.2763611973875 5.5519631553142 257.996335520867 129.635985084744
0.717274418844356 13.0694537948361 14.0447108205178 24.1659385656337 20.7823555479103 3.53300326491504 218.023577100147 116.659778193969
1.01368805014775 12.3700989831294 5.18976679018476 26.7327092951225 21.4285229308977 5.78108751425175 259.807651789695 92.1284999588763
1.06474266268007 11.7694549312147 19.0935083555386 27.2811288222909 17.9843724499577 3.72616899952494 312.458289399358 118.399230532363
1.00693157716235 12.5891017354736 7.48821918911127 26.6887008950502 10.698610588305 3.31073788593306 274.906780897349 81.2344222363076
1.18084685742821 12.7515815713535 14.8144937143375 23.9777775221985 12.9452904193204 3.97320700151401 269.458956633972 93.8262892976416
0.77472639946811 12.2989315172854 1.5809811473139 26.9022087046954 2.85232486308013 5.97905967798152 289.19510200445 74.1933715949211
1.01888335928427 12.1181871174648 7.68868391224908 25.6921064082021 27.6401678841786 4.15278948509284 288.022176449345 106.556716408489
0.947062956506245 12.8774381984305 6.23191243620584 27.2166463069933 8.73981424364758 4.88885978208518 310.60049691799 78.710994627502
0.920248651886696 13.0278372050923 5.62168969866203 26.4875695330871 18.7706742830639 2.90421140806427 262.06291794524 99.6844574151836
0.746516448340589 12.2386902201526 5.76374223577354 27.3718296707427 9.11384461019313 5.02517602050991 327.073604167999 90.4796743850664
0.840653591779048 11.8083136157759 8.45308919223889 24.6089702412629 10.38163583812 7.59991008433705 300.347738281401 83.7891509748604
1.34050742501646 11.6264747965051 2.73577171181337 27.9352428128655 28.7974601333791 10.6267706003205 270.890248287456 80.9083473668383
0.957354208008483 11.9211474444718 4.74334974983588 25.7255624766565 12.0967782889932 1.11611888761546 303.755260839331 107.599730135031
1.0369245428398 11.9420139769171 4.95129994646695 25.6338097373431 11.4887913743532 3.90769669501459 311.880198617741 94.6819612025884
0.720994784993497 13.0651881914627 3.62925576951749 28.0964769338951 26.0053177091811 3.6298107178162 257.24225650417 78.366132150478
0.964086133248529 11.8929691743953 7.33040931811752 25.2000308465388 21.6773529404441 2.84180358130932 228.175807310482 118.95390417268
1.15314574604549 11.8506607458478 11.8931098552609 24.3223995171636 6.48455558881081 5.66846561443894 290.061725649876 75.4073855848759
1.14704993638148 11.9144172866407 4.46370097477565 26.6905062942797 11.3823864243445 1.44686353264767 257.965371827625 148.468912705598
0.868440681931968 11.7573198677698 7.66039410955767 25.369609905804 11.3786728100566 5.5374527897335 292.082931510171 89.9002940151339
0.817235420644625 11.8907315056861 3.53567597044513 26.6094318564168 11.6068214244682 3.78789668546894 327.406794485518 84.5298222444715
0.831193025898414 12.4174836031757 5.43004607494961 26.4461349961115 18.6506042691979 3.69914354553843 248.03767607031 60.1851720318382
1.10712134797864 11.5070112367754 6.51026072584177 24.9693916460906 21.1361158077821 2.66155389053289 297.850128932671 83.3197770596494
0.696744382638296 11.802973143609 6.45618040160386 24.5644419290918 21.7111913554405 3.05078041152549 242.969035196311 106.02319156877
0.776390617065177 11.8186623008826 1.52602074612027 28.0515918556561 26.6159592304088 4.74093277247074 237.368290424818 115.587502796068
0.783725970833377 12.727273610368 3.55870872986604 27.323209462123 6.81030972795894 4.74273763927588 234.079873423064 113.648837800323
1.05615835663317 11.5548967047396 8.66113715302158 23.8398819247814 9.02967581255083 1.99267037654212 253.078704070073 112.50801631113
0.903621194984576 12.2082864618855 7.63687931330186 24.224894128916 10.4295716047704 4.05785138914367 287.129133470854 92.2113071660084
0.983106377751401 11.4677831125446 8.39926698927307 24.3352527174658 16.518581758552 4.10358205226792 284.033698016228 110.153948344722
1.18992095450286 11.6086817634273 2.60525394864529 26.6300130549931 16.4341926184274 2.57933499794257 299.36395729039 101.879009530421
1.12469726089594 11.6777263014338 3.95279191965699 26.5828939820447 6.63537803437059 3.36256816369735 333.319261930626 87.9058335417592
1.13800319136992 12.9309401792778 11.9538754744106 22.5908233168616 18.8900972118323 1.80826208703457 207.647179265964 138.795283605785
0.750784951824384 12.5650689106664 9.03288011036131 26.3539429057225 16.4860529721111 6.17224113273371 243.119636376927 69.9397988254879
0.7617463085605 12.621662342564 7.38024696086311 27.176731809732 16.0502703300935 6.77883027634912 243.604112083114 79.9584597404726
0.954289818441242 13.1052582241794 2.42732629845065 27.5637036627426 13.5623561049657 6.46638897585962 326.751825952767 64.5088257279178
0.83811154330262 11.6459729254553 3.8361624512312 27.1143046054773 22.5706186811882 2.65259516441061 272.444603898894 108.617463438744
0.806042850874449 11.9247225839717 9.21517093760733 27.0454990444684 15.3889631703493 6.17952431479539 247.261657983368 122.663059289476
1.10666807264912 12.554953866396 5.4976795737586 25.2448184290769 19.1866800460266 3.63696513966042 292.748687971847 91.8361965012018
0.85574979286485 12.6954583843315 15.1853568097728 27.1298706274822 15.6940925077395 3.65101822398738 352.414779907853 103.471827128905
1.07247091319341 11.5088038051039 6.18295872293071 26.0925784577489 20.7167524344473 3.07850168084375 192.013617249109 109.754812371914
0.738751399120891 11.984970497988 2.83850592818927 26.4268998793791 14.9254790260006 3.88140488862547 250.080699463633 121.298703901702
0.920142303015513 11.7765233346283 7.56918280214732 25.5826539834438 8.62686144785388 5.41407545518239 305.252007863714 68.1030388809907
0.744331728927322 11.9161148052277 8.04042232469535 23.5135408528334 8.1028647633348 6.66909989975311 246.566956007873 118.961383728058
0.855127817460567 12.724048449073 5.34307205507911 26.5717789014109 7.63291214753212 2.73524526651654 236.333545153374 108.079298451936
1.03649492523634 12.6860574145989 4.09070233504645 27.8713849999213 9.87512128336176 5.97534511612653 260.884667915058 120.862480162323
0.648036182910859 12.1521030251136 5.95222464590905 27.0953277082408 7.00601620694151 5.24337975358634 293.015988603232 80.6465353998602
1.01209702405843 12.0131177843643 2.90009614266313 27.6846550278342 23.8544907283501 3.1468518402567 243.510550966562 123.607213556477
0.800252902558731 11.8951504156863 6.0837872845312 25.4197354009821 10.1749898380119 3.00482389333053 258.887152829439 92.3906686935155
0.839597748720269 12.9823239530844 4.65247913002881 25.5996833620707 11.8814555127494 7.65375184056321 290.423225333239 55.516211243467
0.747799741748753 11.620915727067 5.62152637360937 25.2526325620697 22.6894514722411 3.63853888694055 291.246422960839 96.7452890497333
0.822981979280692 12.6752633708408 2.65938106242714 27.7683295753876 22.7079210431551 10.2309056146957 300.87468180498 123.908738287689
0.917952918390734 11.7168536119994 6.66684194456212 26.4676330622455 20.770060438381 1.74204062787264 281.210927630765 112.443187866586
0.935514287610258 12.6124204955514 8.54483819810349 24.0482430570545 12.2087371002241 8.02269718169213 341.973651305096 94.5386033864239
1.05385623423854 11.7022639523459 2.79732628624525 27.5997760451573 16.2754860487117 3.03287503021662 260.594822247467 135.450332581888
0.817623657773678 12.0831590177104 8.54662495627327 25.2992049179681 9.71302954637036 5.37009043750726 266.008669585912 98.4067509011372
0.826257613727759 12.2863399115128 4.50772123829468 27.4718225552172 23.444489962517 8.96715579856081 324.56440785261 106.059057079238
1.04145329309089 11.6855323428407 6.6534108517147 23.9223264186277 19.7206491433603 4.87482428068435 253.197803357815 117.198126151714
1.02451925331596 11.8966237496514 0.992370238089677 27.9216144109427 6.73148822880078 2.81753023203591 270.194477497425 113.421974430016
0.986525620526856 12.0392266126754 8.16470724965028 25.1756811035319 20.0329885756977 2.60183389393596 286.492622457038 105.83942377658
0.732725083524397 11.6096994750254 8.04084512511116 25.206845337388 16.5784481874864 7.02922310824409 308.456326686791 80.0485680646789
0.912273019556238 11.3396139487041 3.7589983668371 27.159367411607 14.6475551134559 3.74051484760069 271.078286734819 113.614375984021
0.995162454809558 12.5411778263572 3.02132424313174 26.6066792750885 21.3700706392827 10.4586777902877 225.153595308868 101.698635159517
1.03923795369413 11.8300816254296 7.64059575353923 25.3477473230975 9.46702149223585 8.63902322831473 294.529455902293 111.062025102751
1.10220829191583 12.5552536195884 5.4528278963161 27.1751200344071 9.4859447365537 3.38508021466404 279.536883514774 128.339941827796
1.03214204975757 11.6700912166014 9.82004936653198 25.2514513304406 12.0214076195685 12.9125358568179 325.773551657092 30.0603772324557
0.851687934152279 12.2557644699644 5.16685517014179 26.1380058916422 13.6457871628635 3.44640187273245 168.366110282225 119.501430223566
0.77529610841721 11.4674042888004 8.60645064499004 24.8700428867592 14.5540992735961 6.38739517442292 276.848858670429 79.069193352964
0.752191474059075 11.5188508250648 3.68831662115898 26.595880736296 10.1497963977716 3.1168051509581 225.671524836151 108.595216935341
0.775111228544738 12.7089398605681 18.7926412428321 26.7702431369283 28.3316633238597 1.76760769540963 198.37145887568 108.421055914081
1.07331460309829 11.6323299354191 7.95682551348174 25.5116698821526 19.6459903444902 6.49942593709101 269.969358861169 111.654886408161
0.909493051671667 11.1949738523957 10.17500659246 25.4653847899593 17.2274659091538 3.09392972972946 279.519547451424 112.667638931623
0.930131978592793 12.8015826306902 4.409451178941 26.1242784034881 16.5456247825302 3.82279992600432 215.774402167316 125.980715829307
0.79238889498369 11.723100568676 8.15783428883512 26.3716754460917 12.2502500006039 6.70690418392074 278.433389958679 107.417879569545
0.823899868046451 12.0852103124093 6.53993739921272 26.0312274485666 10.7268172412536 3.32312466195106 311.192137316717 85.7044215805761
1.09441610946648 12.0328361726495 2.93237915200381 26.9117841541257 15.4353499344679 3.39591488945808 246.386726325332 111.862420731714
1.23679217425776 12.9919599693128 6.91121921559676 26.4754174242476 8.39648804406165 5.20756173425441 266.076339281251 94.6189920202661
1.05121988210283 11.8764796497033 9.10404674246249 25.1833257693325 19.9079804166545 6.85014904554467 215.119892839144 115.657242326994
0.701566735401621 11.8323100039734 2.86526635025689 27.5947822032262 10.1563796981765 7.61224826752565 328.609042387102 109.613303094307
1.02132099910923 11.9047579669643 7.96137188656523 24.7859512801964 21.7627197465041 1.41104286907678 118.456000951674 110.038442517629
1.03575076895873 12.6420817535193 9.54376759931153 24.5855783402545 14.0408437109147 5.14341421748545 318.218108120709 101.07140515263
0.8810647084236 12.8233335631795 5.81778430702116 27.0214445754743 14.4017427540338 7.39904776705095 289.070501578496 123.128191358241
0.784624870591555 11.6895133445833 10.612371987256 25.9274481298403 12.2006702121416 3.74951332899932 258.686320663109 98.1137225741736
0.709145132125621 12.4249644901823 13.9492511743303 27.2374284443791 10.5323427698634 3.38856817414473 289.28877358483 105.473192199148
0.892598056150019 12.376023144503 6.91304721820034 25.146761970865 7.35621061978088 6.52110966847256 334.190583033038 76.0887228471544
1.26983699070559 12.0525414988008 4.54859003700108 27.8936634976758 12.9680370721572 2.08752513089286 229.840445308505 143.943894017873
1.32164716435857 12.5892016920696 2.6313014026984 27.5297905582648 15.2379759187492 9.78693347666758 260.68341835763 62.3036763512863
0.669986888765763 12.6699431167323 8.21551799513494 24.968234021136 27.4849801310666 6.62885737175431 257.650207227639 87.8626433258881
0.810288427875693 11.9580828982882 2.26143849189997 24.3402873775136 9.58025364441135 5.31626112472604 244.30960943376 114.501031668854
0.994679296882936 11.6193156443453 5.70315857468719 27.8610963900947 14.1856945833703 3.88946689705212 280.937944792793 82.6841203750178
0.821594648938212 11.6885277909326 5.22691139432698 25.756533502247 14.9884845484681 10.9102619362959 267.539556203245 106.555061791494
1.03764065398225 12.71279040007 10.9575196397625 24.5691400725283 22.3365629509614 3.3122738205683 220.924965519824 117.400719318635
0.957132662503612 11.6388375545512 12.2325462905346 25.2124468374818 8.7545760166675 7.73328939306091 235.374918699328 89.2418826972872
1.24917313684415 12.5606066151793 8.64617558964287 26.3848612778666 16.8464877042847 3.53133671907506 210.538424464817 104.78281073745
0.670410935360038 12.5441764303874 7.93187436595018 25.4756137719217 6.48846580699869 7.44441003503992 318.018793217328 83.384493301663
1.07619296462687 12.5127267120678 6.28529976686276 25.7405168430374 17.8052158945607 9.68637815065741 291.137390925509 106.505585850537
1.07517057657552 11.4979786670925 4.46452485837243 27.4233887738965 23.6693532446299 3.60989055838671 295.046445618286 100.506648846335
1.25996926229226 12.6444399734241 7.28190335568146 26.0086761277435 11.8224980282746 3.42671668892396 271.542799637035 126.470892798647
1.12519058091892 12.338515044006 4.5023677683236 26.8775746332014 25.8014104652111 4.11328538601841 304.653033090415 94.5292468165746
0.994583770672048 12.6618224041361 7.69028683296214 26.249416117213 28.6182739605085 8.43272149039272 317.637844306507 89.2091676033953
0.824709794839278 12.6820279082241 8.03562660493958 25.3522705715978 14.7245877292466 3.41377773750003 254.321795244756 111.391799325833
0.747785655807901 12.7538770661868 5.3219648372687 27.9141553656373 7.98859335985748 3.48486452898711 278.671289913508 67.9991325840153
0.878791309903874 11.3950214535409 8.38215378119645 24.652030008226 7.41680710701835 6.86069139535688 325.291144390374 94.4412363010469
0.88371565645693 11.9939134956362 6.99054694577855 24.778730019382 12.7583858468728 6.52773870314186 260.397280630146 81.1011279291124
1.14942307094784 12.9257797119849 2.20696652225509 28.5721479785412 17.0423188540507 2.9963818464059 230.448935951469 108.679318845793
0.495297000191681 12.155917166133 5.79432180044321 24.5295429012179 24.4903859376353 3.6733252780119 263.72368840883 115.558768951554
0.901726793346601 11.360510858874 8.55413481716284 24.6847419759357 11.1392953951941 3.32330216430598 329.415916376873 69.7049563805842
1.08784315648857 11.9494556155035 5.75488747078059 27.216142360054 18.6645066566615 7.9860197388331 330.491798393236 97.3156358747889
1.03465843249491 12.5897219830498 7.068064386876 26.2119349296582 9.75514851982852 6.85371990983306 312.324574177352 98.0725537342704
1.2248972099653 12.1136213183483 5.53761507736404 25.5324711277035 7.86623217872394 7.4860769801561 288.008261679954 85.5602436946187
1.18382814887556 12.410893741147 5.05546607856914 26.4396298814894 17.3861351178421 3.55108294991336 269.892610461254 115.842855379879
0.981185579351238 12.0770224157509 7.9678697442154 25.7697076212587 17.7626304137433 5.74836933919697 248.349612386341 90.2959166664261
0.99972434821567 12.5898196110882 6.68591780381529 25.3397116683161 8.56801128891403 6.71552136686603 333.047047137843 83.6160490215385
0.822206830334626 11.6712563341001 3.2679316893191 26.5939735987806 10.4394869249648 4.94227030848994 127.003646553384 107.508918692638
0.779291114649733 11.5918411832723 9.02483769298334 24.9496192385077 14.7811660836057 2.91921869715413 266.500457724124 97.5403934837052
0.693456952118133 12.3784742211917 3.06952305627131 27.052459529716 14.5887529995004 7.25806688063168 283.58090966309 93.1982617225352
1.04527609175201 13.0634342056845 10.5292355877567 25.9246893015033 6.3668799363106 2.26982563607705 208.216349080373 125.373730859076
1.35571873279544 11.5303868495011 5.14743466796962 28.307389042992 18.457645283865 4.30813158692021 243.706154583177 128.98030749032
1.34657237956284 12.1864446607139 4.37830686372676 25.6071814791154 8.34128240211018 3.08618170158715 210.389961611765 161.209229177627
1.15780803637673 12.9543593030398 10.4531345591957 24.9634712679182 9.83670123158597 4.03601232965339 244.291818204938 96.2036555657944
0.867676894411808 12.005089921773 5.54412557816749 24.5961471090836 11.3493244207444 5.38224403620968 243.950083857757 96.645362508577
0.959704484291166 11.8604108831154 4.47921918280889 26.2607674366066 6.42361624455832 10.3133069757699 320.122662357306 85.5373660978729
1.01375739086568 12.012441317791 11.9981726849975 24.0075279473062 18.5045119772893 6.85417176538198 304.295608971345 91.1147007080913
0.866698717842608 12.4827261079783 6.57884627719649 26.0125536311601 6.23196264032775 8.12637981582756 314.017686071353 60.4483321374797
0.829113879344205 12.5715415488388 0.402613759836718 29.3205431819099 9.2745357238291 2.63031433930884 283.712290676683 94.0841717146036
0.858017596427476 11.8317005364706 7.57515484897003 24.7524060232002 12.972066739134 5.2047286853382 281.247870715485 109.979879333791
0.894845379490136 12.3154650447232 5.32824878809935 28.3093835725608 6.58999408104551 4.89726732026348 276.423737496299 122.253745706696
1.10226025826618 11.6705506299558 11.8202039590161 24.5595569963687 5.40976804513252 2.83301653447582 245.115003681778 117.096722983348
1.00452397302319 11.8081708536825 5.31320698294412 26.1425545695491 9.48866116341158 3.69845937138959 284.576339429698 110.098877654691
0.863990696635306 12.7758808896367 3.81549596514116 26.5261419903557 12.9719727490684 5.35851364343275 331.978704027134 66.7980969375932
0.768875032803027 12.0863401202776 5.0865138195425 26.1173497981753 11.5821135522878 10.5045459304088 325.772573689796 72.6842070193972
0.67793366516869 12.4405664061362 8.92088451231271 25.7143168413713 22.3431091533584 6.71081027410409 222.6393987667 104.676456500603
0.773722323655584 11.815353615963 4.2723497972107 27.5417204204517 7.26814372380032 3.9427955612516 293.882054976257 108.731810925102
0.750625865442572 11.9398082508538 7.1116854159973 26.8188742007373 8.70723067885598 5.28818931939474 328.744831625514 78.6049957407997
0.789425740795752 11.8047172780749 5.46316971025294 24.09773343745 8.69506117635125 5.17516053349496 323.4704295042 90.5682563003886
0.939065180861844 12.0261903671535 6.78087339930288 24.8783115016852 22.9865761011795 8.32653692793156 259.58848050608 102.933786098737
1.09779160278798 11.800753465306 7.08390940630525 25.4186782325578 22.8935160080141 4.80284618258701 327.725377530965 64.6811397316427
0.923397068097302 11.7504565585923 8.24213992683789 24.5657968392816 10.9083647781061 4.18316090865438 288.804385898005 108.887774425652
0.745175701097275 12.87348202178 3.30027355144008 27.3590829947718 11.4114405088841 7.23233289534025 254.177549131131 116.652368421012
0.871292991897222 11.8394536419103 1.2165124761335 27.533542901531 19.5103351221883 18.3661704542165 276.763873397787 120.959386997805
0.768347313334084 11.94179539536 5.23861268911012 27.5239489574453 21.6695341724212 14.5937042951201 259.374150104168 153.016484675573
0.808860046719765 11.498501980609 12.4528079205062 24.866952322231 26.2612549560972 3.12628078287861 153.063968450293 93.4413985615609
0.984287131725223 11.6143150456492 14.6152673824444 25.1974660937175 15.2716065699161 2.62906534886208 280.705424135243 85.5198939104317
0.893219722794716 11.802325603987 5.16526352665124 29.0519839268783 8.8377363492773 6.89680231590631 329.731522131842 75.4837364785326
0.943280799454491 12.4952170590284 3.74022048678966 26.0900664810717 18.0138825948339 3.87479663529327 293.740526037431 107.776571299156
1.02398869214444 11.6795257359647 9.86734057846536 25.3501274089146 16.4433257497313 8.89807393451058 287.865944525395 102.829345065681
0.88161071056567 11.5455198700245 6.77895424564715 24.7740699130871 20.9217342480304 2.0674392362984 176.106431221628 116.12553287213
1.01584201700439 12.8726402065469 9.94999008531288 24.7422186282387 10.876214666809 3.45709889744074 304.025339707614 125.6197114929
1.11969515155385 12.5791360360815 7.88043513096751 26.2223844959165 15.4226493063777 2.66964652080294 258.014972283553 91.4384052645799
0.915912419204956 11.8332162875624 4.09052174205628 25.2721563803164 15.1483233784195 2.62850053199012 244.88959132757 55.8971516000438
1.03415563263562 12.7218965923733 10.2657838924664 24.5355408173501 8.00828864204965 5.00547981563276 334.427743684989 84.2681963041869
0.994575155215641 12.6980439106068 4.88861077303941 27.5538834057289 25.8589357633005 5.21199739313235 287.444969036117 111.760503528737
1.14241521574803 11.1172319571987 9.24325879034488 23.9073536986779 16.9709245803191 3.97812486098272 248.093741861903 106.171966688863
0.925962851703427 11.887331990934 4.42182485218459 26.8703970988368 15.7505041002745 4.73718831917797 222.440333390383 83.9862930477959
0.770900273482811 11.6133318270807 5.66542179014007 26.2489089677854 12.1643323444029 5.24046326633992 239.507229917959 107.698809593892
0.985487558763064 11.9506923990853 6.94386513459084 25.5496990334835 13.8200960661565 5.32353335917548 305.356239499646 119.809682470573
0.675331107345282 11.9631873993842 11.4600546973301 26.6495396140978 20.4844643562185 3.80542085228972 308.552538279798 118.859649796025
1.14401320364083 11.7158099773404 7.91789513709397 23.395802400612 26.194261231742 2.7323416850334 234.434683106447 115.726138515696
0.975966881321672 12.7898313716888 1.00967184156303 28.5355360549299 16.1135089832306 2.20465493216757 314.390515278839 117.541118882467
0.803926612004378 14.1973756673803 16.8682579046813 24.9509013971023 7.54825622995378 3.41372134781356 283.534055265818 96.7477009312398
0.716377083930769 11.7932194131025 8.68004086758259 26.3735565141594 17.7710858921974 4.10886568573612 250.02286998786 79.0861803228669
0.869375105642102 12.9145065363151 4.31200229085629 27.0315549702006 10.183832624646 4.4198777517339 275.299437309079 105.653767064466
0.992541271210598 11.3799109492723 10.287885157199 24.6432078743131 6.35466061305979 3.01598623885473 319.202332649473 94.4522881349433
0.884781166943015 11.8900784032064 9.21157205297972 27.6856190829213 19.6315157732629 3.71882255142307 295.460889690205 149.281460060725
0.990272307526322 12.4814401469132 12.7428826104222 25.104907704179 9.68054803627225 3.51656052947072 275.211678830942 107.873234708998
0.727057154970765 11.6713284534786 4.39828728520396 28.3823526469364 10.9207470233829 10.8608540215207 315.652287634531 48.0514799460109
0.891532951521062 12.6899243569265 5.68717315283458 27.1821356968812 8.15710994404967 5.69254320129493 294.881181648286 83.3161478220768
1.45893363729196 13.1580185933598 14.4684880836951 25.2799431621593 24.9388172332195 5.85186229994562 194.849483603036 95.9996133386388
0.896698775042574 11.7472495177304 3.15785350684531 26.2222705277546 10.7712000134831 4.14020668478475 286.815599151179 104.203137784293
1.08400768486047 11.5804332710022 5.7089679100338 25.4411461100212 24.0721246039874 3.35118294456065 232.628930525813 110.878711864119
1.22373290755009 11.9828426918852 1.05216693785408 28.5064943019262 15.11468256675 11.1984450675558 317.420293294536 81.7873572929274
0.987359441330591 12.8361366340801 10.594399031921 26.186197820846 12.7242186203151 2.81726097652084 194.41342821363 118.013836348716
0.925770963410512 12.9306023978897 2.8060295952218 27.0345881757806 18.0458931981643 3.41525101393881 246.896226605669 94.1218307946414
1.05279428606453 12.8772919424389 12.6251554090882 24.965599480689 19.8955968528885 3.89402029772066 205.36665928664 135.840072843517
1.25173917402216 11.6064227392387 15.5343824714831 26.5882214230202 24.7348786957398 2.16556551673223 302.63845210957 113.680027339414
0.874024673398901 12.7696993840789 5.25043812796239 27.8877908456907 5.92472009021877 4.32024308475678 347.568377236636 75.5857621636647
0.888167902802652 11.6505319702771 3.50246301995726 26.3920735989051 8.79591144539256 5.63178083042564 306.844019687191 74.0454261179029
1.28854025075048 11.7649210101622 8.57130557316736 27.5547678754122 24.4573942201951 4.16980027010618 266.886688013305 106.852864171608
0.976281705073058 11.6938648228643 7.59051931120732 26.0270154096693 24.2008173359945 7.25370382480022 244.923101611401 161.352865988843
0.930415299863732 12.8431293889553 7.49261812570482 25.0896298726842 27.474718496236 8.20387021769256 243.159533936441 84.6089044454237
1.25774568932479 11.7000014495863 6.89329792883412 24.8329563085796 20.0762326305499 7.12007634974499 300.051921276193 108.513459154347
1.12362322312601 11.7118597632568 4.40999527410764 28.1587368594867 7.27609475853364 7.56889776375156 322.122099121795 72.2870381597221
0.963455068803621 11.7458174043234 6.49930291558933 25.5201608839132 7.87344372413405 3.45787413705106 224.985321183444 122.628636922916
0.650908784668392 12.7855410925375 1.8388302070735 29.142946512169 9.10753519813599 16.346588301648 310.684463858684 70.8564671022169
0.881928608479831 11.4890759840454 9.26164089027814 25.3218091556316 12.1427294894257 2.91902552451562 208.020116655316 90.9367476510437
1.22439328450574 12.3480413550183 6.94205238933179 25.6929086323522 7.02760681261158 4.71326647572759 309.530251866946 82.0903465048197
1.08481138880306 12.203857636783 1.6996044519021 28.0100670170864 17.8630489579983 2.65540680968292 221.430196033251 116.561755074745
0.876524894251287 12.0650658918043 7.7122648692709 25.1319900609368 6.78625006033551 3.25611631364711 312.534771713363 97.6817781540631
0.783939824700748 11.6056918688638 9.87703233664837 25.4026986928135 18.0991506184503 2.1809357201219 309.915549637181 112.177459366296
0.768775433790971 12.6238423642754 3.1563461086209 27.9460329130111 17.5711447311017 12.8249051552835 330.499257007002 63.3504815368034
0.638137152000844 12.3987485187929 4.49581565164437 27.0697679295704 18.5550648949716 2.06264545814933 251.323915919677 124.616383141249
1.07059123128549 11.5346042493294 3.20351540550014 29.1220179766852 22.8828340018748 2.54472331706078 327.946332100227 93.2980887750292
0.70064336438566 12.3534152862078 24.3654472191895 26.8354026936549 10.786382579824 2.24510998699322 235.951026085084 102.996609913171
0.748275283499733 12.2119089403241 5.35355664104354 25.8010907270845 8.65302801750004 12.7587286607343 334.190116382448 84.8090324425388
1.04066959074147 11.495831209602 4.48405197595819 26.7603213543612 18.8805937934677 5.8395065682742 295.744161881007 79.5737884997796
1.03604563727396 12.0014527855215 3.92000934522426 26.074191950553 6.60563860114065 3.6405772477314 283.865487499309 93.5893665660842
0.856744582196886 11.7509086073719 3.21979374592644 26.6598460590206 11.3641936276835 5.64820949236997 307.024774716971 89.7504220256802
0.835477586182849 12.9799248964653 17.6805426538594 23.967805868207 5.37790659389066 4.95010502174718 360.009781972799 71.3770175963789
0.848337123700008 12.3160345644401 8.29649952887336 24.8280251611095 19.5384957513529 2.44941769702419 261.07586012652 113.265393552885
0.818745232580626 12.8402564401387 4.32614247704737 26.8025566799988 17.3039720457594 5.99708491265082 290.059533038166 110.548408045197
0.762281877822958 11.7711515760126 13.1419834731762 24.3547182814058 9.8743825174997 2.99293181462338 215.608433693673 111.829886357779
0.887026120441577 11.5089243126433 4.8228517877606 26.7124054720855 7.35032908704913 4.09252760101431 300.36186534095 95.649324837775
1.00259789944435 13.04570102785 6.27014862058311 26.7448819242368 21.4799712079553 5.71882739597186 204.113292426387 101.785713806859
0.795480260205298 11.8428141994149 5.01399262079411 26.0280470231413 27.1484493815252 4.40670289085831 296.246019627961 95.0757060917902
1.10739704558997 11.9049231565261 7.31273294140763 26.0477829216006 23.4177503990875 3.92240287388142 231.634872093467 121.790746288215
0.862164833320437 11.8565492398697 11.4942202206949 23.2920672444158 11.6052816111094 9.41399575575243 256.821686731036 108.349781088331
0.885698840246954 12.3450836010871 17.7225724966362 24.815194091007 16.3541538930418 4.06260947660611 165.150572405037 107.155247147369
1.01830111013987 12.6898115506192 6.95984266058303 25.7773024193818 6.78977150573405 3.27542854756392 275.876965791798 132.267630293935
1.07899887421173 11.8446138835497 2.55522768992762 27.1032080589145 10.5598718401532 4.4453679902035 257.560035314795 123.625606911387
1.04280481713571 11.8545533703593 7.32900475151138 23.9049087869565 18.6990230570378 5.51727630486391 260.639166620015 104.688737183161
0.988789501972696 11.6444822632747 9.71141587107144 26.0630143556586 6.8887771423864 2.73514216447632 270.974664069791 69.1356268729625
1.20880900514059 11.715625952751 5.6534425659291 26.3706878257914 23.2305715951308 3.67268799855802 247.903205116307 98.6049725812323
1.64912073359835 11.4187205375301 5.45896878363718 28.4493589050131 7.26735418894888 1.91505630780772 241.752235643418 123.823887629417
1.21439019715842 11.9820527251186 8.37799070557786 25.919228446306 20.6511540292249 3.46754468597928 259.90707948814 126.796815625614
0.737111849404008 12.292092872362 9.09365921367512 25.5085716932342 26.7672994008953 4.95423614657321 333.71479721817 107.308968005463
0.706825011346204 12.5743408454851 6.88323120776746 25.8115191139149 12.1574062626242 3.58960653360174 228.268907710628 99.8591287720335
0.80155192807755 12.0120179479219 11.7424181410173 22.8900871406968 16.5444014379685 10.0026590395277 334.476861491217 74.934931564897
0.943479981243708 12.522328773742 6.36677200317251 25.8151128628494 10.0139069642297 1.15144840644193 284.26184809479 106.892327356078
0.78459181816737 12.506181212713 10.4816993419599 23.9790714142753 11.1218122348178 3.42911499830613 219.218083567093 110.018591706377
1.00241245170902 12.5842029708467 6.29424913950246 26.9074524836606 8.56080635252955 9.70614243543224 328.203891795685 80.3108214560527
1.18974305373534 12.8442516637784 4.58603925000545 28.4693274128522 5.28845362632344 5.42349123182079 264.682762612321 102.090202379351
1.0655849928261 12.6556282306634 2.30006291820769 28.6956784480402 16.9066318838683 5.12958798573851 311.862829780376 77.1659138837394
0.838551437189303 11.8838212548926 12.1938799275055 24.9724447266833 18.3485196687743 5.05585025261694 191.315106866423 108.350801286027
0.666917901040181 11.958708837471 7.87979225236804 25.2533007575099 4.78940081803574 1.4468105980247 270.639227895888 115.330513560144
1.03132865277858 12.7780641630652 3.17185654738403 25.9030292806198 29.0245252287577 2.91433248899733 191.684966866566 96.0329872649993
1.19868864307474 12.3321709979151 6.04847995972154 25.5925698820813 26.6379229607806 5.33504646992596 219.513279668614 132.502579659518
1.05626897200937 11.5729562956234 14.6682592000436 23.4098841589375 14.3127120228937 22.2407420737564 296.433061519363 88.6723628416792
1.24797473796451 11.9293828846313 5.10052661931376 28.533295513824 7.73109276142522 3.91967332551634 288.753197713344 75.917113249075
0.959758385828912 11.577929192764 4.81684126849559 25.8706348742339 9.06069069551322 13.463865389452 318.811135501749 86.9071559596063
1.00025968444516 12.0356126453958 7.76430849172395 25.475062387199 22.529392542997 6.14968092321238 268.739419815345 112.065764618343
0.835769543675536 12.470654471672 4.99827326834104 26.1347751712112 9.7317543798231 2.53610519284418 317.976832944446 94.8443978314532
1.12354426051803 11.4234464045969 4.91879660640291 24.9903617993311 8.01225394422341 4.36753188124094 298.745683995516 84.4199167251501
0.832990655414697 11.4076761914938 2.66113114615806 27.8039304303384 29.721277934638 3.06454863065116 260.771211857329 124.936296021098
1.24036346395098 12.2835962536411 3.5118378142288 27.4394685891044 7.21424535305231 3.27733201582686 303.073038631125 111.493009986819
0.873634008329355 11.6254028842487 7.83503117968341 24.63746187129 20.8519391203683 13.2002113598155 245.100850449348 114.272888803945
0.938884330855952 11.7122508858051 2.76880082083949 24.8571830953531 11.2514313742754 2.5569122806041 248.19995766091 114.982126962603
0.937476963306518 12.42117958524 8.9217812047564 25.6249368577745 8.45287459340773 3.70826179383204 264.864048053289 118.86203568665
0.718607753141298 12.926962569422 2.17795101600071 28.1342093099918 11.8090321219306 3.30537131901872 236.205184962693 85.0440358440015
0.89265232036904 11.9202308883482 6.74478806137315 25.0772903936766 12.0330053179514 5.69605067255239 310.222028247723 79.4936187847134
