21.2400294306426 13.6442328121979 18.1269879203776 3.62483564840553 12.4933480958849 22.2417143824624 298.92589432878 251.053718951706
28.5004638489231 12.0976245767648 18.5483614459475 1.96924461836676 13.7214101176416 20.4051308466768 15.6935652722995 243.931521824114
22.1976897907737 12.0854863989433 17.7103261515315 4.00121539829151 17.6685841230399 9.87144888819228 231.200222430993 236.364846123478
22.5458577416525 12.5355869724433 18.4312514399532 4.25066236191437 12.0453269618909 26.8858776835023 111.915817182363 307.030667194518
29.0184749608436 12.3479239297317 16.2518350823082 3.71476676675265 17.0485382529955 13.5237460177848 309.166555084776 241.875632180184
25.5310800457201 11.5865139115597 19.343530665484 3.08299271547506 5.23054604742273 27.8306753991842 252.267042386275 287.001998241396
27.6487595278906 12.1870054229822 18.906339629832 3.53814980401988 5.63935414304442 2.71310068729071 333.34293889163 271.567388439334
23.5959252930013 12.5550503833358 19.2247481794943 2.68777430848004 6.29579389879372 5.53146315401047 265.478281694637 291.667031448488
26.5120161366063 12.3402994294208 18.0387196925229 3.13440315675193 10.9059761177273 17.1175907616382 322.895132753801 242.558079720982
22.8447443955397 12.1541226567987 18.0005651527018 5.44243948180333 17.9671110863561 13.8664520658244 348.343352919499 281.52070608878
27.8778193750197 12.2670108206247 17.6511336481744 2.80469009503996 20.9352759378473 9.76230252486983 151.163108389547 296.64843969317
24.5461521685101 12.8634735226252 19.1273478837319 2.30456792248974 9.76783205455313 16.6043495616437 367.505246911273 203.456531805657
22.9205246294056 12.9781535272261 17.0581685730075 4.02253658380815 5.4745363689281 8.50214982306155 87.1433826272407 301.109732493116
21.9200104266508 14.1513482501044 17.1391749928908 4.594185330895 2.17326684366588 25.0339793053655 273.21087918586 291.876612050248
27.2191842465335 12.3620698026235 15.5653707486248 4.55170136501874 6.08083860630054 14.2873415094534 199.979909794185 263.88665949252
28.4323566457238 11.8713309507985 17.1707237171132 2.6267817083363 3.40357214852505 18.8795367708395 74.5614540496285 291.350347955361
27.0838116384687 13.2613022952176 19.0666375305361 3.95255078061223 10.2953551529505 8.11744907601852 447.853709101357 206.006712038515
29.5877629678492 11.9152869460486 15.6287849841259 4.7752329231303 22.2728840935402 11.8097228767803 358.589750270712 259.414104329581
25.972160817664 10.8409442340763 17.3570737650167 3.23698960468491 7.53723684663126 4.50701681396965 137.991342257267 308.428451733539
25.6602101543559 13.2308096787688 18.4088898428114 1.53371473051478 6.77869347142334 17.2512025296583 277.220832937334 259.998804269012
26.118546431673 11.4923078866474 19.0088508803261 1.69646140873927 14.8834934096886 13.4292497116989 61.2997469826999 276.808370730657
25.638199922234 12.199854008264 17.3296626084148 4.66832061090098 9.25780117964805 4.22020085670575 317.79508432485 281.138422831143
26.2782249592756 12.6045912048794 17.2332374995892 3.13314545615805 9.48048097021842 11.3150827109062 321.537426051802 207.778527975446
23.6343124554368 13.6158299037881 16.8229194996586 5.0874573339037 20.718276525985 0.54748423426913 390.235367624828 251.026145182805
23.7615522173919 11.5253479098095 16.7943918335292 2.96042708087087 3.90076567814246 4.22047925479296 97.2469125373144 293.916251163728
27.0564573129027 12.3068246286558 18.3376994985292 3.17612682412891 20.9797764909698 18.5404343869354 313.237722679439 241.879142188982
26.687408204733 11.3441831457945 18.1495663592904 2.49441333510781 1.67168645068011 21.5483109549662 305.474176726938 310.174371899736
28.2024267061136 12.1896783792227 17.6170262461574 4.50543703157397 10.5349227284075 11.3935831691166 348.611670347368 232.952911126566
21.7323438905272 13.6074299927123 15.0972985686607 4.36648163564035 10.3063749103862 21.6716355278396 352.410062833795 230.235683988692
27.0447082062689 11.3140580846228 18.9492961365947 3.80156735309976 8.81725105359184 5.86110563747009 253.141112691333 285.442252955518
21.2458241183179 12.5425522965657 16.5274386579169 3.93472970132647 5.37042563270349 19.5692741645846 369.281520894171 273.164432248725
27.5333565093579 12.1499992822421 16.4713421458365 4.63292290985909 16.9811072845948 29.4146896932994 391.83609853526 226.233148303195
22.1026812805909 12.4802311972245 15.9509724619313 4.11949800835983 25.179135875483 8.53770052878661 396.150237004267 232.78660313238
27.5728566693978 13.4040885906931 18.3434513992669 2.61729016993643 14.7454031260269 7.13727043515565 344.913737474246 242.800375020463
26.6728754940012 11.9169408064662 17.9700955527744 4.50154703330666 1.1623681424696 18.9899186722023 38.5761824845787 326.174287406012
26.9259407894007 11.9295051109375 18.6410048723088 2.56640398037063 14.5870061800096 10.7968939990149 284.043078995747 272.533199319696
25.8362395404101 12.1589402149081 17.1207031712804 2.70782869763183 9.48903188492552 25.0683337589186 246.840779751898 250.297185850583
26.1583972944305 11.7669694460528 16.2671925623758 4.87937102150957 18.8079615293085 15.6319319302161 287.272272798963 279.118903831612
25.9735925714238 12.7376714726677 17.9992933379924 2.82701609241532 6.68860161708562 27.3570744440143 242.099595774036 256.298663404569
22.2852414431262 12.216006659107 17.2212312454348 4.24346929260325 5.51466908538414 16.0790552879411 389.882103386861 253.320768219967
25.8866841550399 12.2072386693145 17.1870202853908 4.74827401894201 7.32226311426881 23.4581795575257 156.751179122836 282.557431203618
27.9011191496867 11.2014205700443 18.7738806657336 2.3899303529984 3.772912443004 27.0166721048301 83.3891261362642 312.945515350951
23.3731551615669 12.156322302129 18.0368485735485 4.61756540724538 12.6448655707798 9.21074160639658 12.1827349703721 298.252879826437
24.2084124987434 12.8101554330367 19.5229744725178 3.65054750039008 7.08483506821131 18.4757829029176 400.689472827035 178.648356826074
21.8885498907266 12.1141288865709 17.482958882562 4.12396742983972 7.42773709264792 25.8206255966036 340.933215684944 250.988718914139
21.7343139814111 11.4424680443423 17.761356301745 4.02648904997911 14.4448437233599 12.2522136765952 264.562190667948 302.616599222491
24.2915182391326 11.9163517346057 16.7576372598327 3.68764946053551 9.41672679138761 26.6632381375768 293.026646134037 292.6381619264
25.2251496321943 11.4297870190062 18.6794764367264 4.2691705332392 4.6925976852618 25.0876645405222 287.986974743655 276.166124450959
17.0501902997354 13.7911236249511 18.329585102753 3.54667554608521 10.9862203532826 25.0397451514485 494.872522004908 234.859523756881
24.477739079156 13.6064361663874 18.8353301450636 4.13845881700341 4.35279371026873 21.6548204836538 121.043622079913 306.252575326141
24.1454162361582 11.5525372712776 18.1737216849861 3.06204080701898 16.3152181721256 18.8120555052426 280.684560123065 254.833282160417
28.073023677388 11.8420595089475 17.8362426812465 3.08102010647538 15.3873344749423 27.2272663813022 350.936621008762 267.843801311583
23.5423578082456 15.2867407280455 17.8634879760258 3.26490308174216 16.040673209692 23.8312424919401 114.347576964485 322.267948194583
27.5604876418758 13.3817547075208 16.7056679244189 2.82896545818539 4.89645227652443 21.7514671186902 244.074707380005 259.528172246632
26.3572379637919 12.9391827938218 17.0739123611091 2.70011508071639 11.5405889430761 26.8793252614151 191.195087674156 208.301825277295
23.803610766611 11.7252362758052 16.8247774934645 4.49029869025808 8.81942589876136 17.6707131801824 218.206261452083 330.278869548575
21.8521479734254 12.332833694647 18.4200192280022 3.12577300014153 13.2275145045851 20.5449774014982 129.177528442273 310.671959840431
26.7003357269147 11.8012949039451 19.1477721156077 2.94938761705688 9.02692664510249 6.81417711159381 139.261226830112 322.027270417368
22.4138560110522 12.5972467218449 19.8692285912666 2.99729442781462 7.02061517428164 10.8394966991718 314.993620640485 291.257273192907
21.3273504217082 12.3142349703132 18.4220045488371 3.26337614277754 9.60133097288091 21.6544339929203 401.448556629468 249.525747431303
25.871628080493 12.8371575530349 17.1600056183002 5.27563053523061 14.4804206679975 13.4576106224093 318.347345989001 283.581759928529
24.2641373287207 13.6930195002327 17.615924963533 2.25852004212345 9.80280014925569 26.6986748013629 88.258837854449 270.748460216754
28.0583206948209 12.8663627909342 18.4795232215955 3.48451116434722 8.35743932737701 7.55532474946441 251.221581625597 238.905679402933
24.2564016472346 11.3047881816624 14.7331390804752 6.55866613361206 14.8233287304343 5.22145660744384 44.7038565607508 359.335756758926
18.910690495693 11.9812881662645 17.3127422902189 2.71358053270301 14.7871140685929 20.9995627657637 279.534463187922 206.799174993742
21.2229047956756 12.1105834149802 17.4448437064455 3.52772385485845 4.36999230789972 12.6960134436336 209.400750469307 293.400424939505
27.0049609321539 11.5373963952497 18.1802447875325 2.9419292229838 7.28498705357986 16.0432441792159 252.082107307035 289.472064059946
22.0388599444987 11.875448083507 17.1186199274904 3.63604762391526 2.96609502749055 12.3095484437008 240.373485263945 290.122142047292
23.7785290458894 12.9275976915034 16.9648535263054 4.71466061565416 22.1146820935591 12.7218270313641 176.68040534449 305.781308819698
23.8774259652955 11.9439183410551 15.8713552545758 4.35919519625751 5.64137040179839 13.182569631258 265.605702222943 303.63074184907
25.6213054746399 12.3757649459279 18.0205758186629 4.56114430579024 20.3705787113636 10.3991969726578 340.444733472009 270.855380349774
23.9405365453647 12.8082978666649 18.4997963656316 2.65189742703168 6.66618974689546 18.1852672828533 162.09817017988 302.097387738741
26.5124266926222 11.9966058131141 18.7318995321826 2.78609010616176 7.04823943035585 12.4375158765378 209.060856403913 297.942983234017
23.269578610524 15.3294341355912 19.0437357540656 2.13980699326973 8.70339226767561 27.5722005622001 277.919320295583 261.023093546046
29.3288098766227 12.0558494514686 16.5334480184319 2.71373801292064 16.0460842574339 0.985796623447254 234.694566263548 243.548275997082
24.0322654033017 12.9638484362342 16.6424311904022 2.8927963064699 21.3515069741025 15.7271996878417 344.500429370042 208.130162323046
24.679998570428 13.1152247134765 17.5168265913014 3.02340764104447 19.2143166310974 16.0992166503097 301.148339519693 220.928010003623
24.3128875579859 12.1483239054095 16.0920684773149 4.12876589196876 10.2390758870254 25.8218890797061 319.835727746563 274.644103750211
23.9351862398992 12.2540868852374 17.627355509772 3.88080186530344 3.87391226517223 23.2509757507957 289.00963897491 261.294671751886
23.8935072971865 12.1849833528991 16.9932627896757 4.40290091685295 14.8095084431918 22.1671080349809 247.091647361336 293.373843132447
24.6062989109687 13.8898557430054 15.8361971648984 4.33611403114608 26.8247510170317 14.3497941469361 372.335498408226 240.8676520262
23.4868699721654 12.334622344626 19.738657163578 2.65785545464052 28.9627329579075 23.7292514000072 222.947633256527 276.342906410799
21.9766583281204 16.5576696914751 18.4452612152556 3.21216391608353 12.9658238105922 21.5418928696197 48.0034000868934 308.224520704514
23.9515942916857 12.6892689252077 19.4177443420045 2.3434293446259 7.67253468891306 26.8504700350355 130.060357089046 274.255191299403
26.6380739525646 12.098484454812 18.8707269230521 3.76034793916505 9.72362479935108 5.08402057265361 342.622010198797 286.568359896476
20.9228756490097 12.6331915642111 18.1825567688043 2.99326337478516 4.90313480413266 16.7430506151925 371.55837727596 239.913326897412
27.697209061735 12.9647912160439 18.5301579767303 2.292453732196 13.6676714081182 5.68699271471432 288.421729374619 198.088641952451
26.6863595776415 12.2899964043583 19.3473369173588 2.06597077705511 22.0105544184556 9.91583706070361 161.855821668038 293.621823472883
29.9513413747678 12.9071649562029 16.8672643662945 6.23137875377081 16.7704861020326 21.9969121949809 360.130953519443 203.170955497211
17.6641901933334 13.9687592288468 16.5397577445272 3.42820448132158 8.40823583904593 13.3682893104646 413.559897629478 232.866350123613
20.4976595072782 12.9018550216673 16.4820783997168 4.88621998430479 7.82116641613687 13.7767040795363 315.726401729063 316.700071018768
21.9659611310097 11.9220661540443 18.0998096865506 3.2314188382084 7.77447046728189 22.9191356956596 192.009960818884 316.308640190492
21.3664267746332 13.6373118361828 15.6000126020923 8.23562535935934 5.32890696153122 23.4783559029733 450.193364702747 201.113481331593
22.9185734801646 11.8876050194357 17.7574335687653 3.83532021766478 6.67903093287832 22.2831625734956 300.876837072774 279.280450540599
24.0772351359263 11.2534747313683 16.8663674849423 3.07300243500944 6.67065153392776 19.4244827333243 349.840151166866 292.715733378905
25.4924643999113 13.0013872465014 18.9838481217541 2.54063341390978 23.3681535797953 20.8860566191666 37.9676666797751 252.577472779376
25.0979965708991 11.7459756751862 17.3681921969396 2.94720482234185 10.3591670135172 10.3263516406529 124.379104817075 318.941483515119
23.7126074696077 11.6120802976144 18.3269308696251 3.74083736612154 27.5624000425849 28.3483701316928 158.128038630606 310.165204345315
20.976690754865 13.233283206476 17.9172031775876 1.65242225709508 14.6916532029073 14.1715267690735 256.123145500061 236.238092783451
26.1894723833116 12.1901970234776 18.716669636038 4.37908188619304 9.85343660013717 19.5180152351631 407.684612587417 192.307781841914
19.182127617586 12.8210107156271 17.7001038357178 2.98261821149411 18.5060649528678 21.0909276824887 307.434265476971 265.030278890569
23.0561290644236 12.4462049042799 18.5142366970037 2.91837914522547 12.6462111972325 8.77911199350023 230.250472148659 297.172349784134
21.4018668909208 12.6996489591607 16.4549542453438 5.39257622797354 16.1252912528627 17.3255002193384 291.304985127363 273.34890991431
25.311016171609 12.0361391730058 17.9562843226838 3.75416628690195 18.243671856167 13.5342528103759 183.629924993682 211.440329041968
20.8217881980983 13.1252769751794 18.2988252576427 3.03150259134924 3.70877377262665 20.8542097720319 374.928371866436 258.044967360292
26.1276451854112 13.74016379508 18.1998882446873 3.52408717121198 6.19099954763982 14.4361457284641 350.421235986327 228.121923424165
21.9630760267495 12.8620709273848 19.0056214072432 2.62208480838065 13.7601560427937 24.5293014644747 280.774055919482 234.149052038341
24.3627271172389 11.9673753060519 17.839449939843 3.25750860449991 15.0238669201697 15.1417420591385 381.515643959501 170.712565782628
21.6817556541944 12.5224634772963 19.3453095642697 1.78959755731039 3.1544471662571 8.45426228521804 291.831428635037 276.496806398976
21.5961941511168 11.344223571468 18.6070700718351 2.65219551569766 19.0782161328727 26.2031952737747 278.344427192319 287.254965054698
27.2504331853538 11.9405838413449 18.4331377364651 4.80963279703258 16.0124184152055 22.3364434268799 393.189355781443 262.386625144088
22.9310632681224 13.1436781782015 17.4822827960497 4.61050157664861 8.27661046884582 4.9536854053312 410.883528555364 202.744923230288
24.3900558370605 12.0878285696626 18.2890294081559 2.84259982577877 18.4829318336968 16.3899635642817 356.571024090378 194.451197292508
29.5126278683279 12.4359403094856 17.7046583512164 3.93054091563197 8.40515249238511 11.2859719212648 407.161535568226 203.306754448801
28.5122621960505 12.0009270408633 6.62091447212823 4.5216351439337 26.7917177153201 6.66314345344476 36.6315173856301 302.095157815145
21.8562420234457 12.4554950162979 19.3928345045904 3.51721932638951 7.13341455593279 23.6979908980195 340.861498150155 226.321357342799
27.350681847609 14.3691648874963 18.0805973158171 2.56937542912569 17.5610978769415 25.4072673006655 84.32280598931 307.003100048375
20.714213395635 12.9779542932838 18.3485295506059 3.15640227308982 18.6940541453683 13.7677528831586 295.804306082552 286.133704884367
20.9325930201538 12.7224807474718 17.3479754160211 3.32643209816153 10.0699390517599 23.7745196970373 197.830938040211 295.011299750902
23.0079165055661 15.6899141231332 17.2901230861806 3.50813518118224 1.80435945676356 25.7848294345797 191.94049507628 249.742443213623
19.6452730959716 13.1834002163712 17.7218261589077 2.91658048502627 10.3774000832999 13.6445838802856 335.198120950495 286.182878420204
26.5854567304815 15.5796699645974 19.1132027899646 3.40580215939313 5.27791062832256 25.4416222286575 152.641112652827 300.984914834491
23.8150784103894 11.8466508687501 19.1878980669942 3.1354527129314 15.7280590231525 26.6107694585972 151.402476002895 296.093946601443
22.0643052208003 12.6104210317887 16.4391435809629 5.18326689804984 12.9352967533454 22.0842514878624 314.852672176732 292.565908894686
23.4004965826507 15.9809627445531 14.9201537788304 4.08742437451081 2.46583029579341 24.6894841286091 326.799837444661 286.919246439171
20.940749444648 12.1435099542777 17.8419464506161 4.36067337269819 0.524525512488032 17.3801980405226 303.772972499656 293.078772036794
20.8371165826214 11.6823835832457 18.0191616490916 2.58569830005679 13.7993522441644 5.4465739329211 213.487561106581 282.139043340434
28.1174995806417 13.2881437824364 18.0102103930143 2.96240161487096 8.68564131277052 25.7724773390568 328.784727349247 235.57044730753
23.5029216743308 13.9746059050608 17.7997891726124 3.04283561630859 6.24746837634841 20.4100507777071 361.333234359725 235.602308549952
22.6602751743434 11.6531054789045 17.3591816015486 2.24012395854767 16.5839914416844 12.4864380612735 32.9561820819813 233.978285739523
27.3593512112555 11.6610133880522 17.6352795384434 2.7317774024363 11.5869073286971 9.76532926968169 272.282200867111 252.253439290574
21.8833643205449 12.9330377246275 15.5870912776582 4.74255190708414 15.2283792408437 19.4581276506311 492.419227036911 236.069577309159
23.1200046519114 12.5069315414754 18.256709198203 4.07272556155642 4.95617852954817 25.8459052291543 165.959776199675 302.967972425518
27.0737658584885 11.7326391154877 14.9992216269142 4.31741788272033 7.53168789209313 27.491450011686 310.110382563246 264.48527534926
29.0424506387346 12.1443102757256 19.9262479441234 3.58570847909919 16.2268979738832 5.45249060665019 314.775080877875 299.551420624041
22.3382089106589 11.7585433282387 17.5685865319506 3.46931348713467 9.81516472058276 15.5423738623878 234.43760290453 286.930296490157
21.3549062672179 17.4552017510053 17.7153982784787 2.49825755167393 15.2144524080933 17.3763911041924 284.672201901557 172.255137341742
27.6603640980111 11.9155082301311 18.6212955326586 2.31555764761937 5.521842593403 21.6607592442639 84.7263519633855 270.934830521262
26.3414260529224 13.0880024425217 17.8256296895379 3.46025001267276 12.4124914162619 26.731632706362 340.885666693714 216.559390331818
23.4015136839116 12.06618806596 18.0212113942046 4.39659670018545 9.92583529547471 23.9752214654981 187.23271755405 306.090408817082
24.8043886117845 13.4258486859264 16.5914879408363 3.34913134531384 16.5931950846332 6.71133657002921 180.282011217032 304.852711932804
24.621842765705 13.1260670449577 18.7081084162073 3.34436686876751 13.9256832001131 27.1684191839723 200.378758995163 253.723114544898
24.4511072807525 13.703669548266 16.639698441665 3.70801998275498 2.88604045084768 29.3159608741999 359.53064355264 198.402889132617
22.1790743200052 12.4012413655201 18.371528996806 2.82589525551602 8.16990927435922 15.1931932037979 271.220952858864 317.637643560153
21.3293767846299 12.1710997948054 18.7588574740076 2.50457023282129 5.93073548052709 20.0925150736966 125.836546535869 300.472174296996
20.5305581093195 12.3112019857397 17.852108036324 3.89498231164449 13.1364427724162 15.2031744024029 273.275293661794 297.293970149294
17.9520889719672 13.2625324086815 17.2412484628613 2.79853500278587 12.4358144802441 19.4774053058058 376.308379054145 220.265172520292
23.0037374484811 12.5115036408099 18.6453369772566 2.48309610489684 12.6662668014711 23.6103697819691 333.045134522218 228.71811885459
24.0870651125668 12.817370234335 17.5940292410827 3.83010093973461 10.5206224921473 16.1668065726801 340.645009012731 215.353135062265
23.6319201591289 11.638665924748 16.9747142447669 4.09297062062533 15.3073115943155 17.3754200375292 314.206765828743 286.033683451669
27.2068660345175 14.6636987676335 17.2658894085527 5.23163330536593 12.0823554191904 25.9777065460886 65.2801182061336 306.850489860291
21.6293289777535 14.1871147548361 17.1821377810002 3.35159433796548 16.6891965138611 4.48797467326624 381.098246779967 248.657657882377
25.44095620863 12.1292831829086 18.0937160546725 2.6989558974329 7.33406977285872 8.73058928136697 240.986303406303 254.637501574585
25.2539424535786 12.0702902091712 18.3787391685286 2.24055801796455 13.5126799154649 8.85637132902759 266.503454117654 237.91633868287
23.0003074014476 11.4819216490663 17.3157980719155 3.69521776310316 11.176496778328 10.9644904064715 306.103248231405 313.995413714353
23.8863566845101 12.1754682734379 11.1104012198122 4.26270774551242 1.62784912434242 10.1011479513879 239.356692298827 306.045199713053
28.1058049580157 12.1633957179383 19.0555049217899 3.51463247463685 9.27033308775446 5.58940550511971 349.734450905872 286.136139485231
27.9469049295101 14.893846188101 15.7746831423347 3.05892376825097 4.74334670740645 20.2154309433452 76.4456139520196 316.362569447956
26.5472316849791 13.8777052001238 17.0112906036178 3.37427856318852 18.1831735743613 8.35215450824351 365.116037212838 190.930076362152
28.7140934810579 13.397660965503 18.9305729372881 3.02871797360254 8.52760259355112 4.39593842703528 297.406197854664 262.045992418983
25.2376708550525 11.5527325134917 17.1982213447804 3.28882236582551 16.0400103592675 21.1392822781045 149.898794483571 283.232333416417
25.9659864468449 12.0421966126088 17.1422239386135 3.50009152624355 19.7785421522343 21.9812477178708 250.563231330629 258.312514260913
26.1473691610654 12.5332135795966 16.4129368470931 4.20003025850037 12.5796512376013 15.2928663939149 187.678748584434 274.709638435247
23.8308839299623 13.3722680717697 17.5772378015861 4.18593688465364 9.51403414804672 10.8240677481664 159.46122064381 292.623644748207
24.5501305697615 12.032944182436 17.2260247940062 4.48068511673065 8.66552898219341 11.677126793218 302.387634380093 237.979643866094
22.7454231440451 12.5248501734727 19.2896605727427 2.83087942702044 17.115071303851 17.4943496508308 250.715969517241 255.5104540158
18.3612776065487 14.9413678112595 18.1517836799786 2.47665245141591 2.96700422539108 10.2229321424468 261.148322303644 249.324560085178
26.3551503034827 12.1958544453238 16.4049892598755 3.91476741993297 15.5445809930534 11.7778804596249 328.91692740493 291.724244506801
23.3984735407399 12.6976446303336 18.3329637588786 4.49878535335037 14.4902068458325 5.1242585086507 325.761252826242 305.885916415964
25.3464925829213 12.6498071355619 17.6097596221663 2.75174117992482 9.85914612897665 5.57829812638172 367.95242064732 236.076683374284
21.5680683560358 14.2161513361408 17.5827687305934 3.92523314732038 3.48827314615552 18.4350140272586 197.465425112188 307.101882651267
24.3253868846367 13.5825392896053 19.0047604209248 2.43419828958848 4.30320950610978 22.2830930556518 12.2300278042219 311.037085697655
22.1977812849313 13.2074884210006 17.4287487428232 4.30236583190898 15.3522007435136 19.9607923474134 442.126186813104 183.835774580001
25.0866809381026 11.3706846832592 18.5586409727724 3.57038230572241 9.50611801674886 24.1475521240519 55.2148024191796 329.390660098951
22.7121424073329 11.432957895944 17.3260323550782 3.3865272900332 13.9640803194703 24.0226567513167 45.2648553942938 245.813383311252
27.1971077273938 12.467800955448 19.2624656990907 2.61733197013443 29.9449841026721 24.9506960393255 132.933793433769 302.12273819398
23.3783402715255 15.8692152061933 19.0541821058696 3.29430044267773 10.468458292022 4.99804037793313 447.176893121297 150.322281116453
29.4243567144103 12.8256812379394 17.8319942362807 4.61406420302834 7.13499453954728 21.1818679818955 376.802852005015 144.814533753813
21.5700652207901 11.3912248888271 18.19944492961 1.97167748368415 2.81792657148263 19.9959753683122 129.681640621641 202.213775502939
24.0669678199056 12.1685082979192 18.1488489608339 3.11300856556739 23.4425803268413 28.3085711888438 261.79745535193 286.50370953223
20.8565312474789 13.0702223382287 15.1116693528803 7.27592806617618 5.03002321944228 24.4235971867368 403.704325198397 302.692630509373
27.6194301632297 13.0038172099764 18.8747952676319 2.66177340582451 9.24658689228522 18.1294397119247 300.702114690091 231.002495264689
19.6469693643187 13.6631448231469 16.6746035540265 4.19568665837793 4.5774931849201 17.5687968458586 368.636523203113 195.741717560952
24.5218981173036 12.5980411623583 16.3052085597968 3.18830211227894 5.16838123063992 18.4937264116668 184.81484511484 272.653298392556
22.0896201691479 12.1842373165457 18.1870819934106 1.88082322924947 13.728438635369 9.69446248846767 169.72114320424 234.991776241451
22.8990631412672 15.230836118846 18.8438736526761 4.09068434914691 14.6479411406607 18.2551578672583 138.243611350527 305.295859733141
23.0912364536413 12.8162651357394 16.4901153493601 3.96323602433243 28.637774803013 14.1735371202317 95.8927958765585 295.940865499159
22.6410448877896 13.3048482957395 17.5671883737945 3.0566683022543 18.1538323263317 15.8629061680561 191.737110204674 284.899654939136
23.9796110085952 10.6890416866868 19.4892882327125 3.12990778595822 12.1339390730407 17.5955274640271 137.957267309048 305.920717179196
25.0928395753547 10.9081877809457 18.2433422600329 1.07415670957245 16.5801004204974 12.6591547775808 38.5963984167535 264.485105674196
26.4970344768902 12.8052699205958 16.7869100393921 2.70207750076772 9.76742403248421 15.873667084558 192.730411322636 236.639500033026
23.1468276716953 14.7961408726283 19.1861363404096 0.943728994090175 6.96444248843675 15.5816175398318 185.00235044798 196.67944474638
28.1710468203688 12.0927868417895 17.1423859559984 3.10222188595841 15.0222504994437 14.7185915918099 341.234387100365 260.208652501834
22.5990280264019 12.9245263910544 18.062139712757 4.26552174584409 15.6475420912656 21.1029749999632 132.662956607659 287.115312575539
27.1476995104807 12.4573640302926 19.5805837449456 3.03411233917072 14.1924491129597 15.8150912718833 305.980888361107 228.086480191484
26.1556140170364 11.438667286855 17.5887074450198 2.68844429974925 2.2629809736972 19.2584515300007 295.876713739359 235.443331292608
24.8469808739065 12.0583556008061 18.9176563221755 2.53224328624793 11.6612759229608 15.881629517929 84.7419588489728 294.65333138902
24.5885796225776 11.9939068478905 19.3628364017615 3.12397326332633 12.5391544212975 18.3005990030516 362.161464840149 202.081639588465
24.29142782931 13.1658836283058 17.92643073083 3.62643796520353 11.2448177499751 29.0885260956028 161.113044264773 302.50017075963
24.4786092259662 12.0984843812381 18.2216890981366 2.54848059314121 14.2376854880414 20.0458521191065 265.207681125332 262.93981579602
20.6826481652992 12.0601455804943 17.5633616550155 3.48958663854505 5.04436885593115 26.2126451094987 327.193980812331 259.459033680323
28.2581137089803 10.913013604982 18.6084160236839 2.08662111371416 8.17103139670925 25.1735931258402 137.397224134696 276.005440568368
22.1645851079734 13.1167234072894 15.1609299366521 4.23934490097061 19.3842125494301 16.1284938571822 332.132933961409 274.601851746468
25.3544221217179 12.7166796504969 18.3233161959413 2.96181039708756 8.19930112821377 25.4710225651319 37.6270218042731 297.054613458691
21.6225380793913 12.5618895576666 17.6451120250993 4.99308434619885 4.25217847346844 6.88836716581176 367.581979540927 226.643288986991
28.1604480797543 11.8539103237157 18.4482166908072 1.96348302764892 4.39236933770039 28.6561907795677 97.0383404425452 285.710597897649
26.8653233168171 11.8863399256347 18.2645216279003 4.99910788435277 14.1765980774766 5.99720263363914 215.322701072409 323.687142028283
26.1302530685291 10.9988299240478 17.6617251597146 3.84885379600009 1.3470453857328 27.3700162395511 409.995573884103 312.059843399366
21.9873115951556 13.0697387807368 17.0485637737971 3.58222049558502 1.63495713795273 18.7243103401373 263.388390563466 237.836528362506
16.7586126722969 12.9766862597802 17.5851448996081 3.37714758884386 7.3124997526903 11.6562812761682 258.317953793529 279.227315773185
24.2613884975218 13.5986793576052 15.8371785679118 5.25528710082594 6.18658120417028 19.6455292702565 175.749512076045 321.2411415343
28.176625207937 13.3953628021418 17.7520758972183 4.51513569500133 7.92141056017412 24.3171845952641 213.937486949703 193.377011486391
22.1257760214435 15.4811576301259 12.2448654131442 5.7581899971737 8.11198846715825 23.7380282464233 167.01600427919 276.588827896127
26.8276714624195 11.4553711943716 18.1001246631016 5.03884873513142 2.55759474921389 5.30528926946571 372.630567909039 309.626783050943
29.2746053585771 12.2743265301382 17.555871652811 2.63206819266302 13.7525575596194 10.4623675308068 209.129905224227 234.833970805833
25.2737267200828 12.8937950374979 17.5422839743118 3.70758135879933 8.90047920433671 8.78071787876332 344.270375469547 251.538625681297
24.888343925077 12.1231889359721 18.4710024259264 2.83765917977452 21.4125823019444 18.8611864443299 96.9841768252692 278.200981522404
22.5916247342205 11.883808457781 18.6267338275569 3.59723572249736 3.62883927459767 10.012106591212 192.189819469803 287.962005666187
19.7826168438238 12.781587195591 18.4305065270216 2.92024894937373 7.56596500342724 12.4738404258128 336.591516983963 249.639439033563
24.3880546676211 12.3501910340364 17.1906618402982 4.80221589065598 4.46593611677071 16.0372710493599 375.270146935622 288.728095724299
23.321901850655 11.6915865341254 17.3157122554146 4.64808167438538 13.6980184707893 22.788959678039 192.026285527867 322.372850989234
22.8952289788941 13.3151192048012 17.4490549330929 3.16615826001252 9.73410953886796 26.8854865269099 373.556215216309 167.069199796508
29.0280007752233 11.2156452769017 18.0602826955401 3.67076771326187 16.1050100714806 20.1288314020551 291.366481717038 298.605525715613
27.7695968001625 11.6455927500841 18.4839839600559 2.66520430992398 6.26489045706102 16.7778949248 185.965784642657 290.034284920267
23.3606135289124 11.5299852326856 18.5192065505987 3.08235917837594 4.50263407421765 7.83931996659078 338.682169392634 332.706793985674
26.4504146874238 12.8245616529166 17.4389640737882 4.00223530936412 11.8849941457143 12.5141889725559 165.346961718458 294.990830586354
25.6630457073254 12.4182440319625 19.9943394801117 2.98772148484857 7.14530667673599 22.0607251565582 381.165813927354 193.006279891124
24.803287471821 13.4673290610255 16.2775405085649 4.02027367452746 6.63171433309184 20.7116382938779 343.336454678698 248.922340863542
22.578179356649 11.5191509810423 16.5526055457424 4.66722878885599 18.7364518999719 9.66609122166783 107.78206264584 351.818097397707
18.813178684202 13.8495663638919 18.3290577640574 2.60382569791242 12.3660168818583 13.5617537165729 322.645893638326 254.579427809282
19.2178538331216 12.5485043587722 18.010420071098 3.43179813627649 20.0120720665468 29.5405147120812 445.721663790752 248.743544052735
27.3461292605654 11.3889751188128 18.446948188001 2.87106747439532 1.9445983398255 27.8368552680755 278.851987148477 283.982874397188
27.1711551072805 11.3393599476023 18.7188715888793 2.12582185869101 18.2950558180158 13.9577768939199 88.9058149627951 304.097787668666
23.3895473598291 12.0822725147152 18.0216697845011 3.28687071952232 9.20659238128634 25.2906864627968 316.679275503537 265.697264289759
26.5205199363648 13.4119621115856 18.5278954414651 2.47394443282316 11.7992104991754 19.3699115232431 126.158653565017 196.096984496358
22.0442599348757 13.6144808104538 19.145446829926 2.10816519963919 2.33957172898294 27.2840029319903 426.594980292825 218.215302524109
20.9428076491131 12.9742043009523 18.3993668878212 3.46340415722668 7.48776884936298 27.9240008074679 332.139192817161 294.636305101325
19.7027422916264 12.4626273020956 19.7077214850104 2.52992505858973 7.81501489875205 12.107488475868 105.879269816302 320.840682293447
28.2542271901219 13.9885655732648 18.4929718354071 3.21503170440222 8.13014104622711 23.2127877383313 293.899644724861 172.156858584296
28.3900640120892 13.9632272113429 18.113282640958 2.54041230267328 25.7550380325823 25.160416793732 279.772471497744 155.714221101262
27.538561435993 11.8025429506177 18.6721010212393 2.78565498098715 16.568043361355 6.54602332283121 259.268880004789 263.636702913107
23.6745894095914 13.5160588905726 17.6479954167411 1.95605166963486 14.1795607212093 27.6853196925951 302.206290035528 206.046182014335
21.0238187821115 16.9829227889535 18.9068268258906 3.21510660809175 0.631067478154077 17.225727703403 276.517255523457 267.956554719641
26.9898736923897 12.0956439205249 17.9018607422913 3.9518151308365 12.9546266381121 24.5307151462465 33.8589249048434 296.789295113513
20.0475007063598 14.5793110261964 18.8767791725377 2.71520328032037 8.94952670184414 14.5327389665337 280.634911023819 201.216487880246
24.1613924583584 13.5574654277233 18.3141361549767 2.14980471628765 12.1074409276875 1.27551182083466 245.733753439735 251.530436989668
27.0917916148135 12.6204410120618 14.4969528167364 4.42990855948311 24.2485358692868 21.7500509035711 211.597684579481 282.469943407195
27.6785601039147 12.8001607264401 16.5582318193043 3.54213491585597 23.7351013470196 20.1460727991662 392.26468282674 250.959043843675
14.6018079688369 13.1834035029567 17.3939491390431 5.06567736595153 7.2810190659522 26.0454479011777 481.899455568762 173.302483429941
22.3830664313201 13.8630457070678 18.4318955970418 4.37222600043268 4.34025620127386 22.9966058518818 204.409779863612 307.065804561786
26.8367495784504 10.896249059187 14.4833450512232 5.26989682228937 16.6673178181285 14.8108507324557 63.3336469278786 323.010367543367
28.3928949419125 12.2876862387185 16.2809300734532 3.82155371171866 8.96191120566532 18.219800388193 85.8760158446473 274.642854460593
25.916877533594 12.91195794352 16.4127493460212 3.23750484405702 26.059641171832 25.0523693942622 368.627555447324 210.192434882545
22.1622979639558 11.7582356721874 18.6059198984132 2.96391034276191 9.03899055281782 18.9755345706522 354.646308496127 265.965169929941
21.9689823634938 13.7935794368594 16.4186359564629 4.39877361246575 17.2756242504087 28.6499722115803 226.629012548587 273.367889992014
28.3245780281595 11.2241687438842 17.6654084137044 1.85635238263047 17.7239081903396 21.3844068756234 15.6881048812421 321.59474564563
22.276160315307 11.8078433441522 17.4978337746026 3.01376863432198 9.71863875238696 21.4785993560343 258.19555671825 235.251881672403
20.7229706559913 11.5601479468341 18.887029491351 5.94325939672441 7.85568966902277 13.8667404766415 387.801905740465 277.187800060933
17.9609401631809 15.5089189128462 16.8772471163833 3.43203277464161 3.93123146244669 24.06069388722 446.586526179324 181.37540160991
22.6166971941953 11.4069764606167 18.1889789651525 6.56121401621423 0.629710392609583 5.58941630807899 173.853453600758 338.299077471738
23.1927041558319 14.7050059865764 18.6490794884855 1.72556224760336 14.7994916047197 27.3935449276046 145.915435761776 230.209320495153
17.2095341199448 14.7868553172346 17.2346438868045 4.44432240767397 3.0892191216607 28.4803610498903 458.638978988412 199.879720475163
29.1867572179936 11.754786608149 17.4215051480055 3.22554994352985 18.9216489814776 10.8201613488354 334.273635931544 294.590537309987
23.1592759141262 11.8954165143958 17.956985210836 2.91536185587208 7.07588666315471 27.2797995995773 215.412830604752 288.754059798115
21.5946413625492 11.933871527682 18.5920318886871 2.03098439399886 25.1259175451633 24.5636602045925 348.611111871039 242.678570101033
25.7372366459346 14.6783966157157 19.2978001596807 2.82470303906563 11.1702597205151 14.1244393425194 356.826172110091 198.391304729833
26.9280409679611 11.6606508436903 16.8480483851105 4.93411143381732 19.4869124206302 22.2256346435114 334.399174417948 285.125691451683
24.878326383383 14.0878061257886 16.0724498420073 5.13427419504379 9.84234304348393 19.3703372155719 463.037983780908 126.100765362165
25.9611836571337 11.4151409895083 16.4600257176508 6.83140499724315 21.0039281730881 16.4494805650901 109.397396627171 297.981755740613
27.9761018430027 11.4924769052869 17.9752439599058 3.57263958174073 16.3452762260192 13.6430123723567 237.471461470033 300.167656489354
25.3523708394337 13.9329111792293 17.6581176544968 3.7802608238552 11.9751546615327 18.5337529917658 453.03018688006 199.070054932208
25.558694016729 14.6276562622681 18.7159077427463 2.80199101893388 2.45986785553075 18.3882010220681 350.896641058594 238.591746610888
23.8969560965003 12.3849332662946 18.1212227218493 3.50877482844983 7.16098117289187 23.5991641522951 282.615819632192 271.660662227877
23.5947809963961 14.0591020860391 19.1345437593608 4.35719130033208 4.95924245724275 27.2941047011145 412.600354349762 303.0441558314
25.3737707387717 13.973578483168 15.3236840987013 6.31561426785019 17.7722904877218 20.3669911188858 404.794502459112 260.075435525861
24.4811432731826 12.4461614708152 17.3202910515486 3.29903566515219 16.1618866755084 19.6723551267708 360.437899470257 239.331867538718
29.0694537965073 13.1186238709527 17.0361681066467 4.7398394366894 19.8053936345927 5.27645291506143 276.012396089634 279.307052782363
26.0576046076395 12.0968844434516 18.4362042315134 3.12572405243433 5.43535007790234 5.63148963085042 191.55052221895 321.896823614214
28.2096373840453 12.5645030645212 18.3124457093638 3.80509731996774 16.0149490303484 9.29949706565647 219.645005903028 288.891681228535
20.755959980272 13.4281718431984 17.4017666748717 4.04179209115776 14.0233256478206 23.7568307076308 78.0548398001297 279.856259904122
24.5056198553178 13.9226816003078 19.0085200933437 3.47727089071036 10.9830657467788 22.0836868862265 350.087020305232 221.387258980003
22.6685733654974 11.9089522414955 16.6569842566545 4.44772317846373 11.9273562211439 24.4367087678408 456.66939670207 285.632521029829
27.580807082629 16.3755913807917 18.5437069583439 4.11078726361279 2.78039444248239 7.80785739944223 421.182683252929 182.995291650421
24.9941464740605 12.162870894461 19.0963218399242 3.59121457811257 14.8314802170808 12.2084553105431 316.591093871308 246.407699114185
21.1383647529975 14.076761326021 18.0911406900645 2.3045786549976 16.8486575035037 22.4779225230159 190.36678663987 257.046120490623
27.9188614587851 14.186228583822 16.4323525238772 3.3639341385881 4.1806923556925 11.7700731637807 331.657671452796 262.588226118127
28.5844940867306 11.8275034973672 16.0231170218116 3.20213665099418 13.0913501512764 16.5013384124289 106.844818309861 245.746527333686
27.0831281133464 11.8430789935418 18.2522855990042 3.37891578400141 4.88904328693382 5.61450585972174 296.214125411457 251.420798998599
17.7490155315485 14.5816028034497 17.7535085722648 2.91580154847552 8.41647116731729 17.9532636433109 376.848996717897 232.483236618527
24.3618731035389 12.2072917104935 20.2710372963171 1.90217881945391 20.8439469033294 14.8856290616572 90.5460741086847 322.108241063458
27.0055620757757 13.1145819907498 18.70023170436 1.8477221045123 12.6052425444901 23.8249076506522 173.686866018191 239.540440413897
25.6962200684762 11.8915252759212 18.9330856198156 2.58021520552772 12.3873801128222 11.1740867446962 190.68802863268 296.501048242184
21.6297090802673 11.9119284721609 18.7476328818383 1.81072008724549 16.3619320894872 25.8213882252185 88.2410085611559 304.819776199421
23.110343856482 13.0648537468954 18.7599782065443 3.07896766756008 18.3215546454594 10.6199918021221 224.331976401593 289.939183810915
25.7352052825802 14.2986789745191 16.2026992516205 4.83047564017559 3.01141252009733 12.782186846656 25.293637134417 316.814970555773
24.6570041360997 11.7464952086443 18.2080173313685 3.23658818845753 11.1176134259151 16.0955725843516 319.072589701714 241.583820201783
14.9127613154432 15.9497687012409 17.8548096387394 3.09748422688796 11.881229397171 27.490049620074 218.772446529393 295.050722988155
24.0919106148095 13.4811337590517 18.967746637741 4.36333045328636 3.96858938387677 13.4666827076301 67.3835204565432 277.786148972712
24.834763256101 10.1942731987375 16.3137833530817 3.59554288162829 9.12833868445784 26.9666612021128 70.3101282120315 287.460931293786
24.3701035303085 13.1137821130933 13.8436933330335 4.23192787757123 5.379461732724 26.4060780045336 281.695074765994 254.213167926085
20.2418358523116 19.2596466660946 16.894906911484 1.89026433745645 21.6013371743022 24.1833089084424 278.502129184244 178.892840137408
22.9680431849598 13.4023190577167 18.9368678093937 2.94414161890451 13.360209378402 11.4285870934759 222.076518275402 242.951530349393
21.4276884252315 13.7814995771305 16.7470380614066 2.47813657458584 18.0399615890774 19.1460898617425 318.511742152642 302.361825079518
23.3758672991079 10.6538039248473 17.4019407390165 3.46313697400897 7.86185687698881 16.5787044704143 169.366296412443 370.26509794043
24.1558100389714 13.4057892573369 16.1313017428322 3.05388463922367 16.0172231673293 14.0955172067309 322.234161337552 213.460502864083
27.1020478215947 11.5691982453576 18.9009363623744 3.87510406515749 8.81996879458317 10.2056941125742 144.247526435758 314.137240062041
19.7814507271988 11.9350042524636 18.89985423335 3.02766126800399 18.1013298491192 20.5545159433074 260.630216067654 289.755041230501
22.7868477227044 12.3933816912795 17.373520613144 3.01086317038951 6.13672090539178 23.7774346546802 304.272117056493 303.801150699491
23.219986415763 12.1710589829811 18.3080323927191 4.79426633564203 4.75265487525611 11.912573471276 367.716116289672 238.759472876223
21.1056925993916 12.9550233390698 18.002404665931 2.74632187640021 8.76079136524809 20.2294271409964 206.684030899179 277.921057157747
22.9575460672103 10.952022884635 15.6863090120285 4.44874962156268 4.92857650115895 18.4127455948016 299.06738839132 256.711433469784
22.2437471417445 13.1459486035319 18.4559580647724 2.82685173189719 15.5715616553715 11.2211688991371 276.535298859496 276.800385207771
22.8177689506761 12.5382123061049 17.0554083880309 4.34367971745755 8.61908646569406 7.03472520386531 230.356515132917 313.45557443665
22.9051655181502 13.6622272287396 17.8324845599134 2.18697434334419 11.1265497962482 6.15512896998304 132.136143384968 241.332951644537
24.1176982892208 13.7808715128958 19.4039730815604 2.79301612912204 2.20265595875396 13.6660357395661 300.616560547318 280.8992166901
21.8157169760363 12.060918893067 17.9457910045407 3.60058056256435 11.416950174135 19.9629035036349 158.143864991206 293.873145225213
26.997120980926 12.8022106612089 16.7416956608494 5.1721755147688 6.03414309405578 17.2536027279323 411.134206425938 189.555440140969
23.9023974153999 11.7137776990783 18.4540918858651 2.63423841914379 5.91252658071525 24.0006454754393 150.172376399189 313.120279297585
23.7522046009085 11.8004611031992 17.997873919735 2.63094337410097 2.85671594837985 21.5681997414731 223.311570683334 243.089512504946
21.2461945027134 12.9425678445117 18.2555798409696 3.48613273752833 9.40769396067774 23.9783373810811 340.219707455212 239.756731784522
28.1390017002745 12.0999674947385 16.4069805754889 3.31745465760609 16.3023080590979 13.570756818403 175.302336150642 283.96724473953
21.463966123794 15.7517978083372 15.9616986943948 3.17405125454978 15.6429345487279 20.4110455591656 57.1021762324914 252.710113588064
26.3284007509047 11.30115763483 18.4348552636191 2.42184265447403 7.98484582352087 20.4640861950602 209.099182683888 278.697285514948
24.5734398354368 12.1437939913856 17.3821035817402 3.62142459354748 9.39310471069333 11.278167164797 191.375785702259 294.126515517469
20.8835464193184 12.0958477657747 17.079072712268 4.0530646169523 13.0717906821567 14.4978274073053 341.694782555375 251.414682730447
22.4634097824896 12.2599474185897 18.2387535237369 2.13545530083106 22.7644028396001 9.41345965740836 218.671437321377 261.987906122857
22.7748801647144 12.3704784585994 17.0616664098464 3.80149952508237 18.6038901191334 24.7149233478169 199.364924311593 296.867939011509
27.4260653655561 12.3310158845246 18.1446596635543 2.24034768871404 3.43671910387648 26.0327318748324 175.515018845454 236.342941041365
25.983984901404 13.3545764551493 19.0453662731923 3.13113554378943 16.0407539577355 25.5773009207819 211.20253742 279.657706839284
25.4752838214299 11.4962994073877 18.9250885859509 2.54533537637596 9.04678634562638 28.9101961255975 191.219773034595 267.864604463309
25.4432312335104 12.7109935658844 17.8025461265869 4.80822174358024 17.835081949484 18.5646458194387 414.24564273214 218.400621772435
26.2550579131139 12.5063063761361 15.8048139850367 5.42369460401109 9.36579898228772 5.82025105208274 466.802051207149 309.610931919174
17.8177519400111 13.0608629855716 18.7533894236444 3.31673911473017 18.2043654209312 29.7763394883393 295.289645949698 285.392083243865
23.8347689679988 12.4357529047673 16.9907210277707 2.5595221787795 9.69898201807081 29.2218539482458 232.802913158326 266.186858099337
23.8611169432511 12.2736807624792 19.1327661622655 3.18460937563025 4.60871183461175 18.0716434444032 318.898921765838 241.431562589374
26.8793613113407 12.3878201803985 18.0290860414053 3.1540933583171 12.2276736279134 19.230746423917 116.297459993025 312.804145508047
22.9297229313595 12.1205029915114 18.893684194266 2.72942331107689 11.8940844448389 25.1262868806982 135.221711479618 305.466699732092
20.2819392870377 15.1116022329005 18.2235852296303 3.95222912279057 7.49455498657689 20.6581290027405 293.206157405741 281.384487749247
24.2812040366267 12.087411218399 17.069107511333 3.99948356127286 6.85664540155895 8.5176527985245 188.809470070929 372.938019301673
25.0762766779896 11.4442023310879 18.7240380669427 3.042487394018 11.6842019931108 18.9859923136566 252.210357548714 285.918332900242
23.6961256714251 12.195922634862 18.0882301891041 2.99253616472693 12.088512774188 14.3449167159694 300.874560736299 274.974115797801
24.5623783939173 11.5197303621486 19.2853462479343 3.60099847236317 10.2896491456264 23.3390863703112 241.696057920519 292.210349333356
27.3735583104772 10.9768623945226 16.5757315686677 4.08502211460825 13.0384781521846 18.9552530443142 303.168061814782 325.088580732917
22.7020656526043 13.9964869223708 17.5128675932632 5.79393139005347 2.35914496110964 26.529586425787 344.295345383838 286.42125771486
20.9438349290298 12.558701760339 17.0369808047622 3.82402030691899 9.66365906150732 14.7786755068871 352.620585109814 275.534847001498
28.9246504457936 11.612345858834 18.0989634626442 3.53739998606203 8.7064580182496 4.51438786470162 214.941277530265 340.860001550737
27.0613465177724 10.9327848862644 18.2294222640738 3.18205666768939 16.1157320010668 20.7249650677571 73.1350547319369 315.705559377251
25.6448530881095 11.7911420855125 19.3618177327901 2.74077462189129 4.67201763507395 25.8032744866791 304.149505992492 277.836342915855
26.5492298982727 11.5909843919122 16.9891364856398 4.93248841237751 15.4928975425392 23.2595650801818 350.683459990833 254.820140948733
21.86343666172 10.444969975243 17.8359373917874 1.98300341672832 6.02842022246272 15.7172789193195 307.180795352504 284.637774290475
24.5824086475307 14.0253986625316 16.4651516494289 2.28926640902745 15.2636762843184 16.3902001281651 256.836715098089 204.87290193677
26.6307281417078 13.9958438147054 19.4089984540965 3.05612652672444 5.65007427091614 23.2126778952737 448.788085938478 128.198553897689
25.4030169557459 12.6088578638744 18.1393212012566 3.4945313813007 21.0262193567238 22.3146393435201 5.24426579742988 240.563246103259
18.6818409487149 12.6889297868548 17.4321554137807 4.30371746763126 6.29365353962065 6.11503136233782 503.501270032308 258.456823535978
21.7520620548431 14.6851300098858 18.0652152111274 3.52142908789083 9.98609705881784 13.7992349105989 220.543931225852 291.625692258542
28.6669095144457 12.7374664938364 18.5703936596614 2.87150591462103 24.1371314762531 12.3983188168053 193.222123825499 298.7758232906
24.4598096460246 12.5409627477774 18.6133855589662 2.26879322634944 9.28441238581857 12.8177694739558 286.523783395585 236.381702501377
25.4233679213432 12.4675410516483 18.9824805998169 2.67355155409421 18.9095075383538 23.643725503435 330.327122323924 212.912598961573
26.6290154019107 13.3356053202861 17.7061983965556 3.0632696247641 8.7927800848199 21.6537234389517 343.603477172922 226.888200272866
17.8055121755126 13.0966681284921 18.4284140069 2.90800387235711 11.5780770966756 7.95197661471674 306.196020039366 253.299422453207
22.0518331330545 12.1649130138926 19.4536130893204 3.36468709507493 7.83879757979595 6.5902842413754 124.79432927776 311.541652840032
28.5014463558249 12.1335532756804 17.6202460737013 2.83154485285228 10.8201294896847 10.0575490452029 405.415202237982 111.191322958916
24.1063795884734 11.5967260850309 18.6949056387776 2.62805798882354 15.9414862283303 20.0102110434834 190.567247441945 297.825054899522
19.398898165374 14.0058086869957 16.7379042675185 4.13009371451685 1.38753389704526 3.83473768261587 337.466081214213 289.019439172186
21.7077226418144 12.226552823699 17.3177337007035 5.4980817291876 14.333559113501 24.676602794913 409.213268516957 244.52113902206
24.2409239586747 11.3058638091216 19.2387321785143 3.51875856108686 9.3171354762987 11.9090211877538 134.12725695847 320.80993418463
23.9343504456241 11.0893915040565 17.8187589574613 3.73790154643142 6.60289156983788 10.908729979066 215.620318473522 301.139170650143
24.4310406763023 12.4257535584636 18.7995812211509 2.41478709602988 9.43794415709674 15.0075288185869 320.725700896958 235.415897444001
22.0451687704443 12.1688040690741 17.932728176424 2.92425135651501 16.8872541576975 11.743334235312 294.542185100264 295.545801973323
23.1595986916572 12.5792809979922 17.2187073810738 3.04993577585381 5.11626343310584 21.8950339934944 228.788690521254 289.685806543617
21.9815094189686 13.8256717963471 19.296908361303 2.64969729674727 10.5044917306963 5.78570001762929 278.791954461151 233.871755488409
29.2612375397055 12.3363118959733 19.9494905016872 1.7560855553622 5.81241325612192 8.76657767099157 39.1899933793727 302.480467293076
27.0020860087956 11.6045987118033 16.6569579170582 4.09297104626817 0.0554376170383435 10.9597170443459 320.627595611356 304.670920586391
21.6700877881366 11.745598955308 18.717542543043 2.98526968304502 8.08210721609466 21.1319597316755 261.286805901261 284.189284275795
26.7980575556864 12.9687084779086 15.9694643369358 5.09750600730708 5.65654026894992 15.1584228301832 401.910317595325 241.337896389799
29.0428373353755 12.9354620711944 19.549364818696 3.24217870236148 23.0415464406366 19.1432733099042 354.941044081673 219.89638154473
24.8315088641768 11.3240207613848 18.7107095063334 3.21377121594702 15.484391083905 19.2528911667074 79.9585932502406 300.625854754175
19.9398499108951 12.8848689709074 19.3085404439754 2.77490871442524 5.83910179229898 16.1265011321426 385.985083709563 223.204984829317
22.4907671484894 12.2258878319974 17.0312081642492 3.6358235892868 5.06316712387149 28.1702992022297 215.540534363588 313.701922677614
23.4286603447002 12.5053830083193 18.4663343386078 2.2566722290615 10.0144829340547 20.902877677516 176.745541906334 223.464110987653
19.7881705433884 12.985593656932 18.5041635953169 3.64138807436526 15.7872170695075 22.1404946730643 330.412643419624 243.188705691529
27.7680459173584 11.6355655551467 18.5642560421419 2.86511924760912 18.6439503096697 12.0218373291216 166.368173467208 289.962139011671
24.3767584846759 12.0267744152221 16.0110238728369 4.85047892519581 13.7964675574007 26.6475102940087 421.471245783214 208.399649069249
26.5851826041461 11.8584167388616 18.5640607174318 2.86329941544085 14.0173002578837 11.3609180995095 175.344739217753 285.128616582848
29.7139211390028 13.7796866072114 15.632463532163 4.36281639772777 24.8695146741614 10.2297472546244 263.443090162199 261.189157300486
29.0757744992703 11.9479203194746 17.3800262646547 3.10046895937706 22.0022943079064 20.7105140874633 288.43418705276 249.606981290331
21.0899498674067 13.8710702936308 19.3196323327248 2.30203095947653 5.63497627777927 17.2284779785487 282.562484993532 214.186126366667
25.3008702674888 14.5949257211627 16.5237446046024 4.46687196322357 7.91989792599228 21.3136737923118 439.34853303675 162.453062365673
27.3698434490925 10.9235553384066 17.0392043640591 3.69577704350783 19.3823072619208 16.7611960407174 98.6834295062081 326.247766350346
19.8003917783599 11.4410097848869 18.7461177201645 2.62161734708497 5.43795764597309 10.9201013282585 220.338656534673 254.391279687963
24.4694971072931 13.6069492370067 16.1782108891608 3.6511483135859 13.0748727076246 25.645500884449 293.430647884829 245.537787132419
17.9223653926938 12.8629509777347 18.0805568099109 5.16299864137521 13.8144921680185 10.8851756822805 331.3515011949 273.257652931735
21.9120101382692 11.8708268063254 19.5507902740047 3.72794666133376 1.61390516667271 16.2949070716805 357.770766156728 289.446976143769
25.1532564089348 11.2410443476296 18.6777045852323 2.72903779145772 6.98528068689047 11.8713934885925 142.340777678285 285.967762656727
24.3407180504939 13.1822237169512 17.636040068595 4.64873391169023 17.4759605971897 24.3668851639774 124.843466307878 315.957990640834
24.7572642167586 13.0060180032722 18.820754846955 3.88936034909998 13.3051822149612 5.00080383977091 307.773317413046 281.892141987121
27.6741564099898 12.0592674251436 16.8736471922445 3.11006694533618 22.6798511911074 29.7110584748272 16.2494099033457 311.503152888463
20.631841683042 13.1895776569884 17.8508445383818 2.45335842358106 12.6226456578572 21.3151439954018 306.482481224043 236.90468219065
22.036271688649 14.629198045988 17.219993518633 8.04817577412495 16.4671434129866 22.1015982731538 490.456330253874 191.016741186503
21.8407163474732 11.3626942607179 16.9137518893978 2.82493833021969 4.93606691080249 11.0539476850042 164.678083188181 183.419467507386
26.0110559922732 12.2941010251533 15.709676395381 2.6199581744489 19.3376744680515 5.83705476638947 33.1204616630774 327.717316374543
23.2325266831087 12.4369013966343 17.6792947239726 3.03879691308236 12.8551155150695 20.2503002287696 40.387438701857 308.935439443265
24.436722350902 13.0629874956513 18.1837850847106 1.9712906109265 3.24155639272243 18.1101333202468 374.866404522993 155.45360236792
18.962457033771 12.3741411942551 18.8301449286884 4.1486063992572 17.1242885872778 22.8324410839077 347.339252573748 324.452907823283
28.4287171081843 11.1697405193348 16.2353090162378 4.17312654127924 26.4769193497039 24.537386659646 444.229550322388 246.101885107985
26.373724326409 14.6331170408369 16.4437739610871 3.75152289139675 3.66324705124846 26.9748228410219 54.8766168356054 315.541905029742
26.2891046576479 11.6386783058489 17.2507326454949 4.52585106319146 27.2092303313395 14.4933219236294 213.084499023146 313.188257174498
27.8186890231025 13.4431126236987 16.640248028765 2.2717960612357 7.15995420353612 16.3274598706229 75.6122092801181 307.236527335892
21.4377904085327 11.631131207111 16.72786004518 3.58969745323607 17.1667205422958 25.4710063019407 153.346523031892 294.597560932587
24.8154184003188 11.8423319960741 19.1269162702057 2.66238498154472 13.1501260851165 11.959462694384 259.108084376985 251.987122748519
26.3645747041268 12.9314638344643 18.2055806146642 2.60394953614633 24.0476521871991 14.0812505256274 223.265168974706 261.82279199176
24.481945079342 11.6829332305103 17.6294310603757 3.00696970308517 6.34483320213005 24.6792023753701 171.929747454322 311.170324751417
27.4498290185959 12.2977574065953 18.7627146590838 2.77342991606341 13.9925809737288 16.3205426116614 268.540132881014 280.934754890311
23.5410897319728 12.3657207580844 18.9341614619157 3.29673208146824 11.7474707287727 20.9655725063882 281.166562891559 172.782519193062
29.0682304542515 11.8684572432411 17.3950674933797 2.87664263678079 11.7887129303248 29.2648498244469 308.711420492595 239.548018905305
23.8947367153407 11.9171604995848 18.1157951404073 3.36776362514644 4.2033028341207 18.1128286792915 162.940244319996 336.87143601643
21.8563350801787 13.6808688303766 18.0015037285431 2.0303426701235 19.5482789850854 11.943049619552 213.044405070244 217.39348877074
24.2263082799382 11.9708651274129 18.1124312708132 2.75090627186463 6.16119871233297 25.5671205032193 167.59495925772 299.236153837992
20.8976424812499 12.4691501341953 19.9110698888448 4.1060601254658 2.89901505567567 26.5600254456941 292.309333710718 267.020177701816
20.7043804050976 13.219509020343 20.6802095873788 1.51987518834583 21.852420920287 20.2189828864465 287.69920282668 231.934716577495
22.8134048142266 14.3009908328727 18.4288497641712 4.62291059481944 0.0656938987215521 25.587073870806 198.307460870546 301.399027978897
23.4201138709677 13.7842303605708 16.8423675594303 2.73322203519977 5.73002168685003 20.6330094219729 276.757129526401 222.087371030677
23.7494438869899 12.3451559461789 19.0752604680968 3.41185686584402 6.85417196757711 25.1252608952775 76.6394836412239 296.508898623398
20.888383469653 13.5226077638837 17.8554900043927 2.91550512620506 8.17057887692414 17.4232593647793 248.223856843516 204.948164350077
23.7745948016047 11.4901784711601 18.3810243179961 2.73357825311239 15.6841614562501 8.94866152211397 211.430683421005 281.986268131851
22.2041660834689 13.6913328724527 18.6920667350783 4.31195968918633 4.27164803841687 22.0805065477483 314.184867383813 298.499634603197
25.2108706753805 13.7762964989916 17.6997985097698 2.87351194619682 21.4832056275945 6.99218343361737 344.974490215224 237.187516250936
23.1532007669042 11.7842656567499 18.1089161152916 3.80730314849603 5.32471660634871 21.6122347878463 175.988473255147 310.709678427549
20.1128698432194 10.9966392411839 18.6552292787557 4.33586913772372 5.27422475808367 7.64117791794703 340.923572393196 296.990843450428
22.5742475860439 11.5591389510587 17.278606233023 4.26830182916555 18.3003363409347 20.9718537193563 63.1775951287611 261.257265539554
25.6395848008177 9.56909999976369 16.9875481183892 17.5818874178297 21.3232475631135 6.94396174283292 21.1035172940047 447.786805145469
28.8537761211265 13.4266350374297 19.0486916401424 2.86179329090791 9.65691040876991 4.8694745059589 418.532271516067 227.21714527092
28.2457480502245 12.3882938843347 18.2632593830855 4.59551868467168 15.8555285526502 22.3824176948274 350.755441798599 213.321529754503
23.1151938895653 16.7227732532673 16.5426900780443 3.86896621505659 25.2070977795721 15.3726361913273 160.791993060062 278.97845823417
24.807847302272 13.226420401724 19.6624102029657 1.94763602431562 11.4135510987669 2.56287246379407 429.956280965946 246.73215598539
24.300000115623 14.2688992086497 18.2729130992284 3.20162638976446 20.1795540349285 29.6765441865076 428.571203795109 204.63952574691
19.8536629242099 14.8912585255767 12.7504949517503 6.21681157627205 15.6868724591474 12.239778894488 514.942391103424 177.522462773771
18.7014126052138 13.252558719216 17.2183612462562 2.79233924089498 12.4807710895836 21.3774871708029 239.442320511114 257.60551440041
9.42791347915021 13.1603889318792 14.5046560561314 5.71023512572332 11.8847795979757 11.2869942582976 452.121310433136 204.169373513804
20.1596752789076 13.4942725792862 15.9836077396277 3.19296150983946 15.7772202443894 14.4627637701818 345.950039263633 268.884683347435
23.0645745400465 13.1546183646291 18.8524604287345 3.54432961750451 15.7102943840177 19.2807480659784 152.221328226251 299.059602521881
22.2337461718222 11.8380652927945 16.4553395819941 6.50472243972505 4.85593676392606 5.21711225817283 300.724058824368 315.794882631195
27.4064727949652 12.1718604897978 17.2527180307994 3.87745945427859 14.5466957563319 6.33448361142328 342.143767932391 231.395691938857
23.1319761253708 12.0132630570713 17.465741628747 2.749557293703 11.9519414556899 27.8622447208993 297.029824305808 239.007206149476
24.6429907396828 12.2071611195246 18.3357642161251 4.47033300823901 10.9610737870358 9.06581741753968 281.996146182827 289.938867410197
24.2592820316567 11.558923747928 19.2952129988767 1.86471014030742 22.1390941152247 28.1011793279132 231.236347478932 285.582129888272
28.0256602327766 15.058801603327 17.5968633432103 2.00469333258325 11.0159488964524 20.4326006264394 218.749677588491 212.692789697189
21.1203251936189 13.7707245327613 19.0182014488495 2.19808205762941 8.79765301286908 2.57904283714944 510.81807883751 196.436088717416
25.7683943968713 12.0836594537565 17.7370372510082 3.77187471803082 6.46135244630635 8.93468523467788 428.358862982272 262.055811698107
24.1837775664218 11.8862625851019 17.272628506506 3.05573991863992 18.5776913034172 10.1772160541221 289.062314634111 278.784874365336
21.9183706793094 12.0208384787336 16.8767580767659 2.63931220990075 15.662211705588 16.4268727198483 226.334385013035 250.776458937343
29.0540026108513 11.7549025405267 18.3943233258371 3.40359880981643 10.2079225116968 6.18804802609866 181.123680463578 312.519653430935
24.6318513455124 14.2468266988439 18.655794432281 2.79064998000582 14.1257019660437 2.8529404996762 360.624961177168 206.619087273929
25.0252416416138 12.2478357833531 16.7769739274392 4.10085143616342 18.5201086665167 19.5856332938976 215.909556469002 292.825092437257
28.3766853795961 12.487896608212 17.3740711277532 3.1279489645538 6.45235923659748 25.5861456210714 224.409515363145 208.91696299017
27.3358860646045 11.9225603840222 17.8899713604667 2.56131093259376 10.2841279551555 14.5274356123721 313.812202448002 225.841932610245
27.2701675742685 13.7804421631401 18.0800917953325 4.29541364441166 8.09841536092053 23.5650498084284 15.6488033390219 306.619032072464
24.5960176278114 11.899128523419 18.2225609913688 2.60225417988536 5.54961652414843 27.738613048788 264.263004229517 285.10513276671
21.6485855895544 11.9456834785589 16.6026274526831 3.0364349248951 12.7099372042309 22.9943114553113 230.040435681432 247.238014944689
25.2837443833956 11.1646582219042 5.18409394328477 12.3964350695521 16.6406708234345 4.85900823095488 71.5255375290439 352.668579009882
23.5701026703944 14.6876339706903 17.438446016389 2.87302012770503 9.5189634755624 12.979991542146 4.46093027141508 259.714736059077
22.0769187272066 13.8172208157286 17.7025483648147 3.97456504354706 16.7955759650071 10.3878761358641 263.488357507812 294.006119050677
26.8336953572256 11.2768039411679 17.2790922010354 2.56305216500821 8.84027147492939 26.8630125716559 178.729353958536 273.107972548819
22.005211983483 11.4546268681826 19.1637747589651 2.70201978142349 17.5890134564209 12.2256249611484 224.094745432823 302.739630287719
20.0533570842258 14.6232840065567 18.3660824741462 2.54887027360248 14.149334976752 29.1173783588537 371.2786381869 188.693894651721
24.5057032609295 12.7914272209321 15.5891307438029 3.20075695888883 15.2733187385246 10.3483397203182 151.457494029353 276.817900237439
21.5155800378973 12.7638190840739 17.582031169689 3.60074511251591 13.4387931282479 15.2644595793331 233.925478410745 312.839088439109
21.0668255214571 14.2581158049421 19.8240030377513 3.36980818262677 14.8915588951381 22.3577990631361 341.104260720792 235.84730261415
23.9127025157521 12.934076518041 19.4902600483932 2.96373543367215 4.08066136196018 24.3556228526328 251.238588943469 274.212863009336
25.3842260292691 12.2457378509408 19.2937490019963 2.40404003187849 12.1200628215206 14.646573693307 277.569040521117 255.160968298459
19.3033093115762 11.6857677204865 18.1098409372897 3.54564808465558 13.0046727747355 21.0962485603015 343.852508711808 268.100691796967
18.954255540264 12.3688551692875 18.5751319566837 3.92914992330979 14.7516175725702 17.903752725692 220.573195090598 312.907000872758
24.5794320243814 12.2800767205138 17.8586963005406 3.30827902567758 16.7717866557162 12.0574697796085 315.25027400405 233.095998288112
25.2118902480847 12.7340376868297 15.9412377712134 2.75034424322195 4.5220718770993 18.0414035105369 353.574492890459 186.372030089781
25.744152287417 12.250819621563 16.9684168342747 4.43744036946568 8.41403684585875 10.6969257343608 207.83101999926 317.436599395564
24.6928858859196 11.484672228355 18.9201093842035 2.83341687607105 17.9478446710895 11.072307375399 93.7855547463233 300.804474293773
25.9413507767574 12.1286118311172 16.8805571481255 2.42495465412832 4.6059450596719 10.8158691146375 216.368063486484 183.713146679765
22.6167436823457 12.3237101028674 17.4688665366564 3.69659400933862 10.9252547269785 21.9586205984642 256.168139855948 294.752912542884
23.6266141803576 17.321299182487 16.3786523106302 3.69787551136409 29.9434690263842 8.96836864155964 92.3373162038341 210.956973754336
25.403087607605 11.3325702704605 6.33404357091475 7.74408798048373 15.7293956587773 3.75774482823672 394.167625724054 321.48006419811
22.6184434335941 11.2511753635776 18.88091850925 3.20455891685861 9.00238784620182 15.3936837129671 214.552914734966 292.478283834545
23.1134174284742 12.2885124616903 19.1350235806404 3.04291957072654 14.7273711936481 4.51566636728144 277.675140609412 189.949343089718
23.2054879537729 12.8125059367002 17.8734695809591 1.88953794158444 5.08673694437893 26.5633776879011 161.847278979012 268.943702763276
25.621459856938 12.101141615444 16.2004348372952 4.26675960278009 10.3435185078484 9.58068504307704 308.646798969379 269.079441307451
22.9463923639335 13.6815320614589 18.2129442974225 3.31718512284893 9.27437932410156 5.59258283264918 221.867131500577 274.612047209964
27.0052406145346 12.8153772934945 18.6225194222627 2.52224132939329 16.0288283411803 12.2238247212193 352.33010596767 257.733248229041
23.4893299758786 11.2205097508355 17.6760811836953 2.62354978273261 4.29089332825629 24.830702758164 49.4170139459051 282.152652269918
20.9088157971819 14.470943900524 17.7144634243038 5.61129181711263 2.96271350503652 12.6058791243028 435.185636845322 237.776902263857
28.2362480594949 12.3749033531397 18.6286520650438 3.45919933951753 17.9328463516787 16.8300387370593 382.737795086898 278.229272188102
28.0170556618195 12.359868227568 18.3395867140962 3.38152306981111 16.1796739668457 29.1925809528397 327.666654230252 290.595038540547
25.2917353175356 11.0160013599305 19.4016781125236 3.11412673145934 16.8025819992579 6.97781272010828 229.536240800111 273.473989456974
24.724462869685 10.9933187281564 17.6518475704272 2.46356773557647 5.70978994243775 2.46591624267594 297.192572880277 359.385346996553
23.8831429542658 12.8958090915885 18.2821000948984 3.50516019367954 4.64891890549608 27.3482664575642 166.440089156333 293.722494679088
17.6573542518982 14.1053788493843 18.0561928838243 3.98357094562906 16.0450147900601 6.10974389073927 407.102351269483 249.980477729039
28.069856761768 11.2840095331068 17.0223403682434 3.51496836183036 12.0186308997801 2.26777526297155 194.618965723787 328.651424702231
23.7630875412194 12.5484851463458 18.3284453606389 2.91162016988705 10.7017194355814 13.2117430934645 306.165531598689 149.640558283207
24.2849277323632 13.0773837420526 18.4684515326341 2.63073447464639 7.91853982644743 23.6350438969229 245.116137908973 231.11217777116
21.0593029845135 13.1789636038838 18.5589880255637 3.32382978761508 4.35447911573322 24.7691935856813 361.562688072216 203.799832171912
22.3837012626188 12.8691112732836 18.3138164161331 2.63389516103632 6.37694579457232 14.1584622021382 187.807139440709 295.437514977756
24.2425730259912 13.108347848616 18.7478038703479 2.49184191871724 13.4730728960123 11.3960663147721 89.2931281939364 275.513270948651
