10.8217589140323 10.1926807184438 6.25700453981823 26.0683583935831 24.1159743871278 6.89899637650817 447.549766577401 175.934279075497
8.89366835548278 9.44022688702564 6.7597808804014 21.9391828689436 18.7898276023922 17.9857735977779 440.904502404467 107.956637739373
9.84203950883739 9.47806283394896 6.01340544350286 23.3119867416408 24.385329703523 14.1533446731639 269.842936016108 288.677239803463
10.7605460602717 10.6865261687278 4.24889200532947 24.3724086304949 15.3992105169312 15.8757187030248 328.598959288874 317.110478559912
9.95095093800802 9.18090964600625 5.80653010746718 23.8894796715105 21.8451955841019 15.3736401016524 360.35787249943 275.611559451994
8.42505035079728 8.95902047778014 2.96621509736387 28.7488556278132 18.1735701310939 5.94751698188762 370.375628278138 231.631979673437
11.6686379697866 9.27930774226851 8.61730339024128 24.7841794426243 16.2085745389258 7.01736753173852 426.740652477755 215.491322323988
9.40348222689857 10.7127949498774 4.96969942747268 25.1887113331965 12.9000245300301 24.7851526483911 209.463096152845 294.587689833588
8.81780091228095 10.3640800380125 5.16553977635875 26.3963074462922 24.0715274530166 21.2076951848514 337.930468546984 247.53071632759
11.3699584864828 10.5054908372123 2.54539806922589 25.8769694652103 20.147908577815 25.409767998095 298.000036920837 271.27590804568
10.9759441229252 9.5242168378886 9.39233898638905 23.8186501926149 9.70338738250173 28.0738787369208 233.037087441344 243.798444851623
10.0121518367119 8.84574707275396 6.22408093720418 25.1439991515324 26.476465469386 16.356556754535 417.06754421409 106.444635429786
9.01422468921573 9.94283535122033 7.50076991529345 23.7315966496415 9.54191981768581 16.4162421715348 378.125060783582 162.824365478396
11.1064441016142 8.99059416753326 4.39415267494994 26.396668452537 18.0672525361971 5.91440819355631 370.853597395583 213.022171449762
9.53856572141922 11.173263481243 5.85680630402862 25.7890283446851 11.2827749208721 12.4704084591534 410.215406981232 200.18284235521
10.2824212542206 9.11556528854071 3.39022479521785 26.7432172685209 15.8339569604395 16.9535019689331 382.513693114015 145.65885063877
8.82183786072226 10.6859628001912 6.60697952199919 24.1582398091326 12.9678584848429 12.0015476208537 361.455921257955 238.067896056909
10.097480397755 8.04969660772287 6.55105699908888 24.5225364240516 18.5295758297898 23.5759579768795 145.655522351785 350.659043946927
7.34156580472436 9.54203361437826 5.70728928308713 22.3312851619107 12.5008656695739 8.76783801055183 413.240915827493 151.37125804334
10.4408881722613 10.3076429238315 4.2713005943556 23.4561944040827 14.440970868344 11.9088015063638 395.17049003373 224.428340810619
8.72978430753725 10.3597967285732 5.54214630196129 25.7692690925379 14.0644546250337 16.1247302738445 468.715190617044 129.695182444699
8.49764164117389 8.73657189255109 4.16439622344089 28.0333083195861 23.3190659446312 24.6914230715401 369.728380802704 213.154650082535
10.085953776205 10.5272104109785 8.86813748615775 24.0880737649781 15.3550721827448 23.1411404327987 431.557653304994 131.331341842357
10.811446199194 10.4980573771217 9.08492621645554 25.0276790646316 23.5980357567346 27.3335787761573 342.058283928881 126.880761553469
10.5369476960494 10.2707328039964 2.69575497680584 26.0804252934318 20.1943856213347 8.889077347184 338.164759490396 227.318462355659
11.0067907928516 9.81173241079449 8.12757284532674 22.9358456331108 22.8448653451309 6.54717514247628 419.888422712318 145.549676607451
9.9900201705723 10.5112554715069 1.80822244436181 27.7958587390834 10.0141603852742 10.4113171386763 338.273785580401 289.792324992671
9.57616223205618 10.3824575666655 7.41840331509854 23.5019061447992 16.3967818057911 24.0063962445046 355.657087609935 110.618879365789
10.6533676869447 9.82634743678691 5.20637155427224 23.0190621395259 6.95912888001073 20.1037242091587 292.500928101256 141.880520199695
11.4654718847936 11.2014128984355 0.675308930869687 27.9558492117259 17.9859572693769 29.7065789629247 202.895418691496 361.57163724286
10.6696179148117 9.44493939368274 1.63061447547512 24.9673259761903 16.990127006644 24.7975772019543 309.694190456726 194.842815772869
8.86261453961805 8.48404511502914 5.96633883666979 25.3705812629706 12.8303822857824 17.3017971738581 372.687281484521 167.4727794767
11.0793890160827 10.9875939787484 4.61853588320025 26.4106955483086 12.4177772866006 6.86932103909237 400.680988341097 248.38966953215
10.8108661825237 8.78281992551244 3.17648776217582 28.8722469601595 15.3617550886755 13.1900908754116 102.382383838616 324.919583857265
10.9862799940654 10.1487126119214 6.99870715760909 22.7632029286543 26.2225036802566 8.7495467808305 392.986140196017 244.765150954016
10.224817261102 9.82439259954347 6.7468292920041 24.946947868422 16.7434739130256 23.0834561456498 412.455988770542 180.989415588303
9.17851727974994 9.12581246374846 14.3229538634427 23.821872693994 13.8671445286081 19.3690360725023 429.274545201371 124.81474619294
9.76307195120081 10.1387570968981 7.70963765856512 24.0113953248114 21.4582311594447 12.3208284948586 439.353614599954 192.421297234213
8.41483039062192 10.6743372854106 5.99566486983752 24.3967111663571 13.7420113406894 22.5988143773591 449.735972629619 65.4666221821226
10.0446980613158 9.10286865646824 6.30816017645917 23.3794061458371 22.2736268745049 15.5821142100433 384.374427166272 247.676787618761
9.31139032992961 8.81065326671725 3.24808572716777 28.3918147160937 24.0057704173682 17.4703105435659 399.759516951314 230.194655125521
10.4444213687289 9.65061194705892 2.22237195994856 26.7294460715392 21.4178331674769 18.6947355940655 368.792812031575 249.077389495872
10.4037061932281 8.23524196830188 4.52305096239021 25.4397141441515 21.5867269191711 12.0382324445071 334.297518597158 325.013530778453
8.78379331937333 9.18249452445654 8.33927990201429 22.585949747458 20.2487682750157 19.7144662247273 309.15159614829 25.6383349468069
9.63156640076363 8.69135404764517 1.35716657711661 27.5358705791969 20.5913593893497 21.927062504406 256.269951394186 329.219916199534
10.0714326986487 10.6660724715589 5.00034106130844 24.7768710237083 24.2133789512356 7.33456738807308 417.407839329556 143.439151583058
9.91400010715412 10.7235591226187 3.26686557038552 24.8529716482843 20.9148836698391 13.3618024385307 284.738404070443 280.546422684891
8.76966961455109 10.5491016809055 5.64931423908032 25.1158758039622 19.0159765722593 21.8850555404128 268.038482394434 340.389038586918
9.24550447565418 10.0726851129781 2.50764706901707 27.6013694806721 25.1171065301102 15.9568663164586 333.002633279479 266.266880887096
10.7984670773673 9.01490935876544 1.60779412016615 28.8207857287249 14.6300686121944 11.118436732959 360.680086573114 276.498097133158
9.87552328768886 9.00271174696857 2.35290210756489 27.182674979681 22.6248338821995 19.5549185950235 460.176682735621 66.389539520166
8.98142738411149 10.2756330780928 5.88851598136609 24.9270671498322 10.5625901230768 13.2978188261733 421.070732840397 241.354054197256
8.98612488717947 8.84575150277473 4.9175247043466 23.6657867025468 21.1973298500185 10.3305990337103 406.267514812965 225.81878965834
10.0457797016832 10.0608215054539 5.60443310334322 26.5805276929627 7.09236451678187 22.228526889034 436.642618868514 220.38492316805
10.0802727375966 10.7896424547447 1.55511769353024 27.3568680128318 17.5668029742525 6.99100785853335 462.246301778877 228.715541418025
10.3939738715088 9.89868019901026 9.3299356989833 23.2513348388114 9.02167350364796 11.2387869909706 241.385721279548 272.959784970879
10.7393734705608 10.7923932383438 7.51064009653009 24.2979325859048 23.7461755243136 18.8756647902286 251.623417484648 232.76875776905
9.66994018511595 9.39862729750124 10.5935896855004 20.2824762852348 16.7349248102415 28.416849011266 297.800813457327 265.461901609812
10.8768091970749 9.33866595754976 9.32852307553161 19.8610416530297 17.2176355631113 22.611151299696 50.4883384106749 395.93534526258
9.06910337105503 9.58894622154693 17.9451939211914 24.7697295300187 27.1884469368633 2.2188390951772 368.763046423019 217.835250423867
10.4457875390261 9.04320789165548 6.99772968931016 23.257701253198 16.7127269118452 23.620717957458 426.870496334664 130.5690676195
10.8898049196894 9.12437184016945 2.42814478015762 27.7178474153749 19.3377606281986 5.76792037432519 508.76498322011 28.1404862161318
9.54713472011666 8.91866243516225 8.17921635440391 23.403702176519 14.5697085785485 18.7307632241064 402.511032800171 308.581036462871
8.63081504808416 10.979511756506 2.06466221943958 28.1122466962528 17.781329308699 19.7901682074907 460.633115880116 179.555424947792
10.9783917150351 9.5343226677697 9.99406968060655 23.4585091020549 10.764012049977 23.3108764695457 211.091322816483 386.879484582788
10.5784504159319 10.1715502091413 7.23500722396031 24.823187680425 25.6137588501616 26.2965108010968 217.461946721039 265.019210643321
10.8361853205151 9.53099560801892 9.91525511314732 26.3803229076117 26.1320219358235 4.01632223698042 395.922345964857 284.549925587862
8.7573673799011 9.64470914976423 8.95905717724016 23.0860770718674 15.195903469384 23.5578021974338 443.27544944107 223.038534312694
9.98340537479942 8.74867440016972 2.8214862768449 25.5899778264829 13.4815226807482 21.8333870897706 411.470408017092 142.280068695251
9.91886588906733 10.3083449726619 2.78347367110827 25.8477709722665 15.6221100532623 17.8610199096818 398.163467744658 179.150039628098
10.4713206435894 10.192847847304 6.42956962639731 22.1940883229122 15.8587119691697 17.8204411108296 319.123390642045 276.028307685702
9.0247198617691 9.79118685084643 4.77752540673951 26.6797093875247 23.3850271415097 23.3024556410222 401.85739194794 154.991527457888
9.79266523694787 10.6308376294982 2.93470668742174 25.0566320314411 10.9792527621766 3.22961797551857 458.233200596146 121.365938035281
9.60530188398919 9.54641286093094 3.90892703628583 23.9367715513171 18.0839410254073 22.6797193770781 405.168738474763 163.932784920686
10.0410762712022 9.28469895118272 4.88822332443595 24.1189133946961 13.4655708942304 10.7342886417241 292.768110761948 314.930479503842
9.39032609216073 10.7276884906538 0.706720761443723 27.892173467095 16.5988244767256 17.6245492123633 295.651608854616 239.759868311347
9.21652092686655 9.56147338665965 7.23294963822649 23.9884604556539 22.4576155935072 22.7059834489964 454.003886599796 67.7097623766529
11.5592240498518 10.5685120517817 2.77913241112037 28.0133428458846 18.4795228991845 9.05673863983634 391.385381312881 129.567564062818
8.65712876463541 11.9786879115951 2.74162915061505 29.7419614237948 21.8502778096114 29.4875760063412 364.361614931487 322.796129109376
10.6609800757697 10.2568755324086 5.32990029983403 25.5634820411737 18.8094449277867 28.0391192459692 419.030357192158 121.148110264702
10.1946283459355 9.09987092392938 2.16020740248996 26.9634377495174 20.100453463598 6.65142065330495 438.792395854777 87.5031978108129
10.1743782559253 9.23990536069075 2.63055213207469 27.4666096102969 14.3013111382163 14.8358762795794 396.583034481112 219.706853058781
8.3214212507815 9.77335873877737 2.02192953729294 24.9716525542296 9.35575246268446 15.8851096470502 379.841752241329 247.563318613879
10.3282611987705 10.2322742676219 2.37282220936738 24.4540713213049 18.077337000435 9.62795268066948 281.952445014572 317.763722817735
10.9814053244714 10.5653227208699 2.31664773822558 27.8839788397842 21.6542779984726 10.5289799082131 419.241053744365 203.446396556398
9.58519838416417 13.2460405689781 2.42099068189574 28.2258627096602 24.87060212153 8.25013829950135 345.645829276845 195.887000074295
10.8767070395181 9.06989254615382 2.36726071151378 27.8165503012232 22.6637036406821 20.9061751935843 155.705748991788 250.982587733729
8.3552378933222 10.0126460852293 7.8949937634331 19.9631963996472 22.5907736693315 29.7600794614066 399.724912199399 193.30036481216
9.90431142057851 10.0070371582658 5.82661374066122 23.8498853271528 9.97692238161857 27.3084045591701 185.192597602351 394.947712962937
10.5418245850542 9.68126310754375 1.49421214854235 27.1933784743196 26.937013879593 24.2516550620555 379.876460269888 246.101169593247
8.92351691721601 9.68012934684017 5.76968259881234 23.9832514260408 21.2694556584921 12.1665816502607 372.600144502728 175.811169123093
10.8582065500925 9.60754819331739 4.86570752899063 23.540720001428 25.2635200027533 11.9849905077436 325.288235161816 260.690062086918
9.56580011458026 9.1755524805169 7.63924984322444 25.0517251052154 12.738345086473 27.6836973081472 403.233961421373 267.355289128401
8.87739620694756 10.8215646210589 4.29683704825519 28.5982163406978 13.4190400126048 15.6956507197895 411.278973233094 206.73133958471
9.50802356568473 9.03224482630351 2.53915861387819 26.9450257367625 14.527787769504 4.89507539434494 442.423468243147 117.057609578687
10.3639954523149 9.39193605170905 3.72553513531359 26.5946598835597 16.0898893836559 4.27272711801525 390.796017269774 270.667750685092
7.72874542059108 9.49220044809799 5.59139111087927 24.1986223023416 8.9476048195295 22.5243603811187 416.826224351897 114.409649888752
8.37345917270875 9.62104527799164 7.3634000848505 23.0005856791269 4.73551237855347 18.0671410885301 268.663698483704 255.320339081607
10.0836402467864 11.0986088000741 3.85414289028379 25.3356047665911 11.60800167754 11.2907234987913 373.719122303261 256.412281263271
9.48603781135831 9.9395664770518 8.03359181290945 22.859372170584 14.8046057671124 24.8318288557603 396.370462852487 240.336403314779
10.2086553624728 9.19294793842414 3.95039129118135 23.8286699755386 17.6736102552259 9.90065241873109 399.738715341729 245.890246991445
9.63450099368685 9.66617344241274 7.30408593293194 24.1938960244038 8.14786889987795 18.5545269938274 406.836311682386 178.34899286669
10.3903811208636 9.57805562790393 5.03982122587286 26.1348017833941 23.0517636841286 14.9580189383767 334.515773490557 280.448561943331
9.97172372064418 9.70857309831365 4.88256952163904 21.9218990878492 22.1377196600105 22.5830364440472 405.320188811752 129.737621245802
10.4915269179911 8.70366358166028 1.02052099315144 26.4308042778579 21.5064489271222 5.91103850971096 309.739515995428 260.842342774166
12.4399937919696 9.95838575084645 7.47220681811143 23.5668954428096 19.7667567279598 4.87958814559538 365.767396627742 180.044080825914
8.60292393623465 10.4022524037302 2.37846105757674 27.1694297362463 16.2343637882775 19.470854962972 411.534919983857 187.66213192806
10.8322561461598 9.91020302521182 11.7439100567519 19.7434078343422 12.4808962740002 29.0756286588907 371.001440370761 257.742264564698
11.1342685567918 10.1584913335116 5.15790774432499 27.4787516684837 21.747090199779 27.780030038926 337.600982543851 158.265952303096
10.5026167946784 8.9689227490411 3.5473515926198 25.0177608113584 18.1420227412958 13.6959485203749 250.930287457191 236.356606863327
9.99327547794939 9.25622246027251 8.25522231971215 19.7715901060037 13.1732911317273 11.9827004913559 421.399149081646 110.21254832923
10.1729089359137 10.2809898187187 4.56424741055979 24.4056875013935 18.2275492334006 23.122457769068 303.728174771362 291.236854221712
9.89981239671526 9.414564182872 4.31638665929546 25.2347860415471 16.0203097863336 13.81137879666 350.014285721914 302.215501403767
9.09359764544618 10.1000499210409 7.55949084901758 26.0995315048252 16.1951841779592 19.3582034653026 375.097631038624 288.844821054317
9.88732267825557 10.6456172265083 3.86165442515668 24.5441923314924 15.0354233488076 19.9130415957848 314.463829736103 251.650363077452
9.36110383551097 9.59107457129012 7.26930903884574 23.9979508124764 18.5114408346585 10.1067438376314 373.413893249961 210.467148603842
9.30234206678542 10.2009775188293 7.06977461883551 24.5527774808766 20.7956053620175 20.6385793296652 416.865058917909 183.774542763374
10.184759748982 9.22744861135678 3.63551854985048 19.8809627083229 22.2836335321227 22.5759277810947 266.773205835218 290.494492765339
9.94357292671876 10.4538298205455 3.04995317827406 25.7248558342517 20.594433709563 20.2426577986301 329.219679608787 226.046869697302
10.6314716904171 10.0498495199267 6.0183104851307 23.0701902867243 25.6467301570061 19.6259128644713 320.457304308302 164.922164546068
8.28916975202487 9.60023393974425 3.85927818360355 26.711291904472 4.12061195831681 23.6858272310694 377.311052665977 245.208411271473
8.73250053647899 11.0998350532479 6.53010408262857 22.6574476806548 18.9949030998318 5.06121633146135 418.029962450676 215.77448911716
9.73931244944341 9.79087185157217 3.48863593123741 29.1355533872907 23.2601394084838 12.4565106450331 374.821650746239 256.356678304482
9.82600822642811 10.3360025568497 6.69408193578404 24.6173979604795 16.7869059693913 4.77291481289737 421.952004567135 109.818442806731
8.63722784088246 8.83324695762773 4.93073071256552 25.4159859671907 22.4492159492662 28.6844511276504 376.251530474896 283.874245627995
10.3671336088857 10.3698738337327 6.55220182334672 24.2370982182448 22.7998867891182 10.5108962111322 413.930210783913 182.813089729932
8.37579226446785 9.78829593224998 4.1428929993412 25.0265165569038 10.3670314268972 24.8040076103812 412.963280361962 242.637568119707
10.0595027283652 10.226137852088 1.48750450184634 26.9637892676719 20.6275621621048 7.52609649509328 383.800050029176 232.9969048027
10.4144949162808 9.26601540070928 6.82329638151712 22.0159947885363 26.8452691234219 14.6800779790368 336.250651913165 346.873347731869
8.9206971140832 9.75094765461341 11.2585627242546 22.1971709802459 21.7411327301343 29.2483595825099 401.312076020155 21.5668714023319
9.64482943544609 10.4639831125695 12.1332985973488 23.44396033005 16.5497468139998 6.37135484710135 447.052383955521 62.8376687982313
11.1711286940943 10.4360287554425 3.03147238492802 26.1753580208402 14.4375850067206 22.254008630942 257.374962237227 335.863657459099
9.85709336065966 10.7481733854411 1.9543735113617 26.791288528134 22.3580451041381 16.6609507744449 374.244049485245 187.736343691716
8.77991030769184 10.9538234662187 1.74587159541207 26.6607447295319 9.4875204013335 25.2892293055659 292.655233809655 296.034846566364
11.1013799136687 9.1569954505627 1.54554386062597 27.6287077525666 24.4363970291976 27.4550932687144 339.970917540485 239.184952894555
9.74512985049481 10.5386706692327 8.48715753269722 23.7763457440287 15.2674755813399 27.5603340548943 389.411987974336 245.301502358326
10.8623264893537 10.6059748689896 2.37224008094071 24.6531905198725 25.9981973927252 21.9815539674361 398.108030125973 58.6028209821478
10.9580824505118 9.9759758296179 6.25684758515717 23.9082068202803 27.1067442776631 22.4614984313411 365.440567415161 252.733068200565
8.7499447639385 10.8462382714643 3.95961650163381 24.9551199241245 18.8312117739741 13.4057837188889 328.967572460005 204.316154578658
9.55406159953687 10.0970355384038 2.17499651468657 26.8301929761651 20.2622072555419 21.1414250788175 391.456720840131 238.006533433982
10.7673727790309 10.8952117197791 8.88977164375691 24.0285474902696 25.9629209452744 13.0415506400888 463.767977343508 151.609561467702
10.3396962235966 10.9416965367225 1.97269762462562 27.3661718803272 9.67525383276381 11.6871374563839 302.720827970525 254.688260475569
10.346420720198 10.1634752390889 7.32894126793667 25.2422468183751 21.8435168836981 24.0113444649497 351.756247894961 268.499616057
9.96274995426111 9.33625835848878 2.08926408216179 26.207489740444 16.7801324276631 17.1706304929459 424.960989646141 141.361928360349
9.2631062950413 9.66002965916192 6.15866900049333 23.2036617182709 23.0048655069751 13.4477162159954 344.616310666203 251.094993166723
11.6951148228483 9.54708800442417 2.88660212527295 25.9996493176986 17.2993293809191 23.2516079824528 8.11953725546364 491.047390357322
10.6354659318887 10.5609809404049 2.15950416295192 25.671979163049 17.4982478843826 14.6179761580189 364.85592368103 145.289173711097
10.1091388820354 9.47357739409286 4.16369819258118 24.5155578733531 7.34383923996643 27.1402785300324 297.302436245193 268.061470769253
10.125858348245 9.5949900762039 6.03703734633651 24.0165857650161 21.1295034095788 4.70052285426507 361.353459793109 294.149894035716
13.1023302120443 10.4932013724345 2.50969976069199 26.1840061401047 19.4003768514415 12.7803833242661 392.824472120876 131.427548786356
9.34348727606036 9.77948364716134 3.62902201975361 24.2973901878849 13.8022925066878 22.627601449072 284.89252756121 233.746217493695
8.62903124758326 10.6650493586606 5.84887801313578 23.7553591574349 23.1608945224013 24.9242913188585 319.301626531983 231.460436120458
9.0356824845303 10.5338679698106 8.40977157474854 23.2313904701475 10.9800967987136 18.9194924724252 411.486655218291 232.401334097165
9.3295895947375 10.2025840400564 3.33526455468809 25.6836985188193 18.1755217541449 15.9875325623966 355.412818746024 226.013868507492
10.6994903808518 10.5171017567165 0.858416772150876 26.2205674174656 20.1067707347767 9.84596699470365 429.155273471981 162.375022978738
8.60150062856532 10.2856766456004 2.96922762098833 24.7254228212727 24.0144192088356 14.6754368817923 363.275564954075 168.661191663643
8.71827522275385 10.3165271668577 5.59742806134964 22.4495131456944 18.6330366306414 24.5238770128599 442.046856708524 107.290743716772
10.1506404895205 8.52735767419734 4.72855301642057 24.2822721169353 21.3381187232726 16.5836803682976 342.304431853972 264.146220025953
8.86390102183984 9.89764832432925 8.12140407766537 24.5072157082695 13.4717568006507 29.9926667664164 371.450801897984 246.111853227625
10.0331639456166 9.90024056592413 4.87217250981177 23.6392225883189 26.334850370645 23.041102983453 322.236067308603 279.244665200475
11.8728217577971 10.0200998829305 4.69542476324274 23.6421156140953 15.592253169329 18.6348705742406 277.773690123667 269.729785327389
9.68759676211836 11.0276273795964 0.912136257249157 26.5745761789795 22.6269617189047 16.8991500925576 372.137970700808 156.769578829285
8.02673692180691 11.0804592152877 9.69247874414169 24.0914058586926 23.4396828883351 27.8000572597763 309.362418096424 198.989868926603
9.72894681134859 9.57859626588429 4.72591719527306 26.602311984684 28.1320150909533 11.1112653117115 145.779353634502 380.51415604586
8.87491151913467 9.15426520978674 3.3905497642212 25.5868953286607 15.5286759832925 11.1971698356616 381.223182174566 190.074982948061
8.63336352042033 9.49660571942007 2.9162213320353 26.3842261871476 16.2051570132252 20.3184362230498 471.168814948888 174.433867265948
8.12823074560348 11.6219545547976 1.60513642611271 27.1549659654699 15.177704019683 16.1435760472075 326.379015497483 244.699585166204
8.43570193552145 9.96289773952834 0.212990481734433 29.0840888884704 18.5962462779359 12.0728910072615 302.633569826658 255.687437188245
9.6743030251857 9.04556184600239 6.2308185842025 21.7929110490748 18.4532243281802 13.2500439527282 433.160071246329 62.8029361797313
8.95722558060943 10.3972735890403 3.57770887294091 24.6603560559702 11.2190919446049 16.3361524832731 366.293691825861 100.861062997562
10.0289959757051 10.7242315063334 20.6128406703501 17.366700186025 22.8741158118661 10.9566351174426 473.541683089136 9.74771267247549
9.95601066231247 9.35244102066163 4.4746348385 26.7282875614154 25.8032087211364 14.1695754970595 429.205835606979 189.231489291182
9.1073669952668 10.5214850935935 5.16235818449967 24.2212550411755 15.276702165505 2.1189523624585 448.905079787299 43.1691650204315
9.53107573877051 9.60571669440043 2.15805930505655 26.1739087435431 26.9203921749277 21.833888024145 302.095412586416 245.726721729246
10.7599263963655 10.0203553622143 0.609304533187655 27.7323750483019 18.0391028893922 20.0987977811958 418.592295789824 135.048798352584
10.7486222648784 8.31761118213668 2.13359283510137 24.2868868851384 21.5895533316059 10.5793161988293 383.825182596565 217.777270079386
7.86922303245675 9.67025702714267 1.57764348994315 28.0158301384645 23.0032958486571 28.2752069385866 413.957202778302 209.333856074509
9.24432734726646 9.4676943135611 8.93605725257004 22.7570441136698 26.2288501829158 13.9210906061106 300.87047525422 122.604002233852
9.96456161418432 10.8033879609648 10.9425895330656 23.0515420647643 17.7631378995582 9.31636117131465 404.740977185489 69.0194046449587
9.99388864555501 9.79238507759237 5.53034854637135 25.0257894178668 25.7836714651761 21.4061405949655 308.410689119366 210.849393067085
8.88511296378177 10.1418237191964 12.785074065275 23.7962815275609 13.5578037832421 8.2641046542393 328.933361464886 225.72981467931
9.39595900986061 9.53751682830597 9.04446037487098 22.1663032494747 23.8688422611797 28.2555257905448 407.554521203379 187.82056191115
11.1254000665786 9.8698575860406 4.51696704848709 27.3214225302048 28.1812033962591 14.7994103093705 409.619794619681 143.78856723905
9.48316906452162 10.6828854093348 1.10978440559467 27.6683942321947 24.5178405125919 18.8143207115545 416.247795496917 177.073037978684
9.000184655733 10.6438521954792 5.96701875626908 24.0119204675901 21.7446495467197 26.3405892493125 371.349276041968 227.829081868031
9.59172472350086 10.1009863211853 2.22305976374407 25.5928968819504 12.2081026633017 21.1282792835449 222.84951690496 177.008951886717
10.2747539366304 10.8726610488744 7.28837699797874 23.7111960092223 11.4138252523936 16.8290113980297 289.006994582702 277.249193368026
9.5362091043278 9.53858481397239 2.80006386461601 27.2766482661028 14.7838134020371 28.956406046105 436.176029627744 106.042118697652
8.64616599364051 8.80651164471507 1.17722868303166 26.0233144212505 20.2949687272951 24.4409395615628 354.286597645174 320.320618417537
9.83826495987625 9.444229122441 6.10076825528639 24.6010654039682 14.6600651206331 6.0020975760969 328.761471566315 184.621489687512
9.33067581629234 9.88582041962455 2.63410101371342 25.1372408868798 16.5254282813822 20.884715895575 346.749427367557 169.83192086456
8.12763512013733 10.4318464815869 5.04930386660577 24.2305771153455 14.4531478111717 24.0655055755187 416.025343830038 103.818104470783
10.3940472775173 10.4198103635122 5.51648886538843 24.8920455463806 23.5495497553554 20.3725966896502 439.39627075077 105.504147056378
9.33153310083602 9.32906129010361 6.34866713469534 23.5631837760399 21.5253547101906 29.4601216829719 310.249646663735 292.618449095447
8.53081035337192 10.5469171495595 2.73982290949506 26.9192743701208 15.2753354497398 5.95537440641785 489.843452811883 81.8557134634505
8.23885068830241 10.0368555498939 11.5472993652615 25.4279508173463 24.4569293425805 21.9462717595824 306.218916585396 257.066541044733
9.99862585333252 10.6269511168061 3.41089933021621 26.8562914504071 14.7652744282797 21.7311584397435 340.893651541473 288.817036097799
9.15368310588508 9.56177566941993 2.8351275819867 27.0526115990241 15.0745228133118 11.8861835468752 411.16973735795 174.24039901447
10.1638763126907 10.33489917403 11.7212192345889 24.1305439480774 16.746889655557 29.5404686097768 361.165756096378 252.320541173584
10.7410546043327 10.7429126715148 6.43459394136925 24.8612448017493 17.7502995230479 7.37600628475481 339.892610823965 271.679683421237
9.65951284415963 8.91950286704708 4.49669052179638 25.3107663257397 21.2243589612977 9.92713492567847 303.337339586267 243.91304296208
10.4891313008912 11.0965853057201 2.7981755906461 27.8181079410498 19.9189517940397 21.637893368629 294.191527446644 261.635037965906
10.0517156741358 9.11540914317547 6.23320479970587 23.2325213136033 21.7328616499107 10.3959359212689 460.659919597675 97.724095432694
8.29433898405776 9.37623020870664 3.30969547262753 25.22101113878 18.0659342473295 9.62469105989665 388.383003710004 224.362106112228
9.31980215472658 7.59332724235538 0.45920452097744 28.4639316633913 13.1047046270811 19.4583661852406 326.218948396419 265.586570265477
8.73723684204493 10.7683325422073 3.10574350803721 25.1981729258859 16.5000921052556 20.9376766420567 451.209921131232 213.751659276512
8.38453587728138 9.40746629483734 8.69560915787858 24.7191569904972 18.3778146654092 11.6072112314193 428.789168633797 248.034459017403
10.5396248067768 9.94505492204062 4.68043900218119 20.4914883015643 19.0431281043075 8.57155125703954 407.0807658427 126.698946855089
9.28824022113099 10.6409904541927 8.86058992339666 25.2499024638732 10.3929792727281 20.5672211161466 295.922804940041 262.155161723781
10.9809021370232 10.0151536976827 4.58834112034191 26.3795903911616 17.5076578813724 24.2859061875013 332.895126995678 115.685143399227
11.7557146550569 10.0677199643457 1.08589909944496 29.6631227862874 29.4587552855124 6.30848174322526 439.616943110098 123.6835941376
10.3777330809638 9.60521995527865 5.80024705810033 24.3565820783448 28.0142450517854 17.2467091542396 392.383164838552 237.561654788993
10.3677676891078 10.0997888239316 6.06665690522522 25.0514042491427 24.8802353030318 15.8035759245836 274.662087943574 268.015019675449
9.34936314680776 9.35641559382957 6.08041890291027 23.7677925004743 22.2369823162143 8.35509163321991 314.470018281263 330.080868901055
9.85614527277402 10.7017140833561 6.51120314207365 21.7573598214865 15.1633153437996 28.8518755927716 485.768355659381 80.6871119413835
10.0419640074253 9.74040254294649 2.95742665402483 27.0995913250879 22.8918991301269 13.7436573180284 352.747018590482 223.404715798851
10.3906142649768 9.22862851802365 6.47045456515918 22.8254076053477 13.3884719842571 22.1625999039027 279.004025360868 193.120506417408
11.1574982050364 10.2658848340085 5.23831758801652 25.2694114668081 21.2709383857509 11.9853815995418 346.0063577645 232.970554216656
10.8802555942721 11.1686664609385 3.52694494494954 27.0771454264138 23.6843294466895 23.6698523138219 134.147169100254 215.248933654241
8.08516974343613 11.6529926954608 2.41908715923005 25.8807369639761 23.3489047634819 28.7798516520926 384.512447793634 229.828658347084
9.6745529614881 10.3315300523279 12.5022595625182 22.5669534152198 27.0667217046488 8.58785751300863 410.750533925662 166.594464553895
9.57638080981325 8.88364629082354 4.88161251082591 25.4075234399895 15.9447734746091 5.76895955722973 462.668194786791 148.119395909399
9.36848081300875 9.33356486283707 5.40450829847946 26.0345158215357 22.626045925667 29.1611928107859 447.832217992807 90.7261405942183
8.15279914834078 9.28646002131067 4.49442577128415 24.1197010862855 17.1826220889345 12.3683333317869 487.713599840397 54.211185627837
8.2463778136827 9.35090551542817 1.62305709010997 27.1239801597184 13.0222818358813 25.1451763302509 226.471848604255 344.96038102977
9.9235980155061 9.80711225956241 3.53588653028999 23.9982283145574 9.27772643631439 22.4859176887184 278.976039757535 263.938457501947
10.5907248172427 9.80383797224087 2.61088528843493 27.4195940880171 24.755164112355 25.1173523507406 303.032317566036 252.82793137724
8.83430253022408 10.6328351946566 1.01149857749469 28.6076106295658 20.110336815367 16.7648378153408 213.538266568224 401.237362741966
9.1426869707976 9.08618225328662 1.39171091397119 25.1088350194947 19.3235648911646 11.0397277931893 400.417310988466 121.341482042217
9.31892334474552 10.5924904102276 4.55104892643468 27.8056415836215 22.4186122666095 22.6860851793808 303.741212239932 198.28372075809
10.4853175881257 9.66032187132656 6.61748778579331 25.5616388700215 25.0892928056 23.8897525990976 322.391104575155 215.203314713066
8.74733234868152 11.5226747957811 2.96234072679485 27.1222819673996 12.7296364442933 11.3405612310918 442.120820152972 196.035762188971
10.914244544404 9.11144263365582 4.4152846509096 25.5859338894227 20.4808057137139 7.37341120331055 390.48945867902 219.021620530602
9.04518775503833 10.3179537991894 1.50562453780284 28.0464161068216 14.7826154361938 12.2415977372256 382.49245532286 258.188668107378
9.89721013376998 10.4213784485782 1.83438075713659 29.7142766800344 17.664805483932 26.633202033424 383.836321777005 232.776200977201
10.6751742161878 9.34586200785707 7.58675837558083 24.3363626074462 26.1057228702248 7.78490270188458 328.073663934107 260.483414760194
10.1921955762867 9.26069436582373 4.83590647617865 24.3649034271232 10.0393537931014 28.5218216227227 283.235819908207 335.028018316011
9.50728924415761 9.53577815800292 3.86401173905619 25.7824313176673 21.7273059117639 28.1121180406722 81.7691282813543 444.500896853831
9.03276387687251 9.51182871851697 8.40427266617938 22.3843168392185 19.138080467251 6.54929663087463 361.657029762034 126.144998869388
9.30379021414509 9.53794475018991 7.04422184489121 24.3545930542489 17.5022968506989 9.41042206018312 291.561476082123 245.925497866335
10.6848668905732 10.5116616023708 2.99898238430879 27.2157352076671 16.536145715409 19.1760494330593 352.00989315761 131.879733977801
9.63058377461858 9.49032764744121 3.829623975608 24.3570800279309 22.6654851047777 6.91105044350247 428.385214743298 174.90644260189
9.80832125107303 9.6045977673869 7.31756705716699 24.5969015314461 27.2932094395573 20.2959797734148 431.630439585677 208.193004792617
9.97028573477243 11.1951680111248 2.71002101597847 26.3420428799663 9.29632035582715 29.3464689689848 474.338019582943 186.32680786667
8.54700976229834 8.09647142912804 4.73279002258233 23.4813976284816 26.3001306413282 12.1291563621634 364.73264396785 270.518134339309
9.04448392116846 10.1673552090365 8.37047999999298 23.9524400485335 22.5034808623902 16.783218969213 433.628692729987 150.824666886356
8.78217124701206 9.84383017640882 12.0051754200684 23.6787864167389 18.7567836821162 14.6692524713148 378.781442873703 209.39356867349
9.66143454801094 9.36403332450073 6.78246469646215 21.8407358055016 13.7477870796665 20.6075601805288 395.656422443761 186.078640855537
8.35307566402384 9.07167820545098 0.9438819476235 28.6702204703652 17.9776347338592 26.153331960544 373.287855320585 263.729150420156
9.25883519773461 10.0291034865999 7.83319509470504 23.2616202951967 23.1584404936711 17.4987627427803 376.758810723955 181.674674723315
9.53815601470895 11.0872788514718 0.6991531470403 28.8831243520555 14.2027889183965 27.1784417417916 402.164105029457 245.394092656076
11.1302320945574 9.56658094420104 3.26455619868299 27.2712609052253 17.3802869932334 25.5493071891874 417.059749571585 117.185189185637
9.64785126830706 8.44463118132061 1.44227767020801 28.5797881351704 22.3921656544791 29.5430740738456 416.315858441309 189.12699562875
8.75224109487705 9.60393930747082 5.96610845678329 24.5379556442888 14.5721619128712 8.47250112815783 351.886837603334 245.092447232754
8.49567904447387 9.78598222471286 1.81238474986393 28.2567852283726 20.2648228620687 28.3772754945234 425.835585520372 175.784099212888
9.71029750950053 10.0238203207687 11.8334670956684 24.3535631808198 16.5445651198875 25.6827748745928 260.390786583781 230.082994752596
10.1812364324415 10.5011938198146 5.39481766288621 26.3621553903617 15.707752540494 13.1952639552601 250.398462748438 268.465499231108
10.2244025399568 10.0600336156037 8.30080356312236 23.3675557482016 27.2092118225219 22.9884253867524 392.411861707624 224.339625730127
10.838883490834 10.0054541581019 6.88530833519203 23.9720128148798 22.2026688093767 14.8810028302575 424.410105085844 48.2845940504378
9.12892612480799 11.3109085597957 6.8334492659165 24.0193669547571 16.3738153658584 15.3878548816282 284.208882427357 345.991137904369
10.2290371663243 8.60900019059172 5.48303826475934 24.3133577927063 22.762420863133 20.9049289341266 243.757575474434 306.730112503875
11.1270416880866 9.64142976176916 7.88788618365709 22.8790134109714 16.2400678118954 12.6075322785281 412.275893277637 144.536355157525
8.7657156160117 8.32995525768141 3.23417076465282 26.6499584435099 23.9265571703385 19.3259140066791 427.74734784605 171.33263322458
9.92983250785361 9.35605936604119 4.07182601404299 27.0662612395089 14.8922955907802 25.3386989681656 455.904374553239 182.435878865385
10.8590985960585 10.0273300493702 10.9840221085118 23.2750386840007 14.3380042275382 21.4920554010881 345.376024182884 235.877508385474
9.18493449014471 10.1874371399592 2.59409189456027 27.6461461188252 21.6167957983931 15.3553701901565 309.938022353288 276.933951482125
9.37879524895348 9.8180038973043 5.52040297063886 23.4944006019933 15.3496735615452 16.3348378231751 363.359740729572 262.445963184603
10.5028155685999 10.6499132220681 20.4330117010103 24.3617839407551 19.2515804267287 27.6980754171622 447.923830611216 158.33313343229
10.3529657727234 9.10106003968968 6.41303991168347 24.2250573395189 23.155052086196 11.1060207498602 417.768286507498 220.366453208276
10.3030422817229 9.32516543463239 5.22883569073226 25.0226334275466 17.3236924792231 24.3030366053408 341.105541516334 244.196977116611
8.91373749700052 9.71352445315134 4.9196394236821 23.5900795851527 15.3544165349487 17.3093610648506 396.660607674945 248.34821074746
9.99075427326632 9.86070130894947 4.94038077800411 29.3699371330439 14.2492753319654 23.7978921340822 403.45352734191 226.367005188921
9.31580083168435 9.47802706789465 3.11015160281846 27.2234024353756 25.4533379337608 22.469237380582 402.940525503543 214.439943133417
10.3484390793391 9.010597084271 2.45561958881878 26.6080588177394 21.5306329204605 13.5625154995537 341.746354435066 322.156987348469
8.74695465437684 10.4836632685345 13.2121341930069 26.0843964906854 23.6266851295926 8.90273989927264 394.335758642657 251.777995938462
8.21973614336766 10.4817270564366 1.65981922313654 27.870833711411 13.6033832222128 5.83191793392122 372.481262178163 254.169464125432
10.5451910642367 10.0093716538199 6.07360715316999 25.323449415805 22.297845736578 9.87123752370601 399.968305348402 177.318657518862
8.87114660382457 10.231868672105 6.46436929281781 25.2839213105522 11.7371595243401 19.0502193469273 458.491447915384 92.2142249051583
8.96502051132494 10.2608141739696 5.79369109919748 26.4992761296596 18.8082305267701 20.4052705255854 219.268733105272 241.313619727725
9.32676827998188 10.51503377827 3.14176636082617 27.0880365444036 18.4260753654048 13.4389492177466 320.237105562586 269.784050748643
9.24601642545833 10.1990972621051 2.53041557998328 27.9944045405951 26.4236866233454 7.39404338467048 380.536358182404 251.155497575931
9.65103461155448 9.49969717691816 4.95680497501827 25.9441799575582 13.6637858337878 9.66280983081215 342.218413296251 214.491505801379
10.0211509821775 10.4734710330671 15.1688252494853 18.2032708410752 16.4648638056818 26.7804703590271 341.461367687383 242.88735413074
10.7436710935677 9.46313705783198 4.50363717939541 26.6272747644547 17.4939514511667 26.7375409441799 387.147457375143 200.790055342847
9.16264821794062 10.5099863331892 3.20771617468525 26.6115649581378 11.2931778402647 18.175535552752 407.17640862672 222.00141511795
9.76803362023899 9.22518366982461 4.37046459086095 25.0558120015943 24.7407007545766 28.227951278852 435.098245191981 217.043850300602
9.50381128259533 11.3261545723609 1.69926272688188 27.2759335922466 23.0015606807907 13.1162201265139 346.062107209657 210.384114126235
9.38814529225601 10.1177778639507 7.99842675624619 23.0683397656553 18.0647794098968 27.5160685215971 393.030082987375 183.697769902776
8.95919067425132 9.16750465191913 4.13625314274915 26.1126806236299 26.1053942700056 25.7064684032145 382.215053500005 195.98249751323
8.81896173321597 9.58950877286357 3.07975533970794 25.2003062348121 17.869901266834 15.7719709997286 199.725371951736 309.339950500067
10.83886242787 9.83770202882024 0.814890301620388 29.5720773577696 19.2710410266173 25.8543986738804 401.348849068703 224.529865592274
8.48057573432217 11.343230358699 0.216362415430278 28.3540196020454 17.9879502805293 19.2890643112591 492.396339622468 74.4635301468084
10.4427668277466 10.5673943444172 3.28845652710002 23.6005535718591 17.3065961465817 27.9648372675608 273.420369612846 289.74270619865
8.66185086449888 9.86651478721175 6.37925816063632 24.0351284074251 21.8243758057743 16.4110447142134 431.741087672603 156.917623405469
10.5104252167066 13.222907435851 5.65605235053794 27.4208845065676 28.2917622619731 24.1682284775484 216.109123607461 171.55708891797
11.6328615873569 10.1587773063084 5.61998272908904 24.042145906778 24.3363023997146 4.53921908367612 417.991314548123 170.066377267687
10.2590764054953 9.17042635127097 4.95550100368501 24.7858300361156 12.951572161037 13.7899319839854 337.323021019483 321.814539789187
9.61158363924399 9.81889617878452 11.1887033068219 20.9331845802318 26.3534884306343 5.31905205848489 426.842464643195 139.106788653655
8.97280310446063 11.5073773369256 5.42799733803735 25.0028041039982 18.9854397666432 19.6538768563643 304.976646907611 250.157400877949
8.57826306692905 10.684318053446 4.27184872070296 28.2692526349255 19.714430314276 7.05658495907151 387.086552079964 197.985259454952
9.36250127533353 10.4897876721378 0.0418309604881148 29.609647856909 25.9927546548502 5.28126243189475 478.316376362888 110.568966044334
8.22151526923639 9.89913367945987 8.68039446603012 22.5122307970017 26.3970954335123 17.8663489332947 387.202450604219 298.198257809509
8.85664080848286 10.3867102673055 3.28413675543477 25.6814293957521 16.1670400015738 23.6727752845607 300.653784459336 243.443044295048
9.83676921198219 10.9384714962448 3.10082048174815 27.1351608969336 13.7657472416201 16.3483508459979 422.068034220907 202.585277100652
10.0498238717691 9.54875943029771 7.07096862518824 20.932549788335 16.4767077632189 23.2033818126568 388.229000351456 118.005946850034
9.37692754098267 8.95350248767359 2.46527519718336 26.9448763449346 17.7365349150237 11.4048228356251 410.992978880366 229.832962883856
9.5888084031211 10.1785766015814 6.01167311588275 24.401657715875 22.4477862359016 8.15760856041572 405.338409860436 202.915475211921
11.1436285949658 9.10149104371755 6.24170061173408 26.7268727097244 23.5464729191858 12.7912083422322 268.700481823653 354.169428231267
11.1882410850866 9.34940842159707 2.21442065240833 27.5950366379538 25.3461395116372 8.75478875843402 254.560817795819 286.924697310608
9.31829920685436 9.61038602646271 3.30819646993522 24.665882358843 20.4469413930982 14.0855665335125 352.484304579791 228.915328059126
9.09793631499996 8.74106385281401 5.97584176704865 25.18575925194 13.4752260709718 6.19268218095618 442.978818767872 146.42077524199
8.46780171032712 9.44980334089778 3.63541390464362 25.2907186197763 17.8690644333081 6.29344338082389 352.359663951396 297.11073942294
9.76961636676317 8.82735819803025 4.70846417795237 24.6333131779093 12.5908067786529 20.0937823921622 294.099585395432 302.451119584485
8.43615707124218 10.3200939009344 0.931130354526522 28.0913275238371 22.0757913604511 10.925187886558 390.358170255498 215.253882470321
8.52728000834521 10.1263270756307 7.50972148358635 23.5769679168716 26.9979852173082 22.6099517286729 403.839106348648 199.967290031394
10.6751927536347 9.81044736327204 0.759038876731321 26.9980227626355 26.8770100187144 28.645444161609 394.89508271932 173.9139606228
8.67467993981227 10.8669758223852 0.868795878413434 28.3692715563234 16.1227788755091 7.84088592114032 353.138510003554 214.67903962566
10.5605004214085 10.7636588774704 4.7387128850118 24.3261459315556 18.862250312875 3.86188246169286 416.537354136618 181.097231985184
9.12186132737558 9.89692495407284 9.54175415484474 21.5221230620627 15.6491370391094 3.32258617276013 303.147604916611 95.7385580008743
9.78097467313374 10.9452767584375 4.2452374156477 24.3174805717015 26.2944565148657 10.8813882319657 333.79326201903 290.658462380723
10.9936035275833 9.97877283540394 16.5413887503349 19.8228833379498 25.8209689056686 20.2996328718628 278.625809162041 240.648444938128
11.5297990012501 10.0002083473718 6.29914915759636 23.8115891538522 21.6390745764711 6.60004157711446 409.399489159113 150.550388838926
8.7840859191098 9.50036981337499 1.88802534487807 26.9650861187644 22.3559855694512 26.1737510532555 432.655863639769 195.177404602814
9.36443272582452 10.169003650608 8.07264413936929 21.419399308942 21.4377709526813 5.79913537732187 348.664883022977 184.057501579633
9.63066724365414 9.66928228109363 9.29162512103037 22.9774996012028 18.4236331578974 10.5906802980463 422.507292170608 172.59254528537
8.60486864249927 10.0568998937476 6.87957946042871 21.7349903675833 15.7735051170488 15.4697277924439 397.316652091835 171.266494093341
10.606651040385 8.59912755093452 4.65391079328193 22.8490797384788 15.496429213472 10.8430555962379 385.70880160645 228.886030545309
9.83894353941126 10.5368623973412 5.95630766077019 26.4561787022448 16.7097680509745 18.9758109007293 399.235100066905 77.8255533325322
9.23276590839097 10.6015722219598 5.49504110290047 24.217448433523 13.9070560340803 9.10397537554813 397.179723621323 195.210772937274
10.6526579940439 8.81317951427594 3.12777537525642 24.6855462025762 22.6048216319597 6.42739327911873 329.711809186171 327.913937872659
11.2154831133649 9.36128850595372 6.9175203360021 23.1701303087123 15.8952461810308 16.4545203343838 426.661090331066 137.202450278926
8.88042174583106 9.9287722599592 5.03404458688358 23.1742144445452 25.0516639655983 14.350462794455 382.446985760267 49.1598006536121
10.2125232809186 8.66465934222762 7.12879855814808 24.2773505243792 17.1405511521959 17.8996556165572 325.187163078587 310.501991416419
9.93241920748778 10.3797920360478 4.39044506714987 27.3927672843842 17.7741235571589 22.5585353663591 310.736036324736 254.813117799314
10.4942161619947 9.07840616673843 1.77016521282976 26.6769647482659 16.3659650372725 25.7289982874556 320.962995804056 254.22779886229
9.93167360845077 8.92770253152472 9.49684023397071 22.8177487314503 19.9488847359065 13.5330017413043 442.837925655329 102.592603534438
9.87417849073115 10.7519756977725 3.10613449217706 28.6424332766041 17.0823586658638 28.321829136625 240.642457591245 321.381515083704
10.2276758039981 9.46700657530535 7.8685235735368 22.618097984598 26.2627027142226 15.3244467878186 474.568265003569 79.123377722295
11.1609618398483 9.15378711575504 2.31283354195902 28.4979700807634 15.2045119957176 5.414344366287 375.623480987453 319.578081613837
11.162000580662 9.78972966782997 6.09431253716016 23.7515398365292 12.7150220897861 20.9770142175761 404.37702786412 159.128823255812
11.3665250422875 10.4633553775416 1.83987849598847 27.9187140814424 19.3989168480848 26.6195239326295 515.381029902597 23.9909353691903
8.22317126285896 10.9129357809671 4.40783854134551 25.5217458337355 26.6573568704096 17.5386659376867 451.869595365012 146.529179944461
9.22439156894351 10.6295589669816 7.5337016685331 26.3652406373098 18.9467329147914 26.4463046741405 384.670731359548 222.071109095213
10.3549640290276 8.39571242707942 7.44125529506574 23.0964980883267 24.7971136448301 24.5307957600376 308.448723934474 262.560563860588
8.42549558838846 10.3851800634239 6.97443836234667 25.0599907079901 24.6413650096322 10.0120461506584 315.432890572935 291.510865676957
9.12622229031007 11.7829225555091 10.4956646666549 23.6732045673588 24.4204462985429 28.7033765646144 249.8254629052 235.20041527932
8.23433813908036 10.0241489716303 3.52643652151932 26.748556609643 17.5091836984647 21.7840344671121 396.831538208432 231.018849720926
9.23776730755779 9.13737573982394 1.79979881552338 27.151145474309 18.0970134820406 20.4710098258914 386.413914321112 254.129960818973
9.57895831057411 9.28852110750502 2.99594835630264 26.5742954616695 15.6595327324797 12.5427652858677 302.577654311497 234.238633055456
8.15510319304324 9.17135646285118 2.83753153713193 25.3389297492586 23.4362595130355 10.1283767038371 333.613766196774 257.651838109259
8.60137252352302 10.4889576064679 2.33833014650634 27.2475522305469 13.6443797465214 24.2032311529416 225.938085808263 225.706853950884
10.362636875843 9.40593963454212 7.35001030934358 23.4390507112594 20.6473660793063 17.6409231623686 91.8306660379147 327.165045405324
10.9162680505876 8.98209084013414 1.10076053028941 25.6762345873646 21.1060781597841 26.591888293229 448.737748534718 118.153844547915
9.32470056051473 10.8393604618724 3.99614580957936 26.8932121366526 12.1350711990771 24.4322787084807 426.799721429325 173.441037995228
10.050782871952 10.355880907846 3.47457018163828 26.994173932427 16.0495170056697 17.4799653650005 319.402004901766 276.580014361958
11.2248488008178 10.5938577023832 9.22632454594828 25.7146675413605 19.7129606036985 19.4533120070873 383.074668987642 185.20264272412
9.84408132670294 10.9592057402814 5.12596625172284 23.7987926096378 19.2638739991721 5.98967649827357 382.959089162197 212.213078933613
8.75337829531267 9.28158103754011 3.80331809973299 24.9885633390695 24.5430660996907 14.1868120965484 387.242425010229 151.195114600228
10.0365102815603 10.3145767824966 3.32653195093107 26.7255827281615 25.8903748150303 17.3427190795582 351.45628830882 299.984337654216
8.70258899901728 10.3512818563225 6.7250027320906 23.7755288616816 11.592297479158 25.8252913235977 410.314844364626 217.935635410019
9.89905822557561 10.0569185238336 8.68299012621816 22.3030240879854 22.6943860980536 11.1616042173267 284.447042391467 351.210332639148
10.4785133408732 10.0978103517978 2.1692808735231 28.7346094765714 11.5455207723368 24.8886445912831 360.989427244816 261.609481577905
10.9421408487095 10.1970181529551 1.35088459777837 28.858222618952 22.1047400344696 22.9257274091813 403.158002747137 204.434147797249
9.20282161189403 10.9129619240867 6.39015931545526 25.319339666406 14.8758783711091 26.523976346952 348.016664452241 228.096194063212
8.98899567699327 9.3094359872966 5.68536560295082 22.8492358372519 10.4948495544744 25.6016822260475 411.354747112093 184.322846706997
7.90035443090045 9.08113455079474 0.481349909689698 29.3114935050106 7.11531899181931 29.1183025114487 432.321596253761 198.066698755107
10.1482635412643 10.6014096315822 23.5051045925053 24.5718306499733 9.58011236803961 16.5823582281533 456.914414919995 18.6156078645541
10.6666426363998 10.4508832515068 2.84217995335763 26.4768559444206 11.3154524027736 19.714416204014 400.328037738513 139.227198706433
7.77730771001818 10.6885170239859 1.98880665209077 27.5500475189094 11.3950988530124 24.6480083397484 411.441942499103 113.777314683344
9.14868656801071 9.48274593313239 11.7590638374829 21.4696343888657 23.6898418806766 7.3533764851049 293.156125172071 137.607042570207
8.79997383554825 9.76984666731061 7.3065716878725 23.0208977913951 22.5697172627717 21.566345028249 413.858377130751 51.1858184113812
9.73354894679311 8.583612626967 2.09233920919729 27.3879254377857 21.8357871531484 27.0210528565013 307.998458061685 278.372297692221
8.06770425924833 10.2595626068558 0.158204563584782 29.1171117049567 24.5315401757531 12.1548459642666 300.313729438068 280.628544420274
8.48626613466072 9.72188737712503 2.79123390733041 27.6903349771171 17.4635590146494 15.0342734506363 350.792448327246 198.93097654698
8.98139333407996 8.74756967001472 8.86778801716185 22.765123945185 23.744538994907 15.2266049065529 406.457868729988 75.1717042373132
8.91455898930597 10.4501737744392 1.96141119617303 27.1638557646564 24.9117389066674 26.3337107479557 351.319629122419 230.957020384856
10.4370279295856 9.5368061867545 1.35057989345413 27.4064738975218 28.2957519220772 12.1532909252019 206.93729897233 263.213821192998
9.93466423617553 9.89932975973851 10.5869730532648 21.3557590523599 21.1150492550949 29.0760446483022 428.924111615823 137.266580623809
10.7084124240462 9.30544193643374 3.37946555024477 27.0919020205647 17.7861795924436 20.3791834427955 437.478882948018 117.920638287092
9.47209997602525 10.0307185962815 1.88983689803596 26.4873080798207 23.0949140296891 13.1119938211656 394.890925254895 116.226799491234
11.0460967598025 10.5732860141035 8.52986327217312 25.2660730766081 17.2117168024891 0.790245116667031 468.753289804859 100.931958454167
9.08998279033277 9.56830648383419 10.0634730388777 22.1071925561563 13.9316592110038 20.9106171545899 327.604412897938 255.974925711838
10.3119323626928 10.4995874077436 4.4593752791213 24.1906736260998 14.3952438034525 20.6032568047619 316.863159601847 266.852550183967
10.3330333531651 8.82278721242819 1.67265311584565 27.2962409537277 21.8014066809743 12.5472296245722 373.581147329817 279.297777665468
9.91035856129822 8.6682569927022 5.29587557101744 23.9548075622624 15.1034140246881 16.2677268691713 320.356822121458 210.927536824067
11.1111728371483 9.66430061910823 3.55421351263885 28.034170815178 25.6090272151334 4.97085331480006 225.216692434714 399.942037458691
10.3767143929051 12.220907492533 9.6659025887018 23.6985819798903 18.7362298883515 22.145521318924 195.96533284618 229.531332283042
10.3365000140448 9.52552406160491 1.87731913149379 27.6045434560663 18.0267529821511 23.0380010040707 324.637209098023 217.139737283939
9.29121963044248 11.6065594513155 9.59536796128134 24.9098232440503 19.0550785500833 29.7250784651622 447.463325870786 142.319743185986
9.54651213104658 9.94486139493057 2.11111993948857 25.4866309359325 14.8539325092982 11.885203861105 397.946435565443 158.31475668538
10.28003968958 9.05166869210085 2.56248633016249 27.9031607809569 26.640854148021 17.5207322133053 372.40101736373 264.347074564168
8.89526314160422 10.4014739790502 3.57090341536358 26.0649582578795 18.2623019605504 2.34686585788393 334.898193009097 239.328110152854
8.5060496971217 9.61259264124015 2.41780228235107 25.2969665614212 15.7849690906812 16.9974805091545 462.474654948142 186.457196474841
9.38529810118103 8.94569760898311 1.26051814506292 28.9046220232873 20.8247944014236 8.45356931483721 382.972233003076 262.81872531122
10.0517702004784 9.20515726989876 6.12049624554584 23.3223565057785 23.347187092414 29.6407718744357 298.694396122871 278.378674859498
9.72293575935917 10.9483210190055 25.1830271959287 20.9279261931378 25.9440763383265 4.56272848607824 448.275064431379 101.693046120459
9.66951459489251 9.09927096087445 3.12502650782328 27.8349069630252 18.1264998966077 14.8409099028167 395.329021998977 153.111942405437
10.2531489337974 9.02677701800154 8.83868022712874 21.625060389347 22.8033068415542 8.14039985132995 332.828694509609 289.570904369719
8.73255484720801 10.4344103166407 3.91707822189252 26.542963219975 17.4688774676148 17.2764166359125 414.099785494837 189.766376615294
10.6386082441209 10.1639202638911 2.72860696433055 26.5732490381326 24.4882576331201 17.7849228699063 358.853769427084 312.514028450379
11.4024102898953 10.2646861238672 7.13480735369804 24.9624523947868 20.2019681287473 21.0388171289316 460.597799849476 73.5481944459748
9.96522147591773 11.1445051545125 2.37712634031569 27.0822990889132 11.9961787285586 26.7059046932382 356.835841060185 243.696715154626
10.0157802067504 10.3600264674423 2.47035396339444 26.8017524757004 18.4546932411971 22.6079763100268 406.038329897572 160.578440769291
9.36484902640862 10.5621168861194 17.8224978768269 21.2527643770088 14.9808925169106 3.27103767363861 488.536029540174 47.5690861293274
9.74502017997471 11.1619151021507 12.2245677673169 23.7660625921801 11.2992177330449 21.2396108269082 449.909924665778 166.137362185323
9.06285786026887 9.13282782276296 12.6453816079019 22.1129115370215 10.1786986606262 28.7285691278216 486.737319279297 122.710313157101
10.2244551269101 9.39170714659828 3.88859506978701 23.2809386462926 10.1532454899608 21.326798669309 360.460722692156 192.512648392127
9.98023219838422 10.2976118422135 6.55334186108443 23.4860293072601 21.0358257995555 28.8250254342709 352.540938491203 199.60373611682
9.91622044354039 10.3199453490923 4.49655870048321 27.1875528036577 24.9786147709756 3.98208570755844 338.206043489212 225.332816615213
9.15373170305289 9.00137886125771 4.36715020398441 21.2826408858103 17.1465214695867 21.6246230531235 413.519270309476 153.640529124415
10.1165910653439 8.70715618234949 3.79801421848821 24.4728273371502 16.8139101907394 12.5164830405321 116.76683799376 349.40265575209
9.96664521793415 7.79324475277997 1.81494839433789 27.0136780811112 13.0506920098356 28.5427892145632 442.367873180153 167.962478413389
10.3261150868403 10.1007126540714 5.81171425622337 24.0239195983814 19.492953417075 9.65899606491772 423.420621657688 136.500257969194
9.16114676059372 10.4438187090525 5.7552182402624 23.2680713171369 23.1958773371771 27.378730841855 404.612294712459 140.743601435244
10.7337754660137 10.8504297225998 5.4294365053351 24.8176050504611 27.6123112181891 20.6441913596128 334.683103495172 242.11404614593
9.77177238565556 9.06973790491998 6.06929835595725 24.394735242468 25.4864863734654 6.43629542573377 361.574060404615 235.666711872984
8.9052872077682 9.70516590099256 6.69255435120718 23.1886804714453 16.7157963942214 26.4371685332563 483.727311066253 22.7873608931262
9.86367817968463 10.0630582780491 6.80087731930058 25.0647414493831 25.074825920262 10.0235966162243 261.782420828339 341.705430311899
11.0169185249966 10.7937934256776 2.56617986226602 27.6864061714145 21.3442013017297 4.66070375845757 413.441924260377 132.785422403991
10.2489175027367 8.86323141234239 6.56996504881608 21.5935398140857 10.557002308736 2.41134305962096 346.415677064065 295.315615975502
8.96310527084508 9.57345731298889 5.66689605926036 23.683232666662 19.3186278999911 17.7078785370402 297.439040628687 240.700809493408
10.5215653338683 9.40031421550425 6.81574532750269 25.2700711191187 28.3868090155076 19.2361372060051 428.104000749765 168.584588848618
8.56625380624883 11.0571813897685 2.71115618138771 28.1355015165052 27.6606236830592 19.8433566968737 415.04532839782 124.595755508599
8.78873202335082 9.03628957063304 6.8015672732951 24.6153621651695 18.1786255635091 5.1579463611134 432.514812789885 180.526044109713
8.63785598304446 10.338019957658 5.96699621181601 27.6093421645512 17.5695100054306 16.3134779269634 353.356059944933 126.454475959178
8.71498210603259 10.7141848710616 1.77126164940107 26.0515689252785 14.4911932028326 14.6937948008685 307.455217131847 298.378302604424
9.77770757525709 10.7857938209882 2.53031811351124 25.5419164741717 19.2367580916396 27.2328700673362 334.786002588305 285.954000262603
7.81242186523721 8.51421895938243 5.7608291701652 25.9231544798748 27.3137717098956 29.5115625555833 356.196148365515 302.299835273626
9.48975291748095 10.5781450089112 5.42591019481661 24.8631620078357 12.2964872334818 19.982381270944 369.818308748397 270.083496180383
9.56039460941182 10.4406062674181 1.24536094418533 27.7422228881619 23.0448793318152 5.4809144325049 455.601946916967 206.604942478094
10.5218557136141 11.9971592631709 5.57886147062311 25.4712598816525 13.526364931481 11.4542870191364 141.369299578766 210.302259304334
9.53859450996696 9.07878493858956 4.50998430421387 24.1787583240794 18.1815442034076 15.3962976242524 349.051422051834 260.401492898346
9.29604568946183 9.29739814894139 2.38106733384292 27.8811231931152 17.4787455915821 15.8629864637745 420.706692120777 170.309092805549
8.85303934254753 9.42298057704804 1.31579466538257 25.779785393403 20.2233161553837 23.1630315458231 337.58556208728 268.947977884224
10.6833976325338 9.8178132358149 2.72750954555468 27.3057919214875 21.2204770287031 18.9854275011926 394.363362502555 263.409322914499
9.2988176345036 8.07026834385929 6.06075372658531 23.8540974512635 14.2290293347795 10.3138825611835 342.612351147176 209.835707022298
10.5614526087235 10.5831525684034 10.6138151153246 22.3764807269154 19.370326251062 23.0216593087422 117.63491671405 330.586569715989
8.85700160770624 10.6287230616819 1.68590430007992 27.4929794001052 13.7837300014116 17.5722492370139 344.609591810143 242.61675351186
8.15744062770916 10.0494100776588 5.1374577075368 24.8588628169171 23.3920618063909 20.30749263593 340.857197159781 149.863375527685
8.90705072390934 11.3793222031542 2.02628026416007 26.9201971737016 15.687265633314 26.6248905827812 417.230073253108 239.07296096516
7.5881406257316 9.79421138963075 1.31360765378176 28.4699709707081 18.8626164283094 17.1314214742767 394.599981035019 174.844039353082
9.45387534026523 9.39448736036765 7.26616340103578 22.5060570899763 22.5836876830727 6.85595362892779 393.969484962067 220.22329292157
9.51854853029076 9.03557749426083 7.79405209666737 23.1857376835816 25.6122571760115 12.6134196711867 319.618158441405 260.073413711178
10.6555779461672 10.2350271791287 1.027381467195 29.3386739260896 18.4127866989864 12.4349575064884 426.863319362096 171.180235778489
9.20042022421508 10.6090527879735 5.80155974600975 27.3022408532127 13.8404361103534 22.4443066876548 392.362848520111 172.67907576169
10.0928086032832 9.85535066456248 6.26545636315109 24.2605986437705 8.5690932775948 12.7553678209772 402.324935186855 211.725411599911
9.0775921782281 8.88929361307497 6.46633270278754 24.2200247103658 24.910056734398 23.3061467687293 322.517543549693 267.651274364127
8.54753808533997 9.78211090962249 3.43173996567618 26.9881434831722 15.6617485347186 13.6135899860437 384.166102842898 284.920563725771
10.7963402338171 9.74715500309379 8.45448233056657 25.134833953711 20.6217018988736 20.2091230968377 304.556745798229 247.209014797422
10.4204679136456 10.2998279716238 5.25254173407603 23.5049421414334 25.5825983349103 21.3558529165966 418.106179610169 108.365101588873
9.61993053328343 9.18447358429647 1.93848662216829 26.260007208749 24.1071361755308 12.7651527371545 334.507479543577 307.074373297415
8.87705438558721 12.2283289417854 3.16733332824981 26.8631661456748 13.5294900127141 21.7370773150907 409.18040660429 237.857164556262
10.2047970916953 9.25129394032594 0.905741314887942 24.1167112901013 19.1975347514115 7.27621546066568 387.405381901443 202.998810938053
9.33170108156733 9.67555152978701 3.91876766418717 25.0928868951593 25.0852780123901 22.4510295811431 325.325664977614 277.703129431015
10.6890391262422 10.1437694588433 6.63523808617542 24.0620940533552 13.5885529699427 29.0527819866707 272.323101276762 336.909299919524
9.98051221222098 10.1170338311016 5.3787124310097 24.1361309412585 21.7612360947313 13.0104574168827 261.261598871027 320.124338489276
8.83307678923055 11.888356375043 3.61310266864473 26.8696540868996 11.3350170502499 16.1616411274746 446.641422769809 206.613983873195
9.05833978817804 9.62432294694247 1.50717477200441 27.9519728923742 28.0371962806553 22.2379150768349 295.868830290899 324.721482423175
10.9232819735152 10.4013415520227 1.4703648457037 29.6617877031751 19.7267181569766 8.70571134804666 506.091496688175 24.6445159835145
9.07012317936339 9.75384653966222 5.51474487443894 26.7599817413213 19.6712411080527 16.5447366284936 411.502230510376 176.230272439971
9.58933245277158 9.71221909143409 3.56680421092265 26.3111700444563 11.7401094620634 9.9349121059185 325.321540663529 293.144347728135
10.404800499836 10.505983031979 2.19586544160224 26.8392716929958 16.9910041499708 12.7233653206913 401.10225920436 250.166578060015
9.22508848928538 10.5927844384679 6.6266239841636 24.882044276312 21.2835317004962 14.0737192335033 323.194579803648 153.834922052064
7.87132595418434 11.7376071877278 7.73563133089328 27.2287335838058 20.6924266148488 28.7522350673014 406.468591156309 176.704261765302
10.121931090953 9.19301208153214 7.3449867962859 23.6746429194799 22.2016530848295 27.2202684887479 435.601669264187 166.514488316551
10.9648976168992 9.62796103932512 3.81994001465474 26.4005310365099 24.593543651541 11.5717411398575 469.536539234956 121.026266524128
9.54093754052518 10.1592343245109 6.09929308359925 24.7903950218943 15.75084264034 25.7542250855737 361.829096713051 248.448490616078
8.61343848406877 9.3211132063824 4.72664630691626 22.3986782194963 16.6740006164465 11.671439983353 396.976360627177 205.016131241754
10.6842068839778 10.6865886227675 4.95372597037198 25.1396715317875 23.1237222668087 13.1052143379427 461.116088020256 156.523641828409
10.3846194691035 10.2433908760445 5.68332645235014 24.0831199051935 21.4187656698471 29.6091027433369 415.100186432178 216.390485439669
10.3683966439254 10.8543825230358 9.84596036699321 22.7335012913305 15.8861188444584 28.7771235661521 316.666419995385 233.17764502747
10.3276612887387 10.5305698127568 2.90862121639102 27.21150655711 18.4508347681593 26.7079326479933 412.174538642714 157.501691901712
8.84536004495075 10.3664737095025 1.55129804577761 26.7705705707166 19.281541366851 18.7421073167661 430.755282447425 122.141182806053
9.14821193670105 9.76664832669103 9.27302921569481 23.4105236796491 22.6611841111629 7.7855821411322 462.486934059538 99.1985371510439
9.32211294978763 9.68239569176525 9.67773260463581 22.9596519215194 24.0434726447581 10.5180946764051 317.521540818205 270.021566189282
10.5792776161958 10.0222918477516 7.21335958305423 22.6080318712 14.6285995351668 29.0911658827809 295.175971584953 245.241298217636
9.49802264295547 10.3798730336512 4.73468463207981 24.4016399872587 21.9739644608066 16.336871777951 357.16340606649 271.079210703153
9.58352321591947 9.79726493537528 4.57759954616546 23.5903232347077 15.8163474697079 13.4934554489104 330.68104355625 246.815946296477
8.11114365265025 9.58294792040324 1.74860287423747 29.9157817234947 26.9016382844951 13.1816063982006 381.120340942666 266.271456010679
9.24517457960491 10.1509925634053 5.42003895502381 24.6169066207676 11.9547898118335 29.6053660742936 337.990404732454 330.163785737533
10.698494200214 10.8698005720308 12.9395298657113 20.3054154339107 27.4901512787211 10.9532602697724 420.263199679882 37.3531221149545
8.90177307983206 9.5281335388674 2.07985814996319 27.4603277953989 24.4544604962203 10.5244674566104 393.540115545834 244.136529954095
9.77392186025052 9.438988284933 5.0516866374076 23.4076923291494 17.7680035477451 24.8526250375298 322.704438788442 156.791772072409
9.9273012642136 10.4388568215698 7.75659664044691 24.6125855583574 16.6491675933284 21.313314024764 266.854365187902 172.188216857185
10.413024185506 9.83447067552847 2.30449571136173 28.2575044114299 22.488186242466 9.40026581413242 374.141481775119 193.126636793222
8.68561820622956 10.3012991071 11.2444954646186 22.7303747840701 22.6750530863613 13.0528923499046 349.410046638464 135.67966674293
9.17174337013725 9.3469936576618 2.63150921492826 24.8674684224248 16.5385065419829 26.9747586315881 378.74036225838 142.736807205535
10.308538946494 9.71555347284604 12.7371570218821 20.1463539656195 11.2685595256832 27.8442631863968 401.440009526006 252.668128925909
9.44405567406632 9.19157854636488 8.36489039082269 22.8619730899477 15.8287084876043 25.8246814350274 327.096132850318 289.818259094628
9.23054391937025 11.1718734262723 8.83387780003112 24.3347760951148 13.2057405309638 25.7780979048625 432.882984827895 193.437585283025
10.2687698665791 10.371131685328 5.46499398751369 24.5155359409711 24.6446908627341 8.92359935787983 387.872789198652 254.19458801973
9.33162761418438 9.9424566375111 0.329729358829156 29.6258038785915 21.5085735282494 5.40624578051563 437.299703825322 215.57334368183
8.40832887052113 9.61336211883003 0.843055582408509 27.8808527911446 18.5943375624769 8.07549692707056 212.267355856216 273.402181246062
8.34165658437398 10.2150326805976 1.70374531225858 27.8456789393925 14.5506565672009 9.76395720543912 280.540542806996 258.512810417768
11.0524593010976 10.358730010321 6.01503679200363 24.5807349369629 24.3473627266058 12.5443140011384 290.837971968098 257.565765939375
8.29096703768375 9.63398962532633 2.11145795044098 26.993900536534 15.7889064352181 6.60878511796595 423.327925595987 187.485670772611
10.2071768916481 9.35402148197304 3.51941665046359 26.1595401894856 29.6840993862165 10.9052891626609 494.412671879818 144.378845718196
7.67961179657114 10.500830685945 2.62273145642105 29.341650706904 12.1774645221903 17.9301918555268 428.244719417108 269.880733307163
8.46782843774345 10.3831575608537 9.31365084612156 23.7205121595083 7.55938226607009 24.9341264592857 428.661533792813 151.13961397033
8.43444765136523 9.0720064423307 5.09487684003615 24.9329400032487 23.3041487387186 12.0480559364086 388.984212923479 219.687243349421
