9.08031697431572 15.6358606218217 24.8412957533613 21.7366460913958 10.0985194288794 1.76206185753668 147.539492123546 21.5170327622078
11.3971002871991 17.9315798096245 27.2191511786627 22.5625208342167 4.33066161845801 3.64724246484846 171.312161541362 15.2046017200827
11.6964169955883 17.7578248316269 22.1982493190507 19.9541838533135 3.55263292474863 1.03320024520182 50.6888750974157 24.0319554612507
11.0544824898355 18.1761515724028 25.1811412094207 20.7541655895398 12.8589561177379 1.38283857626835 190.675739084302 8.66125498608841
11.4833113669641 17.8504947730131 25.7010815051867 18.5318774151154 5.80387986171851 1.60636053796959 92.4489816148563 27.7246513573903
9.77803591890807 18.5362162381177 24.7022171975885 21.4257402911347 6.1663438924805 1.38561609404101 174.491114886588 12.5583375002392
10.8058093614396 19.1229913272552 27.8972242163119 18.4576179588796 7.1364513722238 1.40673217529648 148.209010954939 31.1831491075361
11.4237015845623 18.1358694798137 18.6920617350509 20.4686798872315 19.523842550572 1.35434172440524 143.005488392797 31.6735784763478
11.3570515994517 18.6439251912875 21.9624598127227 21.417934928153 15.8360447542609 6.13631026662068 153.614195716992 20.1038859448719
9.48210418827831 21.347395832894 27.513929992722 19.2864296374004 11.0793435080716 2.14237874169999 95.1491184582054 12.831261160812
9.71715359606491 20.2719790815906 26.6385963044479 17.5083606289199 12.5245352972758 1.12618136743769 93.5994116591929 14.9758277819076
10.0761462507259 17.7450073628451 25.4280229788937 21.2612632724221 4.49539159228369 1.44463374863083 138.938158186487 24.9966733417354
10.8542238762725 17.0529253740273 24.796097458477 15.9072020936811 10.5746060464463 3.90952634433423 93.2912959102106 30.9274870753931
10.2384645091237 18.5306346276329 25.1342417655641 19.3318292755166 10.9267487296604 1.49752633507528 103.731837798252 65.0537248374225
10.997041224512 19.5013826088336 20.8002263446583 19.8002353150398 14.8856088053943 1.68569587387515 150.783252596653 13.3349234261231
11.9378456743812 19.8360122926253 27.4691767114559 18.5277403373466 28.9420455788004 3.37084340094241 68.3893328887744 21.9074453351283
9.92346901682155 17.3018487536057 26.8363920690795 18.1478869663656 9.79191791537515 2.8277942844337 116.566971800652 13.6168993903938
11.5713795794046 17.1288631039971 27.1967931925366 20.0709253402631 9.97779043209285 1.29313585052639 96.0743066187879 24.2584083061902
11.2930914017511 19.6555175878625 27.9188594752997 21.6384232015444 11.401776284859 3.4331060356489 120.76693688623 39.4873952666006
9.90026441904851 22.3564369317779 25.269562092983 17.1350878623548 15.0575285556351 2.25542178656779 164.896418203967 6.27532564687511
10.0727887549373 18.838880329625 24.1192545243579 20.958891747946 12.761856121983 1.17210816816058 126.084154864454 51.554814000358
9.73948877257024 17.7253832757185 24.5191165552043 21.7037507281672 12.6728709518701 2.14705615051762 159.75167593954 12.1156558796504
10.8338449243353 19.1504047728758 24.9694141489388 20.677719491317 12.3154046184366 1.32309120660201 139.859834694283 10.3666211880801
10.4788252464346 20.7977915054219 27.8237002019208 18.1701195453298 16.7001833959626 1.92022826648322 107.849321237704 34.0648740567747
11.0298141857186 17.5634831922727 24.1805344480012 17.3682804088823 8.54539927528693 1.81177375907644 168.224179743124 8.81174019444469
9.95440171763921 17.2261763918394 29.9152809424653 21.5467841803655 8.780813184165 1.1739412080391 170.039846911659 8.94416580220639
9.90991412763518 20.283865681723 23.3900907344416 20.7084215448839 9.33812570794173 2.00374628636662 125.699002985343 22.1068028391433
10.774066635286 16.8611853687839 22.3877629677739 21.9388837058661 10.2371550137983 1.18412872006102 158.373521959096 16.424076042562
9.6884071797299 19.0970289211516 23.7785124656317 22.7163839098265 5.20370675737891 3.28858768371707 135.951426655466 19.2266712928027
11.1552852381328 19.7633468337777 24.669565631591 28.8877933853083 11.5186375447622 2.74403223458572 118.11587590552 18.6071693304039
9.89970575315521 18.9439708147944 25.1846714912404 21.9932650452037 11.1151978166272 2.42245573813418 80.8189306590977 22.6985348999326
9.64925978705378 18.2253644371854 23.9360901331723 21.9534045115003 9.6786421697261 2.99522565958989 104.152703654918 32.6710463536536
11.1648863292295 16.4716665404216 27.7805301674454 20.3812569984303 7.07644468477991 1.46949018586237 188.553992425872 3.94642894829189
11.0917170402564 20.7806501984809 27.2890150233137 22.2458778767307 6.30535555777297 1.54688445149991 136.378572512061 34.7843859641492
9.78919277316973 18.9945628586801 26.1104835278584 18.6726715841814 10.1553259086425 1.3053481161481 119.42417488222 29.4353027005443
11.7492758522363 19.0241472812462 25.1334817609378 17.8159194507127 15.7285712439284 1.68714921710342 116.737916884182 24.5052444114315
9.6577131836146 19.2060121456245 25.6767627317364 20.5930335484149 6.19514628417342 2.71974495873061 201.975061311342 7.18059302375215
11.1684216849149 17.4166483320623 20.7194827995846 23.147090140852 5.06366574938302 2.33278989561655 170.790169146188 14.3032496538089
11.0796127270229 18.1892646043857 23.5286566370201 17.7338026899852 15.1431498800944 1.54775720611859 128.652001335376 33.3512768738518
12.0832170042108 19.7731508622416 25.1106913207588 22.5793828527128 10.7447391188108 1.77678307764634 109.155561109389 29.5402645678773
9.48465024981557 18.2604332860106 25.8085846055588 17.2671330679763 10.0524735082106 3.1622112219511 39.0362542328479 32.8410486113472
11.2625945703681 16.4391798453769 24.9734558953985 20.1982388853606 9.5592187120764 2.33289581937403 104.453116176196 10.9057018707138
10.0979155794043 17.6805169398271 26.2922700366874 18.3685986892398 13.1287303437834 1.50046766718175 140.723888939282 31.9103411359632
10.2048073553806 20.9918491834951 27.7137658724541 17.5191395766172 2.81960347558498 6.19799151772536 81.2414218924538 7.96069231316078
10.6575277391714 16.8547779845565 27.8953190093439 17.6943774497056 9.01041167740735 2.3862346499013 122.774822335425 36.4105171689865
11.9197675299048 19.0917530861311 22.7860499216298 18.0701303852521 11.8130053668567 2.66936185604858 141.79549729236 7.17658788881115
10.7559856881847 19.7059157820287 26.7147397851192 20.1770345230043 13.7406092579765 2.32287551656885 91.4301672030252 26.5211250515888
11.2396249462667 17.7079821802794 26.2587645502323 17.3558704403958 13.1464349074542 1.38159595111506 165.993194545932 14.0689713330219
11.8117345621877 17.8876869797009 26.7149719038686 15.5921856252241 8.72669724113406 2.36245441753851 132.405963457322 41.1095023534321
9.14463251499209 22.1583653131662 24.5179373448264 20.4893376677155 7.45153254881211 3.08321191959285 128.926556774929 25.734877509027
9.58665535861683 16.3868174034013 25.7087774975706 18.9977876968058 5.67915078245404 4.88888312417585 216.744920820018 5.0686748155975
9.0691443491449 19.1553322740323 27.1416812157011 22.9005163393506 14.7381397170353 2.39194264549071 116.038315992089 11.7901161825559
11.2809120582035 18.1113140943893 26.5714403133086 16.7312756546762 11.0670882789047 2.80412690062108 106.738585739537 24.6181098352709
11.2273999567894 17.2308342059572 24.8158919677972 19.4980690957272 10.9263906802162 2.03132162586898 106.914195128664 31.2884688771406
9.64004902001968 17.6980140281755 24.1638579388687 20.2126603382458 7.36985641160081 2.26696534540268 115.715444630474 22.1201004445341
9.98131778699391 16.9300067550778 27.3114130219269 16.6377232080283 9.17217649484734 3.20247297059155 75.7873217741154 8.61527572518177
11.2756076314651 18.2316575358285 26.4263336599091 16.7778230352279 11.5907608678198 2.73533490884853 127.003061112462 17.9681278053299
12.0578024243097 21.5461619472842 28.6562083987977 23.3478353396273 5.21955102320708 1.70239921093316 114.539138894365 35.1552479565914
11.1829043218152 18.5730245278112 24.7336752150801 24.2802757020712 10.9780772190495 2.93341695655461 124.436444849521 30.0257670238973
9.47965947875164 17.9308721153221 23.2960832310682 19.6803954183639 6.4251480196013 3.13750668494122 85.0768967067447 12.7685991751618
11.6322214683891 18.9072034260324 27.4512007370382 17.6769215758724 11.5612126848691 2.61575889292533 102.026320850229 35.124507334944
11.8370424885238 18.4141483525027 26.1978450164109 20.3147354538256 5.90239175242338 1.99571105866959 157.716298295433 26.3200205025678
10.8943981831429 17.4452409675119 24.2830796419773 16.5872677923341 4.20081319806867 1.39353535865559 166.321389073212 22.2743460865952
10.9093148900554 19.3736641774808 21.4278960113087 20.3044114901839 6.73547519149314 1.99821957066269 134.140541681696 31.8186828808815
9.86544988274456 18.591802218794 22.1207285551654 21.4583709431171 19.1716878140706 2.27337304979305 173.523907056725 21.497841477928
10.0277962279409 18.4966894802705 25.8837772886877 18.8032857284614 9.30114989474563 3.00159132944773 147.507136242813 13.8074152554461
9.78913344695441 17.8087602752104 26.788477851749 19.4369681775458 8.31654141908487 1.76768318326061 120.588127750205 31.6071103427743
9.54244469782359 16.9769735383304 23.0305510383551 18.9860418623898 22.3907173366112 1.73063733996158 131.387292740807 17.9625162197164
10.8755578184158 18.1190949704742 26.3454530301383 20.9931393185185 16.4844858805916 1.63773087368497 162.929624376958 15.3274861873801
10.1318064498883 17.7574674626094 26.0488072213893 17.0337424390988 14.3952283423485 1.59102500939556 110.368577268028 17.1672968909144
11.3863432144009 17.9122173137489 26.6122484225642 21.70835070502 9.55755081534869 1.66862233501853 153.815807109315 20.8261954117401
10.8199758987223 18.344938909128 26.954880621565 16.8306599386494 4.94089205651023 1.32114868886905 123.906456780744 36.738925123874
11.1565171189777 20.7389582639253 23.8893947688631 20.3373158643175 8.65294026654025 2.66327588530069 105.902811304014 18.8883604720968
11.1757435471581 20.0092543643432 25.5368594906834 18.1033297510427 13.8025774244543 1.83753513005478 110.801077630348 24.7753573954747
9.55569462753862 17.1510629037501 23.7164646555455 20.9933504759301 11.3468256651175 1.5334197621378 164.066569257306 16.6541695695501
11.5190161581298 18.4511145885508 24.5027549948586 20.2347968913632 20.6619067919152 2.31352979871517 192.15350466891 5.28410019853343
9.87899899023063 17.6615890822029 26.9437224986124 15.5026725519581 3.7741165049535 1.81269557587136 146.255824307612 17.2461138413212
9.79972806968166 20.7867587852812 23.9529086035487 20.7380394210217 7.60095922863208 4.77959822357281 98.981948539375 13.6666855198521
10.1291796041934 17.90246995415 25.2957572734899 19.4998746587653 15.3229300718787 1.89599682960669 192.581994148546 9.40013970360855
9.89957356439104 19.3721860673623 12.8672878055331 22.3422801286992 5.36022542079677 21.2496797908891 66.7994671367718 21.3026749472112
10.0872740570165 18.0876420457046 22.6266493931841 26.0163930997294 8.73299604164431 4.83359274860299 171.315427321126 13.3619610093147
11.8324154587775 25.0591219274637 25.2566395784303 25.0519813177234 19.741868443661 4.97175129990117 117.783247109597 34.4512579859748
11.2887811881671 19.1228091108709 23.2627039001157 19.52642733717 11.6515648218492 1.41570436506097 172.196437500237 16.3372873112577
11.048000424856 18.3060683344717 26.6307644365081 16.9602200303998 10.7099403267433 1.65897446862678 145.226837980299 14.9109961546102
10.6422302059454 16.6598594591369 24.9214307915714 20.2792200429115 1.64158735012351 4.09687312649246 84.6299195353355 17.3264338890529
10.819814796437 17.5804724159704 27.0226708323428 17.6155283402789 14.9063172533754 2.89228197419633 98.3468149146737 26.3483070161518
9.3183066045101 20.6896733301582 28.0043761565728 18.662816968983 9.2942273335805 2.49044804109789 176.293702009259 10.1614206200298
11.1999636508683 21.5039780927331 24.7226514377038 19.4142132272604 12.1399725295917 2.6260102962282 127.76621270732 19.5055275919905
10.0370521350615 18.8898113788904 28.1033425732367 18.4402256617824 23.4413814843017 2.7058494358297 38.6888264607812 49.5851561612062
10.7408670207917 14.5412731275377 25.9644386877134 17.0161122287744 7.98791804935672 4.4014388732685 169.048705524386 10.7043670162738
10.3253863167814 19.127272113934 24.422261061816 14.7259058419739 11.2793974648079 2.6766519259167 99.7927001330999 4.21535469594064
10.074094297929 19.3505670866878 28.0274997517326 15.9089481170108 24.2080757077259 1.52472377687336 92.825108808428 33.9250490194493
9.55872229224768 19.9267680400085 26.8472642662967 16.7749671784258 14.9005759803228 2.97829748605621 193.824799406336 7.81230324919325
9.54032165381746 18.2708929303417 27.4294002443608 19.2446308983097 11.1163621197228 1.98643348575321 143.246334705139 22.639960410812
10.061316208272 16.8661366259344 27.5436252042562 16.2501512477683 8.23050952055602 1.27650862371251 167.354290411232 16.8878668347245
11.1703000121746 19.2315540470314 23.551816251511 21.440688579514 7.47571788299568 3.05942596630662 163.794289423008 17.1154500532789
11.9619143398736 17.6923296029132 25.4095964743694 21.0438649242562 8.07500626140779 2.058124029211 125.374336388911 30.547559330596
9.76257749766919 18.0249039875514 22.0855576180341 19.9340554895012 8.07930877022488 3.07231286986864 124.30016742238 6.06499398210043
10.5971198231543 19.8769733837823 28.0168985163981 21.8869606910809 7.79849075178462 3.34923209410548 146.667959328701 20.8678262742802
9.88341506344339 19.6756412833317 26.2191043191577 16.39814082608 7.34638701161255 4.07791359764693 172.153677391415 11.5570406964215
10.312666612806 18.2945700336664 26.2025043013165 19.3746870384527 11.2914070149646 2.73663587027475 159.014998954564 22.6279477919124
10.5198446234111 14.0820072736068 29.5591935848324 22.0526860518824 7.62520092118316 1.64284603608317 52.6938809917599 80.0519136534104
9.59873293724854 19.7515991333681 27.6889349938529 17.8678698208119 18.7034467958498 2.36410259870912 105.770361711076 38.1133219850043
9.13519768983661 18.7871275676934 23.6608545047187 20.8338339525679 9.94070146829252 3.18085890612214 204.797073134686 21.3297113497152
11.2592851363702 19.1859226748468 17.3992550800218 26.3477675928752 6.28550544058466 1.71838397756081 118.582034208208 27.1228476165053
10.3591492360482 18.3419172454121 26.8711541752285 17.8048202231889 7.71378949964581 3.14517545958307 165.737533111174 11.2288398976009
10.2292829301447 18.2081512282575 24.58689622186 18.5943223168479 5.59515935069469 2.58947956026764 159.538113011405 15.764168559981
10.0457067189147 17.6136131970775 28.8252203879461 20.3273987143633 5.8813829182125 2.63736351767825 169.908180470272 8.96276165222178
11.4181639118881 23.8212377638692 27.3668472374905 17.9666353039148 12.3015721760191 1.49606793503948 110.282505945432 33.6207299181034
10.0084407675012 18.3447585058298 26.5303918837525 18.1310515058144 8.75648082979893 2.88793790720771 85.216287953721 26.7893728612306
11.1365563367989 17.8936514125615 26.7592936859266 15.400618026806 10.6978593061324 3.31215967825218 152.210135337254 30.935625501562
10.4337387722831 19.7361810457461 24.1283965455631 22.7714222702744 4.56054836969071 4.04365394903917 159.671033029003 15.3421726307488
11.7762766166096 18.6741377228903 21.5492882136509 19.0132695506532 5.25972070153222 2.06337359879118 223.896042273713 1.99026423243924
10.1874627055519 17.1340108142739 25.2693984839203 18.9098971276495 14.8492741982005 2.4484266242789 171.826708928966 13.1085403850368
12.0592315266556 20.8126511869751 25.0310907831717 21.4672073162195 10.4400609208292 1.6075878083572 149.530526630852 34.0691855666999
9.78756911402352 18.7664037445736 28.6223755659563 23.6204221704394 7.17092971737217 4.35683862874809 190.022143471065 14.314282520192
12.4006612108963 19.6319885767086 23.4441053055461 21.0242731149088 8.68562916620415 3.70650280976858 161.133643495372 16.0870931066133
10.7621501942468 21.1973473311837 24.0696034577971 22.2449295943633 10.374043041087 2.35566584022114 75.0283994143482 17.6028493089804
11.1853804394916 18.732786211614 17.6089799627855 19.411605018924 16.599442149256 2.54497728774321 127.726688127445 32.8947822980166
9.68033038885056 19.6704817847873 24.2397962377481 16.8533816914878 8.11507477659226 1.60384833568208 92.8465327783698 12.2060103728232
9.99133101832026 18.2368479023012 27.3946492545715 17.6611186372513 8.02318600629892 2.48986969563675 157.991305928671 14.5878654262006
11.0117279543563 18.0830464979241 26.5211479270145 18.5847950715985 10.0575143263482 2.23831588094927 113.411966784827 13.5074124859019
11.1588519985513 17.9724290522144 23.9972721249221 24.2712151331029 18.1998665705609 1.64942201727332 122.731965572558 24.869688231349
9.87423127953657 18.1230161407717 27.5137282394727 14.4889322547364 9.54933481583233 8.65726818990596 117.642704205396 16.3769967200546
9.32077190736538 20.4900784293912 26.783072737503 18.0458147808458 6.5277959233845 1.67776181581544 126.163288164905 5.49563950263887
11.5269393272446 18.2711274993369 25.1917574493831 17.644325734884 20.6455174193636 1.61875038083093 143.833868665868 24.4124412352821
9.81081792992832 18.9165168959043 27.6837759118526 16.9780560302858 16.6959543580129 4.05650019600592 104.484966025495 21.7761557756559
10.0609965978584 18.1828015295208 24.2304045990532 20.428152689157 17.7563248615422 2.95075532053065 147.330925877984 19.3157080615286
11.5166401857388 17.6536832379538 25.2122802606454 18.4551073519384 7.43244358479013 1.42773316776494 106.538748485859 30.2286820197152
9.78895731081867 17.7237132980768 20.9489214221385 22.6162032657144 9.23368336200604 3.39210728236043 113.630014569389 27.6180867635044
10.0790504764409 18.2180434521403 27.7815684807217 17.5296630371699 18.0492993279136 2.02940579627368 77.8476969352194 17.1851972773579
10.2553078438258 17.3184083883878 22.5797086961856 20.794821673242 4.63014907213615 2.52614704302128 116.445004715975 18.2294260223826
10.7503968682612 19.2467095022851 20.2099354106396 24.43008633649 17.616939139995 2.51881181270082 163.554037614741 5.19042749119162
9.94231368767975 19.4311428470271 26.5064446746346 17.2115706921106 17.8479850301888 1.64640924704418 122.617778009219 30.736179838077
10.3380394956473 19.7193584758789 28.3302252670547 18.7737598566722 8.33094504195978 2.11372958840196 54.486180482091 55.1984298002004
10.9336648335022 19.7572084255725 27.8160670627228 17.6887759283314 6.83302055604592 3.44831259304032 111.975449407727 13.8655466293565
10.7504158515676 17.9087355844646 8.63930751881181 27.6506929204058 12.2828889640156 3.70758945577991 107.539103984993 22.5341535077255
11.2088435528107 19.3021028258454 27.697488967468 20.5946549129834 15.1413473235524 1.74823314508377 99.6625994762517 21.1309998423406
10.6737609519037 19.6277865974796 26.2694202607414 18.5610194124471 12.8642940901026 1.34979349491961 185.746281968644 8.09365793345678
10.5957163974693 18.1444628168392 26.693083772935 18.668647725206 16.910101246383 1.6072802036749 141.977398752515 55.8416740632965
11.0399684293177 16.6699015439357 23.5486331691971 19.003107366939 20.3360423903612 3.45899046676305 103.779131382417 33.8851036682608
10.4637947049466 19.1526603377049 27.0393087103983 17.701972464247 4.31559588971491 3.78777936418417 109.136415076139 10.4221309923661
9.91432253104105 16.4339750065045 25.919169240343 22.1295508680601 6.82476938617351 1.95076883014161 134.89623259624 12.4852865500766
11.1983348312606 18.9708185510305 26.417087847789 19.2822674382715 10.5656351913473 1.54900621048099 142.979523183901 4.1639315686938
10.19480582585 18.0664896203089 26.7625422664434 18.172436647566 10.0094282353119 1.18728036311266 101.038778398219 39.38038267944
10.1508832362039 19.8799593383044 22.4579170470097 20.1816601161538 5.17653013631631 1.72442726512964 122.94279622742 11.2381850979142
11.4696667868501 19.0178136415492 24.289989136748 15.4027976832328 12.7070063129811 1.86484289025827 137.932908464059 24.0351876688472
11.8884037727036 18.177195997535 26.7844519278174 16.7619747933521 17.5642758171141 2.71781374403262 51.5037017960244 30.7583372849449
10.6281825180932 17.0101724832377 26.4489735429042 21.3341740961938 4.47539091755742 1.37236304300861 86.6865123395139 33.3167107698011
11.5257887028989 19.4368962069655 25.2658814589258 18.2526425692446 7.31101544527348 1.9116105726128 121.972878083516 29.7277572257211
9.76044191229219 18.7618763832256 25.6119168523934 21.7014988760106 11.3590799885713 1.75403194738477 171.710304334189 44.6033036817961
10.8534913905157 18.8897401220658 25.0522370124066 17.5340868814111 14.0270154470629 3.58434796276116 134.555978485814 42.3143505135165
9.54277562700744 19.6555766415564 22.6368839766646 24.9713879752069 9.25459749515621 0.666961459664256 93.7261747673652 26.1038945275247
10.1740480049185 17.6772092328894 23.2569695979568 21.9918539286929 11.3082265336933 1.13806819614024 148.593638652669 20.9872405089473
11.3302437244668 18.3062821157902 22.9369557799366 24.618601655321 15.4578047568626 2.37768273377986 105.486838843935 30.9777944987316
11.3196712729473 19.6326573551859 27.0242021078195 25.0077270840172 15.6323325671179 1.29891674270512 29.7733793576594 32.1710593122475
9.69236612818787 18.3801762580213 16.5713990565469 22.0055888501723 2.50979772714243 2.21387132801976 145.997871600737 10.2623356609451
9.41378509146317 19.5089170452712 27.8491383981261 17.2212457669779 10.3339619223298 2.3358087962795 109.270320135007 22.1381168082616
11.0255716326531 20.3675672691309 20.9596401020947 23.9536016099433 6.19132523143766 1.72418989627962 142.929773449511 25.4542885869836
10.4367390234186 18.8568339936011 25.3287988442369 20.689806947945 8.74044063239691 1.38703268743268 161.849093797125 23.1919337403539
10.2107542822172 17.8368860643601 25.5311006316161 16.535041276032 13.190941211513 1.39657956150441 178.551884850423 12.6477642208216
10.1499884492841 19.92686547622 27.3804273912909 18.270493724341 9.62465854067767 2.43709713314176 113.602453154985 35.7927594302918
10.9136943996793 18.058116037827 29.7434536922431 19.5727580863739 3.23320165844269 3.55759481553992 172.57697962899 8.00040117748947
10.242496930991 19.2847191172587 27.2710077775722 17.8096695999427 2.36998823366673 4.40020701270757 114.605500251167 28.4918788163473
9.80007789015496 20.3833995833394 27.3651034025164 17.3523855130515 4.99854966335939 17.7367207345572 102.786646017304 25.1536394839185
10.8100563824111 18.0672858390594 28.0922728635128 16.3437390715093 11.2607021541626 4.73225600716712 141.357867556371 28.3602466353099
11.2806680994291 18.0268788175768 27.584165935176 18.5046772716533 6.34964047815687 1.34466156882592 120.919395109118 23.510532358771
11.8112425016407 18.7270526322939 22.4088859903813 22.0402656550031 6.33626542670047 1.52531276382867 109.446247578682 28.8445314792884
10.2331955736994 18.6525203426488 27.7095526192158 16.6978353603861 18.296399739052 2.52847419956496 147.769381626799 24.2973977465607
11.4642909827116 20.5933396312525 24.9974881532352 20.7402067658595 7.97649971233288 5.1401533228955 128.855290109217 31.4329339812722
9.83720836793082 16.4407431870119 23.64385964985 20.3774977677614 13.7751194283983 1.91368149877389 142.245053940458 13.887098623907
9.50567734801687 19.2019635912474 18.08521687449 21.9540412769204 7.40372722996873 2.92061075591401 212.318845396679 5.31586731958813
10.6717314879714 18.1817784048399 29.8783132599852 21.6167096676172 4.43689800752786 1.11179859452795 162.897560597827 19.3179433038867
11.6730277538063 25.4660558450986 27.3031176598747 17.5866448320983 14.4737393332254 4.9984086350488 78.83897538193 13.158751584984
11.3930611273002 18.4107288979738 19.0886735266516 21.050538578098 9.91525669489176 4.45204974148474 166.801087833989 13.3580780068645
11.2049388693021 17.7537981356905 26.1795966769983 18.264774142394 5.41355955888087 3.1647207392313 165.045485201345 4.34947649600583
9.23137829195251 20.057475245599 19.7705863312029 27.2549241581289 4.63452547302043 3.81472356651829 97.8899707192226 21.3273004549029
11.5999829038478 20.6235900824523 27.2023224662662 18.120452699609 5.1922089338393 4.53961232934664 146.546539586199 23.6650873795539
10.0499419382633 18.2769275061435 27.7807888558652 18.212670358911 5.51251369219401 1.18752359019372 76.7974244375871 54.6675805588093
11.347168713194 16.1099732826175 24.9234141271288 20.7206352949735 15.0149203819507 0.914852685110138 164.499429285636 13.8405659110866
9.65003352598467 19.3871657180426 20.8021662607708 20.4860344297545 11.1125852532377 3.9446700950441 129.725261851947 14.3667122244205
11.0791897780352 18.9495890906162 17.9436996650818 25.7175243068492 16.4434950276137 1.91279799652414 169.26989935358 10.366493639916
11.4459908775124 17.4771623912306 23.9395513049315 21.9568533574224 8.0584046025831 3.5689112256463 165.444925227224 12.7680140242988
10.367616834042 21.9209991182031 23.5849743173884 19.7285755636524 14.6457719378933 1.311186327513 95.052522099318 26.1717849784007
10.8107913464012 19.2219213631862 25.1756047968569 18.8479078288223 14.3039328620097 1.49377504230601 152.695971019202 27.691694704423
11.6113019557075 19.7289062738458 25.3753439995078 15.9152509067039 7.96961833160952 3.54667044321494 137.08227831923 6.71258695414196
10.064401803116 20.1700193155329 22.0926874456252 23.3417668337109 11.1692102841439 3.14389569767541 113.567485533639 13.3955687237985
11.2136628809168 18.2840777274282 26.3067698083168 20.7460061210189 9.75445466222027 4.2750498942164 163.531798130946 6.81936165742488
10.2075641182692 19.5779550937361 18.0734165873843 27.168588909438 23.4776228827739 1.30988212283238 131.932506281146 41.236946992333
11.3252545526246 17.7886631837819 18.7942722956313 18.6568399194812 5.65821186735056 2.19824798963524 199.633926198623 1.84295365047814
11.2422688543332 18.7359557956284 20.9983066373126 22.2036361091313 6.44828129027555 1.52786074906003 115.394166621567 28.2858484411136
10.1868902049427 20.3963228309669 21.4362743461047 18.9858212207777 11.8206787339186 4.90432812938261 147.173544804795 14.0653946864162
10.0276103626258 16.9293652895815 25.4827948748282 20.1737639656815 6.59228600468944 1.36792781786094 138.336742059003 39.1637820299417
11.4237271229404 19.2289941040622 23.6972707573693 20.8042065842868 9.47862401801617 1.94489108751442 119.064836639813 35.0510698609304
11.4970613053881 17.8668647932249 22.8531762949204 27.5191887898658 23.5507280985929 2.43439765127393 73.4517415367649 21.5370753461389
9.54010694845139 16.8837624988161 26.1778416217187 21.1068938845985 4.32691764050452 1.4471952792419 108.218632864376 0.610296016554683
9.86657718153153 21.7095489810656 26.5954753016731 21.6159538261201 4.16858453818349 2.90589441051359 170.559900423395 7.29348924497756
9.7272903835478 18.2569863093342 18.2608811658484 17.4768981618782 12.598972852756 4.31054426244061 154.943598885475 10.9732701131414
11.2077204097207 19.7363475640287 27.3558641015432 18.3761194159353 15.0026437350659 3.09971234358531 107.950129093993 28.8162295825074
9.74249243284318 21.7980535215396 29.5171023243551 19.3333053364964 8.40589276532654 1.73175212566521 176.935674099062 51.4198957557506
10.7319038074652 18.0835642564671 19.6586507886301 23.3547895177453 2.94543348706408 3.24425034015186 139.962784892066 14.8032576162692
12.8666806406246 22.1105822534241 28.4812068559631 26.7611300290271 29.2558563316985 2.65951938334789 111.725326198313 35.7567693140837
11.1041258581754 18.0973644002569 20.8293358403681 18.8937796317533 10.3680446109171 0.931480867105065 147.420974712282 47.0634654082442
10.1076843095939 17.9859407804288 22.4380839979459 17.9174883452215 7.28214573953117 3.24158401345324 170.421891634548 14.535472379776
9.75785763268536 21.5997847544911 27.5294894187934 22.8638614955894 7.07976129848251 2.32565423027919 129.658985884239 5.28077834532239
11.5141815014455 18.4283889659769 25.0035409480389 19.3436813839212 11.5149884285961 3.15453298340906 13.5615763088106 48.9910202523347
11.154035844285 14.3161461404212 28.4509980805398 18.9023063409823 4.46146881934868 0.942170894476237 86.3102339597475 12.9941680415721
10.7237775841945 17.5597235270469 19.7130662391822 21.6053131303175 5.34605199982784 0.672215676664319 159.421927606367 39.6726382988541
11.7340796652114 18.9362131561117 25.8113440073707 17.6860625486224 12.1950070004802 2.45961230079897 138.131330492574 11.1152610994835
9.83489552796165 19.0692194164079 27.5592125373964 18.3989046921848 13.8674252352474 2.07482026766114 115.704510528398 25.2438071487281
11.0071982383496 17.7828263095313 27.2732551594187 17.8919233032791 4.92667173750257 1.98452852219829 165.469393250978 23.1002781128366
10.9702355848351 17.0255623638798 26.1477614750811 20.5189500007059 11.2076683793838 2.51272653991397 183.44560342344 11.1754597303625
11.1109328362952 20.0063458838262 20.8121225724149 24.8558049243435 8.03359606453345 3.71312452409738 150.749522785009 17.6438616462847
10.4976720921131 20.3832945993283 28.5876647349574 16.5729839697897 11.7799714873061 5.62091320063238 94.6920447395235 65.4261975509449
9.33117502383333 16.0900270321278 26.6789233203337 22.1501919160366 12.8169216479622 2.02251830852016 130.564089370847 41.8354485172549
10.4214589364881 28.6666729187883 25.1460079510986 22.1601820144555 4.15871874445346 2.13307549182122 138.795002238882 23.8513284319833
10.9909435443488 17.9389841401017 25.4279487073259 19.6959547660806 15.2996327274857 4.20312497745236 164.562590345812 4.25766981123851
9.44190422078165 18.1068961072444 25.128623029066 19.2747470283432 7.89051936858708 2.07599544058551 189.624578374321 14.5494301693831
10.5885004383717 17.0504904619425 21.8939006076852 22.1452309715417 14.5594975710588 1.5480645810965 158.956868526589 23.5735994928631
11.1277079180324 20.165083839893 25.2069902876556 17.1413284293421 12.7429780892268 3.23863708908534 143.438503854618 24.2728647624574
11.0779749279232 19.8795476321006 26.1516178416928 23.2180503259309 9.91436345662033 0.932179655837295 155.055629606368 4.64083857684224
11.3401995578981 18.6233971457137 25.449041311788 18.6431397201985 10.9450358169546 1.35435887920099 181.273684501876 4.7183034620682
9.96551767738854 18.8323248867847 26.5594899938768 17.5744673235928 2.84749145764789 1.31637369053436 99.1287316902857 9.92995783754691
10.9659858038444 18.1699849335071 26.2978090469096 15.7562604204122 5.85594793896554 2.11872445139546 118.502185773342 31.26328960099
12.0125347545757 21.2640363633582 23.9118988340688 18.8445374326337 9.28530666309236 3.5719319778196 144.626856614126 16.8406539218166
11.1295161994994 19.6733100602276 24.1841590836373 19.9301186134756 7.77970632093094 1.57190811121243 136.281163000805 26.6426188052368
9.88634900039993 18.0204875055913 24.4310600302425 16.5340945644139 7.8487169957722 3.03415732188673 178.49095433001 13.1772580634984
10.6585442406699 18.7588350529477 26.4635232758333 20.4859438574861 11.9483824943519 1.72313004641676 120.938235315318 17.4204745098919
11.5475589247929 20.1346831810851 27.8124367818142 15.6836764799349 13.5387905142994 2.71148225107871 123.133711899954 40.3071514114113
11.0586734627513 17.8117073914914 22.5503063028828 22.3908725661152 16.170236221568 1.2017245354067 127.802795941796 40.6382339706429
9.91240073376809 19.7436141477626 21.0538565043877 19.5931741611955 5.81157988459362 3.51055841232132 187.473440944088 11.3397966369228
10.3413602419324 18.1281826331612 22.1736868404719 17.9215631805525 9.86867803036724 1.68708375609909 172.923644489943 18.427155977138
10.9228290144504 19.886559024801 27.8010615248748 19.796155717549 9.34582921626072 2.81751012419474 164.444624185244 13.6619956176461
11.1822829585563 18.9855016477566 27.7730450806794 16.1610198346355 8.7533392994349 8.61057555516305 163.994001645761 14.5704571579849
9.78733896806038 15.9471729224479 27.7858678414288 21.414494400343 20.5287424435565 4.72115388610644 28.4504246346598 29.5635339062489
10.1025679452255 19.1202756380537 20.4811107985585 23.9478723324738 4.71386712586455 4.15004768997873 173.040314466585 20.8331135780243
11.4154363843579 17.8383732787398 27.4596339341487 16.9060875723637 7.83533457659752 1.29334963438816 105.988888836091 38.2153118736418
9.88282880946907 17.229439005436 27.3714340228511 18.0449916063335 11.9998981534462 0.488081375206117 100.112679880366 16.2865052494669
10.0224814142304 17.6973853260726 24.9529332088306 19.2575822115027 5.28725851677727 3.48660276524796 171.06436874301 13.7232724226851
10.6406270881275 19.9300653843129 24.8493461164179 19.8362406739947 12.9076310866809 1.78314539051634 111.094248502854 26.3468071783304
10.1104272100394 18.5991682313204 27.4304392086557 16.7531163904278 4.96495118332814 3.64949121054711 88.5404638893992 19.1428753835975
10.1917072987215 18.2508763757864 28.3656458018627 13.7568074214958 11.8941730073414 2.72081791024652 129.849938755811 24.4650935081406
9.99665804135723 16.9619924474383 27.4212113159959 21.3800525187793 18.9320892062174 4.63460391715985 134.374430453911 7.59913265065649
12.172764509841 15.7120294548491 27.4075110828993 19.4650324904384 11.4106677777317 0.746548207398395 163.991808326099 6.14644139224625
11.1704698679935 16.8978301289055 28.3120552264571 17.527281628153 17.0521244867253 4.72476486668794 73.2545324161924 13.5100202349352
11.9652167554577 18.6963797843287 27.3018672883027 15.1374816915838 4.0079913368291 1.89041690517812 163.524436496159 6.25317886458176
11.1459615004418 18.0772201368439 26.8459926271679 18.5610816779462 7.37422198403284 4.12066982790859 108.938534634013 25.1493893288687
11.2246129951138 18.2419350082122 25.874402464952 17.8720278416258 15.4216530847136 2.12829625516771 140.943083341386 24.8870030736314
9.9074279003392 17.4276956961582 22.9619814104252 16.996489816897 5.02264644316032 1.03702784936069 140.636877263298 30.9654476839554
10.7567826092995 18.279345563006 23.6906043480748 23.7305349088117 19.5886157537397 1.67517039378327 147.950778170741 30.6535257994824
9.90074044245395 19.2414972756129 22.339354959617 23.50591851729 20.6890444181865 2.24230011180938 98.3007489143227 21.658123835591
9.46142950359467 22.947130664237 23.229028990231 19.5758071940971 13.6408926997901 2.12346743629483 111.524568506226 4.34984286575465
10.0750688455027 17.963349021051 24.4733568513735 20.970706252163 14.4684304631694 1.63226968871717 175.030905490871 11.030591490916
10.5881775280563 18.0818761681562 27.3517860417758 17.6173692996346 6.20839415925721 1.17963425299751 96.9178567407285 21.9675927258869
10.4643581436998 19.6700418136666 22.7341216251788 18.5986378512077 11.3554621805755 1.76108931230726 97.5318111206809 34.7524247905874
11.2878638237437 18.5079486173392 22.594357555218 25.3589027328615 3.76550564364324 2.51599963534419 145.798955925354 31.373561354829
11.207799208344 18.5713162265937 20.8918562988532 18.6173838861326 6.06570032527157 1.21256315222771 116.779989393243 49.8708847900355
11.6211823967288 18.9704387671402 14.0510421627769 20.3670881727608 1.95163007383083 8.36229812950089 154.61166914438 4.31165012947289
11.3482775730365 21.0667114138162 26.7302084256731 22.969962131259 14.8075927676711 2.27163633202516 125.246362548585 35.0574056623888
9.37964809138019 17.9586835779924 23.9234947790509 22.1447952785878 9.05791619116463 1.20494427802054 127.811398852223 17.0661398701002
11.4179098547728 19.4814325998561 27.0880835874884 19.0869152364148 10.4123431584355 1.93373357002174 114.784732960828 12.0189298930858
10.924811327867 18.8610627537498 27.080881996423 16.8462585545595 12.8827724896866 2.44184526030808 97.4007902640107 18.2766806840843
10.3581243366102 17.990704012127 26.8292932477606 21.6525812857449 8.6203141759532 2.91464928754015 27.3193831915205 19.6408902491531
9.79572655941772 20.7986305105597 25.4297619875291 17.7881910792372 6.18012646637154 2.33585593776047 175.176041384462 13.69413942817
10.045022091741 20.9066232084631 23.3523043589408 20.9102827315264 4.20747191095428 3.47013111743187 129.780532668289 14.0284204063098
9.96491380593531 18.9533224902315 27.8856535354884 16.6971480086891 9.47719115722565 1.18245001680691 121.748492391273 22.0872549278235
9.16951287498484 19.029932333864 26.1426694387568 19.211495982771 9.48850397192353 2.36231779195238 169.794750283315 5.23814714527523
11.4519608329132 19.5724690239279 27.9718151370032 18.025797382584 7.6130112859749 1.96209134357653 161.954679818043 11.1526321331668
11.1321779011626 17.8614749795362 26.1599866835541 21.8105954944471 11.9351143051881 4.46834372505143 142.973111705779 21.1977387061431
8.89272365774596 18.169256408809 27.2020667281815 18.7659455122804 13.5581917186718 3.61330191218681 130.156047649648 31.2549731971009
10.0487804847471 19.0654940959528 24.5660366779377 22.213337000993 24.1208053760638 1.01187556303858 83.8095172895434 58.34272333672
11.7334357456961 20.0421608178593 25.1513303058977 17.5058770284059 8.82492923955565 1.53953059494859 123.97431907138 10.912096832408
10.1457483165823 17.8463698875216 22.4939921906567 18.9252396789755 11.2970085347989 1.89895043438882 68.2328390426018 13.7195644556301
11.2365265723743 19.0007546952494 27.6972564274262 25.4181514255939 12.7733781258929 1.23377407908667 64.1839983846086 28.672060581245
10.2119406117271 19.0719578569292 25.6046821707641 19.3208416423585 11.5565429629194 1.37130833318414 109.165018122607 14.739334283476
11.4943398058848 16.7270415652169 28.3056579007005 17.9285886027044 4.59569971725154 1.68848946787618 86.3117020288807 32.2460639065354
10.9383977002654 19.1991638354806 27.6173429724998 17.3652640671966 11.8671908259117 2.77665345114525 146.494766123459 26.2308395873023
10.9821590731763 17.4782590469618 24.0560085935934 19.9792187146653 5.93502083281901 1.90646731151296 159.630909275118 7.77366481098991
10.9975823753738 18.3859498711658 26.3462016115577 18.6880420535782 13.4767306103744 1.94276552071909 92.0090970686953 30.8740116418257
10.8696640534885 16.808126639075 25.6811071510198 15.1971726650199 8.78145948190089 1.6847748487281 111.970358120065 33.5205869835988
10.3021642236153 16.8056175264162 27.1196395905091 22.1514086050427 13.7053391404018 1.67077190300664 85.1109743810768 40.5891638869253
11.1795878505639 19.5809269072424 24.4779146851568 18.4346688092144 7.05360731504649 2.00516512101507 148.339858551853 18.3058630699718
9.97130555308895 18.3835033295046 24.936214636504 24.3037047406722 6.40390019279206 1.68031787599177 158.823217117263 26.9731243676502
10.2389027275833 17.9576879214844 25.3423046908819 19.6805698216163 11.8012711470568 4.20892950392779 119.879513410196 23.3436377205065
11.3945994541148 18.6420372745952 24.219684134962 18.8924736276527 17.4927383874312 2.19544107821937 109.418718939044 12.0817859956682
11.4192955446714 18.2328887185427 24.3132964664051 19.2405522013421 18.68689529755 1.45894540274093 61.4693291748487 14.210806094762
9.97735937860128 17.5433299002675 25.4897514827997 23.2898547621467 13.6854559285697 1.49955008897262 198.070830864222 17.6616003307928
11.487845269596 18.0351405586894 27.2204751909394 14.347742299329 8.59005937545374 3.14863123581141 67.8433516227101 34.908512602576
11.6839463685257 17.1928815712602 27.7369759343261 18.5227397623322 4.45543944878641 2.13917773623777 115.907846265863 13.7001650693951
11.1778171797448 17.8765841155181 25.7882370294502 19.0757762953553 4.4222228084391 1.44310394966713 118.348335955162 30.31751471449
11.6186836186122 19.6388438224169 28.290317574249 19.7010463104611 11.0835777758746 3.69470322149394 116.283103012007 24.5533910362036
11.0849985366144 15.7472327622076 26.7450211462117 18.909523182951 8.26499518479052 3.01346159810793 119.818737747067 26.5051659268658
11.3908133168613 20.529150192853 25.9400037393144 21.0868345154936 12.6620880298268 1.8567353753533 56.5533714354744 29.5971151314122
11.445464974312 17.581494986709 16.1936272497021 22.77821630772 3.41025116006977 0.974339787376978 127.322569778073 28.1249162138865
9.71611197274275 17.6013208692614 28.0845299936118 17.0010392535319 8.65816450853576 1.90667903265916 154.70060866275 17.10182253778
9.8404104363466 20.7077465954928 23.8652106373972 22.3051691801672 29.3936529218299 2.21212095590057 97.6034505442314 36.4757393649931
11.6000925569292 19.7973064246866 27.3552241285681 18.5699006484132 5.67706513147485 2.71122381870392 59.1293079340852 35.1606103911983
10.3590936191103 19.4182167441832 26.137249035976 20.7945162853269 14.5189101373007 3.58714125401458 161.035592782691 15.4698059251796
9.74713586129963 19.5524805003457 27.9880985912022 20.1514300208087 6.10897983253373 3.33269031101517 139.191939999942 48.5878530161844
11.3970106589591 19.5072737367699 27.2254274054991 21.3213840167508 7.10705872920981 2.61919340925496 167.407430132699 18.0998062001988
10.0448226210193 19.1696155806407 26.3973165937546 20.573988103334 14.7594689981927 1.51287461617921 98.3797343957056 14.4062311197991
11.3060046135308 17.6483770184159 23.6612162954266 29.3755769969458 9.02533135629332 1.86661798820414 149.42396077916 22.4894144254309
9.7388869261618 15.6545407816486 27.2800100451529 18.636492164779 18.9835493220246 1.7202345467366 188.635228363234 8.63421242755338
10.9858193123373 20.4414182532847 24.7873785631609 17.3548401073511 3.70076218596622 1.16494845585271 139.394020236245 14.0465432945761
9.9185578477741 19.6156457286676 26.4460714081535 19.467774221628 7.99618962514646 1.43750365151569 172.961998456018 27.1696400259529
10.6474795866918 17.3314222183195 25.6130523579742 20.6675201048518 11.2896369333822 1.57514674762967 162.279649122413 10.7689393918298
11.6777661578909 15.9182006118573 21.9285130108089 18.7021406176654 10.8174349635518 1.67200290890149 109.14128726792 27.6834659195464
10.1850344302858 19.9690396200051 24.3469547009356 20.1260554658361 4.8997695111559 2.51172792812449 94.6628630672579 33.1248897819886
9.57985748311018 19.6893650176512 24.3180537665491 17.3545077685396 13.8564510886209 1.48287186873023 163.563965239688 10.2569283512098
9.92159121707592 16.8855482746812 27.2801047548646 18.5172333725642 5.7920903906518 2.31615471070046 145.790330222201 24.7894856209575
11.3210067647592 18.5167334810671 29.8354293062843 17.3037452685253 11.6008297025567 1.07759415847166 108.869382020541 31.2437332224253
10.2684187480161 21.0328359148944 24.9855411796783 19.168472585044 4.34746113941965 1.50204194532772 125.112368385279 8.83795559766547
9.91181417252112 18.9939637898084 25.5540774932677 17.9731017934349 14.0974548413547 4.47557991387671 132.594814764258 22.6442361120587
9.77252061914347 19.1221414588388 24.357845972575 21.7293305621926 10.5373723331846 2.57504771738528 101.016261664174 23.9767365318127
8.89461071524615 18.7265321762765 19.7746407581419 22.125868041553 11.0245791333154 1.09871382819538 117.396095831439 16.0171713572365
9.91683925157713 17.7083019501386 23.5370496722051 23.0749897525097 5.84059973028854 1.35478881934468 135.518024455397 14.5325384031788
9.62298823169062 18.0051245499004 23.4043281361653 17.9784019416094 4.6963934066749 3.70373129395007 170.72667300987 14.5651909751348
9.57808041799487 17.2344761881581 20.3470979559055 27.3677518666254 10.8061115564393 1.2714383704717 134.374934024541 12.5735206840763
10.9374311943162 17.9620275680961 21.7544663904905 17.2642993526976 20.8839945575486 2.33451167168385 104.238524136066 26.9585431905219
9.69295191370203 18.1864399340402 21.4848669333319 21.2175661967523 6.29202287682794 2.22236536798068 197.324331598131 8.82663772681052
10.3196836626521 18.4573466566825 26.9921935104463 22.6551567795154 15.0770520116604 2.01223696004071 114.329946559763 25.3413673931379
9.81798837232584 20.4684301114253 23.6898797402115 17.0256657480594 5.01939658507729 1.77775050969432 174.566052538136 31.5628938283395
11.1782422750469 21.2701576039793 24.0554831645179 18.9821959394967 7.55685050942792 4.70145384546217 154.55366185619 31.9041116636019
9.92679277593538 19.1259110380499 27.0311705045524 19.6324952699759 20.2055339604596 2.76945932963324 120.525413906738 29.0353838680532
11.5449146289165 20.7328420153126 20.1238529169437 21.3758736238105 6.74093303196263 3.79723076583619 117.453706646131 24.4554657692109
10.7965331131825 18.753417040481 26.3495481498244 20.7035708241741 8.98701557924564 2.71355000455154 139.689431814561 7.87063306457551
11.3424865880911 19.3301843295352 25.0226130750014 16.7119894759369 14.8858148083484 2.00743790738307 183.830124978308 22.5051051351954
11.0554340266599 19.3176653252368 27.4779888834459 18.026695180834 9.3730346527283 2.46124963569061 117.246041502875 30.1929446062925
9.93235543178263 18.078607008138 25.2820333523076 21.0505740047147 12.4931971683491 1.47114016287691 132.097055463619 17.3711176030546
10.1292617208285 18.9406465935073 25.2429388459572 17.724853299886 7.31555138746911 2.02297453367964 136.271243979819 27.2671161803526
11.3774808420865 18.8906525283411 25.8051125673044 21.6720401363539 8.28172006087525 2.58063444153257 147.03825440878 39.6547987387321
11.2504154752196 18.1348680600691 26.0076095984166 20.7774448720454 18.3442875729137 2.58178538897192 185.615926327321 10.1298786391404
11.4126522869976 19.097762493913 25.0151397761435 23.1052037220058 8.96161295734732 1.45883706789889 97.5218389969812 33.153568153691
10.9077811962791 18.9642224817007 27.6053435800851 20.2757154747787 8.32094605348897 2.33703987487483 128.591754162365 42.777500756057
9.54044528417618 17.6042943626752 22.9237798439249 21.3592262263391 7.63925361638666 2.84005697482686 191.414293031826 12.9945703122054
9.72251986662868 19.063644256311 26.5497675112585 18.7738735926893 5.71201630829077 2.51456237930955 149.219578400752 26.9798514708885
11.0701929915809 18.1891271016724 21.5845045710228 18.887752139223 13.9527778160108 7.69214460736119 109.476016450701 30.6184666213726
9.91807599429615 20.12908087458 28.6044169022214 13.2541684096261 5.23072864938826 2.70822313932416 150.46174045343 13.393743521223
11.1084422629921 27.2450844095889 17.4851947343277 22.4818758660928 8.43205720273777 1.72985158459343 163.372468238132 22.182606505432
9.79289752816576 17.3527365812247 25.4954487468345 19.0308828312715 4.95651637606136 2.53154337604567 158.429658925 14.0765940262805
11.3971275617361 17.601717982194 25.341315792113 20.0229213175961 13.8545167148621 2.63670154743889 142.028038266653 16.8205988096886
10.7856153341748 18.6418358912421 21.5289844261899 18.9307100211501 11.2036494424075 1.43363376249115 134.661537060614 27.3667631293348
10.0250202876876 16.5030635922027 29.0058571017075 16.6419543277818 19.7724356470759 1.62256541844283 167.429609884583 16.9346756978384
11.2903688156009 19.1797134934558 27.1858676248258 17.4060683751846 4.70235883637886 1.45826196924149 91.5572530726548 39.6112876970406
11.0095225540914 16.8433621914218 25.7753110352975 17.3158776875067 22.267261090244 1.52274374213597 146.36823588322 28.9993602783769
10.7857886745487 17.2770935221992 27.6817888081526 17.558285937333 7.54523329299535 2.04184818366541 138.703716516325 57.7109311190908
9.82830844884289 18.3002664525945 23.2946548785019 23.1636089587775 12.6363482712312 0.859041541376148 139.645901784055 25.6963773444506
9.97241332607794 20.9744755333982 24.2876357588223 21.5074947223748 9.93748412234271 1.16332740262957 100.352214100309 19.6872258255191
9.61065772305842 19.8853947659944 23.7037437675712 22.3885464111807 5.75445047907557 1.49592707683209 117.511389474109 22.8586795085164
9.8929753556447 19.3375502334905 19.8316066372209 25.6243424658372 14.4103091198262 5.52317574442038 112.636219436193 25.3863889744664
9.64141513383864 18.2828465809245 26.9015662122994 22.0117392216433 8.14591283696977 1.56754359516356 170.480138000407 22.8187523269452
11.2687833769389 20.6377232893403 16.9734466291546 23.1768001553873 10.9882093423264 1.38288219516023 131.597121727123 8.24720993987308
11.2589643412569 19.2703453023191 22.5331104342423 23.020556685768 16.4582328954256 2.37761026488612 146.133398877625 33.330436642259
11.0943369521263 19.8449789094039 22.791230340365 22.813474763591 14.6043390811648 2.17124425708816 156.551916365071 15.4734779355422
10.0325336772401 17.9729272409663 24.8752766008001 19.1944304708031 20.0692059520646 3.52610554355449 153.701440930142 17.2569185969002
11.7413755422297 17.2827412360077 26.0917049132248 16.187139250872 28.8787923498429 1.09683812285733 121.520818481621 59.0349200507981
11.2508936360054 18.6206604804777 23.5360083853043 21.1254323221744 8.61039863409204 1.77782566469224 135.609126575409 16.228149464164
10.3427795713704 16.9897570179119 19.9868998904392 26.0015668372904 11.9851681375811 4.78109242676605 148.353894099057 28.2788423244997
9.80720076133553 17.523074170539 27.3895405133442 23.840644004945 17.524142602266 4.4681379850263 121.190064101907 18.3266170645792
10.0360473363937 18.9704547358327 22.8798769652278 26.1952875594668 20.0387743072891 1.10218197958994 150.956758987953 29.6856732033386
10.9066406145247 16.4889738692927 19.8223830097796 21.7977468827245 3.69124017938078 2.48902416366233 160.48579101377 28.1224314698369
11.8540680202397 19.6914397216765 24.872104689223 18.9071224588325 5.92928855052997 2.25593207380461 127.165401332048 28.7435481739828
9.79767056319087 19.4070285109133 24.5179198806521 22.4635207193248 3.164505303985 3.18366008985624 149.879423818258 10.5186136207267
11.8949165210395 19.8095594107124 23.091139553481 21.9566590035198 15.324008783183 3.7537064033991 157.015923022229 18.025887020637
10.2396094405067 19.2053514516098 24.652733416587 22.0462269106121 13.8377581345927 1.36209264115469 148.954478518036 16.116967575196
10.424642524635 16.7608006837187 27.3955691931158 16.5621213303169 14.4354355749484 1.56161261884749 143.076004902681 2.99896648603788
10.7715076805192 17.6134862849001 26.450541665845 17.5755872879488 14.9127367281618 1.75216632866442 180.766270808669 5.7234060385551
10.8181598530244 17.8088158026282 23.6020024459509 19.6043353108723 9.38826953914001 2.41275736499957 90.0702579256744 13.2860902299986
10.7072045925164 17.960143274665 28.7336105211551 17.5763003004321 15.0736215057519 2.15408194929363 126.173203318446 16.1149393730068
11.730065247953 19.1546279265036 29.8151522849924 23.7789955168318 6.79403760300259 2.15754397731544 117.72252054102 33.9564449272206
11.4175078365713 19.856832326122 23.3297289536254 16.9193396178822 6.49228090506593 3.64107221239468 109.002944181002 16.1415550371842
9.87927629402493 19.2655249042228 24.7470393633848 19.5119665238563 20.3165933890162 3.39905270519145 94.2326814868705 28.3618841897046
9.78289920175547 19.2521927589053 27.9118312603669 18.4637558250287 6.29882771583637 2.81267079779461 172.356115607416 7.18605201441225
10.0611147820955 18.0786001129167 22.8621119949651 18.8792792875283 4.55898339911111 3.00646719209104 93.7943359393605 16.6027138116016
9.96573374888519 20.0871036561251 27.5160371090464 17.7711777719023 7.77808407533293 2.15122020183165 97.2860194275876 25.8488799697093
10.2906258530432 17.2797161595878 27.1767295438982 15.5135832914042 6.87175261584956 0.798466257202912 118.453296292111 26.7001677806312
10.6009777558361 18.1993053600252 26.3585549549051 18.9745290145867 8.29651239458069 7.3389407161395 167.667690036933 11.0491983156082
11.4553034000096 18.2733219751985 24.8369945812012 18.6154859166659 19.3056025934143 1.48857861795295 177.830242972907 13.9214596320821
10.8131392809092 18.6261411785196 24.3815744520264 18.2249691313898 12.0748607379973 6.52346342289706 182.826491600073 15.9245525150291
9.61998681454959 18.8027403800649 28.6118698294813 16.0489284251045 8.64485070399313 1.99271196615678 69.9107390558908 26.5541626175428
11.4113656570719 18.0981287641958 26.3100102330664 20.4091171306638 7.2077918340555 2.63910998235656 117.993900887333 35.383471382597
10.7571770675004 19.0787112308106 21.7087204333571 18.6910505100314 13.945953424827 2.32158568674984 105.606137387123 23.7004835148639
10.9547303982658 17.3829209287381 24.9568339078716 17.8253932580063 8.75910259854058 1.49842241087776 128.542587070165 11.8150524278834
10.8140080503463 17.2544297650462 27.4593009228388 12.8845844710923 7.9070961232663 3.68013386662472 171.553694584853 26.5826218489309
10.9600653155506 17.8286998420722 27.285982195619 18.9409525673678 9.30349927350286 1.4866553702861 161.972209418491 15.953991346967
11.9309661686803 18.2677226615588 27.5319495366303 18.9795246785639 14.1427837018635 1.31266081713242 128.231523711427 19.7489538086404
9.90507562674883 19.3732542974318 22.6033654278496 22.47911321686 2.00161213581269 2.22441533760591 80.6851996918615 13.6854606409823
11.0697555015504 18.6194577504516 25.6756822226615 18.1890708788652 9.3695795268614 4.84350739181958 136.18135285682 12.5308697867386
10.5036994799976 18.2454234454664 26.3393822052151 23.0669610281091 9.65601687069645 1.17258240718888 139.147668885855 37.1155552952593
10.7314823227434 18.0403375473558 29.1118133153276 23.8256025598557 13.4539532822494 1.7111392304755 114.015855625846 35.9217770929056
11.9774588792301 19.0670238482964 24.8115561556338 23.1443229818483 7.16014256175682 1.61024865252629 57.8017781282086 53.6014040439408
9.86061431458045 19.1697835495831 25.6428798554422 20.0829069924083 9.72008235995039 2.48568959047827 104.234222819074 12.2117776832531
10.5319029597338 19.6017922524924 27.1784493984833 14.7330280712089 6.10764806387643 1.21696005607954 142.609537080252 31.1014530714435
11.9191717208358 19.2291641204995 24.8670388325724 23.1951458781995 17.8450930000621 9.7894598142996 140.355577690718 17.7855933151933
10.3808282155289 15.8680763436719 23.9299561424521 21.7225657006749 9.20222778877986 2.89012496550148 167.901335122107 2.14057727349357
10.0850931241854 16.8836745646464 27.5985885843647 17.1337293955723 12.2008451097034 1.2332241009243 142.56339181442 30.1889191927834
11.0052890866279 19.0052695750662 24.7816975886554 18.7127721808834 6.45882157402932 3.01867398254738 152.945841058818 28.8982718804644
9.94882919584821 17.3285976622075 22.8499372191219 20.8610370522463 8.17898857099863 1.55802760810369 149.346393900986 9.73069294394913
11.5428251444861 18.3126840907606 26.7726706179966 19.6395291087378 10.1150514625528 2.48773290067435 99.224008578433 38.7642290837593
9.94231374109143 19.9039742130494 22.2651392920509 17.6014373878633 4.73309170313899 2.82599587051822 207.185571566168 9.71683352687212
10.8007941741395 19.2590165639575 26.831627562125 18.6704867308964 13.3246417453832 1.87279163920861 135.848563941366 31.830588010113
10.9457321448383 19.2210576394487 21.5294484826167 21.1109104275712 5.65462284188764 3.50595477109 76.5630416101618 24.5807105395571
10.1167990107265 19.7731253789082 27.0706015069347 18.1583403220422 18.898345551379 0.687561965366239 169.537154835571 25.1954735351564
9.85843112751899 19.2874822357347 25.4450875815613 17.9530403132952 8.86937934462372 2.4260508102837 126.179433301538 9.21269488472903
11.260468393713 18.724489441906 22.4682126510064 19.7199226010322 7.27569286415374 2.09585798959591 103.933845338669 39.6260534943113
11.7831632845153 18.0095793434002 25.5022965908297 18.47855799441 11.1470378427942 2.52870655660647 137.093309493315 20.8461973106233
10.1413384994106 17.3782983816128 28.0353545318887 16.29605857538 16.0807547145929 2.78617140073745 120.920752991663 15.7544262657494
9.68203490570421 19.7165331645699 27.2000542369791 16.9409774765994 8.42935826110762 1.80626072616052 150.783665241292 17.5694887354509
11.6374541765015 18.8835862232353 24.2347526129058 11.6584421533095 18.5119027730872 1.31808325417454 166.647561077667 9.75352276014703
11.0737617426212 18.0141334909933 26.329352151931 23.635416009188 5.29235562950172 1.32486192274451 144.591389499675 23.4627030167734
11.4511545721092 18.7937126194203 22.5459040806584 19.1327049422263 14.1942542550833 1.85861051047506 133.904951875894 16.4588839316504
9.82712979524882 19.0616991388901 28.1991925667874 17.5507207429475 9.55512187748051 2.71412588019883 172.799213157902 31.7578449704253
10.7790242412336 18.3953185898484 22.7164463986882 24.7598570905652 7.36529364232345 3.91955021950602 168.31463082263 15.7411757313309
11.1236998366611 16.946499157993 21.7921643542777 21.456498170699 11.2396055665832 2.83589223711665 139.476045725338 20.058588348322
10.893202386996 18.0261779133531 27.9138077779399 17.946290256616 9.87998657868065 1.16264364261671 117.263889127833 10.7571067013245
10.695422467112 17.3675166181691 28.7224557469154 17.8846983481303 14.1687111247828 1.78735239581121 168.343179757389 20.6859217047809
9.61569509484118 17.69563471548 26.3632308624093 18.6508419807016 11.299671752556 2.51867954697898 153.565582706354 12.4866844254868
11.6059056444233 18.9280660217772 25.3572262104227 19.7298314581491 17.230675100124 2.10118873794121 126.223720807507 34.2115009073504
9.60763384080092 18.5042304600517 27.6038123231381 18.9877200690467 5.96160015965561 2.60472093659059 175.326162481045 14.3324166663603
9.60070989685799 16.8551277471507 22.0025497518159 23.2138175737022 8.41907261905506 1.26988523200482 126.938561181708 20.3492560523405
10.6938547447439 17.2279192511392 29.1062715828402 19.3697416897244 21.6371011924354 1.67540304862907 157.285228628064 27.5802223914205
10.098418569162 16.1149231406091 27.2362007093126 21.4717226291747 13.887838756762 2.30171979303589 137.902165601149 20.9702761707179
10.8227768233695 17.6721449980075 28.12185550934 17.8698375479853 17.0270650480489 4.14124099494331 106.657622809253 30.5222975410045
9.76448276166406 17.2762250210104 24.4339555511149 18.0466873916874 6.67043878471878 1.21967073476605 173.238721478424 24.2349754466868
9.6642387019932 18.5365072933448 24.2810538425395 25.2693082627549 14.4871473692655 3.84804315526413 136.353062631991 30.3356971673577
11.0349043508731 20.1427757064735 27.6541265078892 25.3446667443489 6.49584821900819 2.3581874085767 148.094301916975 22.6605034120052
10.941778705984 17.6913069406558 23.7251232070324 20.5296863943623 16.6830920785691 2.53063307636706 152.221663064478 10.6036840160659
10.3568086154112 18.1995921053696 24.5895957964895 19.0541808876979 7.34177625610283 1.66875606652735 154.205494264386 28.6619765835756
10.049037317142 17.6651321630122 22.9100778823495 19.1389452339563 5.38364187574489 2.03302252625253 176.911996498916 19.6936141975104
9.97344125547112 18.1469479064028 23.5082712523896 22.4132828884864 11.9994374590682 1.21611631343229 146.709970534877 30.1720313302401
10.0854382872949 17.2370485385298 26.69376822692 20.6988744980009 7.49768786684604 3.15707888208746 146.008017738893 12.3982587044879
10.6659915830746 19.877729144901 24.1381086544122 17.2007542288881 1.85527110437351 4.70268978807922 157.168139047382 8.70585114158439
10.6279328354769 18.8443806883396 22.9225833158019 23.1570183275786 18.5396068537899 8.9320224630802 113.819510967323 42.6670027151566
9.58351527853441 20.0253794823867 17.4298168638707 20.3351045225977 19.3190757624834 1.70044607785153 182.931366802809 15.1501486648626
10.8300363400354 17.1760095673318 24.6297341382751 19.2146094070339 9.31788010668756 6.77601921650387 126.624351580833 25.2446218668148
11.0570059397839 18.7415612311671 25.8910117647607 18.0473979642721 5.84436543477428 2.37462709060814 155.375077331206 21.6205956526387
10.5791892049085 20.3639031227577 26.5130020776997 17.9103285820254 11.8127067283374 2.51660046200332 94.6663815898478 13.9289663780061
11.8240671966078 18.1400240412823 22.2915043952524 22.1216193976756 9.54105954051744 2.06187813244342 84.3194649952258 33.05904237717
10.7895661764463 18.707962507248 28.9101066384365 23.7887101464088 7.99045270813027 2.12000947963805 114.355200679635 28.0004621726135
9.87253477979434 17.9773816448672 27.0415530633217 22.3343134397385 15.1817349070867 2.36118660793233 105.202480795948 21.5500945280312
12.2782106244213 19.9874441845373 24.0310447619743 20.899738311311 21.8187194381825 1.20801713673449 24.2504484166207 89.6403038822094
11.5160820450403 19.8823224597449 26.2760160513789 23.5906222743278 11.4670580034993 3.22909356705357 84.1862614393237 18.8583442147563
10.787371362931 21.5580295796972 21.9851099026575 19.6162052082522 21.6079967907511 4.77379820567971 117.761454071282 27.1418232799345
10.8116628619816 18.1274835251977 27.1913408634877 19.0010431684732 6.76988590860572 5.10784614604422 124.836189640906 22.7682654713683
12.5526869621105 24.4013564837902 28.1361537696721 27.1801101670423 8.12654109396681 2.68873509320675 75.1547089110969 91.6925553244211
10.9958155039784 20.1793721395083 25.9671008274165 20.9834048097619 15.1051068582775 2.79445927497704 132.565098210339 18.2478309087305
10.7566789090866 17.8800342400971 23.5686021795584 23.7876172360022 11.2169419210495 2.18878057150993 67.1186747943709 21.4274270944028
9.31204807677473 17.2115565930582 22.7028534891191 24.7981402747306 13.4178520741773 1.59517518656411 84.5457865202598 18.6623649846248
11.9412958958013 23.5754670482549 23.0898786598476 19.9887550506955 2.45226319248884 8.15918832085873 98.2093441720556 18.3947979218536
10.9928408372277 19.3142567803833 26.1028574083341 18.3279705467344 3.8792194525475 2.90238955378137 162.414265185382 15.1317563987387
9.35517028572165 19.8374654979024 22.7918452370767 22.5126358499854 12.0121331177724 3.4825397083777 81.6478905010053 27.5497254955658
10.6467954834262 18.8139884373082 25.8711728302514 18.3638429967656 12.385243786587 1.15260886375746 94.7425093235901 20.6174921519104
11.1801416829788 18.3004149529127 26.3691853555618 19.3818369631753 11.6165314424086 0.939426929889297 44.6884782156214 45.577490025886
11.9768970110176 19.3608189993749 24.1504422135089 20.732122400843 10.6310743026399 1.7768921418732 110.500354222028 28.7544909522295
9.91936464282307 18.8032236505948 26.5381824973084 19.547232276123 11.5446287618716 6.70816522528795 227.27665183769 12.3305152535081
9.6098024321757 15.6241373315266 27.0779948135037 14.9576790208836 14.2225454435138 3.35719579577189 100.791277982742 21.2861035451479
10.7316843032982 19.236696178365 28.4045421027556 20.8730427210502 5.8344077232718 2.5113418971926 156.566920468715 12.2250839160738
9.84029478155279 18.2394882317017 26.2328796722272 21.2063220767647 11.5780099162768 2.37716046208294 160.332112035679 11.4133849966694
11.2919424021429 18.2750330047293 20.7621702691487 21.1298506485954 12.2403832949125 1.81995721480526 69.2834287716804 26.4863941497853
10.7072066479519 18.1393203009421 27.9376479307504 13.6011950158153 7.56033243913855 2.90245790884536 161.859069621243 21.4150807493141
11.3444912293134 18.1744237466497 20.2564777540601 23.62985894414 3.45516860095723 2.57541227300544 157.843485838931 11.365713845091
9.73792559733703 18.9218636251312 18.0227690145572 23.8148024710408 8.95828367104341 3.17170460613786 193.976971009158 18.4685853298224
9.90830344585589 19.521639862994 26.8553499535533 17.0210213655949 5.75066631555874 2.55784293413742 162.154120448488 14.7355398265316
11.0523029139034 20.8813123978221 23.1788717469437 20.0658528610455 4.34538212848294 2.515749437617 149.867287077048 24.6805521630515
11.6682815110082 18.0140574556977 26.3469946296817 20.8842983067423 9.27647866720244 1.8086211730044 120.25596995694 22.2227307860765
10.0689917605224 17.7112293976334 24.8068968501295 18.7798938385365 7.7830685329096 1.6545272898103 152.575973213552 26.8411289868132
10.8274828318478 18.9210683820238 26.6516552690541 18.9663253854119 16.7050500533852 1.57601357276019 154.222725330069 11.6775268081934
11.5329261236485 16.2476125843857 27.43659296304 17.709769668901 4.68301255402549 2.61140182502957 136.42944082767 18.8700994697253
11.5781540412471 19.5432535617348 27.3928980964849 19.0715048407109 11.6402117501938 5.27463746881375 110.889371477519 13.7172190611587
12.3981485475381 22.0913763723797 27.6838959145353 18.6384884061919 4.74587296878096 3.20888580325741 47.6529156644752 38.8866762447673
9.7076758064803 18.3270012390747 25.7189149448276 19.8863761093675 8.27186014640267 3.09804412854933 182.521455529743 13.1371147813434
11.0621449020125 17.8959679206715 26.4629407809542 19.4989640078792 19.0716693789537 2.19169214148304 154.160082978282 13.3624549737795
11.1785184302667 18.2304002341641 25.5471670948567 16.876013637671 9.30467325875619 1.03208378915133 101.582484290795 37.3289393187852
11.5958717696517 20.6055132343054 22.8721766640525 21.2844839658879 12.6418379794441 1.9180766592553 119.707925762303 30.6817567445792
11.1171048640043 16.764102714905 25.5901361836613 16.0764038168487 10.9334878906149 1.48568235128615 190.857991330199 20.8846038902158
10.003091741703 19.4431754404348 22.6878660175968 22.6396916719054 11.9241157262533 2.68820709833759 110.798614529225 25.4949631653507
10.1741263829673 18.4022163270921 25.0180432777043 22.405604532565 11.5380072193758 4.52019739314415 169.19692325053 21.2898483657853
11.5463401788169 20.1219090689773 25.390452704066 19.2222515442691 26.6356936838933 1.84740004159245 153.307033648718 16.322147095071
9.54647356514256 19.300978634156 27.0432956999531 19.8978412636723 7.52842488479714 1.4009439748032 105.541090124575 24.6459843913528
11.6124911044604 18.4477860865475 23.4537689378517 18.0952670052949 10.1118209650866 3.30383491621972 140.107361743824 31.2235816725549
9.38384167948633 20.7442099150512 16.9815343691304 23.1379964423571 13.8481242726285 2.4244282737273 56.8885169402353 15.7540803962068
9.864588490386 20.7942631451057 23.144389959281 21.9678874159276 6.36568063819899 1.18011994130647 69.1020823294813 13.111364844571
9.86318963808378 17.3788119272231 28.7231612222272 17.5307457357273 8.14596146159993 8.20942856719009 159.039299666121 15.3566037436243
10.3626365005768 17.9066504913566 24.8310366873863 18.0253323303029 4.97814844578684 1.67936381076591 109.567160473605 16.1348880019576
11.0753845003467 21.1657860915321 27.3961874076777 18.251263916678 15.2713189985127 3.84785155455664 154.972017917337 6.46222276479791
10.1180988520317 18.3530446230874 25.3653048885489 19.4421090947504 12.9306799999684 4.62047206081671 151.047915565337 9.95411899192935
9.53919898585534 16.8888705422239 22.2587031810692 23.400804897617 19.0237543187336 2.68293939552279 166.944398885337 7.74551430141123
11.1817101459679 16.2493035796566 24.0270396135842 20.0701972112315 16.4120787141814 2.26910014588431 67.2015809957708 19.7182385440604
10.9638380470366 20.1725105188592 27.4450220945178 17.0419395547995 8.25777946453393 2.50413651307129 148.15207046282 16.9598157076073
10.4687552529213 16.7993012050307 23.3642851034436 19.0992118492896 14.98637788154 1.18853347653587 133.984400971098 33.6771277491231
9.8451338159814 18.0758728148865 22.6137814925666 23.0709091776861 11.578580905849 2.60812329043439 110.729447215297 15.7459322607185
10.2201104452835 18.1853058659495 25.6876164803579 22.0304085291407 11.5891785087328 1.12842835100654 178.996944274078 15.7657108552362
11.3172175546438 17.2975889536648 28.604414926225 14.8113588380962 16.1015236647417 2.21294470278339 195.802877182321 7.86966043890618
9.71476076678599 19.1053917466206 26.3481785832386 19.9472037765727 6.80088162042226 2.24821280157488 148.246742320326 13.4710868784753
9.92651234178911 17.4928841946915 26.5431515211228 20.4430632467762 8.30967299933815 1.80041130462525 170.779131085474 15.6497730203442
11.1638139703855 18.2066424107642 29.3472299450195 24.1634584818373 11.837963654793 1.94737386605995 40.038235405721 36.1853681287968
11.0336553221606 18.8892385805227 21.2001174922963 16.9188729560471 3.08909774500301 6.95710144237474 159.406686370975 13.9109610191115
10.743572767116 18.4034210140307 25.0692068549162 19.4057182109541 12.0045455610665 2.71243475869315 117.483893473904 13.7615818784256
9.72654301943048 19.130387125305 27.3440279996725 18.1900956079855 18.4484778231263 2.31228590724353 139.510294552235 13.1060763448046
9.81332419080896 18.8383785298867 26.9137935916418 18.8403480489885 7.39242236894457 1.61274977706373 229.114196821189 11.4003966780661
