6.56233071725591 4.05180669992903 7.45818075812782 13.8117457956474 4.05061184401866 25.9029401913778 129.973467317003 502.366208923428
6.0352605663417 6.08244302579119 19.5304239734362 14.8972557520759 26.4707469554176 15.289655513998 75.8271051819138 490.348038299254
6.20546323645832 4.41246600288038 3.16136655236926 16.5867217402272 16.6689812741196 11.4222670440945 108.345107727774 510.987989166855
4.38393738472077 6.47566870924228 9.70054188939666 13.2483178018583 27.6420311760494 10.378647408669 227.172854331919 493.411937550982
5.13408674613942 4.62751510369629 12.6262910605178 12.165270486436 1.56184124719428 10.8314740669973 175.629903866182 505.900144070174
4.88213576814377 5.6581162619143 4.9067389087501 13.4308290517831 9.97712497928219 12.7442484305934 281.029951963851 493.402102313006
6.53225235509686 4.17882714188185 7.5354503331738 14.6517861103403 28.0881674617049 22.1878543922173 103.443149639574 507.870667255038
5.77105508881059 4.14143116716383 7.20055312936714 15.6533431912411 20.372953863842 13.2832529554375 85.6078282672855 505.997760783423
5.13167803060652 5.91101325628386 5.37145092885507 13.3769546814398 10.2415888959932 17.2743794135038 223.775380690339 480.360261534044
4.90509999349757 5.64472021532728 11.2477982362248 12.6304169494217 24.8891191661929 9.53268323284601 153.048988795161 462.564323968761
5.47867771873807 5.6046881907952 2.24106843796492 15.8429859766958 8.32663268332995 6.09399173248465 268.842860931917 477.519310790113
6.34096303113916 4.69884355076428 1.33133320600794 17.5327864865902 6.63031280702907 7.22994284347931 175.03453658921 511.322081620266
5.79007382285197 3.30164382330513 5.55996839221359 12.788394403188 1.33217904337005 12.0683270501374 113.462039189335 507.460649634899
6.21007877603373 4.10434514777044 3.21752769254233 14.7316248630419 23.2905179270745 16.3478779345283 140.258115950387 506.067935687636
4.63332040280726 6.73180467210556 6.01395075081454 16.4939425596707 18.3066743706731 18.1068371940337 228.154456349719 495.624991191073
5.88180990532573 6.17361557054789 11.0988426562743 12.3955489624239 0.647942221666846 13.7999836154361 252.271286234843 480.560332017507
3.60447406895581 5.54951667358039 12.8190045345451 9.54255127755399 24.5790809840859 19.0850807819366 126.771195296416 494.444318398253
5.56681386059124 4.96241330566811 2.01951434365266 17.1995851825004 18.2383922925447 11.8026703239059 404.281618768287 452.6611053052
7.60196895690681 5.07213791268728 10.3618076631015 12.9409392804934 20.2455876833548 14.2608243704762 83.2104089654253 510.256858347172
4.92823376668428 5.14654481748775 7.55230297097977 13.7096286992877 21.6931962484593 12.5306682681113 375.760725424967 375.340204577894
4.73500974729943 6.10766147845113 12.6156998700056 18.3309511478046 18.4218452483588 10.5731611289406 314.799937910376 491.363633258627
5.1919399172071 5.16508985452343 9.47160136865233 11.7342474996503 17.4261058644304 16.3019691430098 225.763959479388 489.553342888508
5.1835786002349 4.55207398324562 5.34611615702817 15.5697400504188 7.69396230738545 12.6015602850616 125.54373530142 487.150845576243
6.126509306406 6.06481034794255 5.7380589746347 16.1850878596875 8.1711745063495 16.6085449460402 61.6612269864991 511.883545196716
5.50718187017319 5.54278052796411 7.63441020024912 13.9553054406276 22.9185985293306 22.5394006029437 393.661525022002 505.662930784242
7.00241526711873 4.81769285920107 7.21936838523574 14.2328073387643 26.3061973166851 13.3552363385095 307.14682579996 417.813003304413
5.81119450617736 4.19574031153738 9.23861919289966 14.4619084126429 19.8890036200799 18.0269356878726 294.757589190084 487.22950381237
4.82581685183007 5.28731488360549 1.5963496797045 16.1904796371408 11.9815506111857 7.71307470945438 340.461864058337 434.343101865924
5.09431713727299 5.31650747077805 4.81896736812106 16.4595873996581 29.3989977869319 19.0205770030263 289.822663558327 460.548531998097
4.75219634746288 4.2620197530027 9.20246974577448 12.9206618770657 5.75562166224475 14.0162551249872 292.457646034154 452.04120021451
5.01652944040498 5.33257625199766 3.1056174117255 15.0575524309938 9.71067113960356 27.5292775575044 375.447233163033 460.875951946252
4.14930199034866 6.45033434868527 2.42589978157233 16.1256759257503 10.998355516117 11.5524664909138 300.678345483217 472.39182807734
5.19634863094455 6.29926296507045 7.54612791746894 14.9548428460421 22.9525845710558 11.3292912085756 115.18743478104 490.196964853987
6.1208754789647 6.4494659599422 7.13914729096097 14.0895849503432 8.64843552216077 20.3880767146385 224.962939374659 469.206916423368
4.45094679072119 6.1974045851911 8.22723977306781 14.9624177135023 28.6096111444601 20.212927383813 51.68488926073 465.320727308626
6.21171567525612 4.59724156637258 4.35127518332068 15.6510624933924 28.4824306772056 9.15557770477507 197.271757691426 508.073819076335
5.61914139511714 5.0847758015073 6.29041901165274 16.4828597994324 12.2235664882015 27.2121260742088 310.387097880965 416.469176345191
5.3186008288227 6.48183319019653 7.74506783324597 14.8676099829038 5.04849450670392 22.0820639776172 99.536253954461 461.392261807
5.56468611076056 4.90932167817467 2.3850560194736 15.9748517762354 23.6404666575002 17.6197937771371 46.8747091646648 435.018451263477
5.41158251894606 6.94449475536449 7.10729465998506 12.9030212655281 29.9313467909547 4.96654153329487 341.663835225234 345.696301411247
3.68606030828293 4.99329152079371 2.85432794574903 16.3944488192648 20.3435830585729 12.4891172698588 206.539777321201 495.205580269749
4.6944914334611 6.63548260346879 1.84502134488789 15.1555819755264 17.2670837298979 7.53559752518406 322.55536388623 486.565278822205
6.02997882837024 4.6100193425445 1.89513902233887 17.5608208481295 17.7435212464298 13.3096185052759 229.723408301151 474.357123697244
5.22398458945015 7.04027874142587 10.482965637794 13.2648205387559 1.06635167125812 14.4963830590072 289.389625702303 481.243985999429
5.95735346192529 5.14617785002131 8.6880554027093 13.6162885036237 12.593536736193 9.28371266361706 411.266697887798 342.320200363834
6.03939078326002 4.8248663636357 8.80844920419254 13.2748629691456 0.950168140277297 17.0176989431334 115.700661797438 480.780575289447
4.85534676784103 5.42687418780731 10.6137670355535 13.432189208057 15.2933548467159 8.152229906419 306.162660136085 468.154451054375
5.05015736653375 3.74771453162707 10.9060318525732 12.5749949861978 13.6498554297918 13.2425826602424 233.223938931922 494.243790086631
4.73534749713391 5.37489725155772 2.66157898680776 14.0863518615369 18.3267036160783 24.5753034158685 279.076337149674 469.019282600765
5.22544297657873 6.37020870077259 2.75802430039002 16.6948968621527 6.3516001537406 7.7725047341277 294.891830965243 472.341808409663
7.00873753166654 5.69785937295258 6.71766612941796 17.6534584513867 13.9721211378929 9.4144512369786 294.859687629551 405.181459225634
6.40288416109056 3.90492961704257 5.96123968072658 16.5188395714497 2.1762902671982 13.5175264393139 96.7783648516838 502.466098886347
5.62861497251329 6.39109822637384 11.0149560619852 14.8461503335402 4.09951931629658 16.9174726773155 301.84025079479 496.090010247921
6.26122186027387 3.35983994102457 6.40441912622925 14.2672056865726 22.6992900835309 12.3117150368754 16.7741636485375 518.593027204214
6.39399347659317 4.63300019434487 5.09639085858137 12.8488555620759 5.75918076039733 15.8729103467428 236.643196677548 473.68018330769
5.03580264738133 6.21391584084611 0.800995767401366 16.995338916184 17.0223700873832 9.25474229785248 119.353594994109 510.833448299508
4.87527065885789 7.607414982155 5.97762293564385 17.6834801309295 19.5322311225776 16.4404491353243 323.261233493103 443.683151509582
5.34418278575602 6.95387551497614 9.01687370171348 14.2275165708483 12.2000499697614 22.639185047668 253.018463976893 502.543829320354
6.50836059250634 5.08763996839093 8.74964688455409 13.4738838066768 6.19665607475306 20.3844257310206 281.840725492117 432.163494918318
4.99036088479442 5.80762530009911 4.22011318270025 17.3090246592488 7.23987301662944 11.956359737828 120.82679127439 511.099746035671
6.35459481358504 4.79775509955 4.29281404696764 16.1733583015779 27.5048978031602 13.4196942410215 133.584185482969 479.991170936691
5.80010025038118 4.29007162447189 16.2141313050345 12.530485266553 28.531961126855 12.5295414812717 142.980088563708 506.991401488878
5.64591720616204 3.48489916213166 2.3317974963261 16.0077912143679 2.68040682209449 11.9815310993937 151.340189544322 496.42265259752
5.04007217974428 4.49397312750061 7.9249002897915 13.0310828265043 5.53006241916814 9.82182715022054 258.593798779388 482.256806309377
4.25470874463435 6.28554986906965 6.83852831115121 12.0144106892399 5.67544380355162 11.2469552017438 305.616486222226 442.740193821749
5.99136751453428 4.56285055854308 9.04321215793129 15.117907598889 20.9623413838272 19.9107246823469 58.6284930648705 518.13332043162
5.20843220811606 7.56420550260502 2.08736052983379 15.5349907532583 24.3693818388797 11.4383086923476 380.515021656891 335.085108520164
6.7695171405942 4.62589905554504 3.73908347164527 15.5571598758912 12.505542764448 16.4707307634295 302.260208431725 441.927150150273
3.73439055508967 6.36738718463683 2.97880092835285 20.077517162711 7.04005919209722 29.5848073212869 403.998432453408 454.203658582048
5.2927861372134 4.2123168238842 7.44411880290756 12.1631013673788 9.08110460141839 19.5764679403125 203.453090307216 487.624406485125
5.31066158370313 7.30366199578127 6.98510190799154 13.745303522444 5.3701011240496 12.4768998748896 184.36906057001 502.049956026674
4.80968849576801 6.68891092663959 9.16939630554261 14.7474440048344 11.4344039833242 14.797065250634 348.349199525694 417.515993159931
5.17528451605049 4.79797421748264 2.62518352290086 16.3505033849726 5.96779454797922 19.4764715215158 196.833485198599 485.482825650614
5.83511207811832 3.27274020655767 8.01590833622909 15.9594989356664 20.1348151234378 20.1536665643519 267.913728776007 481.690280093838
5.17561194219293 6.18372899672775 8.55452284736218 13.9720856797775 21.4369020853808 10.0158786314384 286.528310368991 480.283679754758
6.25937503771418 3.95883763440381 2.70002549833536 18.4594142325064 10.3998291107965 27.2862445365459 147.677839261149 507.955515422664
6.23980434221581 5.48896150342646 9.0042190868939 13.6466541317898 14.0717845302805 2.58151524911491 169.606665989444 476.598282592405
5.87760769357167 7.00582506511036 6.76488265294881 15.271881246053 7.96767304365687 26.9175127021448 278.699856309023 491.294181747454
4.86074217399621 6.200424130105 8.02531800990797 12.8818996409256 10.2868288341981 2.55230327197469 436.155830325448 125.029269649716
5.80563190578321 7.08674204083694 8.71432188871953 13.7074896404024 8.0656979739758 27.1301942733291 241.342811494203 447.918866462945
6.31868791446761 5.2992589713706 1.51431966785149 16.7037374883603 26.5889074475116 15.9718411992907 96.353910751052 488.12537125676
4.32947838470781 6.03956446419261 7.33788838896506 14.9684795491455 11.6651080968486 23.0675749004589 252.928106683923 449.287969238934
4.35097481726225 5.62783460033117 7.88504515211558 12.0364501380278 25.9199285911834 14.5723363983397 180.359815115617 498.72278146402
5.69234156966363 6.204754208074 5.04962002094888 17.5289106369481 7.05229921108526 11.1764339072875 257.796827764192 475.372668863404
6.01321401084657 6.36847698628508 7.57727792839359 13.7693318142413 4.83196553051984 25.1678821419564 244.565925688254 488.396825431183
6.21459396156281 7.75473889410889 2.07711158105786 15.6994290666102 26.5823016757469 9.58520117219296 216.263870996516 498.632071410763
5.03141332187069 5.56081176472174 12.8805505147243 14.8517081015311 6.2957393917721 13.3612067920908 264.576520908926 495.317343824402
6.77267524979253 4.60744338482845 6.94307260757574 12.6234717210427 19.6085587867825 8.16837538473368 143.885828930396 498.955677329103
4.0751297253712 5.25189816058311 11.0032896084389 13.2450181263059 14.2315183833003 19.3233030026254 239.656544393057 449.27669280267
6.24234668396907 5.28141167318718 8.24554140808785 14.3935458643162 28.4237684101392 10.8859371780238 259.318138310591 488.672281869983
6.50401822650449 3.61061587833794 4.89825461851094 14.338591860165 12.9216451996782 13.6934516059063 142.538366935215 485.717736282204
4.67221397758528 4.63689366401402 8.48275061678301 14.38162117103 21.7373839656072 8.64877532379718 159.528193820205 500.187800442026
5.94899907926518 4.44002460609738 13.8053293205862 13.1200118414741 27.9020555672082 14.954472023787 155.463935060143 506.590219335109
4.52459409612672 6.12339245414585 5.2530888149443 12.6247691125135 22.0509668631398 26.2919383627023 206.490127009513 491.270202948227
4.12725266656048 5.87002526004927 6.60341504358656 13.0035311654675 8.34170141207341 17.2500135610293 192.435486733172 492.515862345764
5.07409108718395 4.96366538141412 8.42740368503392 12.57200208493 25.1296059623704 26.3199890557708 296.503262889025 470.60087452669
6.11453485184559 4.1501469865761 3.87206188526359 15.6907665489156 18.399427207888 26.1353245271725 293.154243834228 492.869288768263
5.45050137543994 4.98566477319485 16.2784340587484 12.9720556955874 5.52709923410759 12.8447200815946 381.414543751844 478.830384374808
4.65346346175628 2.9727046197833 0.600829102348703 16.9032930627245 1.52422859378072 16.4981489267428 331.506975142252 479.925327032996
6.58532531629339 4.90354660050209 6.90668910224081 12.0232809911723 16.7313309553626 12.4934470432913 279.09777914043 461.430251416734
5.76663489893182 4.81953761894039 9.88454255479869 12.7321638083917 7.87276477116901 9.97512381965753 90.1094541078188 492.976766715806
5.08200240782233 5.91515239860553 7.47182408972723 15.2618050045556 27.3339188483833 13.2219225499936 85.2971974168274 485.92612696677
5.87250593596931 4.85690446169518 1.23842762495462 20.5173503216356 22.449833370933 16.2718237742356 307.294351027472 469.070662319611
5.00939822658784 3.37219233841534 4.4032467533043 16.6330467173309 17.626858146753 20.7502322058164 88.5672232335976 509.784765633817
6.75547211071902 3.80606842262227 3.41220385705383 16.6299923713464 5.22304676437159 10.8076464683865 239.419288729982 488.468364381288
4.90236715767564 5.33065206170256 6.34292200742314 14.2902989514971 19.2469482364723 25.6966793458952 161.385779273303 498.884701093014
4.90752733257164 5.18870805236785 7.63179031552062 14.2444202275822 12.8123466205121 8.53847432283115 214.945370076338 495.074261029348
4.72551417907818 6.39280634931736 9.97699590443107 13.2117935312071 1.98462024527529 17.7366620275113 217.326837053279 512.581987401619
4.14853268395518 5.17420815554472 7.73677048428559 15.8961941735291 15.2668523502122 20.9821289656255 297.674606072163 387.563567211555
4.25290929522633 6.73889994674528 6.17601470084528 13.3817743660814 8.96188539257819 17.7541698339032 133.640863129246 493.913124635733
5.18238474152018 4.59637107097581 3.99433408213195 13.9971411567156 21.9547225957055 11.7572002234476 143.479495544411 503.034996163608
4.3964832973187 6.13019301078299 8.46977270143878 13.3046434154408 15.3886987847207 15.4787710326822 142.72441951855 506.059771403351
3.49890422312475 5.11466644541946 4.70059872580263 18.1153536884781 16.0379681486479 17.9900342589524 282.747696635136 488.364984717583
6.86241597937991 4.347341451785 6.63706191059654 16.7221723290643 3.76505593937881 26.4876215869086 185.23663279664 417.295463620898
6.80139315296515 2.91221960751271 6.8377121653517 16.0251051369533 7.81293986402582 17.270310680564 137.50006259622 518.113628491548
5.80770544969797 4.28723074826873 2.28882933921828 15.627349328697 6.01887538095801 12.192798288677 125.774432290064 499.311369813999
5.7046154147168 3.93621067281004 8.11109009200189 13.57742816111 13.3067544589281 19.7983271473025 124.624462673591 510.936044591315
7.88426900135931 7.55184204226886 8.84405715166427 13.1510107051746 8.1725219120973 17.7112867319332 268.240643188385 138.020062382068
4.59293604428586 5.90000105316974 3.03056725642877 16.2238231288127 19.9995351790523 20.9290757430415 443.541542725719 375.13866955178
4.64007115687185 5.05101102298434 1.5729342791877 16.0417343394637 24.5353710717565 19.1285767375976 242.107436730113 495.657194695267
6.28163802231194 4.27896334788284 14.9117092251239 13.217859716436 29.2927183352478 8.60362776147138 165.195163535069 500.154093993774
5.17212013856776 5.13280679744669 0.265777948541903 16.9539808261382 25.6123424784354 6.58234205943127 132.473584780063 494.670436964195
5.1046560791435 6.50323890607355 3.53951923904151 14.0731378626034 29.1658212395139 23.9411836885114 150.867183756789 501.791264122666
4.84650437791757 5.30566124664136 4.89051235268301 10.5145519583258 26.7257130973347 7.18288793712549 283.119995071261 471.443194319994
6.52815423621294 5.20662745065278 6.23359424556 16.0173288044372 29.2613111251119 11.8869324511283 227.185839584399 476.095368210972
5.15446850915905 5.20065405541542 8.81659212877765 10.8060419900465 4.86543523698505 10.7097063720884 239.498456708509 495.205227608783
6.30631978770021 5.04057631553809 6.58980069553604 15.0872150311948 22.1536993192649 25.2991318261759 312.570298469781 401.872992147273
6.74469667720376 4.03327541922368 10.1173510262341 13.1128595902452 7.08711571624457 18.7594106535354 163.253378511992 501.13539518352
4.39138488486824 6.53864418347597 10.2468247440253 13.3199817439783 22.2626710859892 10.6693016844161 358.426216102225 464.707234872758
4.00054127517526 9.70018305777628 10.2818252538998 12.9479107826508 2.30668903457781 22.3663374597598 56.7129627199586 511.671603439696
6.00383415161408 4.47964208172481 4.32525158613829 15.179379344881 9.9568900713911 9.87232289329666 154.227615282358 502.280763950738
5.83458885453055 5.61901251119864 10.1198503645093 13.8133096381071 10.5089911168073 5.97260827978875 223.77599053029 508.609216486264
5.6821875401384 6.59686207745784 8.10526473385476 13.6124185919578 3.83338337713753 9.70592173685754 284.300090234815 431.414705066098
6.22457997499823 4.36532093280293 9.07854089406641 12.6865338993317 20.779459487412 11.8648876857978 126.798117326046 507.764425005802
3.21252752414178 7.9188719207416 0.532336905775354 25.8824075489441 17.8973150817679 16.1421075383343 317.696068964631 481.58424507805
6.04716745884362 4.84733841762314 5.36375157737543 12.9140218603335 15.6128937520722 22.714210185822 144.903378763006 477.999258941817
5.02084299612998 4.8689644563165 6.32670330803359 15.4284233793623 19.7034132817782 17.1305873397262 342.985682974253 449.189700033492
4.67999918143391 6.966064299271 3.07348711631898 16.441044756963 9.68410728951895 29.0696216563199 276.116473623309 459.401114940331
4.60745936147661 4.45043897043651 14.6601473392921 11.8559179413722 16.2147463188471 9.71410618634575 223.927908335756 443.070482113794
5.78458627009735 5.64614008432625 9.94716566512041 12.3060739909524 9.5997776187397 10.5312788872197 249.494193487462 383.063391376847
5.66992993032909 5.86458946323385 4.43819370198308 14.2117456113262 7.31555761924748 18.6077038357668 335.203023837212 445.540902456649
4.86920383216253 6.17540776442216 8.14435966852841 13.306622456615 12.1635660297622 11.6491051656241 291.081592724486 454.49740454698
5.03799273102873 6.20374797135193 7.251476942176 13.9635179508742 4.48154562679271 11.4208995099991 172.113612387974 492.730822049185
6.29201597410805 3.82387324382377 7.05724388154278 13.1470711731605 13.762503695661 23.1416645824039 81.3518343389864 499.646833011023
7.23124242608441 4.56092390639268 3.82597951745648 17.2686486044019 27.4391806840795 12.1513046277012 157.151606126277 511.081281978475
5.95113309485039 4.14234572297192 11.5339310438888 13.3045565270617 16.3636741815687 19.7415383211806 253.021797659278 490.864518654365
4.95750751646675 5.95653046124192 5.40368947906902 15.9622184284989 5.81079304849939 19.4804935407084 319.396621184134 425.51451008917
4.81042775979789 5.61419279171049 4.69111188763276 13.108477420329 3.15368430088937 19.8486934355829 85.5996938808224 513.458243939055
6.31510475157629 5.36926000798858 7.88124233175378 15.0036147624475 24.2268539488215 19.3509574540426 93.7814550064747 513.546895205148
6.65060850335894 4.35934450504618 10.5669717553252 14.0479196936985 27.0922427134905 16.6157861666504 63.7124035850601 511.655533321672
5.14254911926831 5.66367097117537 4.20600899305103 15.2741895350117 8.48621972364298 18.7362105947966 308.147093521063 449.59640050902
4.24574463980821 5.48259506346149 6.66670031065505 14.6054157465534 11.3326967135868 10.2834072845504 257.265192203035 480.497898341803
5.75746144365138 4.62559720314991 12.1232446853946 12.7418933612003 25.6602810393808 3.25492108573375 164.869366823851 497.861544549304
5.46102006305322 2.52052927898915 7.54459963893046 13.6311898268596 11.6591561445803 18.0222570326344 118.840384826221 512.951544454624
5.41641216736041 6.4893158095849 7.32197186989211 13.3407724553051 13.2890919070791 17.1104769224834 169.305927190247 429.373789967861
7.16218632122826 5.16953619003069 10.3285470016099 13.8345019522825 29.6647291260763 9.21158777544631 301.046192153291 466.564131488611
4.9038104962506 5.82939368518865 1.12243625949047 18.4039426819276 29.4265819338011 21.0139823081979 166.374655632246 512.581649331179
5.90103799391611 6.42266464071269 10.3247351812483 13.1006013424359 3.40495194726147 17.7870671331067 170.685501689586 506.198267954113
4.60755474161002 6.73090698686594 3.90476017252444 15.1521869116541 10.6085313995268 21.101185827508 191.650368405843 494.89629306574
4.99250638414216 4.96931812899589 8.39789945845206 13.3674943662043 9.13525848694463 10.5663383949553 313.319887273279 465.089411866316
6.77332876973295 4.81494083669642 10.0840677539481 14.1186308326775 10.3768455001969 22.9247174177416 232.120756744377 476.30884670634
5.49831860004734 3.99401977349898 4.87820406699372 14.8851818329106 26.6609456711498 24.797563919403 183.674555305927 495.450414474565
4.88073461358972 5.2928743163862 5.6048374371736 16.0498775930207 27.0262525164828 9.27947475292944 249.353215560288 496.802084792374
4.8356378870327 5.43105940243692 2.22849206762577 18.5045336358511 22.6058695609021 28.2526272102052 299.270763201619 462.0410723477
5.02508435989842 2.76916527808433 8.87263422724843 13.7100594178315 5.18453657827863 18.723576892394 129.436734682186 495.590561379449
5.13857945501892 4.80704825251054 4.54834025975012 15.3442795368971 21.1762920418506 18.3505578505575 130.616913568589 507.854741667252
8.23100017952476 5.96809221763938 6.90016505898367 14.2372134278661 19.4683813667785 7.26807033601948 402.12159827006 399.836236670275
6.32692286180578 4.28075701983689 8.92731748732848 15.2907729207917 5.97499400802905 16.7230413699896 266.196061584894 499.377778471153
5.07461477831416 6.20187149988874 10.0341507054178 14.1705018370319 8.87692117178064 11.9422255646228 419.867390682898 304.459122155866
6.42821440694108 5.67363611765707 7.77989897205225 14.9368124556954 22.2653444163174 11.5985060943295 100.423188769365 513.491865481383
4.99656935143562 4.66756768883273 4.17194576402003 14.4680642733604 23.9051286022056 20.6877070112593 140.039064988309 501.753265533732
5.79585507395363 6.38473207750763 7.19821419002615 15.3724584957274 28.5892674320539 11.9714474451371 91.9545352154383 501.64166903839
5.0892091337369 7.62376180495357 11.4522147029654 13.5871596982181 6.60168860621802 15.2201348604808 222.855823960775 500.265827710464
6.38751627362406 3.48314221914908 7.06879255203414 13.602870793416 2.15661504176272 12.7840195046919 169.352703417036 498.655420735101
5.30574091582885 4.01285302622366 6.53460672444476 14.0080525387662 28.9982254364034 21.9778971338535 173.148758880678 503.574093562798
6.07978385958273 5.11890096911453 8.03456237867578 13.8645119229011 29.7860137994581 23.5322768270441 87.8044742259409 503.257238483365
4.69691527031279 5.59401977801232 8.37953217531005 14.3776113503461 28.7842360567068 23.0771057126845 238.609496152661 488.720353345963
5.90559130201965 3.89153659867234 1.75295030426599 17.2710796164956 16.423578978569 24.5650405334055 200.981402005363 465.773413587059
6.4550749142388 6.20076232714123 9.55695800597053 15.1150657183273 4.51194042443743 16.6003689078957 270.527145680958 481.609893118118
6.63963829032226 5.58549091770511 7.47724826437897 13.7110875195665 13.3300441189656 17.0186028167514 98.5771435113212 498.986518254747
7.40113469203279 2.90926191267274 0.153659191388902 17.7068267501532 9.41670963814136 17.981652879126 165.013397712698 510.882516129983
5.97101236559636 4.90791753309261 6.86331833660463 14.1347121652072 27.7374001162205 4.48831621966558 250.623435734738 495.436358637972
5.40233338241694 5.88377524727845 8.18293737131027 12.8552574552182 3.31014950446746 18.8064223001648 108.962649065016 508.240190250902
4.98638243454028 4.86682087383495 2.98075831445786 15.6679956666866 1.81378454811444 14.4210124225141 352.287538397627 467.582273361347
5.56434296981292 4.60851458605408 14.8759293960205 14.1564513239009 24.3752873477888 17.769682533452 185.654330535871 503.845117415477
3.80954374237035 9.15541476191697 5.84720434161371 15.5307020129115 9.04403569906899 27.3253798833379 397.878380074302 458.777501961167
5.7904707834489 5.47916200987642 6.29037136293174 16.6797329100805 6.98056829851102 18.334050548465 312.467471804217 424.497900807927
5.97145180707904 5.06180225195528 8.21732350719452 13.1219354686131 19.6186001007188 11.2627065399621 266.045544862086 501.532379234519
5.97855599367349 4.25358167470946 13.2695159907599 14.225351547381 25.8781572703855 7.28704091589584 334.890056068625 488.003683851077
5.52627384687855 7.97684863100502 8.29773113030283 14.8683533703903 23.287543016896 25.334261148781 194.21528740789 466.780730544855
11.0048329370369 4.35914923119132 6.63421986990812 15.3513473088311 9.86383527666988 28.5347957316268 337.937942185764 197.2430726294
4.80653865732944 5.16309388299878 11.1135303299795 13.3273083759921 28.8088992115251 11.5125140801187 273.275232152381 501.791043696404
4.35118761242655 6.73107557830523 3.89067040468715 15.6364855244046 17.119541513263 16.3975437904172 388.097817628163 447.579142459687
4.18144631253786 5.76496845664112 6.99902812257649 13.367850874132 14.7507513755391 8.99691473226656 252.286010802001 494.07106413828
4.19754399436255 6.94727680520069 5.64860519254569 15.2073274638636 28.7377186607614 20.8190799445584 318.83743223871 474.00934580956
5.95264534387687 4.65308041209394 9.66307790032757 13.9207511237234 21.123158711775 11.471871197916 281.240734030492 467.603428091454
5.74043729981547 4.52226731035402 3.87734917152071 16.1935948687171 13.9080101763516 13.6483280509157 147.97986439389 497.36758150745
5.60556524506154 5.23347515863617 4.80714163545466 15.9458023398149 26.6284783184516 12.4121091570442 99.0154147238382 517.06832682204
5.0130489466085 5.81875669512264 5.51646587159669 14.0991573755711 13.166020942907 20.3885937622204 117.334552917877 507.487388707431
5.68946790264769 6.0522693817359 6.41631719444786 13.6098243050621 3.06743713673548 21.1692926987199 275.880577277408 393.569762086446
3.82262344618596 5.84662296413287 9.70802588467231 13.3091347525485 21.5351359132975 26.1668856572939 501.185426444691 359.035129289724
5.28094294775152 4.83197701543998 8.08624540488208 14.0060695857001 27.8355224636505 25.2368133240574 294.381493528989 442.237351513374
4.70037615178727 5.48501565013556 5.36393388729418 15.7549539768127 9.08907094883515 28.7226090583142 104.785798131662 486.558240578036
5.22203124191244 7.48305840097884 9.31343972428709 13.7258691553721 9.259625740246 20.2561471691261 325.441473018338 459.340320659309
4.66373483499944 6.68457025604365 11.2242779509249 16.1715769922698 27.7487529077264 21.2413464519944 172.297462101435 504.521298900944
4.01576052433261 5.89311405058514 3.85715477172882 18.0733931563666 13.0023821700394 28.9328040119836 332.916269714021 359.651118097814
6.95467615865093 3.46267547443906 7.23017862274635 12.9873351752616 18.2608629049451 17.5050180607902 247.196437052646 489.749660090964
5.13138456677843 3.93649275143164 11.0675103638867 13.3569699810077 11.94986119082 11.504832674354 145.744812504462 516.651444660475
4.62501980941796 5.59727361626103 3.65709326360483 16.765232296479 13.6009349391482 17.6734384512726 278.680390524195 486.834611680201
5.57887688824699 1.72413146872589 3.22125202818722 16.2706173513355 8.7101405188443 18.3641764735343 203.085518201201 451.050909145173
6.30380476733239 3.61016468730666 8.50381183237168 13.5385560356208 20.6119934038657 9.02313753749589 57.5501794469315 511.865629296561
5.27477717542206 4.78802611557704 11.8183464063169 14.9774447582998 29.9786892035513 7.04226086547015 63.6945622618268 486.266721949469
5.3632854783188 5.0680505647894 5.79283527991302 18.0205066590466 24.710327617302 18.9410296395201 146.336830058826 495.554525183669
4.58709283947864 6.08349798087279 8.3886634394491 13.4645389535428 27.2417393588341 19.4337071158988 315.116629616935 403.114158871671
6.2658353216887 4.60964767412053 7.25342589983358 11.4629914535161 8.19462583067136 17.3030686904234 148.323969865804 491.098595311086
4.91611783714776 5.51347667696414 6.40674111665289 15.9331519938773 23.1993906401497 16.1668209080689 356.430648314515 478.076240109386
5.97955970467337 3.75224089621594 8.43288103905469 12.3100764521382 25.9093416470825 10.5718703426353 111.028285458733 509.932107125274
5.90679924363292 5.6135546120387 8.88337085567891 12.9251787571275 26.8223784365984 6.44031083027697 268.932426036665 487.25318778611
5.01656589747542 7.42520242470395 5.52673084044409 15.3005334906338 10.6865968549133 14.545321830117 254.010887590242 475.669537724536
6.31005781584088 4.16668863610264 10.2149652954228 14.0168092604757 4.35744630700564 16.6984069094367 131.171391534821 511.235293739538
7.95439419627755 4.22870850586129 3.7576434799617 17.8839036506468 7.87559762799486 12.7411928412623 172.300364361084 508.813326969015
5.85624435898213 5.27556761372505 3.00692730863732 16.3998563574759 23.3963565639141 26.4087739938944 281.387361159917 484.330611662363
4.93342251501007 4.88240098517814 8.91790898507954 13.0367904134026 4.94699375840916 23.0660969891838 342.398718248401 445.057833115922
5.3850570987317 8.03747826820839 8.7292076236374 14.7880175716892 11.0729965208031 19.5454401322948 61.3135578878891 501.666945936586
6.79763997179794 5.19429182936781 2.13962390648706 16.7356827065927 0.789486743754428 20.1914732581985 180.645267296776 513.941151536548
4.46511205972403 6.92049777423124 5.16886636002266 15.6195037835187 14.2463918847593 24.0757890769948 376.241629185923 432.267327565322
6.68784700179989 5.36551722227083 4.22001272159309 15.0737943367683 12.7992006873206 13.1526148612412 241.792868582384 458.932782611185
3.93863780638923 7.90171005777474 7.5069587367904 15.2861934221656 23.0329905056015 18.6452190004612 317.453667040363 305.112938946453
4.65977324924439 6.98344791458909 6.53182561691054 15.840074202614 19.5577413215656 18.7454823086081 270.661079761951 489.61133922016
5.09251040511358 5.8812674729101 3.65326514380336 18.0105876177185 27.5673185351958 27.8817023173093 190.166533936413 496.678351584988
4.08391678372353 6.18320125621225 3.20591239151426 15.4593737554917 26.9335888158576 13.2794606648234 306.492821453469 473.677624828006
4.99416650494167 5.58175836455522 7.01882222491599 13.6865933477696 6.59779150050446 16.3297609702154 144.806312447347 497.25865097298
6.06040786329008 5.27045473745235 12.2028531882537 14.2618667595094 1.36364796672112 28.9599953075089 164.485358654043 507.353431642112
5.3474544366154 6.11963853906358 3.89186078446872 18.2046211643686 7.23971201746689 28.5220755216101 296.09728147131 455.782939999807
6.07142805165903 4.87971658272826 8.63542220518105 13.6278772544025 22.1976624817064 21.8447979793948 291.902835003756 487.630850526734
4.48246485364804 4.40811743709342 0.545982960183748 17.3947500951863 11.5625831358517 21.7648884589675 219.611925582978 459.878954537467
6.04816471417564 5.59181580675021 2.26370895215243 13.2046261499319 29.804897295074 21.0439462417019 250.044646755197 468.112566110851
5.78705185210893 4.74878131474823 5.4233866121832 16.4979539207876 14.4833313818897 16.6341128637861 172.750628068002 487.179424385568
5.75958263034998 4.57685014796345 18.3784538906435 13.348267069928 0.462163228362794 17.7023305863462 236.414760880583 502.423169651066
5.92359807158063 4.37257893693659 5.70246783285554 14.6425344722069 6.3421818758777 26.2699081583418 134.936358010114 503.91684224583
6.86190380943578 3.972048712026 3.25981829830281 17.4396094004425 19.1387803411348 7.73302044515378 155.806072406555 504.773495922435
5.67176967314312 12.0066787435223 1.97032478520352 17.6124708958878 9.234957038971 23.3081929474262 133.540176935245 512.339633559472
7.21625320255757 3.31443660064421 2.59157458287876 17.4934431481165 17.9320814883267 4.54771839219706 87.2340390591201 521.253036585566
5.32046372678752 4.96222307420629 7.31705344208049 10.6081620473828 19.2512122450416 13.9083396272807 304.61953306955 456.602534973414
5.68480528195101 4.26277995284669 5.48704792380924 14.4175207729531 13.8106584580699 11.3625140122034 185.51080822402 497.982569999513
7.18791863893277 3.04774828353725 2.37724226692562 17.2034041923433 11.2202112714816 25.8820426547063 220.429966068754 490.882801691624
4.68828883778609 5.92414976077617 3.2542839736856 17.9138788524735 20.1921452694221 19.3484338929105 266.709918975763 489.029544134323
5.7217060772323 5.45588882877006 7.21674956963518 13.5406835744645 27.1356147135236 21.9126714105924 101.570972086256 462.696061672858
5.6468047509608 6.25892384882972 7.19775458369894 15.9113304735228 28.6834690540035 19.2918555483279 304.450154420213 371.225245655623
4.67997321475863 5.83179508086782 6.16141226664269 14.4051376271741 9.04196732156575 15.7816271670659 486.839678856151 362.542635617681
6.69023591789302 5.10568151820677 7.41975807299093 15.4439699327568 24.8501634577637 6.41084531850447 392.535867324561 434.202415837168
5.26331442870827 8.09728666542274 8.56672697815095 14.9715681797519 8.84399709636033 9.59501061434355 242.878841435261 488.197423967933
5.69284261555607 5.44578295083988 8.1409506687452 14.1084756370188 20.4251219508325 29.693671504794 337.780904976951 397.845998549039
2.92988077418085 5.28441113078629 4.47740834730215 15.6200996858468 18.9381012028383 19.7754634361787 167.056820141825 503.325922736733
5.45125069004766 6.33729503290609 4.49748521357297 16.1078137271146 4.20076217045036 22.7109270588756 273.327953371347 468.935032018626
3.52910097647344 4.91161963425176 6.530563289236 13.8362692213893 23.476964626357 7.71174334000099 189.816732994188 497.902457365061
5.67390165073347 6.48027275122279 3.88016198352958 16.2156788557932 9.0245477527109 11.1131496858318 261.191103614068 473.017908488627
6.85146742162562 6.2296357671005 6.37180580670546 16.0352180905708 0.386897643407156 18.624621981083 254.12140702982 472.967197904255
4.88778767276459 4.06103343705956 4.81296914517122 15.0463901452775 13.8145220781616 22.8126588769144 301.462773226338 472.298977707756
6.22090078183486 3.87193900426231 5.02989546229361 15.9352336939067 25.9566344930963 19.0136655734545 190.307566840397 501.48415914687
5.58746445065332 7.06614792743233 5.86472030897278 19.8732085402659 7.68998770188226 15.7096896832972 419.319440131267 419.159027950199
5.49982023523491 5.11012840227321 0.713277465706141 18.4690078951382 12.4205394881709 9.43287196178967 461.389082599354 419.713450234711
5.15041322350651 6.2316443554696 10.756038686984 14.3018864612602 25.0945961086067 13.202918718924 268.723605754807 474.091261452308
5.09830090131288 6.14575016592988 10.0369512209132 13.704715296181 1.68795474393221 16.051136551295 146.744124856878 503.026150532782
5.34904247427205 4.20915289541549 1.36457826747369 16.2770553989464 1.09404391714776 8.78395469058244 138.779197915499 507.586717292222
6.16984254127453 4.48981621903267 6.15992702995713 12.0435737831296 22.1288584251834 23.0550781219074 75.298416424424 504.069011965242
4.70828120475275 7.60983545815306 4.22917031748181 16.9950362652009 5.9723953483573 17.8794324333813 172.907684336016 472.523881318697
6.42988745472553 4.64064252552959 11.9776292140051 12.6877073421904 20.2038291507902 11.3494070148358 112.785453602334 498.244113857828
7.95539601796819 4.47384710196398 1.73733066409303 16.6670709146205 1.94881173776894 11.2669606618671 300.097487627706 507.482171131736
5.12105253158923 5.56520832430155 11.1655019434829 14.1982772226422 27.8833861540595 4.43444542826347 357.960655411129 470.512383175425
6.78412403796806 5.05557102703909 2.6575217339309 15.3372316407559 26.6561816791302 19.970663910887 168.369977495791 506.934456932647
5.11803087155869 4.71505278857538 9.02419774030725 13.2735972853136 13.5676732034068 25.1189392643731 241.703672802505 491.066349746605
6.47031128481405 5.06134463371641 9.78170544546405 15.0245829749478 8.91615964442019 6.30776647188958 240.134744569415 457.097160130459
6.00929114504402 4.51030786877738 12.4975012812124 11.2726759550407 19.7482610763245 9.8838435276595 51.4852215658752 507.077587685611
6.18504176969561 4.8244632501235 2.82426718191648 13.4527631614093 17.4308246571224 22.3343131292736 329.557858577884 434.216840587924
4.10149997014584 5.76431215842607 5.36386362011255 14.4364101458772 18.0231657460159 20.2029350927341 308.090882761141 456.978912364917
6.33388292786494 3.32690636167744 8.41691634275645 13.9666615671677 10.0406472387672 15.979494273802 100.078511690351 502.876380950536
6.68837128313436 5.19234632380468 9.0239245534299 14.9294393821864 3.26272565616377 13.617200150581 317.6958755309 480.517817956721
5.71208860913499 5.93937449263077 7.14761246690025 12.4523842238943 29.4603340169658 12.136414325011 26.1302323512435 510.232798455204
5.26247160810511 6.67606641240588 2.81197580475973 13.4986654431666 18.5193607297425 20.5059905862803 37.591331981485 511.857449680795
5.68776969329219 3.4923850925329 7.20645259478659 14.1867216927545 20.5357442795254 17.1762769190754 103.584047491395 507.318814340092
6.03579942281419 5.01061126978297 0.374941172315381 16.3795227363724 24.9080320799077 18.4683364031178 246.276244372508 481.736021191386
5.12307944987579 3.92479517337387 3.00376970026343 25.0925037773002 14.6537413514946 18.2650896238888 245.126410284148 479.091646714651
5.38609480347413 5.65121551403968 5.79766069063896 12.9005458025706 27.7709765113373 8.29525006419433 112.639345821266 480.941810123656
7.65016744311987 4.92330099015658 7.77585812105377 12.89770319891 2.98622412466967 25.0468023962273 284.082387522735 427.827853818932
5.51444346279512 4.85613385021126 9.13174941292881 12.6644359488125 22.2549085922515 13.1755572711437 166.124099187809 499.747251705564
6.91422818049675 4.86698604688745 3.72582743809461 16.2954776542481 18.2575740840476 17.7467156813011 158.469721266971 501.530947616166
6.21280434611226 4.77614521899232 8.46587108730959 13.9678984993682 12.8312250363365 22.237776827617 116.215931419222 511.737661680832
4.371881327556 5.55950692852344 6.17725654202865 17.9722718216064 15.0483683094273 29.1631348148681 285.899502859865 418.986978156941
6.08979202791434 5.07935957390337 7.90143008026663 15.5461129965797 28.9845002294598 9.86102302948832 105.792184217887 495.452887482554
4.91424683971961 5.51669047780665 7.1994455683753 13.4326794830234 16.8876261599595 27.6510665162474 172.136290151079 489.483904887475
5.08233109552723 6.9554036360098 9.39348681607778 13.040041192072 1.62809017034656 18.7059424662514 467.61455067032 405.286217513976
3.98293402328546 6.10070823601911 3.0863581380702 16.6952344132616 28.2798551158899 5.29833338697977 278.465940794938 458.786241331741
5.50960573836507 4.62593912018832 4.52925389186641 15.3372852177248 14.1997480814275 24.5196598139713 341.80873382386 424.479418701608
4.97399384079447 4.99398901726718 5.01745421221289 15.950713792905 22.7982451494882 17.6466830244919 397.417300356316 396.934511715077
3.78345513132371 6.67250034096047 3.01641098487016 16.1433322785646 26.7342618178587 22.6548651256994 255.269941376528 471.66094696589
5.66272787509338 6.40635152943742 9.09799062530894 12.6541219478711 0.728945520790477 16.1474908751585 233.552746974488 491.611039636019
6.94882677209622 3.56898221714104 4.69615441939322 16.4768077606439 11.4681920586941 22.0508575501293 213.614006235489 493.507640685785
4.5563200248131 6.5601870751159 4.29470332983414 15.7384662816572 1.71123139850585 23.9183991140902 283.648655406499 452.960086190895
6.86647819922553 3.90313240981123 10.655055082448 12.8415108730487 9.09563010638015 18.9950575179893 110.285186805467 487.077731913632
4.83808444504012 5.92124107489187 7.19882863902023 13.887761826713 28.2922662676534 20.4549338678856 113.447663400068 508.072909999496
5.06022978670161 4.88466339800052 2.36114801208 15.5881675490315 9.90626241701962 23.3709101611116 255.04057986666 495.099635169996
5.36846084526397 6.02166147873589 3.2975022231768 17.6980624828172 8.82677719743894 14.57260695117 170.991312913045 500.162405688416
6.78211931909849 4.88666032722046 7.9099586465867 15.1908130119467 24.6892292002262 17.4995899168703 218.582822447061 452.97515129346
5.56317237652863 6.46148450934599 7.02257919580989 14.7851562742526 29.999984323545 23.610951577493 377.389312015275 401.999161988064
5.790995141731 4.44743498783573 7.29574598608628 13.2324184563829 12.0578956957729 17.4336817621435 209.652386643893 486.648868114873
4.89290416594979 4.48208874562736 7.70729293459308 14.8859465032561 21.8005027013034 15.7995423556505 408.940244695031 459.790947016874
5.03217564929004 4.34841320053659 8.27153948262216 13.5703140655506 18.108378996186 14.4753547758144 340.485339469152 444.028118961916
4.27063616426291 6.27525686417892 8.79160844381525 12.3737389205185 9.13251967015147 16.9069580748766 294.926981691221 452.670184894535
4.44187620457805 7.16736155400151 5.96959695232636 14.6607839493526 13.4502843932801 20.3337389105395 249.647919367221 486.341887757903
4.76337900470043 5.29727022191462 11.742311782864 11.6515438070182 22.3337003390917 6.3522506928665 180.682459267113 495.536575111873
6.02853156530626 4.35762327146497 0.376268740158604 20.1622977360689 13.374829503544 21.5491187747978 291.642922777892 485.872478967785
4.31612625747024 6.20878372797247 7.69086385903814 14.4515606856629 18.923629252872 19.3413948880931 245.746106241 466.539693056762
6.41831356302674 4.93864798646818 9.91266196693976 12.9519531106736 20.642046009766 9.96097644842195 308.826022257488 461.54539616161
6.53710380969205 4.68634826077985 4.74837661417689 16.9371530810655 10.0826319535686 6.27937202726253 95.8699842071736 511.522707786846
5.09615844501874 6.49602746422614 7.98933162595906 13.7184136322846 28.1266694451649 11.406852413144 339.485776391729 434.667544686656
6.03473975346715 4.91090040276417 4.00693283180419 16.7901779866997 15.0210181444158 18.130749162123 227.406836438715 490.892472454442
5.17012218306974 4.6271741930861 0.817447689115304 16.2189096224864 29.6792699485208 10.3133289444596 134.760353131066 508.992459676071
6.36031310384038 5.09065154632901 8.16425173080692 12.9255088807476 12.808394962326 10.7080485259787 23.2156715216757 486.021589793197
4.95729663718029 7.07519434240056 7.09377916267285 16.1121012684014 8.64149298527285 9.43852538941809 264.260952927373 455.407809708403
5.26947950677297 4.63680877261032 8.65004422628826 14.6731872894816 16.0248276218626 17.8120392940178 209.546343189034 495.177511121395
5.45460467714126 5.43604877759458 10.6518483631218 13.3059599341495 16.0205726696539 22.5505290436204 358.314996758 460.244143817846
5.83630282637245 4.46427389911988 7.02563621457655 15.5967644718718 10.9151445471946 15.7502208480817 161.977668318821 516.762004490674
6.33739592693149 5.02976592617013 8.8211435883344 14.1756471508627 17.9743759731987 18.350768734359 89.9173134293562 480.653330172157
4.72750951542097 5.70670735309722 10.7195076068788 12.8940041593447 5.5719584825258 17.4338483195948 393.461017105698 398.760172983426
6.63641112333723 5.66498313187412 9.65897778787359 12.9962501620315 15.2150819604808 7.05020113283861 100.901373278854 519.357508462101
6.39897109632084 4.94874979926317 8.32545301260108 12.0326085703029 3.55148611061226 17.8437099447556 108.074520847168 499.393760890568
5.01147147487094 2.89216969000533 10.2625766695648 15.8012248580599 3.70112217736258 13.8559802831965 252.321292628221 488.709507352062
6.84694409201002 5.49357957317703 3.99080422561315 17.599590436838 6.95712707252804 25.8330140741264 315.862977772667 466.402267747133
5.03390297462428 5.94901157117963 11.5988271734805 11.2835243596517 6.79986354960178 11.3297247071171 384.92294929583 406.035945585984
4.85726559164216 5.83255341950424 5.78571745419248 16.1997481223049 8.83856936708497 8.37415333902241 392.677975673668 455.782227545677
5.71928006284898 3.79698195867359 9.33219846851965 13.3201387941191 4.63077295537788 10.0847843491198 218.230832602321 497.917494354428
6.10457926481417 3.76176704624151 0.214478388374198 15.5246346660862 1.72609798362547 17.0553598016422 237.540997712571 503.937226465912
5.15294402608427 7.4160290785321 11.3470731880312 12.6759862679693 19.6583468567604 5.13732581388252 381.711930032876 458.929820367227
6.04183106686347 3.85557250471087 12.858256543253 12.6228918668859 3.20879044759566 14.9623408472636 94.1829899627337 522.202390428227
5.09085249804103 5.80938961131854 3.15533834266549 14.729097119765 27.4127783555358 13.533330079543 262.489780819857 471.502271203146
5.1756888903125 5.61738039208516 6.94245100070358 13.9746892604087 2.05753929503227 24.8658309867078 142.802016792367 463.600730921397
5.18534520751372 5.57421429420493 10.2418505278057 14.2720925371486 29.324409638308 19.6629757641066 339.156570951317 427.769019991872
6.13602268160509 3.41041011023514 6.56797872458866 12.7932075567202 23.2982809183206 22.1080057907027 85.9125096803254 505.316862675986
6.36877395214021 4.68345341816472 13.1900458732964 10.7826301917258 13.7832207409384 15.6321298354488 209.77557330423 454.302526226062
5.23591734818486 6.69516615732971 3.89362806584155 17.3086783779097 23.9621493659375 12.6283213887061 276.296559393244 487.757931219849
3.80873880755885 9.02448335541689 0.0654141293330582 18.7611034552821 15.5411258202862 27.3502259309292 308.496807286241 500.017115531008
4.97345012371196 4.1490627798236 7.39773445532354 13.0119156876334 3.03566637497745 22.6897731305615 234.427174862241 469.363412271415
5.37932776209151 6.09274783635608 3.91951641348303 15.7277136610736 29.0989512290828 2.65376957292008 330.510347588166 474.90239735198
4.7014095987445 4.71721058730393 7.43439232673197 15.324433064534 7.65619899584409 21.2249235170839 247.085144345026 432.657624609781
4.05577112425964 7.29281112652934 6.97368282678745 15.762396684477 18.4996105078206 21.9895187082722 244.370152664152 462.40633254174
5.7206467072641 7.45557811238089 3.38554538841508 16.2070149276004 10.6593066616384 27.2750926000721 443.164497628341 280.201991796089
6.22472800466558 5.14691075177222 6.13187923609016 12.9708061812084 2.33421420940073 29.7481800099799 105.948017711854 513.662233703535
4.21589897496467 5.23915474666711 8.91863513494309 16.2580841110288 13.8708800486943 13.2873419088873 162.301874496398 492.521370676755
5.03856498723858 5.42145681586193 10.9037314434805 13.6164496691043 6.99190306302005 19.5959998076734 128.301980749705 513.217047159762
4.61624099893088 5.54644717950824 8.58811945090219 14.1261550574611 14.1803092620912 16.1951865565917 294.374435385373 442.090789864019
6.93077709143853 4.15981916647132 5.19353645430309 17.4089513725794 21.8277659255943 23.5118290006853 281.225561123727 483.140995403889
5.86231226242658 5.15996208035757 7.79861288794877 15.1773595128077 29.5753720201696 17.4639083245391 53.0541237675316 499.857206323198
6.08314141651914 3.80061174369244 6.09475975769015 15.3346177549771 2.86965205439008 14.5047223314939 322.162775572834 470.102257542183
5.24847118298838 6.15397618479531 8.71159590238518 14.9877339925189 27.8002208321892 5.63556590586382 267.042358025361 502.79333912713
6.33906196912994 5.50730815719981 2.58757990060955 16.6668313787746 9.38495470771953 23.7415016289537 243.575043428263 409.1623595343
5.84385077853571 5.19022247909765 6.49359294217676 13.478775914561 18.6808536628235 26.6706361504227 309.709862844104 484.645695198651
5.07765148689922 6.82769384192825 4.52274340516453 17.380860133716 13.5749361183244 13.4824191232259 149.568031305806 489.721647024956
5.85371355946924 4.42400167047163 7.20020015243005 11.869566590449 13.5668224540202 11.4372967673936 161.352405513348 514.136519009793
5.08562921333058 6.18458485775458 11.9280714571028 12.9155632546361 25.8331370056424 20.1497526893059 198.290345758656 500.067362476106
6.47763506597849 4.34977810672576 8.68597775278572 11.2390306889952 9.57072541384004 17.8081604542086 193.869965757317 449.075302602631
4.34444218498004 6.09440878324806 4.48810959963355 15.0944778766239 23.0527370211457 18.0354263260109 251.683204232028 497.955446233528
5.75510519868979 5.73740156817641 6.45287938640832 13.3510212481212 5.21322978628818 12.0670969527393 200.550052990037 465.640365804214
5.79708245621489 4.69946065911263 2.38038232874222 21.7815025721566 29.3467423422938 11.7186238397964 192.267247382102 509.125837592787
5.50037815059865 6.02335845804602 5.55561090738629 15.2650445836053 14.3977356318445 4.01663113600746 281.000910486202 466.132870005588
6.48974432190232 4.81861993150159 6.32100510388832 11.9590312635923 20.5206908296365 13.0121316267404 109.072090367849 497.097715968008
5.36368313770109 2.88349752728697 10.0007314018121 14.2502682991923 12.4835368352118 17.8785403710981 178.39788381142 500.782745886731
6.76929644704538 2.40965888526209 0.320809042602898 24.9158428904007 14.2495223215235 29.443587595266 110.716298176564 517.642328386435
6.61501459840584 4.62239619259692 8.2027258557813 15.0439365392696 9.78085414338796 18.3505898312231 100.747910159133 507.867918161131
5.01103904008702 5.13963356833648 4.89475882671072 12.8713074810777 12.1321020053227 8.58162499346032 69.4993996528017 505.154523146909
4.83549595041731 6.02792157284623 8.30962800160011 15.5613498137917 14.5677434594074 24.0664050213386 271.65208544543 463.001026016461
4.95911256060073 5.03034391069206 9.58222852395622 11.5539354328416 5.68190978679479 13.2482577562377 234.804907867023 430.378899761354
8.20760180571093 4.42406626017814 2.00250611563578 17.3696600148716 3.02994251492437 18.480875412401 244.001248488508 501.88053093985
5.66352838763653 5.7669157146885 7.57183948986856 15.0706939530567 19.7706051940411 14.3746909753691 104.834509665888 506.871506814409
5.37752460010709 5.39626083608194 6.79387070072881 13.2165032666013 23.4672080251029 8.16203349220674 401.075296912805 454.33710670222
4.72611082507558 6.0947291600391 6.31834599968445 17.639538274881 14.1893700502297 25.3155104987366 305.557447267739 436.504044647871
5.0834007090867 4.58227658173999 5.46095276612947 12.6346940196767 2.59913179497767 4.97004223335483 357.497103752827 445.762005372801
5.61092877422467 5.31723176097867 11.4181033663159 11.103839194588 5.21896216431711 4.06429290453052 323.057657372571 432.314393022059
6.90579267361125 2.69774758358026 5.19922048815504 18.4024912240038 19.1471947470602 20.3960782964601 179.078922764637 521.658442319334
5.2288194158659 5.56182057474563 11.3945817060399 13.0817608259323 4.7796003400935 20.4671006931436 280.031228434612 471.836801677712
4.75025120234394 8.09913661744526 8.05097891278033 13.3763284123843 2.2217194670924 14.1785275097529 481.32037915266 339.543132527219
5.7182843452803 5.15681452832511 7.76204881246289 14.1710207573404 16.3675688829951 13.9463013411609 355.799542201404 428.534492875579
7.09940285896552 5.0518209847846 3.38614068329561 16.7390086398753 13.3775468697906 18.5971464698275 131.253209113769 507.656918870481
3.29020667970923 6.51627721432978 3.46913878577317 16.4298995699417 25.2923763849023 22.5053045369626 352.721587885435 454.179704677574
8.11359718960594 4.69648811532324 5.63721409363202 13.395238793253 11.8997689894645 9.67831519268052 139.871629339884 508.844031160846
5.02179474073929 4.66201196802155 5.0978730708435 15.5682140574984 7.85498891811076 6.93661420226029 195.904410736886 464.189300594609
6.20955755948279 5.50864542381237 5.55671403588739 15.9301202828872 18.6020784763638 26.4677189283519 132.9023150937 506.927569549654
4.10023542808547 6.04167242392988 9.40075706030492 13.4899765287168 7.14399605616881 13.3372783915197 228.666552140337 491.905863767883
5.17014698503032 5.34492316380033 9.55110354337969 12.6259718397573 15.5041484661017 6.66380353068547 314.283578165104 439.171638898754
5.34401662708077 5.30741730804253 10.345280100253 9.8895384065554 3.25225886327461 16.5377022029837 229.856427059579 472.083386423848
5.68126151976755 3.99804351353112 7.66020798068489 12.2683971987973 28.8819025713342 3.70701282059559 144.669549478413 485.859769238777
4.58487378905003 6.24044829476253 5.14430132899441 16.048577507726 7.8518291567472 9.91484821090093 206.483450324439 500.195801857084
5.57843403175326 10.5399835389302 4.57092465623873 16.0787233277039 1.84594673856994 24.3792265194974 210.694736560036 483.861534645386
6.56729965857969 4.61049606008801 8.19298264445432 13.8946266461531 12.5243248335035 4.95887092407811 126.672813801247 526.2816413903
4.27197390002041 4.97084766569657 1.60993110027521 14.5445885196532 18.8943811665411 12.6918733985167 139.519339802521 496.4960570508
6.27133802296173 2.53893157626756 10.8709014224434 14.8111233765762 27.8449616882035 17.371320440074 126.536935837438 513.925541328498
5.86210363105418 5.35917604298644 11.5759484218597 13.4650575278898 4.0742604447006 11.3920464181751 350.688771981247 458.967440880138
5.262219170477 5.66933314215509 3.53098525037755 15.764036329487 21.8612517070215 11.9832255060724 188.669345808625 491.162436256384
5.74739876205422 4.53806402267769 10.6377771904144 15.9191664000403 8.38873243852612 13.4808649350034 151.720686196834 498.073329577023
4.68979808097251 5.07322346976801 8.77420394789147 13.3007377511962 3.0427982139435 10.5282058908059 310.675897316747 487.463705065711
6.09371671219144 4.64474055889713 5.51364588803806 13.1804450468879 12.5080445327077 9.98773284223046 282.478071735635 474.744105689495
4.18885707362464 7.27982653444026 6.65963994254992 15.9904800152293 10.6266710360906 9.76248681141612 258.275159393848 496.222804851932
5.09963574950437 6.50499311574011 8.03538405305269 13.7204184176055 2.74207364983494 20.7604104307187 321.416595268539 460.41280298219
6.61666455530931 4.45412860722941 9.2010039110409 13.9849223615899 28.9985056724125 21.5992838403775 306.802765317588 423.400573845085
6.01027564036218 4.28970274750891 8.04705111030666 16.2434305019798 14.5709522095033 18.4735841679306 235.127651950628 490.43147438962
4.19219625190086 5.39602350249826 0.0231431324398882 18.2604625285251 11.8714004655929 22.302208205749 214.225688372681 459.458637737779
5.80681356279891 4.72138608385747 10.8351850384899 12.6829613439176 7.35800702421075 3.52486752048598 236.802911472507 498.045537484069
6.10843966350085 4.43647404661364 8.75200793859199 12.7625712677103 8.79281792929051 17.4885098572097 92.1939053559345 512.280343537913
4.74302094459503 4.48526483736258 5.25818847574852 13.314634379456 6.81199104921018 16.1320565956881 171.469095458017 501.152034350467
7.59150674542082 5.60682109038934 6.7414343668755 14.690743494732 3.93870725496804 20.1213844428652 117.70240183159 380.529386779814
6.78804826590018 3.89060146088478 9.53809433564721 13.9377268016616 3.10305532415253 19.3883549651901 145.867092330817 504.446014468228
6.43239037418847 4.21636820541788 9.55972763296549 14.1064415648681 17.2164888982191 22.6508829626956 56.4428546841878 514.860125865594
6.2522995009483 5.44085866173395 0.429415367361515 15.2473937085836 20.5832716213118 20.1178782108032 127.682328993073 494.868664922283
5.06528638768081 5.09902780310672 6.89098295554213 13.3912772755385 5.09810206562664 13.0141752844851 110.2023060146 504.267835216197
3.19071262796897 6.93550479483957 4.45954800023633 16.58182917545 29.6494647074839 28.2176942402661 413.20382418919 123.778757515853
5.83212980139166 4.65473982907527 4.41206427586559 16.0194862530235 10.4104526387693 13.4335334146999 112.472469967738 498.608421607773
5.63459428992766 4.20982836507283 4.75072447901171 16.7380223566165 19.2658394081001 9.42074193780016 246.84217052747 485.394044028216
7.38404027499386 4.1597939133262 9.27069758486649 13.1098015394224 28.957697377776 24.6415403152652 133.567905980484 506.077423361263
3.85489452650112 7.56022042835599 10.4172479674142 12.3278762161677 1.81176791890446 26.979861312791 165.185692516893 492.146387936215
5.51013507115821 4.52677433774703 2.83828978284374 15.9156583003568 7.72622783850687 28.9621456205249 214.796597845777 460.358744447627
6.13517190827942 4.87595805874419 8.09187328112628 13.9426739794344 26.6237959885202 9.79210176739313 186.668055925417 499.475196071986
5.01907197004367 9.55925143208141 3.1596511234615 17.1987885781245 5.41801653655203 11.8397814883769 304.682588277585 480.439673311756
4.51770603573323 6.45255205510841 12.0262174946864 13.8798075306335 15.0300167707308 1.96203055848418 292.999962985985 56.4787590373765
6.35004957626925 6.06180851111745 11.4776541914896 13.5199951276496 8.38279601880914 15.2178380924413 178.664992800617 514.645255663431
6.66202761650954 3.57881518806149 7.94234870993252 13.4929751934171 28.6322562514067 14.8229458120938 228.379607324862 480.735269708744
4.57761707204723 6.54210621365606 10.2222746299862 12.6883468114615 2.4914628950976 15.1729442068091 394.592667316434 412.946405953297
6.20942220767915 4.47036580242851 9.19994549351966 14.1886607184026 25.9260039474713 11.378720480426 282.841096226769 465.600960714906
4.04904035260752 7.29254932326296 2.50565678033312 17.1329348913612 5.71794481018423 15.9186732196242 171.368680855442 510.918419261977
5.21267664617717 6.62291132197205 3.6418954993886 16.4191444900677 16.9802777899095 23.7720189866185 341.59994489197 464.769819376556
5.5746937843975 5.25352999547523 5.78536956489557 17.0491691158429 9.28779238593801 17.4921521174615 301.651453783696 491.609700419873
6.4102140547077 4.87283495628559 5.42486472550828 15.891087629352 25.3334655423279 25.737479395437 72.505962235116 509.645785977712
6.37438955411794 5.79964024455536 9.11633349170621 13.7994613502707 10.4106540612397 5.94739510560415 265.909304397459 476.285330406915
5.08622811006591 7.02339429536187 8.66792483105464 14.1544508083045 1.88412614250287 14.2949016886869 153.696021608416 486.626266820376
4.82960173046425 7.77147456524401 5.70550454685738 13.6004762978126 13.3164904257675 18.1065459342139 202.470854599516 499.018936944611
5.51035188374712 3.20459841223013 5.39634087158758 12.8880019903642 7.4957053791008 19.1099568977951 307.017124889599 494.143467077897
6.28136471106927 3.80946180482402 1.78587701010736 17.2845500785546 29.1439080059298 25.8777605046901 327.025123408536 464.917464968719
5.87237870469852 7.82665725621604 6.58170009810748 13.991614220967 27.6403037925993 9.48235050809026 155.69434369011 303.70623844284
5.39195788561182 6.42764960117424 8.99794145304106 11.6654978268653 20.0049087226601 20.2970231457644 508.620289503748 149.538715991471
3.73271814294781 6.41208621503261 9.3625685047065 12.6957884845224 24.7666637061246 20.2705885072304 317.91522649541 483.642642503227
5.18570441109938 6.94327040511303 8.49771929239516 14.1139225002754 10.3394538390038 15.3731453763734 364.596307503907 326.673230903221
5.19805276802777 4.99864957949716 2.05403092377193 16.0763408318822 19.7440086325137 15.2000614309757 160.256002836623 509.551642998177
5.9340182908354 4.61579594094231 2.84946550280035 15.0529826132564 7.57614448327605 11.1047307603656 290.495778445152 491.027692812748
4.80326734632946 5.72979174593333 6.61176750695695 15.4475307772471 8.66845235193662 27.9974688219431 324.971862240825 497.131532287924
5.76742456907197 6.47986921216332 10.8083734493784 9.61978385701888 26.9195012700587 7.0359960654038 185.442908086121 494.670312440278
6.24795838506009 4.17663156530195 6.68002508520508 16.5349810330092 17.3517939440747 21.3966844503907 91.766855070255 516.081432841717
4.51995628763941 8.55835758628631 1.63772862174489 16.8097698368303 2.25130964869199 12.9805316763506 293.007101790135 489.086486646768
7.80920267294464 4.29842716923169 13.1222141788723 13.1505231511193 10.4662454345286 19.1754985233515 26.0572936776004 488.818720944981
4.49770976218524 7.01689450390644 10.0795058041901 14.7708907910651 12.7814222326465 24.3203113261284 361.658227526245 469.257667369409
5.30351670951456 4.40968813108175 9.31833858036231 13.4182123555057 29.5439711093891 14.3804429796966 181.604190555586 511.164411934273
4.15504152610788 5.54209695296632 8.29596075627713 15.3595960654319 28.4111851730171 9.33263651472541 359.45095703303 463.151227185975
6.38286098454149 5.41059546863271 7.92863372749676 14.00059848048 13.5279622837448 12.901189664134 221.869630636948 465.416907279843
4.57410427665698 5.6208063465708 7.00576339352711 13.6865293906147 14.5358006315269 18.4796610703571 277.805950407403 450.118666954073
5.66413018975231 4.13574894208867 5.57699681920314 14.3519401086309 15.0671214388628 16.0529429857148 310.264410513563 443.465621754691
5.3672931828773 6.54787473189293 0.229629420698436 22.0351917822187 1.68007234025835 20.360919531913 18.7302669436445 531.406443070771
4.45419400094195 6.13935245118717 8.89424825862534 14.8442124755593 29.7242423878013 28.3310323723522 345.674951841571 436.119981011716
5.99628524883185 3.62848182057775 6.15773511777839 14.405176409881 20.6109838324397 26.4327304706045 74.8411168248258 521.965916349044
4.9989423245005 7.95315934649069 2.73198960615069 14.4806757851893 3.55595989467712 17.3549259565717 180.525859797584 498.814422300064
7.36874418178404 4.86805539972597 7.78871960877068 13.4427204818283 6.8530428874157 23.8909233107004 220.811508885775 452.686216899764
8.18302641451119 6.01239887415351 2.88573757010231 16.7707969231005 24.904097901685 9.73214028891558 257.319090844181 484.055980704293
6.14083720780814 4.72287008731986 9.54007769932339 13.0619141810316 26.7065353415796 8.9514911499263 268.625184985729 490.91383595515
5.22549598747639 6.06043653561136 11.0576735982115 11.9922702870228 23.1621817110111 14.0799692721708 229.15442401483 492.466237735435
3.57470061793447 5.9941965672379 4.2535690952038 15.4934627386095 11.7237538572904 18.193853137088 270.523448354855 470.251707613428
5.52859461704579 5.26966277787191 8.53278187697938 13.2320777626297 22.3251355131521 15.2459556678986 19.6542693020106 485.896581422367
5.9295931983859 5.5945984060682 7.59986860056787 12.4037462800034 7.52468168896544 11.9333229146472 70.0523949727118 516.026846885173
5.17399425512544 6.28679668493363 8.76148728586398 12.8994029788791 19.1295858947746 11.4460649487043 153.578084791125 474.113105860916
4.2847223412027 4.22646393390717 10.6281141511531 15.2117844270943 6.34532743377858 7.65098880445986 249.669883580349 481.510607456806
4.72358329152358 5.22839214805588 8.54336139052933 12.6385094304534 26.5845596437331 17.1258339558386 378.830636250883 452.223996874677
4.04650611770456 7.20980384979236 8.57787982725611 15.5644391679838 22.0845581357611 9.27811483374963 337.198198278467 493.231357761604
5.8970088600335 3.73395949139196 6.28635525801155 14.4063067410394 22.8289520597199 8.37811964466125 116.496928647162 501.490790051708
5.22187629582932 5.46191806199658 2.73005389395529 15.8450480288274 4.39586992686248 17.8955998773947 265.712667906501 462.217967788342
6.31426172588327 5.67199773554152 10.3402729760469 14.54799643218 25.4418065215148 9.99107937060819 152.642894762864 495.644423984321
6.63636281913346 4.32993402511732 7.56618353717271 13.7255118890601 4.64580390410597 23.2258229562601 154.288207227128 489.766600989225
5.65217451639287 5.25998551125896 8.56046874322803 13.2918992474422 11.8530927471997 12.1983665203879 35.9181289912727 519.554611053314
5.33614972697338 7.76040862937027 7.0867022668775 13.4682783080544 5.78763490207591 21.3180513196775 290.353522846326 487.752675870301
6.01654513959193 2.79344622880412 3.24295063291367 15.5033070197121 20.1301330958278 25.0585008247882 67.2648566161159 509.1567207861
6.33529862420687 4.31313876083153 5.37093052506477 16.2839725957865 4.16244790340574 12.0636409398984 232.802771369386 488.343253986976
6.1129015135048 5.07764008617605 5.0055513007345 15.6580978433125 24.5857715550553 25.0295854265681 166.05558779654 497.197025522922
4.83208488653412 5.50060021362918 0.465598957429072 16.1076156548599 23.6817134790942 20.5731867970953 126.689294592557 510.678643446835
5.77197189406971 5.05132582701258 3.99555200370634 15.6067914371961 21.4252760643906 15.8734742408976 258.18088666112 488.421515396137
6.22960155709158 3.31927880654962 10.27935554907 12.9684151458308 18.1136857190505 13.5913040224977 77.3000183559026 511.326691148801
7.0052127226335 4.00676094781575 5.51139240430464 12.5169833530588 27.6600583309607 19.4910789621658 306.242764316633 456.592534497803
5.97182008777036 4.41994599675697 9.06998546555247 12.5900268926637 22.3944196525331 5.74878136538526 360.811509228486 467.30859735288
4.01460660184127 5.56084232418181 2.83190848028637 16.9918082588205 8.35729077637668 12.0494957125529 137.040419663965 491.728402413376
5.36825492609088 6.57271831110183 6.36486295953393 13.2165972532836 29.4005288730918 10.7493600366743 351.784970947259 441.284515369799
5.57040508654702 6.10620795448258 7.89911520139357 13.9622697431032 20.2974384254908 14.4690763886174 217.485292522023 461.13278849051
5.95067091370195 5.95237656225083 5.4303361089729 12.9521139048002 5.48259183366264 17.4147026327035 124.788609479848 507.865218382828
4.94540816603677 4.7341539737337 3.04897551057811 15.8931783744427 13.6305073880546 10.4983927893385 204.900489538212 492.566402837389
4.49846738131305 7.23540976346809 0.136713067951046 17.8783057507851 26.3500509296521 21.5670189917681 257.170024409362 489.857008986348
5.62522953431046 4.12944058057115 11.8711258707121 11.7010217459962 26.0821335511874 18.9611775893112 173.907872423263 475.615832635537
5.10638304720776 5.1066761171264 5.67661007064874 14.778013748873 5.64208387969762 7.6314745703641 310.572624975118 484.074732053747
6.1233958586869 4.25867125422412 6.17013603766707 13.8608488278832 21.9770332625691 24.0815373176444 282.114590311625 481.338363420302
6.06442916936999 5.82523319090464 8.56373269207223 13.2665884152064 1.44482262349935 19.5904543988977 189.225180489802 475.644153801617
6.99892623210367 3.96060831173856 9.48800367215961 14.0083669057759 26.0230751515094 11.636341342579 154.469905754269 507.866849456239
5.89063569722168 4.84210012649446 6.14612972312364 12.8403848937493 14.0635841743231 11.5894263259105 191.021432687191 380.964219471012
5.05561847288837 4.294424739755 15.1212937633323 11.2892117820812 19.741948270975 12.5108400573925 351.505379020168 413.776611947018
6.38068424975299 4.24932181073352 3.57008412129316 15.6403192529405 8.80602308721229 10.9715950171468 157.175447215251 508.782330506933
6.08792278897495 5.46249208527372 11.9556365192583 14.7775537397079 13.3262702360127 9.06548799180845 177.819859023626 504.435105560484
5.7384471683655 7.23916078941955 5.77218608770605 13.948511659203 27.2418881621583 28.1006470885729 167.888726629669 479.137814780305
4.59335469759218 6.63672079186571 4.19127594806938 11.9072761085982 14.0311613536781 25.619490794039 94.3320817467805 471.798018651163
5.68687848557572 6.8137307821127 9.30417521530295 14.0064372281264 10.4668363886853 11.943649984258 175.016623140878 497.694966803488
