3.26312556729237 8.72484593345071 3.72137950078063 2.99422821223421 27.3156670986203 3.50670219530043 381.998158795295 313.82799384221
9.99111026226672 16.7319235532624 8.25364922619848 0.953008350078478 10.7953581694778 26.9771509410759 418.437184057513 252.612014144384
7.60226169437366 9.60499987595584 9.292813966771 2.24671852597945 21.1135173141991 16.7551806806022 257.11171478372 400.857666439551
5.25822426166264 14.1268965770328 6.39463875561444 2.36558333081679 28.5037060281713 19.0330703819412 361.232972821741 302.161806645217
5.74728568712762 4.87365162306964 7.73519126701073 2.7358187318041 22.5802567048227 28.9931967542491 378.632123046351 312.06794400742
3.57387952704039 13.9324056011388 6.43180851573776 4.07221920383948 18.9064977307459 25.7089247903245 418.062954949837 316.219156996342
5.05749562243312 15.9169068485314 7.85486901879416 3.60088614638184 22.4590727134573 15.8293149137455 304.308247052145 313.799390792093
13.4493675466903 11.5199981141144 7.10925957186527 1.93882088111188 24.6133081448888 22.9629632488886 350.071267021446 387.356298955153
2.89436925533515 16.5332315716724 5.20030908902213 4.20581413663801 20.8126448765853 29.2003307564223 395.980906846504 245.318233235162
6.44561549060016 6.26446824555239 7.20866326551699 5.0096940791501 28.060212964011 28.8712305984759 331.851237185908 493.171009622624
5.70448594491616 4.40255643125769 5.96100022460852 3.42931604838313 18.3148301211429 16.9846567553851 71.622432953003 431.374368215591
4.34147418822088 13.4208244027112 7.69194985239644 2.53729677659882 23.7168231746186 14.7812350341181 362.091459305463 321.592587872764
7.68040609966301 14.0770286804734 7.173963890921 3.19889179473748 28.109764658675 29.4021775979679 276.316913198962 385.683417601176
7.29098206081913 12.6376049438814 6.06711881975607 4.1272261055286 16.4228897184704 14.9107112515507 64.9061838028305 422.247604993355
5.7493465096364 9.74081271697017 6.90074729485211 4.52588850750856 20.4800238911861 22.9230545499008 425.4857765676 289.673618749181
10.9427661711104 14.0422713440825 8.94864718296832 2.65346145788208 18.563237459964 18.3151565910264 145.19768861231 324.598208493878
3.76950525524182 10.9201799366802 7.59422092952306 3.05954895569849 19.3756872137183 29.1778902218034 466.438628897857 142.318908878113
7.53045033052259 11.4988836072464 5.03381182139485 2.73252203624743 20.5206284042875 29.7472498749183 326.808902186552 312.988312185348
4.98222813735283 15.1904378749557 7.64341790626754 3.96187230516257 19.5175143875344 27.2473145022684 394.644933674069 289.414612168305
9.96542321164931 14.8678135467295 5.36434662217389 4.11933339864611 26.9176872475399 23.8205889403113 181.551441288431 376.820324005157
7.39592397133496 11.2403204262891 6.74431271309775 3.02897466403861 18.286922094304 25.7797249935237 289.217693589639 387.861972077561
9.42617332310461 10.7448540071251 6.35093142305142 4.15268549751296 24.227804489335 24.9747557654549 420.281012281046 131.345063117271
5.50486944173887 12.5528063368857 7.98924738730963 1.91519149501619 29.1082499266226 29.2120336308987 158.332965006413 420.892729433594
7.31030180147223 14.6095972901117 8.04565854962937 3.28442186242481 19.9976803808658 13.6507546366969 420.026340652474 218.564644329497
9.24462784042662 8.52883043596989 7.24625033826561 4.733092671027 27.323826924633 7.37915380509939 347.561704185791 425.825162911374
5.31737936243481 9.2054374517554 7.05679643278045 2.5675340658115 25.7433594894779 24.1065579602193 352.060842225534 396.279246851124
5.80596946164789 19.2471715338064 9.37484750027513 2.91531294010389 17.1220830050066 29.602222204215 370.616101268342 327.893547137009
4.13198887999127 14.5433887009005 9.04635868794472 3.14205274650907 17.4649432330782 23.7207608139721 456.467047542087 312.490675352197
5.46341322437671 10.4097696992377 8.06021039218675 3.14628057284819 27.8316873785952 18.2360805363131 299.046788218361 365.157212686536
6.65025365517376 12.3705427323999 8.89044086844736 3.73292969679855 19.4005772025693 27.5583237348137 447.366730251033 223.653965963867
8.97017427467109 11.0664703875122 5.5840221039695 4.30398330716348 24.8835309514401 15.8465221190626 372.621283691328 362.41133744119
8.05751550577039 12.2802991527134 7.5999517500425 2.61060687523589 28.1587764191972 10.8667294879958 363.704224428562 313.748970991149
6.45746051137098 15.0656962929693 8.07406475016457 2.48848995828176 14.9873052835221 25.6515615047251 317.326959096838 350.854879273292
6.67929634789085 14.5372656349988 7.06910628570509 4.40429205598866 18.0905951582986 24.9676689069875 345.337213749349 394.129202145825
6.03728218653523 10.426086362537 5.78432410642066 2.55066110592382 28.4609259317884 18.638219971296 335.659476607667 273.753530754708
6.28760276825206 14.7829842142181 3.5370920191404 2.58173192494694 22.0311397651826 24.3931013204545 186.701591009592 400.489603222424
5.72592343293392 9.9861370543529 7.17407305148148 3.91497529959606 26.026353853052 29.2714378040652 394.422816255368 361.858966550147
13.8765487785655 12.0909251504122 4.79621989021153 4.8387757822259 28.697959504942 7.90490050962054 377.328383334843 325.198230417184
9.22103412063613 13.8929028199684 5.56736794084925 3.70120840311609 22.8951292206158 28.8382226926709 392.733640906579 321.542613820734
1.45856790493891 7.93266803362431 8.05860927332443 3.73621575835775 29.4299556726798 11.2149516080592 449.685910835964 366.986093585301
5.99797387511 11.119233836655 8.3578478877528 3.82568601262984 26.1501267446458 22.402699162301 296.136822739124 411.389025820671
9.11732365971481 15.0648278540809 7.07195347973274 3.56532344815716 23.3767209990421 16.3471828821009 336.20350437293 415.98783672174
20.243924091011 14.2780250919793 6.63023156528672 4.17288983291033 28.6602839769437 25.8941593779927 297.506762462849 345.490506425308
7.63293208562835 12.9780794813874 6.19650571522677 4.45389928596995 20.8202665810519 16.577314625199 381.302964347899 323.430670038183
5.70664420288997 10.542685848429 7.16056138143142 2.96410451417506 25.8159177996013 18.8941351370283 403.189106482566 229.311618472452
7.42714753211206 11.0230498689651 7.61928103022616 3.4179520761717 26.9813951400702 27.3145963951791 322.502723547605 398.719233797191
4.28083667695017 11.7883989324422 4.76544448660752 4.50744997108866 23.0782952455397 13.8487555345319 391.997170011524 286.834854136894
7.63874385825868 11.0060817275182 6.55632247649533 2.90607151416178 18.4865438886473 15.4444350743106 333.721869720998 277.108276988369
7.8332987883424 19.8082043150873 3.98784525434272 4.29310089897906 24.6159271451517 23.5954158649834 233.525709795936 343.653109034314
5.22679564566158 7.02570933072901 5.83550203923869 2.37441666993146 24.1674140232638 10.5039236485525 388.652924736987 307.776283867795
6.61883060682484 12.4836339491827 2.94677985697999 4.35127006385791 17.1628135786334 16.6043096869459 287.084684135332 378.398960369561
8.02851761697896 10.4224144181679 9.74561211151397 3.25842919430323 29.5490890695866 3.06520894777463 403.669140187472 314.884087466496
8.36790212833775 11.7795760838495 5.46664131966491 3.43642784966541 29.6675336191336 25.1633252874452 247.19510697215 274.789335708126
7.64971179566206 9.73082182871176 7.51439460075967 2.94574555487118 21.8971329392832 29.7026827461041 277.16699237631 395.725269702868
13.1512927276868 8.24903681084494 5.66405263653443 2.87172931353796 20.1797685963927 10.8664368830288 349.227908291517 340.665321172792
5.40633332669489 13.1713834030614 5.9922683234049 4.06799023187636 27.5220983949403 23.1123075682962 281.840585748971 363.838735904547
9.31747374446261 13.962507565134 8.20330175929701 3.8045230515211 26.5719061133365 25.9719585597424 221.549977990222 383.874267967788
9.96065996617491 10.3690351171342 7.87721781513929 2.78371026725313 22.9582274328637 15.5540083478497 371.318911135047 306.039649344222
4.15162811948636 15.5710419689794 1.70437426367692 4.61102421167702 29.8077620293788 19.4380806004947 390.16474176597 321.459504762862
6.21724295007233 16.3340408610996 6.46883212897559 4.92607679292792 18.4523884691403 29.8421282127269 396.925184312305 269.13346802723
6.02407721600666 11.8036696651289 8.09465274603525 2.65695876256213 18.695698905093 25.0261485318603 408.176081886335 326.865492272399
19.9824909286228 6.98485489476159 5.55766447163986 3.01701440047545 22.4566282121664 14.4940953700057 119.442029264881 449.468541204334
4.24369279370138 15.4591704305838 8.84272550657306 1.11866785283889 21.1012438001667 26.6872743690251 285.767607506724 367.781041573315
4.30103359334925 14.5081499056672 7.77293029720982 3.71968945753865 27.6584977724482 23.7497389468245 312.222265408235 271.802376213224
7.46470306394639 24.8180491150579 6.22078520483416 2.65122315054433 22.1114983776934 1.21115876243945 321.336470639572 401.735668842132
8.40643384081064 16.2018148813059 6.01167967903801 4.33280776312656 21.7498072374562 10.7183290601842 341.137883860666 213.763150816238
8.96862858886138 10.2825688899593 8.21774503710527 2.21766852593081 29.8165125778336 26.7820208782726 381.371958441758 332.02604893345
9.22379496682315 13.2769639842258 6.45557567428826 3.85125216584292 23.3356586014069 29.7554894383167 419.667761971237 259.786334345797
6.23982851452213 15.0068734566359 4.97754463738543 3.94191341505334 13.0689554254254 12.2120754917737 400.380822636159 360.227622552901
10.3133332729108 7.92738333095596 8.86600371331212 2.47669406021179 28.4405201169003 16.0076878374857 176.333205624516 386.28545844312
4.35389415467553 13.6855446523305 6.32021674214614 3.32993542769219 27.1159873652436 12.1753662895554 439.37904854351 177.663198963733
2.07851907818154 21.3143408372477 13.1778107179281 3.69708811350202 22.5768100479369 21.9972257710625 399.131020003319 269.444855878921
5.55393772363849 11.4719676173503 6.76870202008522 4.44851297414081 19.5044835078741 14.8841328030223 325.247108443474 384.889406093946
5.69420598810204 10.9491139100314 6.88152173469819 2.78820507790165 25.4150241504191 24.1951045737303 359.379423874172 349.076210982494
5.10281247861611 8.65669517910305 9.06193826947057 3.23340476060606 13.0556333532853 25.583758666743 257.61041206321 371.991567051972
4.95850916596278 18.0206908643046 6.2484365764826 3.64709817002606 20.2948398987567 23.8373832539386 423.086489506198 281.369445502907
4.05564516466442 15.5463183454737 5.13327362733887 3.62578046033166 25.1279779264507 17.5291085413977 355.779730597943 310.002718641323
15.9613282172498 9.45393921727018 7.95266490438729 2.77524946141269 26.6865346406824 19.209793693444 417.450765023173 286.416282841823
8.15905628116762 10.7459381786726 7.6705311124141 3.57823979868665 26.6777031502521 21.3210136804864 262.868593351872 384.509252232109
11.9621549357238 11.8675700377817 7.129468429598 3.12914083978382 20.2027471381257 22.2758051886547 169.532092823446 391.076230928866
7.82741548022397 19.0570302012296 6.1361890942319 3.5993407075758 28.232562281452 24.5231787099649 382.217088362881 168.101418890052
8.71867721141407 10.0547114861022 8.74510596034352 3.35946830258345 18.4303625789943 19.2534180354814 375.782158658178 343.442160305223
6.20147199157896 10.8354034948211 4.7549638963152 3.02632631370507 22.8598768340786 22.3324940696001 272.276798128076 394.796085700536
10.6249284020603 15.2770819311353 6.50123365000914 2.8856176715509 1.22577734739003 29.6735966357818 30.1971074501198 354.900728310433
13.8348410631771 11.384033952166 8.13715255492902 2.44703739297758 22.699259459429 25.3444457905025 301.289967889419 287.968700002392
7.45298800167972 9.85132158389592 8.1502260185931 4.84983565091676 28.3485283102214 24.4076651663963 282.514227166879 382.389485203271
6.1615065942145 20.1275500312303 7.85244750772893 3.15803568787183 21.4854232919447 25.7939536772033 393.159031856111 347.511603599419
7.2585355458997 24.2077990236153 2.7729033625487 3.85378147999084 28.9051100002336 25.0877418168464 235.381532145241 387.039508046782
6.71830369698723 15.6069896398642 5.71721841948738 4.06294994208812 21.7643383445198 23.3301365359127 313.176847371474 352.602837238013
3.8426761726806 14.3738684725715 7.01341025342786 3.84229187407226 20.0609690204009 19.1649405508774 433.388037626672 221.771488644599
4.91995669188167 13.5776817380673 4.95986078044779 4.9439077339151 26.6228247918248 18.3440944449796 334.336489904237 401.359166690626
5.80210495831161 13.5299685839652 5.30507053612604 4.12022654310865 24.2293443382288 28.6422616730867 355.59039369776 346.258465664581
8.54815967974231 15.2667597968954 6.49577068480802 5.18362969990439 23.5656350725556 4.8385512483686 449.523134794573 311.620381543078
6.20167458813207 10.5113771047875 7.61430434177933 2.80637685412455 21.7282511751068 8.26389405475284 337.327360869072 393.324585787534
7.47600595538006 14.2382497887246 3.47798163254972 4.12749168036524 23.4791660100124 25.7174499324315 364.775801685665 323.576397914787
9.7023475706293 15.7552389380188 7.74899908398511 3.15639419177087 28.7766704593268 28.1550582803966 249.213968618418 341.731077732826
17.8551492851289 11.9568205069963 4.89582099429689 2.70350287861308 28.2330891550044 24.8158880676661 301.069278557011 400.15791947049
10.205489783396 17.716577190695 7.82044848188647 3.75813278274582 26.9320058351975 29.6012315959179 436.964555247636 132.768318243325
7.79829893157818 12.9324455072021 7.88079466013168 2.55450800879449 27.2232131329388 26.8969456888434 314.996815492076 376.699434362123
9.11999458480292 13.7233843187783 7.3871376218213 3.5554297415562 22.8421173295217 25.2046890641571 357.923736479844 355.408287053017
5.96094573733376 12.2806468541742 5.52455963282424 4.1718811958795 24.1894032418361 18.1892478253023 411.277257893011 258.592578879776
8.15206364193575 11.5395947876071 4.09313545219178 4.80853435170093 17.1924189612546 24.1854182848726 352.762396556647 309.325648856126
8.57694645342096 10.4479218687187 8.59819708585692 2.97543751101562 22.3060559109708 20.250371014924 450.396585458779 319.257048126659
6.52606920752272 17.5955147104736 5.25876137310932 5.61177857301934 23.4056167480714 21.7094811545893 356.891935358263 409.454896095165
6.30503262577559 12.9388194196276 5.35540519049309 2.2221850485697 19.2518750709893 1.77478002667523 319.448741416566 356.987783896648
10.4917778345572 12.3206095464934 6.09690025565397 3.96225366589503 22.9832272799103 13.2483259325768 177.351088373576 380.684234616005
8.22901113468231 14.9480169362264 5.22513961396859 4.26693221138943 18.7874135558252 18.5566524033391 369.419135431281 372.926590752705
5.89632006966515 15.058743746976 8.13662372417515 2.58261303964062 26.8770600214859 24.6179161645876 305.606011477124 355.724791749039
5.17787206893951 14.5111179431336 4.96989105721218 4.83886604140082 24.7936878655776 7.46933366757461 439.528926833141 303.850721141147
3.96091694544076 15.8607260090451 6.48131101825064 3.95125384653969 22.2395912979847 10.4248024780781 377.169090195537 312.537817769048
7.19862431623852 11.8699897685513 7.32529860791057 3.63378033562145 18.9768140877665 11.6294517577951 136.244943091426 343.250772309805
7.02347252482393 9.01999990863462 5.29579270544599 4.38199765667642 20.8132740154251 23.7865258602145 370.771022741889 335.306641914105
15.4536670522319 14.0255150870094 5.62194346942436 4.61447381059939 25.0444852061966 28.4284460036285 350.00785611601 287.030480159721
5.24199891749682 13.3455018868057 9.04338360288408 3.45020300850127 24.0571418456914 22.8081764906154 412.333903868446 316.569999884336
6.21205264505363 9.20637470414442 7.8121540970003 3.56799017014006 28.1927961701551 20.0893968801456 379.856932388598 286.882602191357
11.8816039628731 10.1097090218106 9.95423007766606 1.73685960582574 29.8987464261851 13.2714370435548 362.363659043198 278.706084239344
7.70041495210628 15.2575066160234 8.7997418951869 3.10883127807805 21.7719916539172 6.44987621301196 417.233925335629 263.462290315465
3.54326813227017 18.5742275429775 4.98506466500984 5.19188749772237 21.1183097466608 18.9482802964339 408.820190705389 310.347501492957
8.60745866118413 12.302798089306 8.4141807376104 4.61768326339536 27.5355105313098 15.9664210632225 350.974564414289 378.801223814004
7.51494396677331 11.0421053314891 4.87795464597753 2.78588331358252 25.1137934628802 16.7813549477753 318.634089426887 265.729686898644
6.53193410263529 12.3835741461768 7.67099858398131 2.66186671790285 22.1775729368299 20.9159760513706 369.377555636798 292.890025839072
5.73984422705402 12.2985861332736 6.10384895558175 3.75008571830565 17.4818160735223 6.30757676668394 469.371564690532 227.809769820111
8.1291509365783 10.7529616403304 6.64518528384636 2.96525559221501 19.2906186899746 17.2887008270364 290.911786121057 343.637589979972
17.4604007186311 9.15451685831137 5.0998333295616 4.09736131914701 19.2998723344681 8.77936740556298 60.4759804695088 452.542319505153
9.65099452298933 8.88262166323543 8.29411752983431 3.52261761198623 26.6027119892138 19.0847086806961 381.795329916229 357.426652023524
19.9878414906637 7.64668536141562 7.60789208793401 2.80609283318218 21.0160749922054 8.42195039508138 453.829626052182 317.611911078702
3.77032644718159 16.8384315465117 8.0285618559092 2.79364422149062 26.1582880834266 13.9695124331453 381.473744129994 306.555549396007
17.2874557588219 7.30492791556701 7.74163340447579 2.69478284076293 22.5261358511857 27.8423034232415 408.323350069211 320.4110464334
4.86086584923426 17.0184274227619 8.64355314621169 3.13323595783659 28.3799751654811 26.4486320546221 266.939044281712 348.01750514857
7.53500096393094 8.11093801188296 6.71459270004745 3.03090824379338 18.7692734061712 20.1311677906545 448.416179221009 375.084242763088
8.76520653754581 17.1176597782002 1.64285178038725 5.69481137982369 13.9271290214371 14.7782583308265 342.023007068045 377.808996609821
7.25788550197946 12.4325598152266 4.75533841187947 3.13748274225902 18.0418181303305 28.2169948298725 433.750770768698 255.704042465862
12.168289308129 9.70058616401817 6.93094277143223 3.82641425654692 23.0228444868618 11.1443244304349 148.462039317966 384.684314810075
8.76335646002612 7.18582578562021 10.1478168273149 2.41439661678348 28.7168807670947 17.3534354471998 430.594205318223 273.080100918374
8.71460943656765 9.59762120122029 10.5918080116192 3.62921783550742 6.82378017847201 28.7713675252139 477.186869142964 256.844046755192
9.69017447171003 4.51096611278634 6.24397825914718 3.66411264959048 21.0892723219935 25.2991553812357 318.383226045896 392.999869767305
4.84611144955735 15.791025765601 7.4081943147825 2.65909720769368 25.0782616526199 28.6366025475962 240.995673564373 364.535582656978
11.5212228297622 10.3004187381398 7.52998202132252 4.0099871193539 25.709138515059 16.1448622496341 384.363231601576 382.323290591567
6.57583346335925 14.513519625021 5.17454926685271 3.98544362107565 25.7796256570086 21.285497433713 429.032633942605 237.440436493672
3.42372529455964 11.8429207238754 8.7770325981374 2.12249657184811 25.4615000373516 0.0743510300759697 439.287836601776 409.36562292226
7.82404218818056 14.1831157888813 6.77505955375752 2.3291803724184 25.7830747815413 24.1931547997696 307.299275189184 358.934648767635
6.77878812983654 11.0386318136848 7.11159242774695 3.76346505148716 21.229281619526 24.1987318826429 406.700916841634 314.262439784049
4.44278439845606 10.6877004542025 8.48862526808718 3.63864916883904 23.6894350546651 16.4698276770568 220.90193749301 362.667501041329
5.88742251852608 15.1030691363166 4.78400793939164 4.415810578312 13.3338755027807 23.4782955273073 438.888121349614 377.12114046173
9.36977847648388 13.1937846392229 4.71320746753106 4.80140100954415 22.0510595649683 11.1083363421722 396.538874157178 273.338315215101
8.21592589497378 12.8546741157425 6.82996074284576 4.31009429038096 24.5558170190316 22.5672844884474 403.110646165305 343.767325289156
4.44338431893709 19.6651988041971 4.40611417540467 6.0236860022569 11.7325345235537 17.5574030916051 318.652698863996 402.867388562585
8.58779033083164 5.04535895067383 5.13713645190085 3.73431674559785 22.3317535678686 16.7481496859061 139.226251075068 430.691723616273
10.2984406191602 9.16662555601568 7.08516943573285 2.66976754110462 7.18724807756933 27.9400616221295 294.416228488035 372.507567673061
14.7217839261069 6.31146742698532 8.83941108591932 5.32092278502669 28.3972629446484 26.3375935737913 436.108533449604 385.722328956958
8.62506602466372 10.0460319980028 4.88579098465928 3.75579340446891 22.4548905925827 6.78510105508976 321.521156641904 91.7530178435417
5.79894603980117 10.3962095224445 2.17965769753054 5.0695655280066 15.5318063008422 26.7628422758321 398.96691199857 339.653824128525
6.38292886319245 14.7558335897991 4.14966462080727 3.66556268121534 24.5206599028163 19.568020946179 290.11898960891 308.562998023364
9.20400409362592 10.4151965378432 8.53707785884629 2.5129229827176 27.7555642779975 28.9743873493246 292.140528100068 388.70481608042
8.6935486649752 10.7990460377991 5.40821014540271 4.55312792906309 27.3404522466434 11.550143544167 163.27372094942 366.238798854012
18.7425498090977 11.7730664801756 7.42678708809061 3.53361428099768 24.5747978876872 12.0896788995814 311.676059327358 386.64309083072
2.71291279864004 12.8233407096327 5.55094663178946 5.25366581708996 25.7663661288886 24.6037001682841 419.619926161266 376.781659158325
4.2626083036648 10.9674385035553 7.49700538095047 2.80132659712379 25.0012863326046 21.0601204634286 441.523580718225 267.64796110978
10.1876702286887 7.56486339918439 4.07933764341686 2.96752982123765 0.260925278861609 29.6998435179458 438.967831060081 345.688657351206
4.17781080037083 21.3120222301643 4.37680193087714 3.35015787225959 23.2489712931035 12.5216104919509 467.92765466985 332.692407447858
3.35378735564807 14.3571263913046 8.22885260109074 3.4511224243214 25.6693089775148 14.6013996308826 406.558131932705 304.544823028828
5.73802289776409 13.389163129935 9.58686015737272 4.64256149733549 10.131148358447 15.9778813255827 443.096718252271 313.455098718391
8.02455510259882 6.71469775917885 6.85120213938649 3.22878142945621 20.3073613279164 21.2483019927923 375.29514782505 392.093841975196
5.69126582995634 10.7373755436469 6.70486498374908 4.10867528286088 22.4263888357491 14.6695890637259 258.273217389007 362.834983376961
6.2367789789268 8.7810088813015 6.63120646563034 3.29704392495145 19.0021796244744 10.6634174651509 296.543336101611 378.926541342663
10.9611823861381 20.4055738362147 5.00258801160039 4.6505786263513 16.0441841283858 20.4764894765636 374.731613804706 388.631578441953
9.70600923557544 9.13900403116121 6.34547023586434 3.44153167327337 29.3888211908191 20.6667224168492 184.412349057538 391.894850018802
6.94136853086871 7.04583194125835 5.94642801643863 2.23753230814497 26.7357329005995 14.9287629022483 364.89571171634 329.944013260251
8.72319210775319 10.4997166364653 8.17730265974319 4.37656138799981 22.3743651701287 11.9843308195148 301.253566389219 365.126658040514
6.74080378157181 8.99656285293946 8.30341965858508 2.90139060636528 20.5785080755637 11.6791192484959 394.092092426446 364.719081327835
7.2460995756148 11.1446814801303 7.96878227269407 4.0178640634374 14.666177895659 17.347361823398 300.467843411925 408.119212133184
6.44515556281179 9.9181982802499 8.15642470337907 2.63610123094176 21.5134025886773 27.962966164026 173.998879709186 405.197741221886
6.6274510937066 10.7144159837634 7.30330789754372 4.05471979569007 24.8164459511742 9.43728888599566 299.271526948736 375.527827529355
4.66515255266548 12.3897088186633 7.98749270000832 3.91995751081609 28.388792523691 16.5329824352775 241.895295166125 404.310959005516
6.59457446393846 10.1192015078841 7.17979526035225 4.54495522512401 25.5499859201114 22.7757467063474 323.983207627409 375.758622481666
5.44853369214781 10.6354886598304 8.77229516440167 2.677004932428 18.9737652053261 27.8022697155377 308.832264611065 326.648773243849
6.27817815519445 8.51480310097154 5.67359256656922 3.83004797328848 27.4917521546707 26.1707895127176 387.477994011681 298.318330206335
7.95498567044995 14.2541053400016 5.63575617552307 4.28840995010766 25.2743695076754 28.4717046083195 390.636933704046 304.921757382252
5.90831166087225 13.2507261805168 7.88881426052423 3.92057890101146 24.8495733673948 14.3193060853208 364.810805826645 321.731080213197
5.99341412800602 20.2157265463105 6.8054572402532 3.00720099050153 25.1928888436803 13.0709669042347 329.258577884165 304.153196947382
8.42833922329785 15.0645064121245 7.19781355848059 3.00210757034875 23.352282166525 29.9575619249209 317.61886374224 308.586910403138
8.77098165355755 11.212741155772 8.6484507563899 3.54381001897141 20.0473254386303 16.8676835819319 284.996589261288 351.454695252668
4.03521590278389 10.1362597223627 7.00821598988697 3.96717363112146 22.8775779528538 19.4553245742988 461.293675882042 245.81471673285
8.54459648979755 10.2234783487529 6.70676076237031 2.92347835469283 26.6997845184352 7.2459692257929 384.20537091877 328.095798151455
7.05783191661812 6.22419698261216 7.73254768460558 3.13301637394187 26.5407818367298 17.0008318622363 206.879288931015 396.874938742297
8.22633169263996 17.8225503349347 5.97087065170945 2.40898495003588 24.4703056365184 27.4410603323321 289.79918986751 296.521868638429
3.82145268956437 21.319677115413 3.27603007057245 4.86820638933943 5.15206894292635 23.0423311769675 422.372245280674 233.082356946475
7.79449296349574 12.8192062578177 4.7735789315792 3.28809184451086 17.9883280195429 12.7109801279211 380.461371048792 242.42729989626
5.85171011195849 6.29911968618161 8.50757754329923 3.74132755945046 15.8395241334762 25.2829491555004 451.310862184687 211.342975825726
6.1946658782164 8.30800930614695 6.40014125947004 2.36613138920142 22.1337204963599 23.6734815355597 379.586020529455 350.358624511855
6.93262823003407 9.41520657442155 6.38947479000325 4.56158352315277 24.8727321340316 24.2916707567096 424.909966736913 271.801057612896
6.15558755810611 13.0024485220682 7.39753935748045 2.6633944413823 19.3443563145203 11.0270330268826 332.333718728009 294.832173497884
5.85557310931218 11.1886223956859 6.9185804636697 3.79188788019712 20.039701948967 13.3917850798985 327.639141949951 364.749027926543
6.43493553450523 8.45122824149211 6.68409995126075 1.77089936706214 28.2144846282027 21.8970383418604 393.460311326554 258.046016104641
5.26006749798554 20.1419418259876 7.61002583002414 3.18257801075025 23.2379730303527 24.809431413564 341.534584646154 357.728018506299
3.19942022088944 11.9538022030904 13.6842238082296 4.48700645062512 29.6690879346723 21.9480441033572 452.902709917263 276.003078166074
7.9284420250481 19.5630069337137 6.81842812004966 3.83004452321955 20.3857187657783 23.4060655677919 218.944809043295 394.111821950683
8.57665770804861 10.4199604591977 4.09803053477336 3.58781701363427 28.1235014402816 26.7999317058829 279.531648076726 351.971857668852
4.22940458338871 15.8066392789339 6.59559314073463 2.10525765423607 24.9399723202263 26.3528208008603 324.132760088621 353.997184844683
5.96520556377135 11.0541685695872 8.20779735993185 3.01331651386394 29.7155401420563 9.6936645993257 362.986805279172 401.174095887061
7.41817720767448 13.1385403087607 7.43524866173102 3.03489423629304 16.6849060434661 23.773524131542 294.144735593011 370.742193252645
5.13039552803177 16.3139776910931 7.22003434477645 2.61044039811524 17.0969649658732 25.7560169030856 419.1900305931 295.870153453361
9.13251232739065 9.40870957176222 5.64793091435097 5.73959980429997 27.5546586679595 17.5500920321339 276.452411036463 402.248601484322
5.73010622626903 12.5172456021517 3.06528091812437 4.83465882077189 25.005621829142 20.4574635005095 412.969050388271 358.386823244499
6.04626705433903 12.5633702530169 6.02332236694787 4.78993335178401 21.8496322939087 9.7475975871484 415.393307885759 327.83730208142
10.9055556921829 11.5259154251512 7.00709352088639 2.71581793890218 23.3207355714826 19.4766609494228 364.156080494292 277.946631961903
5.74868577882397 9.81162877541604 8.0775241487998 4.41186862479688 23.4805810604305 2.61874244729839 375.774731465815 368.813538467652
7.01749308025532 10.9571898514331 7.15078169395082 2.42956058619554 19.7768677446638 14.1139231278643 261.924164997354 345.681168734681
3.51291431806477 11.856609556511 8.21836921132035 2.72387685171025 28.2412378488075 19.6474644215127 388.132287485169 307.788917135723
6.40022477747984 13.4038675101995 4.60242942452611 5.43879224956021 29.1339435161368 28.092829011392 475.483809314707 221.235400735152
5.71673239461065 8.08802464211065 5.46780709692531 3.81664666629455 24.8779828876485 25.4875010670078 265.598915952553 418.230817720732
4.44628072284049 16.903240132903 4.46508376619275 4.32102518656523 28.9976422092941 17.8532792384687 360.01974813762 359.894026251136
5.72080344730409 17.3698863975664 10.5464369874263 3.65541431724912 23.6286276659769 25.1032664323082 428.554307888131 261.839587889502
12.1845615978737 13.1245198529594 7.22725606747613 3.6066882840519 22.457524040523 16.1977645099499 361.973736765213 359.137447957706
8.55529833958858 15.8217490550198 5.90573224446746 4.58993050788829 16.9050722782067 19.2188580616364 396.329846726262 261.845054519431
6.47463555793835 8.31385049602417 7.61959422585388 2.27673433167472 24.2067923331972 26.5861274800079 323.907045506663 361.337475577424
5.08500239337586 15.9976584868696 5.88384825958103 3.67755199362759 18.4350595144103 17.6923654454482 126.626930815454 371.743862979715
8.64274285873265 11.0759693385614 7.40602096773232 4.34102452260468 27.6533973699767 24.4597761442624 455.061546491367 272.454811560764
4.77443459753598 12.621355481479 7.220844879676 2.17549787689603 14.3364441592576 27.3528211007947 260.248204605615 319.369017452001
6.36799493411963 10.7694785130394 5.45874696208617 4.11301814043535 28.6806486867986 27.7957237095864 307.921673287077 361.498552873994
7.87135195073942 16.4077140197987 5.10409081176197 4.74307982793993 24.9586191990779 27.8014002322647 226.260743585356 431.983383085654
5.27374241932412 11.6264808104179 7.81678583227037 2.93312134014998 12.3082956021028 21.685221975206 242.641404825397 406.832813918767
6.1721944752338 15.9186306437864 8.67944266272803 2.34662750978975 19.0853689879909 22.9269180837961 274.363976710408 309.7674102424
7.77813213355712 11.8762203931728 7.56539089034939 1.60815283303931 17.6667911660291 20.0540611213265 338.122572025001 297.37429776511
5.5455867899337 15.4201940306822 6.4608111093538 4.31181399019956 28.5292063114324 19.0897197732548 410.860484170116 322.160416668252
8.0971782347757 10.2160214993491 5.95204267292546 2.68307510460341 23.2099262054783 15.3152053402573 322.186806400193 257.104890950786
8.70027389883042 11.5173855472739 5.27486733414561 3.23330507762622 28.7649332192161 19.7801364823167 194.704105438805 315.175311847192
7.47387393672228 12.8496616913924 5.82237707001169 4.4072071995759 29.7087011398786 28.8632079158424 188.064798945567 395.322089827841
4.27775977172216 15.0555436765587 8.06233215658153 3.38910254168836 25.5496666303814 27.3261087752401 434.343714053929 252.236046682623
6.04929744238692 12.5360825716766 8.05626638763203 4.59735153074431 28.3859295119703 29.9504823025925 408.765283826464 295.69886355212
6.87301918102423 12.0283523229382 7.95341718381722 2.53908069529438 27.4200807851273 25.2055735066823 378.908283140058 306.30662882693
6.8747257839488 15.0922929588047 7.3816894939418 1.83388456778914 28.3926398437296 24.9257405120449 68.7206593169246 295.671943695389
7.85543632245064 11.0076909803258 7.62894723797198 2.60415805781833 21.036062466342 26.8262082093722 412.28562194809 315.745719779101
4.21756379767712 13.5312772399192 7.23294973750795 3.488033795016 24.4551857029459 26.1098792739066 336.140877902794 358.02041751437
8.05821277369362 12.8132767044841 7.92796221118651 3.77107000989323 28.4573353567752 27.6547612096591 393.946679246293 361.196853206184
4.57556498204421 14.9386462091191 6.89521198546238 2.83668987912188 25.3395868023128 21.6216978228427 357.033174526026 274.176799128697
9.39037336026218 16.9561526349877 7.88227511639863 4.66701630987807 17.146457213852 18.082302615575 379.299362857712 312.318507396977
5.7273832771708 12.8226471478528 4.85042189861321 2.52376565263275 25.1765012807311 18.9758956390542 334.208585692405 244.41132236619
6.3477035304322 10.196147547591 6.3554844039183 3.84920284127736 18.966723277819 28.2284929102681 430.13428197177 246.332984481242
9.10442001514425 10.4651652803881 5.35832871280647 2.82738526967031 19.1275807619725 11.5580191867886 412.216686778249 84.8413514094038
9.94180284188253 11.9410377787894 8.18259880683252 2.35284132101708 23.2692592646525 16.2202094113296 388.562031848991 260.066205818572
11.0477617417879 10.0698342928727 1.9719595147495 4.81985366530246 24.8366848397272 26.0573507764146 304.483513071885 372.20516066262
11.5672025284904 15.6769896868033 8.68750743368654 3.44239036338294 15.1642122152992 18.2508801311663 384.243001160591 373.972548636994
6.3801513170901 8.72118583732692 7.39750177780648 2.83845969153438 27.9989213962708 24.1711832527407 338.342314325584 452.599765970607
9.76626050366184 13.7075245869844 8.48497749868597 3.77700788612669 8.04711807796864 28.9770655997748 216.518698954746 414.384042281806
11.0401518051712 11.5777410999963 4.23846249125768 2.22628191479767 29.5035111141936 27.9324390742261 388.432025738081 90.9023525855621
5.13824933840152 12.8770128580214 7.36513864055839 3.81944486199265 20.0407664095588 21.0783042240848 382.349208215997 271.817793059032
5.57376719685588 14.4116119048605 5.12571110918242 4.52268356748759 23.1267432435449 12.6951637759545 276.994032690962 374.183311358609
8.89019787065765 12.3362179675143 7.7665167039003 3.40803703627265 28.4240534668608 13.9502780566769 46.0977413955951 362.43544858079
16.1800183659253 13.2046422734641 6.78224400377198 5.09004299353225 26.5432515147577 6.14634686510612 229.34965685463 487.625718709004
9.65823775921886 14.976140851312 5.23800180722269 2.53070129121576 29.8276648072623 20.8133913779032 163.395888120024 289.143415557388
6.58382402044752 12.1033503178044 10.9372931741503 4.17610478246677 16.8936487819501 29.8475637284849 464.64664537105 322.964428956939
11.0185925118769 19.2944539335905 6.95106151330454 3.84594803090026 24.7680944737737 18.160895437924 264.132916675094 385.049957762308
5.24585941337161 9.09399326344585 9.53507452279541 2.42031052499717 27.5348509067554 2.61493030296915 376.968207827726 344.159456494139
8.85739586043179 10.7299420221379 6.82781969994569 4.36202906475652 14.9482708541999 23.1266755692357 357.517585526928 368.39103975039
14.0065558494092 10.9793656187683 6.48788279819207 2.68842855934326 18.8622362419495 27.2655094552771 198.701507094017 309.223532921956
7.14796396501495 11.7760217563265 7.82997703940309 0.932911824265349 25.0603164594238 23.8492802312248 32.0102180157376 313.120676030299
7.23752126922648 14.5742228181936 3.70241283821728 3.8998719365511 10.7890763990514 12.8473185191801 209.44861363414 396.637024654512
11.3705654673424 12.3364991029642 7.4817860568475 2.85671240000071 24.2703017035692 10.0375942974711 393.845996586148 247.140179128941
14.6143135499979 9.351384966701 4.33257820291001 3.45848918131157 28.6852715570115 11.506172243904 358.570907289081 309.072233915758
7.8837484086062 11.820892420785 7.61041900094431 2.31477893873239 23.890851282963 18.2439874435574 288.149284274815 355.377663674804
14.3244806587547 10.5146904885828 7.21222224191399 3.72452660371124 2.37617644699311 20.5342559612417 237.680435249081 372.708055905629
8.16398867921875 10.6721620269443 5.76344022973251 4.29194708823305 16.6454305697932 18.2915289727509 398.944430617154 296.67787288265
5.88706438116091 11.2711994505758 8.47070609352276 2.87030589578608 19.9409797763346 18.112353376392 389.12523129401 299.724977147805
14.7343386295823 8.02838546764126 6.42347424032874 3.69514703679727 22.9944645400416 28.7403013210757 323.420885657737 376.446731569952
13.8741875312166 9.96434433097298 8.3987248660736 3.12894556288069 29.4446980665675 7.8997260160993 78.3429085552127 442.774935701391
2.36425496544397 21.8911016401024 6.5025033369057 5.9025172818403 20.4829847258483 16.9284413731014 454.09657543402 358.665915991503
2.04185573348348 14.7266797811641 4.00395863824019 4.85711250196265 20.9177535269432 12.0502827653626 480.030498955859 340.701365226967
5.00598290637922 13.7016567106769 6.95642738522074 2.70617343547462 21.6430375926385 25.8567439688668 328.274067116551 384.779841408803
5.63441959113976 15.7077297316212 7.94865914765583 3.80058366478444 28.9944695907443 15.0334627779636 317.384446392332 344.718508353504
4.2975435663481 14.258200926645 4.252376190913 4.47924397407274 25.6500228149643 22.5788327661938 430.214516139161 336.847846255766
9.32806410785652 10.4845926652749 5.06652998654025 2.61759851910145 17.7057725661707 23.3953960816572 347.234983760512 299.63746807682
8.06490644667935 15.8259453822494 6.51576200257263 4.50547452373961 20.2425661799921 26.7881509685998 416.172510955961 134.564508778719
4.84592758014195 12.6168708931789 7.36369170898419 2.75111240724582 27.4381759092813 27.6276519620158 400.348206303195 291.139795308656
7.35898852236363 12.8353071722096 5.25889753043809 7.00889439838989 20.9909108846693 4.79297490361474 305.461005452565 437.070047053637
6.80812749227923 13.4254742177525 6.19894678874455 2.41759205903651 27.0164484226171 26.6866579307384 313.616041597917 324.951847675763
12.1379337121416 10.2746129932407 8.14614843239749 4.11607980250449 24.8479384848461 18.1644100979308 154.258008160857 386.339772373905
4.26239014284847 11.4478951700488 8.96989796424804 4.21545430501584 24.3500618758298 28.1137271119659 461.524286068499 245.533944778905
8.36057531590949 12.6169135492014 5.39861297930439 4.1569442030802 18.0233443147969 20.272632063017 360.997361908842 335.42771296353
8.78258706902117 12.3705631069261 7.31087172558931 4.81459208020166 25.8803923577036 18.9069109299375 158.906089702653 349.313504551742
8.50431797972768 13.9770293794909 9.10921672401498 4.68112539407066 28.4185978042583 5.53703410696667 369.458927216125 345.476038511593
7.58678549814631 15.55251106804 5.85882944167936 2.86025473078365 18.5467919459282 25.2779033049067 372.250341885541 247.719759150772
7.31819183617492 11.68356646501 7.9159236615906 0.588785811565986 16.9687230922889 28.1030913473853 328.740463061792 317.28502945369
5.53619466364356 14.4265111356202 6.55209613941117 3.61899468067677 26.6359495397751 18.2866140072972 398.152661299109 292.065110018186
6.36638726980552 9.07548525009597 4.31645899915239 3.4232010726613 29.9062662175864 2.92140580847938 198.013130616707 450.668348931664
4.58278056059839 12.8888640164523 7.56737329217223 3.72411515370626 28.0296870105221 15.2386849820698 423.663925178589 300.16908458461
6.53655355524436 17.8596278411807 8.21686774310693 3.84171013360443 28.9391193294505 18.7706083351663 158.720553599642 358.707145198772
7.74435793933353 10.139034119118 7.58274003545816 3.88654060355234 27.1129852047929 15.0004855261205 415.869654742775 318.840707843739
5.81231073091612 26.4031842924724 3.77427036261511 6.16934824467647 7.02688827838742 28.8132459970526 425.462783310596 348.532951833392
4.64737583857661 9.49925552557214 7.77331116693341 4.24175815631001 22.1436967294357 25.5709426277265 417.244183283152 286.741103169183
4.82673608508128 14.7479886613502 8.20948942941832 3.57391096201608 19.2231274271972 10.5825445888586 344.701726439155 344.98188351145
5.85652988145756 11.1237288143253 7.24717890726887 3.03994726129211 26.1248904983958 19.4353902526801 391.738751095765 272.001198833376
10.8660534977141 4.56844436229356 8.55904789771654 3.4719407434087 17.7288038556657 26.1519133458003 460.835724411871 358.138873404218
8.76771656571615 13.9680243200256 5.51663967717739 4.09817634626025 29.1190559921221 19.6831616715619 251.858086231388 391.022388974334
6.70379055922171 16.1109872624539 6.21294277740625 3.79611661365924 25.0029875174629 25.0424183742526 253.677106526686 405.328767087053
8.8997231897071 15.4492206330058 5.34146130007797 3.05200329123175 25.9589009260452 20.7562300699845 257.401230633664 375.888516945537
5.00874936198672 14.5440345736622 7.4022436887636 4.27684159170092 20.1981076550021 20.970155097603 426.391707451967 414.791523879359
9.87992424945646 13.9836538489326 6.85275050637269 2.71204179182732 25.0037835406467 21.7406548090216 260.985234263619 245.586863636566
7.16358367530448 17.4316784300059 5.0395959173708 3.03546565648858 24.7476230063546 28.9176560274889 316.351599219871 347.033808237577
8.52997286874175 17.2645186906973 6.29020340223672 2.50417478499189 18.7799454828083 4.25530230214729 346.71133083343 263.561113014553
6.86479495539506 16.4618491102568 9.33770994724199 3.42798185999397 24.9087971075419 19.7051946955432 296.586150289192 394.046755128804
5.31933857518457 15.5567905497851 7.71048806022446 3.08152654360942 25.5463374101698 15.2056948869348 345.088962770204 352.667840957827
3.80071159744665 15.1108573823813 6.77784475073913 3.45634849760345 20.8384329607946 22.6363401137714 282.163027187245 412.890062185949
6.91696332431371 8.79791635545306 9.2299073158612 3.3308121366647 23.7516949045383 27.5485440382935 373.042675647648 324.48752919828
5.89306500503115 14.4156625141424 9.30105264954284 3.07542296802898 27.9333397095938 7.30305602679275 441.372303992214 42.9229265196575
8.16272486885683 10.4416848162607 7.23783874875472 3.91446995486378 29.1002451122721 18.4722796608331 352.128576456871 268.093292268856
6.78467851844194 13.0499786615401 5.47577801747586 4.54410575351311 24.2878500732518 28.6687887678583 370.918168973046 330.202688352174
6.24209937731321 12.0246660928154 7.82871744874275 2.06533196199884 29.9392465505651 28.918102542881 397.246854263234 297.622664545912
6.11874081837765 12.9364868862199 8.3293919771154 2.59423807602573 29.5026379664036 21.4039956957968 362.394174654773 375.433476493299
10.1173785715099 10.3800567831338 7.47177589360099 2.79975453588602 25.2930211464758 23.1991119082119 370.211246716243 299.132733330618
14.3083081079929 9.01335318506181 5.8606844657364 3.44328792866435 17.5615901414586 11.4563680060459 356.236752368178 306.845399309536
5.74950480015376 10.0562566007456 5.0987777424932 3.99253167693454 23.5853867572758 12.6048360510972 286.725846555496 381.392546944773
9.95179428916792 17.8763583524081 7.49235868265824 3.88550085729625 18.8755026602872 16.3513445315392 250.337807651769 383.816966029126
13.2073402989498 9.51649510374547 5.57864602391697 4.70030228093544 25.4410863018495 16.8446321096663 166.71814342461 407.887115809707
13.0131805729137 9.43394622923283 5.44215473752076 3.04864676126693 27.9792452311938 18.6848505009714 359.453489071143 345.193666764603
10.5355267481189 8.17948466793226 8.3706015967111 2.804826943764 25.7433810023645 20.0449522836412 255.59551315461 364.647755050962
7.60333527712574 11.9785712828559 8.48060587268985 2.63428938596561 19.8665559702766 24.5063138632822 367.435951839952 364.739493809254
6.52345149803103 17.6209460746923 8.02470802098121 2.58555752743266 22.9723249081326 6.84143559653261 441.363789884383 283.914938008828
5.47765244608156 7.86151031707278 5.03522769810069 2.94606828555563 19.41408813136 5.13081144311868 393.996159104839 364.246954369711
11.3827928594499 10.4523994748161 7.00288892675104 5.24101707689054 26.3159924489455 10.5766110426224 227.654371535877 395.237856808784
8.71351219683621 14.2781511152483 7.27040123490029 4.21784166603063 21.489683385977 3.52668601288766 382.66640226161 345.233823610441
6.00183078367456 10.2397846183514 4.93979519611311 3.79794198787376 26.8558921128171 11.6970379846501 411.797282655441 294.328972880486
6.26431328343432 15.7778241028388 6.57649305376082 4.08555207571245 16.4055983532499 16.0536514837518 346.976452291785 308.125591057869
5.34352988512805 10.9259327256137 4.00722088842836 4.58224294147225 27.9207931087056 26.685495671282 392.122788788672 290.581318550097
5.57752264425498 14.1630504758456 8.29151402778091 2.17756712161131 28.9351567262405 26.1195357339468 265.932886656118 354.825656286567
3.49953395741607 14.5080835981446 7.83800219140696 2.5422791622978 15.1190939411994 8.80596794320509 386.886731683261 345.117857627938
4.41577100578421 9.26680693352194 7.16926043160434 4.77804686354479 29.4347555379292 25.7415025239176 377.371665823781 348.546379685523
27.8096056631085 6.53515126606444 3.13300595872527 2.65038257759788 21.7745850774632 23.8667419912301 288.586884302506 351.255499953976
7.17279650031914 9.85701680295148 6.40486530823571 3.4683090538949 27.9800175416243 28.8587169362943 266.935836039736 368.112529915579
3.91727278747206 15.4978390297067 5.32972714722594 4.36547446397197 24.2532133890637 23.2210095381542 327.998431189315 380.128938414891
8.76279230381336 13.5764995517504 6.49325109283686 3.93248779904719 24.6163555061737 15.8776404472149 329.737381386327 353.42448948811
7.16538059711638 11.1797391618125 5.1116825773873 4.43092302295611 23.016656498251 14.3606795039782 275.17605702754 393.633087811656
5.12742225346668 15.4555279934485 7.68744443533804 2.9458346261707 26.1724771957359 27.5764001502375 350.771425886817 357.244893862344
6.8658534801947 11.1093630957593 9.68937170445641 2.36856752961793 27.391699749058 26.8979538947266 268.356341416845 323.734940773475
5.9516695883302 11.555859998116 5.7053003455623 5.42524417327387 20.0817684840843 22.7792316178541 378.441886914038 332.89589793466
8.63070733300075 20.7008661427974 8.16795980505944 1.95781411464474 17.1953296646324 24.9868489358665 172.118737740286 322.490238457476
3.45713715493872 16.4902740886061 5.56708724723763 3.67037964315352 28.2960153928447 19.3958034226558 375.182327587003 356.36798946952
5.14889259599134 16.8085858234708 5.56712880114146 3.42736718112162 25.059006259899 29.4068265547055 443.303436362179 144.349567381132
5.04139930976471 11.2717186184055 6.78984529372513 1.79553025025703 29.3436205309352 18.5995999755495 238.643838176637 364.097379715902
4.39165756290749 18.935880829897 8.81026619473977 2.66327524099179 28.358816706027 13.1887963167268 342.234758774471 290.870824505101
5.62688176875333 13.071461003529 7.33446839313774 3.42201232387464 20.5256855428046 23.7933279452875 322.364279499944 225.856282654507
8.44951844937946 10.0752411600231 6.62442926068051 4.4357959777174 22.9125033788239 1.54671414390096 407.645215298023 378.538478968299
9.36546922196749 16.7210224937967 3.26959552340596 4.00524459346127 17.2676778809528 27.4336240820054 232.362828641465 352.738491197655
5.55350444801008 16.3076418432814 6.42593211615312 3.5643274327826 22.6803492817799 15.010626380825 426.900381547414 315.478928950088
7.00972619474574 20.0607315492075 5.68125902281224 3.62606247442691 19.3908655226246 29.1139228250376 393.281495184844 234.537102861132
7.82553211266345 13.533316067649 8.18535455815241 3.81693073743662 21.3900166646241 24.4175440260989 316.680202289224 385.169790355343
8.75960491372409 10.5179324965513 7.78475034138509 2.78207420895502 29.3565692260496 23.7569208990099 327.786981170764 372.910824442646
8.83050325718263 11.9608088157431 5.51921420431284 3.34026296759505 22.4606760901856 26.9557090475005 327.549562596733 330.709114022416
5.61437184059704 17.0462092589774 8.38579371279883 2.57100515567842 27.4286009229274 23.7342542584087 403.930224248079 343.891898351246
4.29882174947069 9.58108776353788 8.03740566762997 3.73844909679361 21.4056154914456 5.87515721387161 258.510011216973 413.776649174789
3.84647333927012 12.0001360314738 7.60678426953068 2.97057649689693 27.4349269273988 18.1268569847166 366.454234648406 305.768644350751
6.30409809252221 13.5119610269971 4.48899899454335 4.81543441041982 26.0126726388219 24.1679350841066 390.815191045706 340.870049400132
2.23838071009767 14.4603782348072 8.46074943881705 3.36349939563565 27.2162641485736 20.6580751641907 405.171553104312 314.422601858083
6.19653949685214 13.7897495977672 8.82682559330668 3.88039466603466 29.2040489993749 24.1302146684886 147.912621439221 411.763595532213
4.89237252046793 17.7861242972818 3.47966783295918 4.97158442760316 17.2971998305533 22.9699184540474 415.402018998651 317.473774257219
7.98910441405585 9.75797919981476 10.313701329711 2.33747745503541 28.7343109272466 14.7436582409178 212.782533888791 357.025026534195
6.53787333425048 12.214167339424 5.00083755619011 4.2082383449297 18.1413101446742 25.1675495427878 376.633704159198 314.172973152375
5.83785910485976 11.7172113825671 4.84301306196709 4.12552564347326 27.2447535667419 24.8850306479273 237.592897978128 395.829809809976
7.91768563742175 13.6464775027507 4.30055015427926 6.20890916389375 15.0509558702003 25.7378313419959 412.188789864342 350.24717884011
5.00456806729295 15.5475882815623 6.68405638237711 2.38226051330209 20.6073388686625 13.8171364327037 339.598122231539 285.762221999882
7.62861164635337 13.8498436084301 7.48826739129425 3.77277446137422 23.0251175043911 24.9564264584392 358.614854341284 266.497492791786
6.67207752577202 9.70355524901084 19.0028598270162 8.432032271592 9.53982636648425 15.1380687517043 372.680540993057 429.548134761033
5.18937967454066 10.7343302972262 5.07239576710526 4.87489519194454 28.2610431489864 14.1877882965279 425.785695955071 258.090436276809
14.8396148041539 24.3529464050691 7.76661788210599 0.818169510691547 13.3090869295947 29.3548915347975 174.653553351079 62.0126297807473
5.23422215289898 12.0450645476293 4.90068860849719 3.75923660262123 21.1337317904801 21.1722039564174 337.373569470197 394.702519747724
7.68405351638373 11.0970716679649 5.71207302851305 4.95449634011669 24.3374513229556 11.7480572499664 388.194040432304 388.849665606856
6.99546599608836 16.2539181930563 7.66450221465641 3.7019413102049 25.4027050016411 8.58921784117702 421.891729573375 293.094748669696
7.76975849448435 13.4650032520839 7.78966279190628 2.42125356479078 24.7970205873008 18.9672515007316 349.651343164527 332.440051460421
5.05674060873548 20.8520994170755 8.4014283214757 1.18514775449602 25.950401603422 20.0163621993404 368.330311019825 285.742280953428
11.1995766406628 12.7354339649197 7.1331281687925 4.68926299321886 15.545324927556 19.344653847305 287.963599086824 376.236570945652
5.92980602178013 14.410667467812 8.74577913884653 2.83200375390321 19.9509124796207 29.0392710651734 371.542819558829 304.060725784877
5.97269027858645 7.73977471424397 5.7862681074229 2.34002358597081 20.809228939233 23.9573227401747 209.466618191472 319.552020355419
10.4055834953219 11.7576490866148 8.92281827828294 2.53956659541232 25.7462463681748 8.25272975927284 116.765652093205 338.406530404021
10.2593620007467 13.6557404854971 7.71659750758311 3.42995600736614 27.7307713008825 16.9797755494987 268.924327825576 318.006494672176
5.16036680474762 13.9352854853354 5.50499161459911 3.42257932905624 22.5513290079094 21.1934681843237 414.076086990886 328.896233295264
11.7446444648401 9.6234756268162 5.67643696113492 2.99016345461407 26.6998576174134 8.77963504736546 258.481482833527 377.91484262821
4.48543985184495 15.5018409500949 8.52815963378167 2.53432556696866 20.8890198870909 18.5124948256385 401.037222098562 313.424789263586
7.34453579817924 10.8735168747966 3.85899543369649 5.76991011521202 12.4135749157633 18.421395075065 256.321481297598 413.494857182463
8.76151575763395 13.2595004192705 7.08526697730873 2.27682008918401 29.5357046745401 11.4883630325868 378.335742910854 236.461238953968
4.11211722362957 14.2469432046337 8.35031093356035 4.35851563890076 14.2025023240279 16.4131463083128 443.741683100462 347.27231086762
12.383887481518 5.32278157876245 6.84717035753268 4.98039883406609 28.4291780630817 2.89431164808967 359.20668870726 411.1668642752
8.23544051479528 9.70082293005813 6.01897262684141 4.35806976572715 22.8298019722828 15.3699885654565 290.64594392017 338.97977971143
16.4662011686252 10.0765378472867 8.67205133335339 3.49309481940776 27.9880222712042 9.73276587859929 300.395660527937 402.813830057197
3.20546103522533 12.4229048626093 4.22562913338881 2.9007416795382 16.8413680595037 27.7786797574997 429.115122220157 301.099481152517
5.69458979511827 17.8615406834171 8.53553392431057 2.85308716034764 14.3879717128981 26.0623846003553 317.596709397747 374.255929443345
8.64580239782875 14.1933581361524 6.94574254283732 4.81545321533064 14.8793512886058 19.9131788032415 351.661466738179 372.483770997876
7.58241644041186 11.7936540777078 7.78916176795957 2.4425340462312 27.7729491339271 11.2042390747396 309.545188599607 446.493256261543
6.38625750359771 13.4886961728906 8.40776178769678 3.68250666398664 21.0369677188705 27.0190355467013 305.340714325046 178.615352106285
6.20034450295294 10.9924948602427 6.12181860834361 4.19555480266474 23.4814247007538 20.9821158156824 283.335952037758 400.128617114123
7.09040530171904 12.3780463470261 7.78272747005006 2.56652132566719 13.3848323176935 21.9738182574635 324.889877021921 366.883000903442
11.1556842105015 11.3787084921393 4.82208455133305 3.63869505815537 21.814439981356 15.654883131576 262.836626127692 364.693390538487
11.7888307298499 8.02979383867621 3.28320590813906 3.49945366722319 23.3124956344356 25.4085463754479 252.539884746036 379.344909203847
5.214020142025 10.4635450566535 5.63983485283399 4.54473330761447 21.1625869592601 14.6517704579632 357.398986234146 397.474612450375
6.90202009585744 8.44907279411203 8.09033122323519 1.89248007367583 28.6071352898607 21.6939576189932 380.676024105629 294.838887366005
5.6034569876087 17.6675090220762 7.67170171830352 2.72640189988961 27.0207587920502 29.0472583741652 379.977540922541 320.026401046389
3.7747877558501 11.2773366699408 8.12479175365098 2.32333439370145 18.278264667867 8.77538669188751 392.343871273793 322.262442723792
3.2352586799862 20.2024152167272 6.16266440933768 4.33957337877264 21.1423689878636 23.8515293560805 440.720922060874 306.079413176947
6.16542506406239 10.0601339285004 5.21954131702042 3.16507159483389 26.8055782494756 23.2709173417508 301.725102683337 361.603788449561
2.47413264180204 10.424368452091 7.55544117632911 2.4703886560694 26.9411865827464 24.1791657121964 434.324547349441 186.533189196498
12.3616876559408 7.73572432692723 11.3279177507758 3.47690346429242 25.7226169737525 14.0730595950891 110.863914556313 383.748593968972
8.51033654180262 8.44833454572104 9.03079148226975 2.85339680496024 22.2863352805351 17.0310949944782 263.283504042803 417.478837176254
9.38309348000652 12.9705071407028 1.56134765211074 8.09729559648898 18.375699882549 16.1444121071458 412.157316086295 338.823922243273
7.00548164331572 15.2075494524461 8.39117094950006 2.47224346202507 16.8904365047469 24.8676088519866 344.965816135203 319.559731257168
4.18210015701161 13.8895494119622 7.60992880711839 2.40617161024542 23.1278682050255 29.5908105318432 478.396446361565 234.724470688044
6.12093287426057 13.2880901403501 6.99748970691514 3.99224237272755 28.5702758628537 24.656510483863 384.46552192507 344.088780492712
8.65998841819488 12.8103200816047 7.90634653579383 2.95183590605666 23.2073364904354 28.0084833432605 393.628649362207 300.832701113899
7.07096220732834 10.5135019764368 8.0851181188068 2.48325659783275 17.5586363295741 18.7888685624186 403.557704721489 243.492228987472
7.20676400751401 14.0563676861659 8.48134797578175 2.27509752304584 26.1282308296326 21.3463298884992 185.306390918444 416.261754078211
6.77315039512394 14.3428553609554 8.68249572840714 2.66000649863338 20.7083667511433 19.3935594162932 222.257989425873 369.785534988341
8.1657035641013 12.3887053802235 7.14595409617494 3.16015157351395 25.9808210230529 12.0952349225067 261.935678167188 378.01320928551
18.4684338032189 11.0515686950039 6.3610650396203 1.68529172449964 22.0473404872628 14.1286280399746 177.579897865971 321.113627901529
10.060183838293 9.4034409443503 6.3403043699724 5.08185434449817 27.9170055654423 24.7190426064012 255.903203138433 330.607496338831
11.3682441139903 9.0230059811195 6.27382154109953 3.9556310409738 15.8869883971294 24.2304956261787 315.264760508407 370.604518968455
9.92578966854488 12.0643537003812 7.55735057877402 3.05579285755814 22.7029740860935 19.3573585042412 349.459972581518 254.340154893446
5.39790827946621 9.65280166006862 6.92714693259755 2.53404869679785 25.9887191806485 15.2273442378396 306.688311359391 321.080803803256
5.67145388215284 16.3546131812531 5.87911529665219 4.15079940247826 26.9718681371903 27.3638182407796 346.244317164167 376.31162555597
6.71996752619227 15.262854276084 5.5016436371461 3.30993882405187 14.62574132635 16.9296596792828 355.192723470085 383.119145395928
5.15280829219558 10.8087422707712 2.76579565952172 4.80749582317857 24.4711676708067 15.7977465424697 377.563834498719 279.595130694478
5.4620824704831 9.75302520743318 8.17372431108533 4.31200981679313 24.9958102230482 23.1096583395583 459.720958229597 345.88511977759
6.97837939127592 13.4295249502487 6.31261364088257 3.03022002852041 18.6906615900597 19.2056158152449 410.741013315865 280.969510494579
6.64044801463125 22.5542542471816 7.64941346341817 5.00767340591968 22.072124863633 26.3544063569148 330.356908635033 383.37788047887
6.90926746897116 13.6859218103408 8.40613125036334 3.64670174186011 16.7921951411314 17.2611682649955 353.327088044076 287.65725931828
4.33392054538353 14.630319591743 5.78315120696239 3.95839371349731 16.7564512781372 16.2154964690438 355.921153792214 292.496093596627
5.15340396241633 13.1569123082012 6.43115054855498 2.29410009030726 27.5303836947975 21.9006029193144 347.050808972317 275.91734496607
4.22886763339644 16.2014027513381 7.55850232256467 3.10475602064295 21.287046129075 27.9045675820756 405.626303512073 257.318839119808
7.65521032010758 9.24081317511827 4.99396296010003 3.22710930102806 22.689905505242 9.85144883586116 347.425631459876 365.844395496079
8.0728094207778 14.4017356262371 8.42624751968285 2.81365570247757 27.756832973467 7.75337896119561 363.424986034751 297.190966162768
6.32710874131028 12.2491750043425 8.01141972720034 4.24983248539551 26.2019672469888 13.115282280687 245.890527326671 402.525035215714
7.59273672003779 17.8831967245412 7.67312739702694 4.15901279339083 23.6403837579703 25.0938185803835 444.670770829423 341.97931549341
11.0183814775211 17.5614459405614 5.53682449193064 1.32681880131564 19.4551636477295 25.9937958449752 195.431779146581 300.888261070174
5.63376901645237 11.8598428984113 7.69852061784516 3.73522029803047 29.4875832986574 20.7014975987651 316.692918442589 355.216201851896
6.46302207432801 17.3401309447131 5.60773300957486 4.93312823430055 17.2870278604433 26.7285724534693 282.974982505598 401.484659783907
9.6349702407832 13.5215545168177 7.28416746099769 2.74081961543005 23.6548557031303 28.3104289393569 241.236636604005 210.760024804195
5.77048213533831 19.7290268147834 3.47146987337558 5.12536354921213 19.1943453711514 11.7110944668791 398.700318679345 349.540318254862
2.61563980565997 6.1138649572739 5.7089344803498 2.71909218945026 23.903657500939 15.4598711105186 352.876501861037 315.212670181891
7.38431706505547 12.7738232687398 7.605013941351 3.68030357450058 21.4764284085834 26.2034618887111 413.157139360279 313.429933230238
7.64537600452828 11.4420306995097 7.47970776140652 3.7766469874634 25.7552829811455 6.11513512338199 424.285393833654 350.89551609539
8.27020951545993 9.97206758229562 8.15405610790604 3.10713855790127 27.5757868259002 16.5425835376713 349.185617581766 379.690894426792
4.74742151942382 11.4907958770427 7.93093815172088 3.87784845087342 20.4797424348625 18.8368960052453 349.175008796406 393.380956478274
18.9534673941989 15.8479357274759 5.09191688214199 2.27751417466379 25.4971098789414 21.2094321803547 233.222568148952 287.960078228577
4.35119648319385 14.2336867628345 7.50236846639441 2.06333523102756 19.3583133911673 18.1304050334912 294.023442010341 316.356823867804
7.9302066717309 16.2133236292463 7.85294397592919 3.23330090930666 21.0572162513582 23.095552001247 212.508266508961 401.058240958013
6.83580311193121 5.74461084065342 7.54433226272342 2.73054318483791 24.8309814088547 12.8604488139851 261.811881760878 355.759484957009
5.54933768515072 14.6338333882389 7.13609531143366 2.76481452893216 25.4549304075282 25.5615903318533 346.552253039865 294.089263841969
10.568741124524 17.3170228336221 8.07522867577626 2.71925102120793 1.887469941698 28.1471947093688 380.566126593749 325.108996793777
7.24207778309779 11.3187991410409 7.67046578430263 2.1382824370314 24.7600308155598 27.7355702968626 263.729795283674 366.148258678777
6.76852127552367 15.3585523173322 3.68194775397339 5.68390351683493 26.5830990405772 17.6865698631947 447.270222147875 220.503404532969
5.86271442330018 16.5349831703669 8.01144044551104 3.50020598879133 25.7059313499607 15.0666033443298 347.237039649563 256.719871771035
6.68035109082754 7.940009981921 6.68002580372053 5.68366551943078 28.3673012234997 28.7990526286178 299.56314934969 394.384085333963
9.93529482515984 12.5863334469094 5.00092207894268 4.07493543661784 29.3491401722305 16.8190112306305 234.339957040908 348.597703009353
9.60816481740294 8.61525265362012 8.0359191971012 4.83972923082047 20.1015543110922 17.5397310361092 397.939182026036 329.753096984179
7.95112233770525 11.9943946236585 7.13312025477876 3.93097455426941 28.2589048977756 18.1599846300009 322.527717349826 415.451779037905
12.9990509089742 14.5290678677315 6.59518431630392 2.89995080198137 25.5237679361733 19.0112075491776 308.209967102283 328.162371088347
7.2266539077078 12.7897295419296 4.95362849521262 3.66420591411375 25.6081113294327 18.4855931460655 358.976886007914 352.027145951689
7.6471872065098 10.288868557717 7.492491724015 3.71565114027385 24.5561496002976 15.9054073587301 380.588704434885 250.698474262677
5.33965860624805 11.4079239690582 6.29919418449974 3.90948274319965 14.7744163662479 9.14916202850181 392.949405977061 374.285379282078
7.1820103836177 14.1784889047953 5.94584504735276 4.6670876882667 26.2795723850402 8.17556601623874 395.665729583801 285.721949452418
6.87648976331324 12.1036974860547 5.13990253443365 6.06414678156584 25.4597963121982 26.9706260467043 244.357100956136 390.117277530957
5.17200911011564 13.6271568271605 8.27565350127303 1.3407883337031 27.0080243570271 27.030255117976 260.807808964959 329.078598374255
3.14174469544985 21.8515425904471 4.17817034443843 3.01876690369151 10.375366684162 26.2993930414686 406.307844861438 75.7582707205132
7.9550342446725 11.2571036940422 8.14301420966843 3.92790399432384 24.6115288112565 20.1193339107941 335.787433143852 362.678636937788
4.57466494738187 11.5129238219222 7.54677785499596 3.37977491580353 22.675446233476 10.9675518353985 406.317064733626 324.99370329046
10.5109600013982 10.0718148566254 8.01173799172113 2.76205558380052 27.2436855717217 17.9923686014815 81.8481966411417 403.234507420643
6.07146372556674 13.2714498639395 7.85672372793577 2.97464942562847 25.2331584195807 21.7886833739158 281.862334547712 343.076104919488
9.26230410581332 13.0013958017013 9.12039495128567 3.28451298035922 29.3824144872978 25.876486518273 237.100983702102 337.686740031812
6.12984802589845 14.1736901118008 6.60241681905107 3.45444942253213 26.5780039136059 28.6683321294671 328.031027930593 300.876993063389
4.34626662953189 16.6568278344376 5.81453082443852 3.45732839260548 27.7986110415241 29.3616560926504 132.126324622638 403.272732438385
9.07783298293752 11.1175760387591 8.1102394774728 2.8208299281877 26.1168225414329 9.86981740380519 214.246951354244 424.195379837224
8.56727168408693 17.8132228145523 7.47487383328986 2.51213735423116 27.6745202137669 28.2013311350625 253.503337469873 336.230959433948
7.07560104451845 18.660468053701 8.9256335527176 2.00723884611426 19.9652736012633 17.3498200910129 396.063399919667 300.866332811958
9.80148856591666 6.43996312524516 3.84864988473727 4.04169588343857 26.2274831704997 19.0278623378464 266.173583428446 373.811311138822
3.9501259959935 14.816113831485 7.43364082605536 4.12806238719538 25.2491543206903 13.3025166534938 377.758887094026 339.974096331773
8.1979323432839 11.6125444709062 11.307109082399 3.51451360361349 19.968539932752 24.8636168873617 362.210108771141 359.505266548848
5.55139358885169 11.4412346794311 7.37198335802002 2.98154077712244 27.0603087146092 29.5863810695619 418.674995937321 343.080362305779
5.26659995556835 13.6419116224154 7.91074344745607 3.77555061479918 26.2441905242444 14.5624070581089 24.788039237042 413.723776596732
14.5355094376978 14.2609662121496 8.76368139351353 1.34495413282628 19.1297097747799 25.4378178945565 211.598928513806 316.780440326949
7.16970648494962 13.0257949987565 7.3339946861266 3.53188595106441 6.80145601145472 21.780197440419 399.487450305619 283.677320780957
4.46884807315928 15.7782469895271 5.81541403432248 2.81668278720105 8.4942376374283 15.4350165127829 409.233431943134 216.132387792907
9.80622475971141 9.51439224887955 9.15924178002062 3.19651135784657 24.3576276591312 22.9329089755074 294.315066328709 355.409733321319
9.60920725421612 8.21167105878514 7.90629099594361 3.4159775428556 29.6873191783717 20.1449487092932 285.764847407813 384.895402337579
8.45204561719837 8.80210740425111 4.8460992421267 2.86629219228598 23.8106048891711 8.41311091121663 287.121243815677 423.722505954584
4.23983537428242 19.2560243595559 7.16684626192536 4.91692775165822 19.8218910420993 26.8482610310707 393.02467155038 274.350201513637
6.30587056880918 18.6001315212573 7.38123252389429 4.31218890475587 29.2700040401097 20.1311816697657 135.573052783702 441.64520830473
9.64184192364899 11.0833130179608 7.51873540148157 2.87227351747277 16.1354110795983 27.546024369865 376.864712084561 319.834846354658
6.29071421991926 14.9490558731453 3.92262078771464 4.50136318558698 26.6801769411045 29.2094213139189 352.873606379307 285.241827863437
5.01295984844269 15.7912597978588 8.0528357612895 2.14939438579368 20.4731472311308 28.0482855870487 396.825590218118 301.509609478845
2.91133953383516 12.0852910953952 7.44114712707579 3.12430579677217 20.3071242346427 26.3314247851377 356.709607020526 367.397693381579
4.90813904983731 10.7710582060486 8.82042816867803 2.64212312473239 25.7925973100983 4.36160094605615 401.465637012107 276.452264816133
5.86634399252435 10.7928831035205 5.13278048506757 2.59668722240483 25.5588834345902 26.1040085066799 374.929323165055 230.264598433173
8.66677557597187 11.6674646842384 7.76502692600217 2.70043963272754 26.7813426932721 25.1301379907703 292.129589530095 290.897332082192
6.98309942793873 10.8448798431122 5.10586757425076 3.64064422402014 28.1113173992553 19.2022114911521 284.545210275913 360.961618315592
6.02925565262082 9.84944455087754 7.07583997818317 3.69301556445408 25.369227888901 12.1531310854881 369.710721672915 372.962322172792
3.60354298819512 18.1644214485893 5.34057503997918 5.68082471186209 25.2642987515093 29.0778959655166 399.874349724471 277.364927204003
7.0968345242815 17.3948711946638 4.36445463638728 5.65715948838932 18.2995092277677 14.2066425394091 389.453268572374 271.002314253104
4.92560135568871 17.3428857680149 8.05104842100462 2.11674446582727 11.038776581919 27.4923844118497 409.080381377636 195.516319816194
6.32436876634079 17.3945734787144 8.62560518745194 2.94509517069257 18.7138052517696 21.3152065254474 351.192688101411 271.73970402673
5.63840220034397 14.1742993728413 7.59447575758346 4.41141851811316 16.2715113733522 28.2110473712387 407.433497372391 363.885340708037
8.00657224177461 13.5216878170837 7.55597922664089 4.34059981983328 10.0419119743412 28.3018260082774 373.172616618544 339.767391341281
7.86523297676038 20.7247459607411 7.00830564756184 3.10021173224528 21.2958011106062 24.3649402284475 251.588723850172 386.451894945557
7.93973019228818 14.696660852968 8.01866979529396 1.97486886691261 27.5303722128114 24.0451376212824 410.417575388059 206.506326780212
