3.47856607635087 4.94027593982247 7.61571829365688 15.713598940494 10.0559213481718 25.556627516367 93.8538456042561 428.94751947989
2.55620201476838 4.93915103425193 14.7782666236396 12.5250687847283 19.2452338215105 23.7003354926635 88.4306397492738 408.51495378902
1.64348077011076 4.93400368601332 11.6577807154191 13.0254915676508 22.4879852250776 23.9315309732178 143.913305944215 395.972178538716
2.26052756112082 4.06845563026639 12.6856128810672 11.9237130233249 21.3553990031036 20.6388027562391 68.2446728945895 402.732676075176
2.13141122239241 5.22527186859939 7.94988918528452 15.8090586210909 17.0078152616335 24.6562395400617 137.636901259186 391.745765700683
2.77846035239099 5.43660729900697 3.79048236037189 20.8120601523965 11.5871326201998 23.757478369379 90.3846603739546 444.834311633296
2.86715337115434 3.51739006407752 12.3923196926217 13.5826091371873 18.8771825840172 18.9431538893839 54.7412249006403 451.592942655013
1.60145908348191 3.24936308134096 5.45750775832398 14.3075269821165 8.10891540405182 28.1025554612318 132.140976761247 394.512547329946
2.31240854456097 4.65545258205911 6.67835048580917 17.2338416538335 19.2456694565428 21.3948498103072 78.3818325973485 438.555123405175
2.50948340814088 4.87574674242666 11.8641272228776 12.6727976859233 21.5845839157911 25.4841283597776 92.4848450191062 421.244174607761
1.27878895928858 5.28968452456064 7.12961647641562 16.26186451926 27.5407505211626 26.6331127298676 178.286713816122 379.249459832316
2.84254840288165 3.86651891962501 9.13167966005152 15.5680028218509 25.7635305676627 23.6467255403355 35.1606214560609 430.266627117583
1.78383207649978 4.07508576061398 7.61313489927164 12.7712305151336 26.0260761372597 22.8429763149433 76.7878946622132 423.157452374349
1.80640966060018 5.1409909876287 5.30057993078535 16.2856475086569 12.9285994493445 24.4880468553946 133.114552819319 398.826681936722
2.54833590852165 5.3341513015241 6.76509678907743 16.8146902488789 23.2226045563121 23.0672038033695 50.6348957399156 435.68498000041
1.78868742205947 3.83013891200419 7.87207594790528 13.4624800049648 9.07337173404151 22.7608062378661 77.115318624945 428.789222367341
2.49232560511993 3.77989888257351 10.0513209393508 11.065228097904 18.9760667335377 23.4340125351016 81.4536178529187 437.132661222845
2.18480253617484 3.31666826945865 8.69557106376492 13.2487818366167 17.5370970497802 23.3891813290417 92.6894431248709 441.179360166117
2.69346342263611 5.71927122240307 10.5556470450757 14.0410090187277 14.650752440101 25.2810598150866 108.380630097964 402.485562898201
2.47301462582959 4.13990213256417 7.2897355124786 15.0563983297814 22.0554481284012 21.9492773308141 71.43871272659 428.868696124743
1.84756720026564 5.16785844009249 10.9571618462025 12.3028997924602 8.20624556086865 24.6789104968886 62.6354073389995 442.800614021895
2.2027906171487 5.70229223709761 10.4400370677892 15.336440879251 20.3284439566351 24.2410078484909 109.658494950338 383.470337651558
3.08421951735398 4.58878412058489 8.35695911278392 14.352372979303 17.2198726514818 23.3247624485032 112.932538297312 411.351011726945
1.28357347963228 6.31657147872084 10.9050437949078 14.4672884707731 11.4738109662392 27.6413630886711 109.823972530221 389.574767966949
2.03121628094821 4.97201733983578 12.6431852971567 13.8608193674958 24.8928923471434 24.5722067411436 102.929609067429 417.097856002985
2.93245124103183 4.21112470073198 9.80874966966276 13.9215276562183 16.6042694556635 22.2830695032225 68.1478343700628 436.348283185567
1.4901164562768 5.19613408721189 13.3656314179416 12.9104128128367 11.8706722772106 25.0266808319296 105.326263851995 418.153932192097
1.82596676844978 4.53518585186195 14.6526204830013 13.579135976971 17.5752671586738 18.7636633494734 71.0365582352322 414.520681550837
1.71837291228462 3.89677686360194 12.560489156718 11.4709986902013 15.0649652348849 26.2313817119685 74.9487723603367 386.061483707131
2.64888684028659 5.03074862505612 13.2017256681715 13.7746912539293 15.7944421138769 24.916810420628 54.4129978551119 423.618803226094
3.27131064446642 3.57225520078328 7.60754513657284 15.1590828880827 15.9478257379343 24.0007614250135 185.249750624946 414.188594656303
2.59101454365705 3.63730271346625 5.79825621595678 15.4214403086106 28.0619823519763 24.6947125901824 95.1946379134529 424.752491206636
1.99909740784272 4.35729085157358 10.9527771562435 14.1387545013645 13.1590400298606 23.3777336690101 128.258615583577 401.981660253006
2.91468121215842 4.51465248385584 11.1704431363415 12.6357879878047 21.2860118469959 23.270842917158 64.7402867048991 437.17429487559
1.70504209682108 5.16725595637276 5.26703337443053 11.3675020552473 7.89062083933151 26.8187916934335 102.56222510883 408.267553187861
2.53990050735924 5.02285378965852 7.1159902765405 16.7159677414871 9.82799072163506 28.0691092385093 115.612505860213 414.874678981784
2.17974442196795 5.72695255874107 9.83944875527312 13.0284289736732 15.8457153024787 22.6352281480913 110.996400362582 402.360067557811
2.38463797118562 3.6557840206313 8.89986510254032 13.565319859531 14.9654097060349 23.5997459793207 92.4872639365837 435.241822304277
2.38989062202086 3.85231801820735 6.02865416930612 12.6191113345348 21.2207324669805 24.8121248638135 99.3418784468735 426.905138218199
2.26341348724167 3.70623991332054 10.2004126829793 14.8100646809531 13.6741125522055 22.75901875387 77.9384197401652 434.012047901859
2.26200406206452 4.78344977951839 7.59230525532072 15.9583068424617 11.8296339748704 21.0812708292708 116.188777724702 423.251157284649
2.57429012796862 4.91615483601167 6.29951990507659 16.1892134120601 11.4125673925819 24.967990136165 145.985205516566 384.905301279193
2.66764626942891 3.41009452725183 8.74936455509757 15.768959071389 20.5082194193539 26.0090072723475 123.01428041833 411.895309492496
1.98838108900977 5.34923112011105 4.0276755863539 16.325505746147 12.4951862387706 23.5369060980309 103.030449404178 417.932912559649
2.6405541462827 5.44781103230295 9.4112351677047 14.1013175729914 5.34646231334761 28.7077586222203 111.638131496803 394.896151174766
2.24122363184028 4.41262400046926 9.14152325751199 13.6964540751975 21.6720516402919 20.7599330736962 110.192536821402 410.667657149857
2.58884961966872 4.20200527298381 11.322352925653 11.8669742509755 12.1515686341566 25.2690340869422 89.724435551892 427.191592593189
2.19258547993303 4.95535503590961 10.3252040872142 13.2125452510737 9.69378361722401 23.3063733342148 88.232761719274 424.7808192614
1.57526218231668 5.61415457306818 4.77238199883249 14.7791899759242 12.8086142225917 22.2689178143211 121.395868232918 399.522174395997
1.66296345678959 3.78017832670652 7.29256555624575 13.8939529218561 16.0097753489853 27.0458004569944 107.938901390616 370.830638211747
2.76436526098411 5.4019167549483 10.5313303934765 13.0954919112366 23.523808153144 22.8539051333095 68.7129565783875 415.292096028078
2.47527753968508 3.91311442132263 4.94207844381209 16.3559483616969 13.7507010696037 26.7891280713089 110.470343874337 405.376601558725
2.92108355896539 5.0203530871376 9.54892805247535 13.6973407245253 20.3708038044187 22.4113700257304 67.4511921115437 378.269381722753
1.88197984985402 4.57378437121646 12.949478231808 12.3383723408969 9.70118639900553 25.623379750567 111.689695250387 405.950764000582
3.04916305577532 3.0038570925025 6.93275244167295 15.4118600623565 20.2645761994507 26.2983760830118 86.805549701936 423.018511212133
1.91027407994774 6.22460697776408 9.26180785629487 14.9240976796765 13.2713905738196 22.0401711727561 129.588132235141 390.898856649885
3.04498321839781 4.23485836296512 5.36852684937571 12.2519497235651 14.8654585914403 23.2094828478231 86.1974114198701 342.073574798017
2.56516963663238 4.43559346593279 9.13250276351807 15.3742573441954 22.345031344474 22.4985336130668 40.5314382504646 430.041331204179
1.95761118734507 4.04520427759001 10.2735571066127 14.6518513469014 15.1203930920165 23.9139560683078 126.233601469161 422.077869536548
2.04135928420023 4.80372614885345 14.0221112898685 11.9233879077165 16.0708370136951 21.0922828207922 68.7429732993885 439.155214915325
1.73070049113774 4.72452157820088 10.549720472314 12.7476791646234 13.4313863579909 20.6450589356321 83.6762254526846 419.515929371134
1.59860658381812 4.73893858562686 8.09381296679157 15.8190874052214 27.0322409378585 26.0627530013835 111.637470975149 408.409049972283
1.51606460556559 5.41249973331405 10.909132954778 13.8969932875102 22.8262053928314 22.3826208521338 87.863364188872 435.7414615517
3.10719911713176 4.21615824559521 4.30985292481641 14.9299495384536 8.29177935601269 10.3453757547067 106.230876408002 444.074370774095
2.66790330099537 4.79216464569469 11.2624574367966 12.7877103739939 16.6755789628919 28.50654160321 89.9453219584704 427.179080334281
2.37517419596398 4.29161065577605 2.42872832339398 17.6258448121951 5.79017481593785 25.4234714996889 103.800924936369 429.608896498045
2.98507018807767 4.12339542473861 3.39928634814007 16.8491017153181 20.0617165383153 20.4858782872505 71.4761019995655 420.286859480231
1.96398725652159 6.06743437730687 8.16019009745493 14.5990405141339 9.76622894668804 22.2704745607788 114.724311661567 424.314967023954
2.16427154456526 5.08120649701338 10.9992514544218 12.9285301893114 9.71079575852526 27.1128281830554 119.080822590999 419.046563808288
2.31275477824503 4.13797259346872 7.87024970795661 14.9031165479125 7.19973177970447 21.6313368542872 54.7189158976918 432.752467235098
2.63863661385341 4.24122208595452 6.57468137590486 15.0069590322368 21.4248534598477 22.116129806586 73.5897611147374 423.307399083756
2.81245568626248 5.20543571370348 11.879445821483 13.1083868042589 16.592987635485 23.2972455281557 78.715358239172 422.0243359878
3.21572437596607 2.75894328970829 5.82884854041326 14.680077540569 13.6495336993183 23.3423456169751 47.3335343252067 435.621363250053
2.82077219666027 4.46537617423385 12.4437132878997 12.5006253921602 19.3109284174741 25.6816237805941 82.2859946938053 406.019650751033
1.8780807437402 5.70413149729689 11.7021690279882 13.5007476917848 8.22964017750995 22.7830659780375 113.71104955685 393.838675810874
1.48473510022915 4.08108076879197 1.19592762730679 15.9770120341645 16.3231281704789 22.6817467436735 148.467897405663 364.129629492929
2.11974953926556 3.87030350165481 8.85798164648486 13.9682169292146 8.8287597891178 27.1883462231473 119.38586750198 395.637606751164
2.91649453150132 4.39198104814638 7.47647340298084 16.0648107636756 10.3535851783223 25.9163499472793 49.1135684973584 435.10397288032
1.82882255854842 6.20977120638523 11.1284104414189 14.2166221411751 5.37632665127452 26.1264048558359 104.391057105899 411.000427530783
2.98057702445429 3.94156384239809 13.8361504819236 11.9242145254469 14.7546070842517 17.8125020239334 74.0629484617041 417.177746740637
2.97349073276207 4.36224732946677 4.6159867262888 17.376320728444 6.87766992830061 22.7076079454033 85.0801349347011 424.11578690427
3.15741078561707 3.60555610049346 10.1881191082112 13.4602175747186 27.5474951979016 22.5352037861725 78.6615274154304 434.27179059418
3.18672479708253 5.55974758130327 11.1946267999054 12.7185642580766 25.6046448660096 25.2335658247907 161.913202803242 368.185175590886
1.90256662693564 5.09060508707302 10.8419225162913 11.989343509088 26.1211222557581 21.3116615430009 178.025044497792 334.160754527665
1.78660661553597 4.71902629096623 12.2747940713992 14.3152527094887 23.3368864724731 24.0250868564587 79.9475142507268 432.153290870552
2.19266312820794 4.23989765724229 4.82750293993109 14.9034647527603 13.694288927497 24.8184737103301 123.450689467642 394.18207891341
3.21209107264367 4.78438499848587 17.0931163049422 12.1212801076756 7.66440659076994 24.7542714177979 108.209619508702 420.794093385505
3.2669760677491 3.59141671706089 10.9005071498141 13.7760347925962 14.1145447142776 22.8045371598713 81.7599957620986 437.825405602833
2.08485590670824 4.68990893373036 13.1257650733706 11.9250553938735 12.858214402425 21.3764760343105 73.7307195492831 430.431883211376
1.6743458965436 6.38312922157214 8.87354152516587 14.7151349374658 10.9571126101568 26.4117685695836 157.777273088918 390.802684876331
2.98054991174259 4.79631538575747 10.7845172109143 14.6092556981094 7.63223199015894 23.3939947038187 122.66202372718 413.958606878344
2.01370557211549 4.68835516393107 2.70445238871719 14.2569374279961 4.43810527764308 25.0659512818913 128.889322420491 388.943582924233
1.80182597887561 4.57274657281428 12.239632799971 11.9514046578749 17.2271405487611 20.6366460374791 133.223401152207 395.456763187132
2.24477786317869 4.3147756697847 9.22375983651895 12.754114284237 14.5452371371276 29.0820386382663 193.981008823909 388.950087642151
2.82058129341844 5.01432259783658 9.45284979493479 14.9720320461892 19.0661385445936 22.7069743092096 80.1607834532283 432.481312312651
2.9747218411576 5.32864240722099 11.65869894367 13.801641980364 10.5082323790581 24.8608697287318 71.5634690332911 428.157236591669
2.15383054453151 3.23192755619776 3.65656496499945 15.6950356968519 11.1149795468091 25.98600658647 155.497656213157 373.074023644382
2.47669351341636 4.30460492696758 6.8479127932412 13.280072378648 20.6203351289044 22.2747655673705 98.2668434772661 427.609350963458
2.57514824237779 5.2439097984757 8.14515626416638 14.1216389287713 9.66697423206732 27.5702186618486 118.795853668107 411.728564762069
1.7230023073612 6.01914738033798 11.814981632511 12.6563431455035 21.0341603294587 24.3534503748549 106.821143006966 378.075487552691
2.89248604048295 4.13062544402313 8.35145232552067 15.2341507587117 27.0432508851492 22.3883644015526 88.776856887708 447.900155738867
3.06065816872134 4.80209394243777 15.5105094387534 12.0555981929801 13.4649696582184 20.9304264033772 140.399872278886 416.806221204555
1.64513093126957 4.58483404854047 6.6073114816644 15.2452180581423 7.41388916744449 22.9062422613804 119.524537304508 397.342042781365
2.92334924047265 4.49666878755247 8.11299257599825 15.7509906457464 23.347268071925 19.8407846270281 76.3341231825491 422.253798962673
2.78012894057553 3.63425941495758 9.95184911012453 13.8395747673024 28.3559632045529 20.8420718641128 101.935195041958 372.873689258845
3.09572324635409 4.13630101785522 10.5059835574944 14.4103196672272 20.3817549291136 19.6858343091585 85.3069839583392 418.546689364104
2.48215476064304 4.92819543906149 5.15681332350368 16.7976847334993 21.6791495633776 26.1921211922221 86.9580803302581 423.358212843325
1.76496466864722 4.20883179369935 10.0896480607749 13.5338504953062 14.1244779104299 25.711342545319 109.809321445025 390.94913394077
2.63339874015214 5.22179285221842 6.51349737667222 17.5969756760747 25.8479181028605 23.2434881135343 91.2399419557359 422.80296345433
2.45303682190926 4.53103237067418 11.3822327733487 12.5245627639201 21.4262359205908 26.8697839963591 48.8639051002113 425.195354400798
2.71628729938976 6.06002475724314 6.89653396119654 15.6536862190965 20.4428382619625 22.6506111313439 78.0052669247794 424.871714116898
2.08211809660772 5.2067088803528 7.44216451820024 15.6752569806112 6.94820231932935 23.000286326512 60.3777041528024 432.342437474063
3.00031494633916 3.92285587954138 7.95622608405227 16.062449683192 22.8307132979554 20.1636039460711 117.215611000612 412.819798742891
3.24427634709087 4.07727261126846 5.65671554811282 17.1649429546544 21.0075410837853 22.2565742467248 79.1328364641209 417.476696692401
2.1114932565899 4.00107447004197 9.27679301819152 14.8549284974466 26.2901752584864 20.4614843401465 71.5113893678683 429.54510412785
2.17238711450331 4.37139646088079 4.64419519222626 15.3813315351957 16.2934874019704 25.1085890866409 100.386642970018 429.706416668903
2.03378459842506 4.24167541607495 10.7192514415434 11.354504304001 20.1748990660625 20.3791335729837 296.384645323493 360.328939125532
2.09685479315257 4.09449467699503 12.5954587649388 12.5952269494305 12.8473781263608 28.48061760764 42.5646129735958 437.075745373524
2.0569423465211 4.52915002606032 11.2080127562735 15.3312418276871 9.73816216486965 25.2800889142377 121.754960314156 393.792000897745
2.04533945686192 4.05487645923629 9.0701815732697 15.0555071099456 11.5873719790566 26.9614022446969 117.262652065587 409.726493542077
1.744734341812 4.24683359839604 4.69697548696589 15.6845392927611 21.4881241128735 26.7251247292506 108.423366809578 394.77362530235
2.07733070519112 3.99557376916286 11.8309838390483 12.7374743769951 9.42891047006082 24.4038243277285 118.94259291205 408.995905356963
2.30615028397136 4.57790950759639 9.17760507224785 17.3757946587869 24.3114253720859 20.7406521948324 49.8055017960104 419.290138486898
2.14671910811238 4.93367354038193 6.32173440188347 13.4628008438656 11.2011187593524 23.7692650012056 150.425881896667 412.957517176879
2.33159350532446 5.41058972991255 8.54770550777953 14.4381402016947 18.2404998196376 19.9807065281535 103.473854807741 421.764495722635
2.98789856687429 5.83214303549835 6.8479342353443 12.4847811005047 14.0473675331193 24.9529617163667 82.8652688653712 421.500543407325
2.51362816918226 5.57911454294288 10.4993449968625 14.6828304848982 20.7237481478795 21.9057314772385 73.4330580729691 419.516908018404
2.64399687741006 3.96259077175178 7.78706426712863 15.0240030427972 11.0329446088047 23.3174576292343 76.0414355925879 415.955869196452
2.56099838235499 3.94921997655043 8.19966563393864 15.5146407703406 14.3936749913143 22.3838355517994 114.660490277632 405.920758905649
2.55341778346766 5.18485784491772 11.4599399606635 13.2317435035069 13.1845974913732 25.0974294544261 102.098473260694 429.269522992138
2.06063860094802 5.20505509244608 6.49404416145192 14.6281631585811 16.9502692912045 19.9430835451452 89.7087435986025 430.83427676584
3.29327283380084 4.60077590242421 10.6481575877442 15.060479698421 18.9354623886352 25.1136863739917 134.242186324693 402.17789203721
1.96085696182841 4.72366504063724 7.97050562867629 12.8016904855577 12.6093690149789 23.9865369300627 121.222958895274 404.464551482195
1.99167938067386 5.15526507191055 6.9210293248645 16.1289062476135 16.9566167456866 26.698546493085 130.052744127645 378.61220938616
2.8876741316932 5.01307734680821 11.2742213837091 13.3159271967768 26.6975395267449 26.9226649836361 104.648651548037 412.435208653287
2.47624002170316 3.75475749487941 6.05467082132414 13.0914094745155 20.2444408029449 24.9398177881683 110.936886873133 391.488612598973
2.68326552859244 4.29945161391545 11.2081760391743 12.7819215686238 14.0800694354706 23.3541422729137 54.4711091873693 408.481886796954
2.02485125170243 3.75266046153605 5.09706971684219 14.735333034268 26.4460728265818 26.1626824307191 119.2079047962 410.52654532947
2.67556397604127 4.48345961619421 9.99622460451226 12.9861105889621 11.8094073165217 23.1814689316851 127.193996438433 402.462103726609
2.42881272352763 4.81513572220187 9.0464667931857 15.5251770644029 25.4404726969304 22.8182477238296 53.5018606077758 416.302768690885
2.37888839556869 3.22861280817735 7.83114567162706 13.609308520293 16.0117313168188 17.4908593171523 106.198473472111 403.789312055863
2.82604343028856 5.64331062266666 13.3636761147898 12.6391699299901 5.02339461116212 26.8626700664439 87.6253761757103 429.833378282578
1.93753522089176 4.19063238209178 8.2886771653014 12.301575413697 29.1359228896143 24.9702048554062 7.81570891897552 440.326866968528
2.96093317742611 4.20015850192722 6.36170847261847 16.7550422795302 10.4518168229833 24.5042299266092 112.014436483605 432.886050601244
1.71778896905153 3.71520959831096 8.05357675028922 15.8710672395496 14.4611503253496 26.4323860602297 119.685768191788 398.265229457194
2.90886559557968 3.9330738665606 9.88692867649911 13.7091732997398 9.85156753883893 20.8843466567333 78.0662326805088 432.881842260339
1.75816137726691 4.36550505602496 9.37756021611356 14.7061486277171 14.70334860679 22.7503967025786 66.6823452266126 411.454165749759
1.54168577393673 5.80801280345489 12.1053705929247 12.1772780734943 26.5290823982252 23.7059712675759 101.975125700446 419.158798845272
2.39269279582698 2.56932311436618 3.10979352846567 14.8919425777057 29.7640728512484 24.9652991314625 102.800432925282 422.672324381078
2.60079441388788 5.34719705572873 8.00414751423185 13.2817713212955 28.3771764621892 24.7271121803664 10.3859405789773 431.17835836804
2.97510703370733 4.72649186515489 7.79676010029227 16.4699341215662 11.3321434389691 23.0652123500361 64.0603658533533 434.679131280758
1.90462772171465 4.60890538930298 8.64846764404068 13.8329904421989 10.4256527747993 23.3325438851662 127.140706245046 399.917118191536
2.46513803418989 4.79766559412166 8.2088274245237 14.980646734432 5.52288377552151 26.2197527498557 66.6092824763062 423.044970444641
2.24716708442873 3.08650757227501 8.05106962153453 14.0330341736385 16.0669724437799 27.1776646736659 125.371881363476 377.09596038414
3.4108004443971 4.31975869340573 8.66644667693462 16.6618885240471 5.02827407433616 22.7208702097534 82.2975722473394 435.431444233294
2.49993770144572 5.00518046306084 16.2064749823218 12.7502845658002 26.0482263070295 21.8423234337809 91.6034092544555 424.867764593575
2.96687591760321 5.79427127309901 12.4047583480884 12.7243764945793 25.7170170637399 24.1343549051916 139.916424172996 407.543521801187
1.99158793192765 5.06888724629589 8.72915844718341 15.7890133448711 8.47427976966825 24.4646447548079 97.3471789860374 414.738647944419
2.06668832906394 3.4859959259768 5.89552184248145 15.5083251993576 28.1650819504309 25.8259399933851 52.6886483753946 432.543597546531
3.44982373400368 5.17908047927999 9.18239134176932 16.3835903457195 12.9185458900291 23.0936834784347 97.2567347248392 415.343108649464
2.99613234305659 3.49453694921796 8.89169225344066 15.7932027090246 26.8645976214793 22.2618604314488 109.826988131673 436.930196282864
3.31370606549006 5.46289897730003 8.43901102514648 14.9222726908019 5.40783837215307 21.0570502017704 92.6928218329121 430.586740832664
2.69957189041371 4.68028814033875 10.9947629513272 16.3879688982836 13.3930025277357 22.7778798668047 102.052471161612 426.496262226488
2.94820691476464 4.45037811366518 10.9423473320516 12.3705681071728 15.4695946028848 21.5668536854518 74.5442979472474 416.961710144883
3.96922212679553 4.08477684364547 11.2492335157055 13.9925807923942 25.0401390735143 21.5154965065486 65.5722787164599 430.985719488347
1.73389284050283 4.80161464054647 11.9948228267798 11.3820518788891 6.28387107982435 24.6620782654993 133.745528996596 394.850123976425
3.16708905940371 4.53638726308193 7.80014322046305 16.0862693913746 14.6257684995487 22.6042749513434 128.68731118228 397.493717351133
2.36010981680885 4.02403406787666 12.1305864453431 13.5085829202391 8.16952451256613 28.6038727464331 115.493398517878 397.77804868325
2.58142347603778 5.31111562160839 5.4240261283557 17.8033727240066 18.7703719191579 22.059206690094 96.8310095718763 424.464289540653
1.64651892482444 4.49423763731417 9.47230359300055 14.1339615233092 9.41215728499079 26.2315382155679 70.1965707868415 439.862252671577
1.83342759316124 4.38452461038775 4.89856237366735 16.1042709393627 13.7917711076147 28.260472074253 120.582312792536 394.969709762764
2.46944652719122 5.1330402842398 8.9716180402187 15.471242923164 20.0516055862838 25.5671697188458 85.3251730816654 426.737286509235
2.50098874730505 5.56328101246301 6.37363957731785 16.7101815083368 13.8781066257014 23.3491135803797 89.8005784391996 425.925005575665
2.06816328581268 5.53554872577535 8.92263217860621 14.6846789733769 23.5843859571862 21.5380861136089 84.1186038253676 434.727407469198
1.8989490483986 4.34273916839313 10.5941451512664 13.7819101923348 24.1095134720861 26.9058089879342 208.506731039669 368.881388378815
2.10435756951576 4.09587104217515 12.3359947944213 13.1589589199061 16.4896156411635 23.2746187263912 90.4431911241524 426.524136809629
1.94483237297606 5.13677362001669 1.7870785195813 19.4743906107191 10.6516805163788 20.7606047626415 133.347742770246 407.792586151851
2.72233351785437 4.30910381250254 9.32889325901619 14.0914909739098 17.8793399683232 15.4318246154644 120.033965140966 399.539010648356
2.34689997654543 5.13586063894148 6.14264797050815 16.0080771944171 24.3777403611436 22.4483188526789 113.973937026402 412.410064311469
2.656233667471 5.13674970778063 4.55576655833124 16.7909348379716 6.14444845735573 26.7423173682545 106.788657792607 406.465785786012
2.1692524460757 5.22742901217666 9.86599642807618 13.292054851072 13.503830396139 24.2196778578862 122.812470775938 396.674952975572
2.65145029603178 4.02345029649664 8.79808162832748 16.0711352872819 13.676389086054 22.9657603507239 70.2182687295527 395.085058656407
1.83744210551223 4.82882822372425 11.0398764932248 13.6150480844794 15.5116829637603 23.118975019264 135.579716591681 396.054302955567
2.06357150006475 5.32671579302089 8.64848123529706 14.7669952015262 19.8209700126732 18.724709561712 62.1659555156407 403.261428240299
2.20037831763759 4.59605881005216 9.04658169752139 16.2596577366923 10.9941484980179 22.9845262562937 86.9433452022689 435.299167947381
3.04339603962496 4.77505309019273 11.3939151980863 14.6874596026582 9.82744131881494 25.9092448116291 110.146894992569 410.146047606984
2.11291045929122 4.85760339018065 9.09356259275215 14.6051833254522 19.4844201395882 22.4613464539136 91.0671375989929 435.223267710057
1.47096517312658 5.16130151020263 7.77492465024769 15.7100134874257 10.1879532601322 29.2195330144067 121.120467010001 407.337025190846
1.69694351936771 4.54451157481499 4.65432259423095 14.4263235354564 11.9663011690653 23.8679169460268 121.427505230255 396.070818770693
2.7000341688939 3.95101197325701 10.9547023890135 15.0006759735555 26.3656537065113 23.4027247696552 70.1758658374624 423.584162129251
2.01700497414298 4.01538119376409 11.6576295989161 13.0573467712977 18.8465695108571 24.7533169758628 67.6027646000598 432.586168502024
3.34386431081596 4.70479370272073 15.3954580156696 12.8759056129398 7.42787884043794 26.9062920931394 142.709804343539 373.514566801684
2.21743354994335 4.42601511366653 8.34871013313244 11.6360958688358 16.438776163452 27.3661567017335 42.4690873862929 398.631272557535
1.92028233674936 4.0627680146071 10.0361669273405 13.8523714965169 14.7709091681935 27.6110922848838 88.8219893414373 429.563284688904
1.98000688902177 3.99900236819533 10.9450581613166 13.3005446413953 15.2709555506457 24.2312514961191 103.133387206705 417.072174454547
1.9139598543594 4.26857591922374 11.616086776104 13.4148301394364 23.6413156595971 23.7674005202047 90.201564411219 438.645051956943
1.6727449661163 4.51764967161424 13.5213827993015 13.2814836554616 14.7827578143738 22.2088367835329 75.9983914920795 428.653936971278
2.05378219376401 4.57537751099899 9.22737588662526 13.295933315778 23.3736818604708 27.4992992969997 54.6729015156104 418.195496235703
2.37214965735779 4.90938954939798 15.7835170927562 13.421560123053 26.5500509512955 22.2675056685111 91.1110903837039 400.222876740137
3.49273797205151 3.85266058472168 4.77051073113606 16.0017222261043 22.4431984804617 23.5297895586858 109.722986466253 420.552655256947
1.83256228008481 4.82222234040247 6.74822961906014 15.811393115213 21.9165477185818 21.3372502331952 122.492100078973 372.038613910343
3.01462215559192 3.96543849407725 16.7272902206251 12.97657488375 13.9162980085972 22.1885569159392 105.262551983509 398.711170030068
2.70207642308503 4.76159783441048 9.671666652393 12.9949358702579 14.386083401885 22.7857702817937 56.7645064964476 427.420146889091
2.21381942107023 5.1758068308057 9.36099689643437 13.8203174845514 7.6660224712783 26.8635677063112 119.339145334015 401.242563955808
3.03816954396399 5.16867997396327 19.4297993999901 9.88713086510364 23.4520096130905 24.8905286808613 59.2258115238193 424.601566292664
2.45567531556876 3.86389223945867 13.7663312402066 10.7874108253854 15.3083753939737 23.902107314806 64.1859477613309 405.169033894081
3.58999624813526 4.71881984886476 13.1127430443405 13.3299604032735 10.5616621033212 25.4642256845117 81.848308328132 397.639185649174
2.47620389353462 3.68697169168847 10.4442248657134 13.3234185619339 20.6883056539192 16.4394423297104 115.641832165471 410.8268371632
3.21814305892412 3.16041259254351 7.35844963210786 15.6053801101165 18.4894792866053 23.9167718705528 40.1945156308736 436.813403653737
2.65664644046015 4.11664731544132 8.38925956620778 15.8307380213623 18.5747603574872 21.2182580439127 79.3986599672959 431.510731147067
2.59978615217867 4.67501195817136 6.62811332236097 14.2944108458496 15.6241368433133 23.8088017624906 90.0383116719812 441.394156671721
2.74038230811627 3.83707717851611 14.5044774113521 13.0013189476482 9.80838903707807 27.5071077699081 62.6263968376659 441.858170242312
2.01127870371556 4.24925377770316 3.8887831378971 15.1494777833514 9.69871158514274 20.4769846837313 95.8277720578996 388.413162836933
1.96938987693156 4.9798750954023 8.04332815600065 15.7233445280778 27.6581319104214 20.830573474628 31.1656298185097 445.346469763191
2.15686140349353 3.67016413223264 9.72607180722664 13.0918631749709 21.8200761185941 28.9591085048064 79.7193015398089 419.407638458677
2.75190866353386 5.29876090615511 4.33477173992535 16.1178311825878 19.73370133749 19.9189148083584 106.935662899484 413.892510035468
2.19348179664485 4.74217995350506 5.23506048871814 14.8688481436224 14.2621825530257 23.8969020806162 94.0985052577359 431.252862181315
2.63436864200432 5.21959759835962 11.1546994709527 13.9175831235857 2.03913738907409 23.9694450083937 100.23323702359 428.609072435612
3.30326905463606 3.97603639069636 10.0294982395612 14.9814696427191 20.8384355113548 20.2156757370767 75.7947954506906 441.419888640229
2.1175992483001 4.57931640593661 6.06847504487455 14.3013563941236 18.6932022991278 28.5496529515949 113.266766672121 415.587480642269
1.35536314979353 4.66120522546085 3.35068464521137 17.6406228585037 21.2214113258125 26.1365550241566 101.626911652833 419.159416650302
3.65051710900973 3.77552250011157 1.57774903771815 20.1422218755985 22.7125224068925 22.650806973265 52.1775410229292 447.210848550049
3.01496715387374 2.98490550623844 25.3333269634422 13.5723350539368 13.497233377855 25.0403224271331 82.6512137837083 433.451876746682
2.92309044341664 4.09126473830588 5.48595523041726 17.6111166622449 20.717040650609 24.0411753052755 83.4113923769219 432.018607190104
2.06324316584614 2.95322481665461 7.66078492668011 13.3051874116141 12.6998768895694 23.3563273778137 62.6911009748757 407.306821907792
2.4032620838269 4.15148402755098 10.5000487117173 13.423179810296 10.8191659039484 23.4175163230718 87.3599184926587 422.460482178351
2.03297404905047 3.69742402869262 8.97968557227089 13.0233377595433 9.93289163514662 26.595140913592 124.70852666401 396.921308821874
2.61527162681145 5.99456185696423 8.99720914304868 16.424985314185 24.444860402233 22.252329488622 88.6560287289057 422.278466377264
2.78179151083611 3.88695188504859 5.5898458689774 15.1922886470643 8.35221314302374 22.1536374331426 75.1966641746655 422.549437044773
2.66614106042091 5.01539042949476 12.4007683174514 13.6860564353874 26.1678961371034 22.9723693067957 108.125604540099 429.703740969279
2.64577054720642 4.27167664054913 8.0074565495166 11.8636364078418 14.495534637047 21.546462886593 52.4066329905935 430.111831712107
1.72131572932057 6.03632322966346 12.0469495957092 14.193254711272 15.0661736415004 26.5584768349248 84.9642633215732 439.194476432669
2.07820641435766 3.91465192195381 6.625560602488 15.5308817353143 13.9837845006648 23.8737848260355 59.0829339636916 434.213981272381
2.63899862423265 3.85675429132283 9.28723752061059 14.5025081629187 16.1701764585744 23.0898074408399 84.0272981260644 435.638578028384
2.14065116495935 3.74930864103165 7.10663793631555 14.0556084624333 21.5576596636924 22.2270277518137 82.6672189030017 425.416624470049
2.48764601126543 4.57683180237008 14.5837457702549 11.089167842154 24.1010002967091 22.7982973004845 84.3529291068336 436.861990311675
1.75591146055498 4.42107685598177 6.59823017483985 13.6180347330398 22.7046251819351 25.2594493439719 78.7303678103493 418.267759245054
2.01770382271092 5.76672297567993 9.84180202091712 15.3499293306794 24.8559998653369 22.8612314096502 115.151193281004 418.690578526002
2.07970692241852 4.0834072879067 8.29601493004204 14.9328638699473 13.4300282034009 25.4463083731349 131.652419283172 404.49103282933
2.25815591419645 5.34686830570918 12.4153117715826 13.5418467681037 13.3568868104174 24.5729388832858 103.941316863262 406.587734047144
2.09130357742177 4.21185274409085 10.4881267984561 12.8557016627765 26.2869326035963 17.2431732288974 104.966712703264 422.212443602326
3.31610084850346 4.79071316644754 11.6606462944379 12.7646820765963 19.3151547046618 21.8373026080215 151.656081963715 380.832952335378
2.27428708574595 2.87616776684394 10.4390665299964 12.336034101625 24.4270046544775 23.4440995634525 83.8739257347741 426.107995451404
2.73071004491072 4.65154754847803 9.5829248028526 14.3672052564532 21.8753390954842 25.0784154591069 43.5081238372965 438.738321493207
2.39344301387231 5.43684883372348 11.5910677060503 13.2764778737775 16.9399899849913 26.6348510007687 122.310587727769 398.865423584006
1.74913144014132 5.90135486233463 10.9453677916744 14.3883976208382 12.3271061093086 20.6399688981617 97.9003476883388 409.728195385284
1.7878278677976 5.26723365915668 8.08321371124737 15.6275787798365 17.3848866915635 25.5159819332681 139.786519426382 375.199390626032
2.10723428203101 3.266559891808 8.65302506965326 15.3207349837373 22.0763988277416 21.3864875922094 49.3986004153163 446.618780363095
2.21011692461707 4.77566593786873 5.04331144923139 17.5810862021101 12.7377357396395 25.8879865385268 96.329182883676 408.447113986075
2.04088558694318 3.88972008193272 9.5563647697939 12.9651821847067 11.2627710881875 21.3572599793324 111.279064972478 409.02673251183
2.35347248299053 4.89689097898245 11.7940738826867 13.3209760344942 11.4057571663813 20.8965943061801 63.3431601956129 433.035833573198
3.11786849452429 5.19386765885147 12.3916392030186 13.0492849329365 12.7912705854602 24.6106980788363 99.4093303934895 427.595308195776
2.38238165689154 5.27474838792123 13.7022838436377 10.8119190764899 18.218550317542 24.1212643325471 114.756301949599 354.447423859446
1.90732137636304 4.17642230730781 4.77917110157993 15.7028171392337 21.4842735553009 23.6401278293999 83.6544150611599 423.344420552972
2.75245936527278 4.38827532409428 7.04634454073506 16.1299401326939 10.6171889574047 22.8703835239726 110.816215426372 420.011915808116
2.84522012114544 4.00896163417924 11.2274734000727 14.7663421091626 11.1359690125791 26.458015008162 100.950358945163 414.54191313322
2.45363590828904 4.05930811161261 8.23884229115333 14.8472478688215 10.5557900785109 23.7955057240619 104.170533141446 416.16470783782
2.5853891980909 3.84847218872085 10.3965980971094 13.1014522193124 6.06480860980181 24.8805842817557 108.879464906953 400.442821587316
1.72915328668171 4.63927832990494 4.74876690178282 15.5568602917504 14.7031256652804 23.5639491259964 47.4016591871403 419.686295355127
2.77569414409091 4.3985452538045 6.14307860031078 15.3764243950999 14.1193148532473 27.5324611974969 103.792339920482 398.690293043258
2.0770102860139 3.40861685959101 11.0691041372847 12.1822092133588 11.0693970768887 22.6018733059813 104.01642385476 417.391298369446
2.73737095844484 5.09003805944273 12.0137059063366 12.8377696156769 7.98496521669414 25.8249659266536 102.64578908882 405.676982501202
2.8847564121435 4.98178649079898 3.72090892964519 17.6294885067001 7.07998885766002 27.6429029172868 105.292897355633 412.76837068811
1.61429047380217 4.19458289788701 10.1523873268267 12.6815763273122 12.4948889046702 27.3315804796272 107.121455901645 418.226230958062
2.62913029505617 5.24209447440448 7.54152488625572 15.4713643140117 16.72133830836 23.0645251883344 102.55704216198 418.345744134268
2.73263407156879 3.46009156796749 13.0644577910017 12.5356113834945 21.9121859612799 23.146609529383 66.6313758158103 422.061914072932
2.70753535721865 5.01643060854417 7.64762266165943 13.4263859385842 11.9168913878366 21.3906922899414 114.170742614169 399.942596672777
3.32549648515122 4.79643258946768 14.3731479571466 11.454886283287 25.8359140097779 27.9259531977406 65.0216894992563 432.643227072565
3.27913563005741 4.80820080791435 8.55923071892972 12.0254140373997 6.29501953632828 25.2571464406023 106.927517726459 408.182467344294
3.16289674881458 4.01977049538167 13.361402255584 10.9006335946098 29.0316238863785 23.4411937198973 96.0558097075136 433.965443388625
2.19793723931842 4.33853990737352 11.0955684887037 13.1074735760502 16.0003791218485 24.1754701071991 125.690843125287 381.42884059465
2.50511409044529 5.1796106518401 7.24814445476914 15.5354871068188 18.7818337110194 24.4833136858643 163.814780080099 379.436914261884
2.06527036844449 6.33654867496145 12.4281156416935 13.1489487847344 4.10265634712547 25.5264837176092 76.2674653396517 424.786359696602
2.58316368145178 5.04200276526006 6.65354354028514 17.209333615113 23.7612770658692 23.2739785583981 42.7401530737528 433.959321320733
2.4278454855775 5.03243389797085 11.1014052138502 12.9416272953358 7.09711559059612 23.5005154944955 151.088959030285 406.630998893172
2.84609315327511 3.82664620799115 7.03364576321461 14.4740896164136 24.0996277067346 25.4367688487132 85.8048729848683 430.313858808286
2.63454023402082 4.03794509408734 5.018071392265 15.1198467905208 26.9261547196982 27.5207590928706 85.3747911144731 421.917757297216
2.59822460937821 3.3226636467321 4.12626095916588 16.7987937687973 11.7798868151275 26.3275551053214 80.5896361489312 430.31362094115
2.89350318420802 4.7952537041835 9.85021118968818 13.4569757423787 19.4900150978946 26.6839487080018 78.4926088483525 430.239703429866
2.54979855409803 5.03752283316425 6.81164874261614 15.7101652825727 19.8990264716135 20.9757144644116 102.084359173958 423.745699788389
2.30851487572238 4.16928525339197 11.1213723104305 12.6880513610583 13.417378063142 24.342803304036 112.755498596866 386.976642295878
2.70904519180396 5.1277791988003 8.36868476762822 15.3742715695338 12.8908142162901 19.9678921582195 87.1895663557748 423.162222095312
2.66368045259716 4.2486362513083 13.6454080445067 13.4444978619596 24.1427036430448 29.3827844479425 101.615866286312 421.105106016885
2.44323297231022 5.29001473308616 10.4203210083827 15.2024330496688 9.88863398433953 15.6999186057572 104.281131351707 393.019029921245
2.45936427634563 5.1900620333086 10.4193408509465 13.6574703499461 15.4595004228699 22.1278843811308 48.1938201849842 427.911495336014
1.92593669982121 5.62162662136227 8.96229792900518 15.2996949683087 20.9348908480386 23.1581136676281 58.0434525779161 396.829089624183
1.78142405670455 5.6079190457516 7.61043037832384 15.7707549320739 7.98738749709812 25.1671786101607 98.7385707091911 430.2997434524
1.97666393862727 3.96710745832863 12.2374538963299 11.7456508573574 14.6379136690057 21.5171440680186 82.1530839429899 423.574190961489
2.53490960416439 4.96307548225321 13.4107512303829 14.5426841014355 23.5981104777308 23.2599130965659 94.1124420460282 435.920475373944
2.84274724151861 5.39248204785064 13.3659242078875 13.0161789353582 13.3574556812883 21.2718993052332 117.631388562123 378.540510951023
2.37774765296943 3.99126347184471 13.7626017353406 12.6874439126552 6.23491077433949 25.2692388532184 115.651296015617 412.697989455967
1.75287239003091 4.12816969052737 9.35373715267446 12.8978417494084 21.4540383478415 19.048838297017 100.869563991767 407.133988275004
1.72865106648818 4.89492482627997 9.77747270086686 13.6419347273983 16.1107319040515 23.4827802544572 155.374698158194 395.98943237211
2.3623050265281 3.59963531918186 9.02692429141962 13.7344664615344 11.3915883758508 24.2531554881429 50.9072730369071 443.371348683765
2.06461064467638 6.14926608758751 7.97956578070742 16.9504054389273 12.0286542459152 19.2752631457613 164.659025718256 374.386109689691
3.00911163542562 4.67110919840461 7.38304768405049 16.7033523492817 20.894120701455 24.3065489083432 78.5893556411774 436.730944493385
1.44614298868037 5.02081009963376 8.24043008628405 14.5958999622854 21.2339649663925 24.6866824139313 99.4669769301662 431.511307410977
3.8672123336118 3.77169720521373 10.5281486310874 13.5245835593682 29.5225113717516 19.7909480367323 76.7694905141857 414.542165854488
2.6353384902678 3.90554198918224 10.6190835299383 13.7826610007789 22.5410816123101 26.2377704253145 57.1167283883172 423.399860639466
1.97796172921659 4.00247897961811 7.508333256718 15.112936600753 13.3344852654961 24.6271159034243 108.465829737093 406.467703866328
2.57009920965021 4.85577064124455 16.0102865820741 11.1800652594204 22.6541949950554 26.0235726703239 91.9146157217681 375.327360710187
1.33215216179329 4.17488386309018 12.3935612542533 11.742701711082 7.89643397430852 22.7320929161103 108.72898894227 413.405980662997
2.13114475340006 4.32522165830121 5.84567867344318 15.1379914217043 8.19383963520066 25.3235112718408 87.3051713097771 431.33520121894
2.42910317539243 4.87615153158336 7.876123016356 14.9895226798585 7.91763947086612 29.2681955428152 127.136490438296 394.401121705743
2.53190782185838 3.63668616085833 4.37973991335365 15.7995177524525 9.35666935156774 23.7785410158742 72.2411589812209 420.356603428595
3.73608530810063 4.24298502555612 5.56208486346303 18.2928821560175 20.173510506805 24.6745964852195 44.6777804422209 436.680944892226
2.03281236967115 4.91612964139291 15.4417788869527 10.6380431556008 4.81801731036484 27.1279278246177 129.428318705679 392.374996999436
2.16711682855548 4.85771476124575 8.8404604021992 13.2110103194987 27.2300861142904 25.6663721093289 71.3739518491934 410.608557705621
1.9485632718874 5.5806064087503 2.54547684602023 15.6910404045998 17.7022251153962 21.13415994181 154.387039756726 340.670424644107
2.61992319356795 4.41878326815162 13.4386577829702 12.7633917556234 9.77002049785771 23.5227480465383 137.049916769495 401.450708881986
2.42704517740266 4.24513744492306 11.3231334456314 12.5260602785722 22.1391332178293 21.9818197473179 96.7557216104682 426.716454240952
3.59196786074119 3.79513771063754 10.4199390846388 13.3993926058238 16.504131798046 28.5642931137405 142.142042407985 355.459102495897
2.65702620816619 3.86509804734519 8.88705809467009 14.2286051201223 22.635846618046 19.8119722943875 93.4255406689054 438.632450027128
1.85884177611118 4.25105717711038 9.78737464099773 14.1071168803641 20.3660356251727 23.7365630395906 100.914766688266 418.348337403467
1.87714722017623 4.27018014164422 8.92171231112024 14.7680708600413 11.2531462718286 26.8855410456083 70.3672068747881 427.355760771476
1.64131159114597 5.79758541558773 18.1164380217837 13.4370670426837 11.0017580613068 27.6935534662851 84.8305773920403 421.597368311841
1.83919628888576 4.7777466878879 9.57175360931183 11.4360002165349 24.8904457249818 24.2832195900805 54.6535945516339 428.562961341412
2.48905281179426 4.4124000202604 13.9096961943569 12.0153227959459 11.0063219241975 24.9383716622944 119.362119570485 413.269829530478
2.11317651539341 3.27274557632907 5.70219808491322 14.7078659738842 18.0134419927187 23.0051017206592 120.25673575044 407.511570411671
3.00321811199894 4.23370160374212 11.6182764775759 13.5006303234694 22.9209584056684 22.3412208332696 76.3555418573439 426.364486132415
2.10495170100096 4.48302311649162 8.98512259485746 14.417673568031 12.8008724797795 21.3099706291678 80.2668463342229 420.612353530547
3.02001181730912 3.90137089121654 11.2060054232664 15.1376994084928 16.9036266073479 23.3757730054564 59.2971471392943 434.191905248828
2.0637421079278 5.34500619770739 13.0570858429054 13.2190926855658 22.9376257924692 21.9895205793457 99.0588769946653 409.541064060877
2.51190008098562 5.16018147014934 6.48633257617356 15.2755414135036 8.1545324514458 27.2383617995929 128.95206972837 414.798094915637
3.07684902192365 4.36906024867034 7.68978905095529 17.3161292186387 19.2573273483348 24.0802382410266 159.516928874854 401.72234145585
1.76357599977606 3.89477776449362 7.85557187276972 10.4537181336516 22.6917658359021 23.134088176045 113.004782875225 411.86290838156
3.02908396011758 5.44545935885577 18.9978448963917 13.0880585415941 10.0317999631304 22.8967227969355 102.262581723937 378.897762911048
2.02764162831766 4.3104267288351 8.12220450772347 14.3910382939686 21.9600696922415 21.2264649423001 133.489836822372 391.461415320152
2.55744897803338 5.06703201369018 9.37684629843295 14.0639988095407 10.4322420136569 26.1776084268754 110.401740994335 427.643952728117
2.26594363684081 3.80052414752984 7.34858358872574 15.6858863897279 19.8670633786149 26.8551897158712 106.404140641604 411.785606622557
2.36495506249179 5.34860633188366 11.2422262660628 14.0750751734777 13.2930538923848 22.5975017090155 73.6914302166298 424.878196959761
2.62947628097783 4.95025481013221 7.01643310080826 11.8182738663657 5.22930667119652 24.4893755989282 123.782537935316 418.989480803601
2.14784450589194 4.93440624243589 8.27267737894332 13.8534253081434 23.1817359563951 24.4981906087734 54.2819626157636 400.359453900919
2.1638943386984 4.64786644443056 7.02690375414159 13.7057508184033 15.0495513799886 21.6493022416262 94.8473630540683 419.993648426405
1.55433881704044 4.65025339277716 8.4636937156931 13.659668092619 10.5944897317027 22.8359800358695 138.675714648505 394.543215580947
2.88336086174378 3.75455114970544 8.3618891399095 16.0858286360455 21.6938779991723 21.5388531692672 130.982101038736 399.134895909268
1.73297490518893 5.09308588670762 13.0571008623308 12.483456248325 8.11048510870578 25.3694630651302 98.7495746916519 401.444347998188
1.70535831595526 4.61762969873206 10.8547161921042 12.7636541784466 27.3674229804839 21.1714333154589 109.881293866305 427.14762939005
2.34435072104078 4.83422604138201 8.28073587603511 14.8006988104715 14.6870003138778 23.8064528574052 226.378532331876 348.301487488562
1.7438752559231 5.2330802222064 5.3698636088806 14.651529024301 15.2888658748989 23.6701353419164 60.1734723869235 431.304876048514
1.92686869865866 4.29844074234917 4.25712171051443 16.1462868835117 11.0847456134988 24.7540346088409 121.826399547912 419.035419355434
2.86517564126624 4.74878324732414 10.2409270797664 14.7912064264349 19.734218471135 22.9597553251246 93.8619004483646 437.682188938287
1.80306522631136 4.86545065131609 17.938691374741 11.0748362432483 14.6765523607901 26.3453852539707 88.9314753705877 341.541095232545
2.11866011477584 3.45027590135608 5.75587705692389 15.13915751967 23.449429452004 22.6967709854751 80.9381451147993 436.68201978695
3.0543501809133 4.8316772768983 11.8184222959959 14.4971554441842 10.8595045068123 26.8839878454231 127.21823139096 412.643982809055
1.88308536914182 4.33830577330782 13.1772380681376 12.9311884711031 18.9068546362075 19.8630196060722 99.7383777215805 430.501169027433
1.82687463063461 4.53469679160648 13.7424429080579 11.7033979517785 22.3733444218812 22.3534956691418 59.2326773343593 421.119802465219
2.2040774364892 5.35446540083157 13.9450138942309 11.9465594424332 16.6629632527798 21.8965310505552 96.8897543532637 423.948598358026
2.32075968678647 4.84378261550548 5.99358987001206 16.1932216412551 9.03207968389045 27.7217660521431 113.644040377626 386.969521350581
2.39810390982177 5.17013869077615 12.4078289390141 12.5877932570212 14.9432698559641 25.2170430686439 113.980080656934 405.733267012408
1.25185105829408 5.82202347696264 7.9359798204575 16.2829680665887 22.2797775645194 21.1650670310772 81.360167937628 430.291482226545
2.73412476678839 3.6958891710066 5.68430923528004 14.3765888406286 11.7649763574964 22.6492595969318 92.9214805808422 434.66470587932
2.10424796198847 5.62379573423897 12.8293491769394 12.6554057041884 13.1889654879916 21.4925801470149 123.974574498034 413.549427947402
2.80504015030467 5.1172063504547 9.85329538145136 14.7703391090259 13.9881581164423 25.1845934414238 75.7865849644798 430.666125076264
2.20747781117862 4.19987762263612 7.69283132907948 15.7862200613282 19.7761959346245 27.5185312724878 108.814538891446 418.762618628417
2.9003657405429 4.89287379099261 5.6534228230456 14.3292456453968 9.17234150781089 23.6566389302896 104.504359477389 442.378929393341
2.85505560403587 4.23099478950934 12.0609307711558 13.5152086380323 14.1058302124615 21.0483284858507 105.682713206752 421.196428100729
1.84841094325677 4.85162000156714 11.8408351024895 12.6652149696654 18.7431070820809 25.0511168509744 83.2549126697879 403.089003694062
2.33832378086817 4.23752205676571 11.1373081715035 13.4945456394062 20.1874226974125 23.4871742205431 65.8186844248478 430.473284371484
1.6900847939985 4.61688563351969 7.51118949231909 13.3472563671313 25.5523174224558 22.2217154947236 109.302166111479 407.947613936957
2.88077693243135 4.33815163553463 1.30884074293014 13.0244177263085 15.3092513198198 20.8286139069369 85.93763815806 422.936434536373
1.84846093847227 4.34735482054116 9.403266285404 14.8582033863958 11.8243353772749 27.4130543205803 101.54633276936 388.910559706533
2.70386774682649 3.95574968079648 6.06835993325944 16.8903051851832 27.7850531889469 22.4991737071353 75.1724145407958 411.722569552655
1.35687752368128 3.97675180247572 9.98572636727085 14.7437596555432 19.3649357609048 22.7916245746573 67.8677069282024 428.989520182825
2.0162786377344 4.71042892995061 7.20078158544691 14.8843334381821 21.2104254189117 26.739720842651 112.070897172808 383.992787982171
2.68073941794552 4.5673458037966 9.92971655318315 14.1424091036804 13.178237596389 22.588764845196 78.6284979183149 428.782485359914
1.79020926838973 4.87634198587955 5.69877319033571 15.0172605506258 12.5620654369674 23.4674061796488 116.977502493249 423.700362169004
2.78367869918818 5.63613177977663 1.81939354246447 16.9866333850246 15.9500108462993 24.0349601300178 130.666703280212 400.951966095772
2.61791545982974 5.64291901290948 9.68087376311147 13.5535505175424 10.8949818936704 25.9862050871659 60.5082352923254 426.46932175462
3.16360969483072 5.10558730585117 12.9081834169345 14.6324518908105 20.5758901905151 21.6334040741102 58.1877306770189 406.448590679577
2.42953623311279 4.36855962616311 6.876409503033 16.4551434752777 11.0808497278396 25.2379281117508 116.23847008268 402.846134038454
2.4123377560028 3.70142208357069 7.26153145557937 14.9047898716424 17.1723329907197 20.6940522724721 65.1097583129796 440.402527705994
2.0594377028321 5.60136243117699 12.4813785359056 11.9523250360653 6.24396404307513 25.7999960830658 44.3586944199865 436.891485603983
2.65427079166774 4.13265224044037 8.45945674599378 15.2208973525024 12.4298658206491 23.0360663836155 88.8170408161822 421.132819288452
2.40916173164083 3.39715989127971 7.62508979868434 14.7233558981699 9.52817036594483 24.3984718130822 109.013408312997 422.728014011794
1.58982744329616 5.62231323621141 12.2104730058853 13.3336044260557 10.0288168940262 26.6403244437744 96.8996043764785 385.797929844447
2.71458340626043 4.95143609688638 4.96532868713652 16.1646829967898 14.7442525251087 22.8745131959343 75.6941489971585 434.729140764201
2.5460662615448 4.8623971789659 4.36965883270466 18.4160073861266 13.9753361108309 27.5096424100084 107.156219336879 417.609972337222
2.70012858308843 4.39902460111848 8.83905161185719 15.0190040742547 15.0849384689194 25.1139920814616 32.2085324599551 441.909937504905
2.32973607115998 5.37518736349026 2.6285701894085 18.4382963880541 26.4357405128345 24.2028614908102 102.948348786033 418.829707838575
2.22097502803015 4.71189889868773 11.2111922782151 14.2524663817842 19.0771216018528 26.2053947809528 103.794254795913 408.881826611282
2.45118284053266 5.54614280743572 7.15278095639653 17.1345569219742 12.4690404059204 23.354555266605 122.646294900741 414.737163979708
2.45671764398202 5.09983403992517 17.0086444824879 10.9383745951288 16.4456823509867 24.9670128514878 97.7232937303632 397.766760424122
2.49966955260514 3.12970333673319 10.9051882026458 14.0818850605318 13.7259435394269 21.4979117816564 75.9872485020369 451.817991959281
2.0949289440897 4.3925158712561 7.78639874429932 15.2414686429711 15.6659386643098 26.9085829527857 142.189002377724 391.235528072491
2.32502902892546 5.1534702458649 10.7733868480697 12.9265620469631 8.7482345785248 22.9935840102033 118.096091348213 426.729857120397
1.86890203877492 4.08667766948356 8.82864733735619 12.8216658993337 9.56457563401942 23.454993823187 133.358677679216 407.342560642366
2.27538079593066 5.56033846483152 1.26361878404363 14.8702558144187 23.8754886574836 24.9407740757659 80.9017069683691 429.962229510049
2.58487471329209 5.06117462197584 7.34224608861677 12.2966646706114 9.66519548347715 23.2658144319836 114.289050266237 401.540993442858
2.10230861590348 5.8140924329771 11.4217092733395 14.0055920556617 10.486712792245 27.4982889059512 84.9765864371518 423.973757581705
2.12811924557743 5.12490282370407 7.32285885578979 16.6659418083123 21.937097955178 25.2790121462725 57.5680444043585 421.723181810282
1.90636436859339 5.00541207658956 3.10314216300048 15.4833631813041 17.4241263969012 22.6365564441026 85.2680302106377 427.516144479723
2.25119843345018 5.7085755952388 8.04050881389332 14.4698037647021 15.9907190831819 22.2115756775056 124.729368603641 398.915853621328
1.69040835321426 5.00114385657866 8.36999787214824 13.555315630323 27.3132527360678 22.0069039889276 117.514496838862 416.547819079214
1.7138269944293 4.39568413472916 9.40358177088388 12.6723291979291 18.0122947754353 25.0201093407255 113.268446936841 404.860694245825
3.37582225300881 4.65102134171508 11.1411374246182 12.8432620558848 11.0733317288098 19.1472949728788 109.316611563493 411.525223812978
2.52743099138472 5.1564617425618 4.42197929116173 15.4306176200153 11.2509004304835 25.3026336964994 129.544301508791 399.493870783273
2.58234108373306 5.56981782344992 8.87532722290718 14.6158759831647 17.6268234648099 23.8358246199598 113.849911887348 425.887989880111
1.99155020810477 5.45510222991738 7.54651666599366 14.6989273446806 3.29692865248952 24.8360157928827 120.052143412995 395.683395146758
2.8159087063346 3.85345044738474 9.79340613236333 11.1294176127083 25.0058669649344 22.0661162361471 82.276021357573 419.951454493332
1.87701671659699 5.25017921337714 10.6739038230917 13.7275937012856 23.0058825846315 21.3688333094359 67.7574268070372 432.725913339578
3.40757576866504 5.22946088746398 5.65739978840005 16.3143354154958 10.5398514518737 25.2881468985352 106.8294803463 423.652818000593
1.8049565420352 2.73970915577089 11.9621893705733 12.7950650295205 18.8017546971089 26.2319810663053 108.444241549892 362.912231317931
1.80449365266114 5.00176052476315 8.12732753595646 16.9863232411403 14.5982786900009 13.7736520588546 144.49545557069 314.656043031991
2.04026044279199 3.93599403513096 9.88436336041993 13.4639389781222 12.4829009540224 19.3480632264535 79.9570720075051 399.791074964853
2.16548429987666 4.51939480489626 16.1318419540588 11.6015195513015 7.87606905988247 22.0689376532238 125.324135620324 329.300896062692
1.46951297975672 5.38844721638802 7.50313808118845 16.5790764531621 4.04986354709232 27.7840994035965 106.766433404839 423.902521040993
1.65186703962699 4.06942337697762 11.8033443034836 13.2990791405414 13.1538495349713 24.3509180598625 140.557399579572 413.133156251189
2.23081722375199 5.51330485367418 11.9332788678972 12.2244158507605 11.6876750561759 26.41110992043 117.517350688719 390.59157149281
2.91829807279037 2.83523946436661 4.26207942868389 16.0114223677176 9.44210403569021 22.6432384652496 96.7855058831005 424.604275810903
2.62975122385795 5.02304887456764 12.0030301519183 13.3116278108148 11.2511271302603 21.2128873911357 105.807974060656 408.806903392656
1.77794547281229 5.46362473556753 7.26444427983656 13.3373448405053 7.35097651749474 22.3897432813365 71.1958322552301 433.276714446782
2.79676858223943 5.47428370551516 9.92555030088066 14.6302358629116 13.248893954724 27.0844199947992 131.638196916253 399.56245999702
2.28246176887689 5.28858501979533 6.07726892749617 15.9945645051344 18.8912916184497 27.7393750557796 86.9652955304488 430.258674939598
2.68991550391153 4.30814713663981 10.6235036165688 13.4605082969106 22.0948718424877 24.6649667823999 68.2929343331735 429.057211234079
1.85446579674502 4.11491867000087 8.93755257548677 13.2174740317982 14.7677116841933 27.0419911958297 118.522194898518 400.188178300978
2.07046946597746 5.14432629499194 12.2070560459729 14.0743201001453 20.475565949455 25.3265609307752 57.9068375087259 439.074694185779
1.89398159577591 4.86659312219985 5.93165046731419 15.4551054023584 15.0969905341558 24.0205735227949 59.8291696056336 438.764908776937
2.75506710331547 5.39584574370238 6.45259140023867 14.7985047099907 20.1521934108433 28.1357196125882 83.3938931150293 438.524795858808
2.39181851119645 3.85274849784212 11.9942107652735 12.9800355144633 18.3532586117299 24.9588962563854 57.912291663503 420.268789132491
1.78782709963694 5.19304823219817 11.3272408087069 13.3914300198231 6.1018093611051 27.947311676306 80.9474480244858 428.769043777577
2.20553773250426 4.09708763164766 7.30941858418754 15.1577931629126 15.8585470084601 22.2795065124506 115.47791265456 419.805758977214
2.33194612797378 3.85094832147711 11.3831614200061 12.9322682867002 14.913508360635 22.1898829336361 74.0944381418799 426.410522972872
1.91957712756375 4.12519907228826 5.97581153229978 12.1492067749424 14.2236556094891 23.10484046363 123.573020794728 415.404715254888
2.41297436287992 5.44201330257608 5.05865780576202 17.069038052577 20.3012826550186 23.2032294420714 120.383490484719 399.298836105315
2.55051078717268 3.99285198176975 8.51762048744547 13.625956405312 13.1487339559245 20.8595695785959 84.3531085294881 440.300401238521
1.49488286204733 5.28742435919846 15.7041175544434 10.2650429574426 6.22085995875483 25.58629667445 145.557198661199 385.93336850309
1.21997136662527 4.70201561847354 8.39299351842179 14.9459640302643 25.3547296865062 23.3713152629696 140.320327599839 336.055069914701
1.99917633749924 5.15497860511016 12.6826933968767 12.6168119170037 11.2058075196072 29.0505452384405 112.102640656264 359.245140824487
2.71506864111513 5.1704595342084 11.1193354685329 12.0711517642911 14.754134959245 24.6696488809489 59.0808821263126 435.482120229489
1.99146334136412 6.17754201613646 13.2609343241192 11.5686934544992 20.4534880238688 23.3521463645878 118.686051258977 400.430785161956
2.60866939449798 5.58069370032835 10.8608106700807 15.4438638308678 18.075651041107 26.5023043125551 118.653364839194 411.360198462517
2.18188345224777 4.25704856720977 6.24474840795475 13.7496200372261 7.43691499299113 26.2064106881197 117.521505831477 397.792860811594
2.26090617429114 5.52518601607831 4.84506437421703 18.6935240240511 11.6155422086567 24.5238102946486 108.863798906441 429.147428337854
2.24921146476449 5.08647373927663 9.67125382989717 13.8010740949865 27.737441132137 26.509700517177 79.6337990911304 425.180262859982
2.09088940891057 3.86473342314341 8.20221437809396 14.5297137555104 13.633902804066 18.1218377206255 64.8827106130181 424.744969280029
2.81121198209756 4.00469001165063 13.7751019518091 10.5679747907546 12.2587469810141 26.1125457865585 70.4153784358496 400.053046773306
2.20465996440006 5.77490093894185 5.13941871766665 13.1442311918797 14.1544315549007 25.6156383194915 117.035854802975 403.363956116323
2.71338161221723 5.16688620553481 18.9149401107159 14.3666736170893 8.44091552835615 23.5754384011044 95.6928782084932 408.060081127946
1.49611910141233 5.27317083273022 5.2907553091253 17.1988070525743 13.3676837900635 13.9155909271841 110.84540049355 366.91364597975
2.61599307156277 5.55368494834487 7.02031511053612 15.6701799633915 9.78445275683444 21.5038393355603 84.5696599787055 395.021418727058
2.12232803680288 6.20871503938112 5.79185535582814 16.7204376507128 23.9358019392122 24.7741822196608 74.1863188107006 434.831685737261
2.48680912356964 5.25941045675446 9.58611341571562 13.4061453256464 7.51771602850641 20.7777434705245 153.632941900289 388.836102693535
2.75797829191178 4.32866217944964 8.64671893538784 16.3207298131485 11.9810442878718 21.9430687278072 88.1993022834438 426.511599142642
2.28186111561445 4.51794328915562 2.08216107370133 20.3909383057594 15.8317790613841 20.9992994035561 78.6044050672934 435.662937927181
3.86957330277945 4.8924493449963 6.34169317613183 18.0435313577251 13.5890130773978 19.8719092723468 53.2949590039292 451.926703741912
2.12111791605846 4.00926244867179 10.7952131248566 14.0136756192341 5.94559437376674 22.405704095679 13.5823408879363 400.903607599142
2.21901413974098 5.35146692375194 7.52985220870678 16.0306515091705 7.32917084813455 27.5337314527187 102.621129969998 389.054461691928
3.10281085383446 5.18135340051511 9.74987506635298 14.9720778982398 13.0080027617632 24.7036107886961 76.1910406857481 436.814977299952
3.04904147527708 3.78441784613308 13.8268499714466 12.629516268802 16.4534294893952 23.8481632580109 52.3237190984001 443.663384044879
1.42191891316879 5.11362593615095 3.14697491846365 14.0342226206979 9.746745899311 26.0426101850769 115.241680170013 406.277109958825
2.1107433022677 5.63020030968579 9.7529086319198 14.4399232129801 12.6852477706562 26.5623398736417 129.045464259142 402.340984883168
2.39976186920627 2.73180725351951 6.10475431096143 13.4368438199278 21.0980745949248 22.4173908802248 62.9301704645633 413.63121813931
2.04694010404536 4.02474842445529 7.5551823864643 15.4955676196526 22.5686169155927 25.7312881660689 110.884206091024 408.114488805655
2.66827062538209 5.09207294402774 2.47799880272661 18.2432330942934 10.3421916703757 25.9968986217177 119.212323360682 397.008378631815
1.63417437021575 4.68788539818381 7.47845499452989 14.4046577589772 12.4134448290751 24.4949942704137 125.657910345972 392.739159440741
1.97902591694446 3.13514917726502 4.37518256419123 15.5666021546275 17.2838178207607 23.9711446465799 132.308738267751 408.275158334277
2.24582406293978 4.45183502449013 11.8882999877655 11.8752781441378 18.0629103192543 23.2722836717434 104.301546977153 406.842570019695
2.275249817036 4.00274383803966 11.2354250292927 12.7154776461406 12.389496359522 23.9861007882298 93.2325433129118 434.438485701121
1.4731405816583 5.5151145974988 11.7961905639513 13.3123697100811 10.1540926892562 24.3371130778839 121.757918033735 387.62113946254
1.3182891018505 4.95495563082888 16.1363202958377 10.0117475381018 22.8159279211473 23.2832451843843 97.8539021854146 429.752508709458
2.27086287249319 4.98625990340131 9.4503632436187 12.2885879521667 7.3839804300442 20.3942914450694 83.7157333742337 434.923685284638
2.81282806485587 5.20889176681574 5.85581851343386 15.49424717398 15.2376993588864 24.5299067808998 108.19691932548 427.408304670123
1.68591402337184 5.90049135245743 8.01357135382329 14.0675608847502 20.8333469007343 25.1240437977812 150.389739867919 389.944447233709
2.43342354287777 3.86988832896329 9.88991081224046 13.6896182120684 11.9352673256694 24.1628024730835 85.4715542536372 421.266583015753
1.35440901942697 4.15548033898149 2.47100846152665 15.9450001166425 22.341248924562 24.9244536256163 76.1055805223178 436.436935687582
2.67670066825945 5.12552659106363 6.85514978635911 17.2967462558115 10.4693707941416 26.3049943531194 120.887396570015 374.309168415758
2.67948071700845 3.99135507323462 9.60299859195605 14.8365161439632 19.4058139762234 20.6710048123236 99.5552917856325 429.876102451086
2.69737726854272 4.44827276575417 16.8298399712811 11.4433376551178 18.6115881015285 19.0579953883526 94.6519541237789 419.58974544431
2.39969883739288 4.86673292708862 8.72808239710288 14.0364063440724 12.6394333540911 27.8927485436455 102.156676876401 400.551502024186
1.48539017832472 4.53725207255305 7.08907654228999 16.3546119412276 9.85019467158993 19.3662278157664 109.459238807303 374.005313058087
1.60830397575814 4.84474035275312 7.41064782205587 13.7520025023804 18.2271237113931 19.9564717741647 73.4146454226563 410.813097362477
2.38664970537422 5.0574650346268 9.734966287692 12.2497691506151 14.3162136148748 23.119364141844 104.884605347571 388.254959965107
1.78282494740421 5.66764356446375 9.56032372975665 13.5124767135726 20.9705681106264 26.3410392166514 100.02190629932 400.716773047919
2.34535085809429 5.16451396697197 10.9274046712148 13.9704447473861 28.1923421229889 19.7159586380935 104.920552950403 411.154317131622
2.04442588545848 5.04711926495542 5.55170987096893 16.8840272274192 19.7558722872104 23.8287591313993 78.8685774217624 377.15158053542
3.06215880345111 4.5917837366541 12.9589264452912 13.62739157678 28.0820177820182 25.761016612811 93.2894874774112 436.552723532261
2.88129067454048 4.32932501673843 15.8186402543371 11.0184159469733 11.4319165246005 13.0749620793092 147.856296103287 392.93415946851
2.56159895784774 5.26157473504283 12.9367767993539 13.3073294499627 13.7814440166443 27.1986710786082 113.345188477849 361.604164296185
1.31122663613287 4.72003609323263 6.39026662462665 16.049246478114 7.51671906618391 27.9798043966032 130.438840307164 408.916978745118
2.73631301027094 3.9934987395428 9.423724952529 14.6979582114563 20.1386987470197 23.9607643467426 70.7116778005353 423.05408946645
1.86363314561998 4.303745931197 10.2066927098464 11.8615955972635 12.1100868465709 23.3621201912339 97.8072967345151 402.730053598024
2.43815765466652 4.51864385368017 12.8499136403813 12.0707292723489 7.36810318429412 23.039971508137 138.423544258098 392.647589191157
2.33943697570394 2.48392239691905 7.26665036408478 13.2605290390562 13.2765322047419 25.8715006770808 82.8807353611859 416.571902236773
2.23767896291222 4.7608544248543 10.1682133866934 12.5107367775482 22.4445823157033 22.1355225290829 68.5105566780065 402.6059989758
3.04660119698751 4.44665745977814 10.6828939090284 14.0387512555094 24.0118739073359 22.1120768878619 59.6545031906401 429.978977720522
2.95626753775166 4.68980797728672 1.84948768300563 15.9657374174886 13.3877480656778 27.5673607456286 90.3839146681511 349.625422197462
2.68311850139717 4.61499731673386 11.8203284072346 10.4552813542186 8.78138982085501 18.9914157834452 59.7361425754709 422.516821476648
3.03630682714923 3.88657308260234 4.96746521420148 14.7453623630883 15.326476899658 21.9552157340038 58.724301525242 413.221499084613
3.86275226373353 4.47376396962081 10.2711084044084 16.0888532959571 13.9369883344861 18.6163516309368 99.3743587363397 425.459794160676
2.18717064125931 4.53786145292727 7.31533466005721 16.9210630291206 14.8326889577996 20.2087872298914 75.970109544204 422.677507459297
1.09084136592227 4.66843379098923 4.72167559575922 17.8063232916891 19.8769673706371 25.3919955718512 125.774365129702 401.418180239665
2.41486600837111 4.51722942300511 7.83411533369406 14.6650802176879 11.7535159760248 24.5278917290548 71.4547397047738 437.942369149643
2.12503922698426 5.1095376766353 9.39469138502501 16.4198709055714 17.3912257999565 26.6671512066721 77.2259922049434 436.416404351195
2.82598993630655 5.58998900456834 8.98227270545058 15.2005428933484 17.8699125630927 20.5461832840134 117.338913166925 420.207459581579
1.76459836435768 4.15614852465361 7.5663421377295 12.8889267002 19.8843194974511 25.9414765689091 149.953651669635 366.587966501835
1.77459639774404 6.03496932741626 13.1430769796353 10.9819423785868 25.2476853301109 27.891239023665 102.688407854178 411.086021576773
2.65484483089287 5.42187315185725 10.1036297149556 14.6371931450742 22.3096412281573 22.2950027441838 74.7917037148195 426.046072886497
1.39972260541489 3.37797323798438 7.71985794494743 16.9866613134824 20.3243849143588 20.355843328233 70.9198824592016 416.011936652347
1.97695439709683 4.13721482527636 1.4251697384839 14.2558601866615 17.5646763543121 27.1512644655283 124.397593948985 393.576985638863
