2.23257487969793 6.76228419350624 14.6277568177228 7.58437247422359 27.1259882608419 10.4058986764879 328.320140720317 231.127262069979
2.40982140492239 5.32728373284396 17.0481982187959 7.7883562305695 22.6202190052786 16.4920658173058 319.931395107103 203.753673003248
1.95498981850213 4.92615506360279 15.5417227073071 8.4950325301873 28.0823016958326 16.1912172323649 285.860425646265 243.876072169845
2.24735575235644 6.16882057811138 17.5813543754427 7.7515364547668 27.8537062241138 13.6548115927163 351.105485637423 192.092521910969
2.78989956870797 6.49502333969205 18.7306057127648 7.70504450926141 25.704827168737 13.9185294620086 390.174439395434 92.5626981936016
1.84648573170676 6.87420265556077 13.7736417312877 7.64959616950184 28.1639249128655 11.0413235651799 274.988284452678 266.633099891241
3.24501456815824 5.3133827965988 18.0236905670335 7.72707336876648 29.1629125907194 16.1006598980676 309.665790898423 257.643997914987
2.64674845560363 7.15436764676973 15.532814831693 9.43954649852166 22.0551805217704 18.9657324291309 362.516935172577 196.371040014501
2.56804846433678 4.89172314277635 15.2438421520709 7.56253454842649 24.5337240564019 17.5919027920581 341.26266687025 283.821881472126
1.3943400083007 6.65867648145823 15.2779852732325 8.78301284755736 25.6717826782792 11.4869359016107 354.551645256873 177.500486621917
2.1180857109107 6.51141392352031 14.2229988308745 9.22222526536752 24.035573804156 12.2296239147335 357.364111587764 232.0698791612
1.42244092282775 6.79617503040728 16.3932954964943 9.25090417865285 26.850313514895 18.3276529910938 356.763331145527 196.187596988192
2.4427659863807 5.30206224755893 18.9626254281669 8.14477464827259 25.9106997051153 15.2946245000241 257.663935908819 247.143293126542
1.01447523921984 5.24416503690368 23.1495637500285 7.68579781444387 25.6959627678369 7.18684543040609 387.461394340935 129.601620070568
2.7351306357991 5.35751601069155 14.785317177038 8.60876335832118 17.5680418109118 17.0673525149315 310.669600609034 258.993689569411
2.78253001463076 6.14264966536013 17.0025916684043 9.01862651088796 25.1453748970716 16.333135887791 315.543925517424 257.86249698442
2.6509730932387 7.24953776260188 18.3761720954664 7.89745928795574 25.8097213876714 13.5535542042913 325.468843550604 191.86083262818
3.13294193207404 4.69375100456213 17.7883248724751 7.51471492552308 20.5810664490617 11.3715329563138 334.042979258088 275.592907792459
2.24158107070999 6.65073759176975 16.7839530846468 7.54024270560038 24.0124441779883 17.9455102743779 301.812945594416 258.297486535248
3.69240967411554 5.71381698814663 8.06440773070554 11.215344577184 29.6485736032731 18.1887062884159 329.497809572469 253.613649530977
3.17801039983129 6.53509839227494 19.3326200141676 8.26390529269277 23.8100767132229 7.98257265333249 355.899472928156 147.516158828523
2.96292681839673 5.95588507978873 18.5287010890305 7.36947453034855 27.5229898822149 18.8709699908666 347.03412096019 193.043338160094
2.43933707524596 5.44323990410084 18.1384479932341 7.2290159228077 27.11509151636 19.6399501717436 349.002698148764 194.318771259521
3.02261547426431 5.26544515709779 16.7430040060373 9.51543177701535 24.1710991375947 11.1229945841618 395.717357722348 161.590684548318
2.74443573209792 5.92707174576594 17.695335190253 8.30227515092296 19.7127236500296 17.5004133576351 311.881157451257 259.699427275674
1.83810291016958 6.55543153866618 17.7925629101684 7.80854892767578 25.4324298460182 13.0672137646441 308.065416909982 267.612392305391
2.50044891567642 5.31522070724671 13.87953968651 7.57270668278976 20.0255792282286 23.9677634592414 329.265330428277 279.935206925644
2.06160088428658 5.10399087118988 14.4599422310476 6.52416435497618 28.8846775443193 10.7365456452662 286.219314294116 289.785952231169
2.60898022353829 5.42596520620048 16.4591903750858 8.53017289403551 28.165146269858 15.3046278858529 329.508687026275 259.86672463934
2.74437943788097 6.94304432898199 18.8709174882866 7.8793747926264 20.3244634434716 14.6781002682679 346.759397632143 263.996578638482
3.0070994097146 5.47289272106666 17.4949724450157 7.38332562651717 26.4296942250101 12.0533429539026 271.06658825156 281.748827670814
2.57224129782061 5.17715583428333 15.6644932692369 9.46804177039927 26.1258448631136 8.38198022733253 317.254784645894 289.188530678392
2.44841670563004 6.71602648892984 17.8285146646444 7.5857300569139 26.774749506802 16.9715280703796 320.071926269539 214.885351342687
2.05369354191978 4.73958922141145 18.9300223540332 7.70730833920869 21.8104325976465 13.5202823903779 323.468348806776 220.638001036729
3.35398819815028 6.05775537221801 19.4543139395197 7.77911339990837 25.309124759081 20.8926055329657 368.106823381871 84.3574114742241
1.89762403224343 6.49579185655483 16.9144303998379 8.57690568349451 29.8916447949767 13.4222342110852 312.727523219166 258.814719389371
2.41574630903862 5.50073073114753 18.3565756546281 7.62351082303712 20.3944551570662 15.495697138223 224.645754143362 326.389576458611
2.69493641975449 5.67178910365415 17.0313647236735 8.96581054467084 24.1204268593538 11.6054877876445 339.586404101876 98.7549933837363
2.85510951533755 5.02150022525737 12.410571892974 8.05358556716265 24.8201691673009 15.8144076699937 306.079816948241 267.204353733106
3.16645486385617 6.32112272324551 18.8385158774618 7.60363446622917 18.5444034094849 14.9373792659894 324.882141506861 260.888527660936
1.31120141344173 6.32331854932852 17.1281641945337 7.7113610966903 24.942526522772 18.3831745400787 316.027725486843 258.563407691785
3.27343109333038 5.66067996814543 15.2528887908265 8.94007973113843 23.9920477910054 12.3900646191224 361.254416500173 118.282206247294
3.25355772313754 6.90526606418368 14.5959995784431 8.98568478372071 22.1188709332627 17.107887174734 328.924081214064 240.770869525059
2.31435784542211 6.20858132069974 17.4482881597855 9.3099101894939 29.983563706939 11.1342380883222 342.414386700292 233.303199246567
3.07335487065806 5.72056164232736 18.2508437376772 8.72658375776011 25.993357012588 14.9316043764827 289.717679113161 271.573778490328
2.29005068232816 4.66196419730112 18.3096553550698 8.63256984446545 14.8232919709019 9.4353703805593 349.963377263811 255.14502014089
3.0273183402578 6.17547172275649 16.1290882747509 7.76669772322216 18.897764211308 22.3328002258462 316.227137808381 248.988175881557
1.91705787934462 6.3143888342876 15.6908875295513 7.63153060184964 25.0826631301203 9.92829806302715 382.024773807348 118.453158677032
2.19261366547589 4.95014881340961 18.4133369547862 8.28297210975366 25.4471101508706 19.3474830969731 298.270088885361 295.97315401629
3.46664494204876 6.31482357015597 18.7093932328172 7.85430707972942 28.1775156232448 19.0454675687636 362.301528222556 161.491879294978
3.03245819679843 6.01054881351538 15.2473562664347 9.86542747841071 25.1514766292531 13.6390108203409 340.785448554873 213.698848098221
1.4454062497396 4.00122117302157 14.6995637378382 6.16687594482372 17.2456407129477 11.0390518959369 281.158440463508 285.201113818603
2.79018777947546 5.79479963339232 19.2397263128582 7.15552875860458 23.8359199642632 10.8412160024589 311.981621670938 259.47926657381
2.60463469745024 5.54198254493027 10.4288608090287 10.6872009574209 29.1794908448351 14.6820460624077 286.462602772485 291.840680959318
2.65724277116812 6.57637777173448 17.2647714102342 7.99662650833146 24.8096158811524 13.7256179459227 315.092803539967 252.688388936663
2.47169487414793 6.1547737666262 16.8612929238359 8.69794921606494 29.2571692940341 7.97220119257665 306.234437469985 249.617522372945
3.85089942122587 6.19098807263166 16.2022887195061 8.70914396776576 26.3306287920099 14.5713916395834 357.143497876163 182.855366280253
2.84283158662821 6.21915953394169 17.268741770863 7.72001856847326 27.5531015591985 10.5000166324536 290.461690551083 243.479283431634
2.975108811433 5.22287505221013 17.9112191089851 7.70378098443956 22.504594336755 6.97022915533729 288.760990403702 236.240693334532
2.52060115911126 7.19054914586203 17.6784733551966 6.8682010664811 23.1561623882389 11.7911502528639 302.576886335774 253.867892236198
2.04830369056879 5.31466313603984 17.571580192817 8.15792638369553 24.0843364038852 15.411709372272 312.582423510309 244.278170583733
3.52546369755761 6.04188761501382 19.2261588510422 7.18585766434551 28.4710754290716 12.774778288438 363.848795545336 135.981471779422
1.70061606209183 5.98764906741729 12.6982791199447 9.95858737574437 24.5555544825599 19.1756986161806 364.212173352518 198.436531243706
2.29125329863527 7.45869345584021 15.8179090258528 8.89537767594906 25.047230373758 15.1785297931449 345.521677368849 253.675810874815
2.17095310672725 4.54718331706846 18.0310426234995 8.07548777874815 22.2014123420966 14.1177885896244 294.809138085789 263.690441564372
3.0680774876856 6.14306337036035 16.5023597815442 7.91616631942253 27.0807702445833 9.72351515090517 320.816231076079 216.197691799656
1.72829912758626 6.59516544931476 16.3535027070888 8.61784474718064 29.0708640464343 11.2611241831723 330.857811839605 234.183810947967
1.75438086796557 6.56321564177393 17.6961074697223 8.21683487115603 28.6242394632643 12.0544281272182 323.018092369078 276.770887806211
2.68802408828833 5.09529446673214 17.7068557711199 7.71845498756983 27.2313421035342 17.7372000020521 358.524990735331 179.586006640471
3.0534114408252 5.4756570658609 13.66238014352 8.55868561792879 22.5709850220246 24.3912234505054 343.531834789925 228.943224277767
5.74820263766135 3.3919085643389 12.5381018453696 10.231772221741 26.4773491092367 26.6455569836676 344.31437639642 253.141501583106
2.88083042114793 5.95883100240093 18.2523305033003 7.34252565316848 24.9767460724681 13.7897637301906 321.122274099158 263.51928261981
1.48236483679555 6.58350667770835 13.7382720791771 8.06753257439631 24.4558260948393 7.14938873110064 350.860868706131 251.296086482146
2.33798571197004 4.45419351422038 15.5911137547565 8.78343753395394 21.668835351895 15.9623151943907 352.392321834514 204.524728474852
2.68172157794972 6.73087294420299 17.7577092231398 8.54858324972859 28.7132986196382 13.0804994716147 345.202684358972 116.356355713639
1.81971097116867 6.20546530901479 17.3491226624413 7.78695661309825 23.0401594410862 15.3178104660061 353.910472590924 205.243841396088
2.80467243043995 6.51646543692592 19.5404334067309 7.41490656383403 28.9090603867288 18.8517342314201 284.477305350217 301.858760430546
2.56890882991124 6.38167603469556 22.9394578899726 9.11154373965623 28.8796751653294 11.3254221014638 357.660931864328 200.107675998443
3.244414412469 6.70150826196697 14.1638266290363 8.4800493000947 26.069919643641 17.8890365744056 311.687823421531 258.587119814626
2.86833201286834 6.66857800512711 18.4594596182771 7.22249064217149 23.781067233416 17.5109568836441 360.185800863139 178.435782021064
2.26660826668128 5.7431547846321 19.128276257943 7.82721278141077 26.0041978922963 17.6355949618806 339.513352022386 158.033139106975
1.99135138568387 7.27869262217935 14.3721794086833 8.0525294146768 28.4441349539068 16.9131073445413 344.123209026932 192.181712933861
1.86654518115752 4.74657693923123 14.4056268284401 7.14176165658747 29.8808861499032 12.3299112446964 357.867148926219 184.778893135324
2.06417024019866 5.44934411055552 16.3002094130435 7.09814337188152 22.6273954926251 13.3168277403015 337.497335764939 256.625257361716
2.72932039396855 5.52192901467463 18.8358421601665 7.11688151289581 26.743164468782 12.5659212384744 208.761917165779 304.599038741257
2.49885653418745 5.53858507424722 17.7011076538216 7.6817534045646 23.9910105270131 7.41037060404166 370.414476532086 216.464682308108
3.07802054618163 7.45822028343325 12.7630337807465 8.29714395169325 19.0203374780677 20.9868380946324 336.626308991649 181.204446893246
1.85283620144579 6.26990839573577 17.9760038444633 8.71550648789182 26.9546390573941 17.3728622209896 350.165342225929 243.594580927045
2.81895345881453 5.39961659177915 18.4861133260915 9.00158237388354 27.1298241070904 15.0720137339089 317.041565905995 279.328874059719
1.90539358100899 5.80258143272689 20.1321304131467 6.45776495374097 24.8707407973064 25.7810966580508 324.851305217864 251.044912620447
2.74985856618028 7.04541485187173 10.7517212118556 8.81602756110053 11.1499540809071 17.0083336171249 387.187516243437 138.365414504048
3.96670777827669 4.95944473254421 16.2961628655005 8.69100539405027 25.1012590417334 13.4257672929432 261.03234381808 283.368209542708
2.06625860713872 6.11522440546187 17.1628510054403 6.95708032101903 29.5731199898091 12.2979288535746 306.89886547624 252.54280037349
2.85511324330396 5.80401234370721 16.1375742839466 9.14860222929559 27.3317709065183 14.1616589417985 323.185871197567 264.330476097201
2.65641194532393 4.46418109075249 17.7633297089937 8.62059685281933 25.8819435211075 25.137130798583 279.940868088971 277.787475757509
2.44301332349823 6.72337384169192 19.9811488301117 6.828434110025 27.3516852996626 25.7798029410418 316.120858519556 256.870649449464
2.19473837380138 6.50153015404075 16.3151709480584 8.91288525046204 20.5749299167717 14.0388931801764 368.73757032115 222.676735925932
2.13152643553378 5.30047530422457 13.8605343934067 8.77454346397964 27.7092256196974 13.0744777661781 359.505424434356 116.511969190311
4.07281579812192 5.81908755787159 16.5080206370873 8.7574893882796 27.1892153319168 18.0254512575537 290.817602535965 289.817764728467
2.97538106091061 6.18848261552438 18.8010962377341 7.9815677489618 23.9749950808465 17.9105263715056 263.918330496846 274.802511341708
1.88794689718303 5.86933609554327 15.7099949581226 8.40864588166682 26.0145926492699 13.0946377069725 338.431884872107 70.6824558813918
1.89778026364177 6.06737399618332 18.0789732948709 7.06175181980297 21.5388438112526 13.4663090307755 325.618212818293 244.359306074355
1.90225181336038 5.06696137268369 15.2470530515635 8.4337056893582 25.5153843943931 12.3625918640968 299.287112234455 230.166410513317
3.21034893915577 5.58092090439514 16.8445859175076 7.33278649465652 28.183588711303 13.0094952223367 317.907255111131 234.048559417047
2.49872498809385 6.2178712207154 17.6564162005835 7.65468195123594 28.0058285940235 18.6925241190382 307.888609476819 241.844362464112
2.08429274554854 6.64432860922204 16.271920714601 7.03211279971438 22.6185683054336 16.2269915006262 288.589272078227 258.134712196384
3.17632605970041 5.49382006393101 12.3453036934511 9.55481162095731 27.187385262781 7.60692334406336 251.818728232894 379.31295294004
2.27211290662963 6.13561980323547 12.4448532549178 7.79825484731374 27.9170909579126 13.5073145796005 292.932073047573 292.393793635062
3.27456924897193 6.65733759793712 17.6122148394979 8.60876569764992 29.6555448221679 11.9817798384503 341.258766777463 213.111278351005
2.88587797303278 4.8824737933925 17.4296284284516 8.09095364827177 18.9687388827331 14.5180227691891 319.376965116825 243.508660990251
2.48419791476142 6.05346418443586 15.3914003524157 9.0240986845687 25.2820253695264 13.6266456871187 341.73786305014 201.074106978373
2.40852790529141 5.20199039900407 20.2625016904127 8.28319759986857 26.4205077687648 19.4020502798308 281.606494239911 272.75109021615
3.35296138103077 6.58272624797909 18.4322837599019 8.41672840414008 24.7966882679421 11.0541121874402 315.16356438038 295.401821088884
1.99942865654114 7.13790154222569 19.7011248278451 8.60529852833898 23.5803489749597 22.7299341889275 367.66766027316 171.268956620545
2.88278884529899 6.41529332435531 17.0881530323359 7.83240078197552 28.3383407262982 10.9551832966575 338.459304937428 231.877432932882
3.41613060365117 5.86821853411729 18.2905270695635 7.86921460234264 25.1914848962729 18.9239631961239 375.067477205911 141.735810820938
1.64544303473229 5.97520036597012 16.3676111976453 7.84936203875438 26.7961950625637 17.9475035542459 360.049329423817 191.802907990153
2.57213903408799 3.79420817201737 18.2775216450219 6.74102757178872 20.7791949213808 17.1554525785889 363.021882208754 235.059076581332
2.36314862064681 5.48215449993136 19.2065635999239 8.23370382137568 20.5935075469015 13.2534869475475 302.527161050569 280.532539028992
2.26198464852466 4.76607662837779 18.3582843564348 8.87011823354408 27.6230888036538 13.0174289992455 321.390436110076 278.726966731233
1.58842470690378 4.46376576488066 16.3831944216876 7.09645410421004 24.5355823400442 8.85737974593223 362.811818121689 186.710481271889
3.95380079038304 3.62815665442181 17.1749773111209 8.43538659525035 24.8435726274763 14.7311361146833 317.42782736341 284.145373253398
2.44688715620917 5.69476422248392 17.1894266829381 7.68563551407614 26.2319962833209 17.0003462325697 333.292834197087 255.547514191951
2.3972616471698 6.35648833019108 20.0993795181459 7.40910623944433 26.1940888634695 17.6637201466971 347.377178402387 87.5168945801541
3.09406618744519 5.53899965102918 14.1745844840604 9.28865375199736 21.4905151494993 10.9322493286544 304.542856816663 289.461818427629
2.80139325602296 6.87614908892499 16.4476468943834 9.03954921412222 28.3053213893975 10.830621075194 270.438196824064 225.738411269694
2.2436092188234 6.33990428583841 16.1190696459992 8.88844642933296 26.8764391587629 13.8080849710852 378.261734414386 199.473806892199
2.29049583544738 5.78822968691908 17.8041247822603 8.27496661268299 24.3418261759587 10.3116878586356 310.472692075769 278.34637012081
2.5009018732412 6.43048916995698 17.4713808918575 8.10421749711615 22.1256182063362 18.5449486824274 347.002639122599 196.904038269796
2.95794015630964 5.94447561506369 20.6135561047005 8.0620482976816 23.0420235220135 14.9189730726397 346.148030646168 207.732557329921
1.6263840544848 4.95375841464233 15.0002763843987 6.85797963588654 25.7996150651117 11.4256082066452 347.695609364436 229.988173270898
1.95231413586741 6.07790828293532 16.4933122608349 8.58087435168449 24.4025359445926 17.6724267255929 333.74244717442 269.949976389981
3.4619876900865 6.9122116501331 18.5703214372109 7.73889867502292 28.1082054528096 14.4301990665268 277.831420469575 245.604779142333
3.59555468071009 5.7920234770172 16.9680237857018 8.32577402555907 23.8055467393399 8.83186165461477 327.91292709669 258.995877189559
2.53917268277746 6.51601793924735 15.5779926482868 8.78538637269682 23.3015084537263 13.9789210079133 340.603307518831 275.160417176501
1.30927125910448 7.03667907197756 17.4499812681804 8.68704404924793 23.3848056659786 18.3354841255746 351.225464470259 181.13991502589
2.1850681905709 6.09436747456992 17.783016831354 7.66102600481066 28.3044390607239 18.2428105836037 219.678948332053 289.812329802567
2.37473452277066 5.5511508849006 16.7476660591305 7.61456970293908 27.2732324050496 9.09573109524639 322.938580311685 257.950339788063
1.89044343406313 5.46052898775651 17.7170967212046 7.48316706860672 23.7106783329471 20.3164805405369 343.745591239149 212.979436893172
2.50240900665275 6.60479878313257 16.993579828186 8.86358866411367 22.4078751241203 23.4315122165259 316.65968716429 246.801401853536
4.37480135302355 5.18854421766276 17.1079076559607 7.79094602558231 25.6327816780314 9.90824825274131 280.703410853351 279.682880054687
1.77881535775963 6.201100803133 14.4406890915721 7.78235425580817 27.4097905018223 14.3720811805544 312.848459228588 273.95429723303
2.09034056739242 4.9308459193942 17.7472024645051 7.84086709907464 25.949286712174 13.3255564092357 305.416317221875 250.710645030634
2.05022482883704 7.31998191253881 17.6192123383877 7.75911810419554 20.8542978293967 14.957276298903 346.06475176436 222.622645438884
2.68288436181574 7.35501495143656 15.1091861899656 8.88115085133973 27.2801349304059 25.1004559384568 361.979990117948 185.145404347994
4.9227600398669 4.72172241710322 19.0205197021378 8.04763179672056 13.4385538654865 20.3181695082402 268.83854002266 304.492137441297
2.65395131835751 5.79887986823704 17.4055448046598 8.6354809647635 25.2778469891711 14.7529214633098 308.155947513241 274.109351119264
3.85513939682682 5.45277550512245 20.032007007824 7.88674840223989 28.982105739514 11.8961812974358 276.668676440609 285.243932986975
2.50343146499513 6.23178366789783 19.8081188457839 7.01832229160956 28.2221686898187 12.7647210417672 301.850346629724 277.364836184157
2.09677340608349 6.7017209099095 13.1633458086245 9.84750699392554 27.9034483918705 8.96570432353002 292.316039838842 288.967095751245
3.19972116151627 6.30443571591818 15.8052918485231 9.04682601698945 23.3765911284325 20.9289167915544 331.642191866694 274.96695861842
2.13266166958616 5.9711047805612 18.7969995567781 7.09127901906528 27.0162479000095 13.6898424839111 309.662278685515 260.000179124751
2.26643191199129 5.41774256054545 15.3577930292232 9.68165613838607 26.6283406278913 18.2966405334744 311.980284403169 292.149311398608
3.30334842975629 6.02945914902346 18.694949862405 7.96708254864686 20.4972908405418 15.2937861016774 309.244571641574 280.184779699847
2.36690438118647 5.72695759898109 13.3203758138822 7.59889580644173 21.8404219116337 24.8326675512116 333.526274449776 195.136607315087
2.50022104189275 5.67406343002566 17.4494399407534 6.96685110651016 24.344624473735 15.4535682318806 313.606337413153 260.397573533594
2.76982806778217 4.1697928458055 15.0849996267652 9.83122234526669 23.3870242448707 16.452687667529 318.993419071 258.672137119252
2.19098397080772 7.70456130250666 15.1020339636725 7.81098085464932 29.3205034125222 8.30438358685389 326.057520646597 233.576258204306
2.12492536763802 4.9095157313459 18.5639617626001 7.39061364386242 23.6639879829899 17.4403472697246 351.181217917492 230.079504653733
3.69724839402519 7.75070451188666 13.7084109370584 10.864370129275 28.7151704158091 7.07453441050973 285.026119897594 343.777175388341
2.71539164039444 5.18566523191554 16.2308741065435 8.78494296802727 22.5843864396189 11.2282338668632 347.097211278343 234.272670977434
2.75533864788013 5.94820292882017 18.049097073197 7.66408419307753 22.6251120157986 14.0003337861349 363.647494322435 153.189642201609
1.83116643713863 6.23327468572594 18.8897575033247 8.22499064233063 26.0026070794321 10.7682232828667 371.984682654356 128.265073302837
3.26296400508969 5.51507831737172 15.5528707123207 10.3363175696269 25.7047233190163 21.6134371395892 322.324786461834 278.870186453009
2.57436957766698 5.09750836198754 15.737566647263 7.71753878850979 25.7328172568052 21.4073111325816 329.792549153823 198.067362842462
2.60415598712776 4.33643414179236 16.0363478244211 8.03423428541067 27.294860117531 15.8177108830827 124.375633898194 325.300842178744
3.81567489410456 3.42948466180816 14.503271063471 10.3969066876937 22.6190820107967 15.9219121991054 325.84082940671 265.943589582323
1.78396822245456 5.79281446797802 11.2289712319232 10.1890455986699 21.9166028402259 8.79404141553232 344.942443431004 194.784710122372
1.98407535690782 5.65052523758068 17.0731154234076 7.60444439043775 26.161483758749 9.24166446610699 353.645801456353 179.57476900973
2.60332197278395 7.08962174795712 11.9153058360698 7.75107900887926 26.6907226719884 15.9927755106211 338.520961066658 193.770379809209
3.21830139065987 6.58205812420899 18.16892687585 8.92394080425719 22.3049605288606 10.1308524480293 337.479105889483 249.891323660415
2.6773350404358 5.52056793150313 14.6820268148623 9.23831030993416 24.2385553160672 13.6917266606009 361.736595568637 231.371181799265
3.20459352107568 6.65644683786829 18.6208407513834 7.74728583660757 22.895057728221 17.272549123201 346.713289414267 174.216789491632
1.96866557333795 5.76274303053804 11.9881465631213 10.7328212582368 24.2658608593114 21.6905084924049 365.433800984253 214.77439495685
4.99028056932972 3.17249658603176 9.69429287581031 10.0515244647471 27.9947432857095 16.9449878247949 323.99253176718 336.881571797414
1.97239120153664 4.95793138733129 18.3282510942988 8.9400213359163 24.9408830401992 17.8659841613932 347.646205656225 235.917229268764
3.83319276908079 4.88561359830432 15.338245585467 8.9044747823878 23.2584584615518 12.5810094886887 357.76934858984 212.956508075026
2.30235621393356 6.13111981771819 20.3132684763698 8.29131716583891 27.9074403804686 16.0397247941621 290.373872857823 285.834779722045
2.91751190970874 6.87541232897305 19.1012088622996 7.44925542948007 25.2396591445499 17.3954984146313 350.0562921299 202.675610192925
3.20677714532777 6.13194931165356 16.8054225494911 8.11877401252348 29.6063613226236 12.3746773673594 282.486555289793 295.434762004116
1.65488291118066 5.42393632243866 14.5892803955227 8.27395046976869 24.5850082989413 21.449497682345 307.617262901114 274.814958957502
2.7228776660115 6.6872569257638 20.003993649201 9.02583641841211 26.2166879440522 16.6917884365631 266.596583843019 248.996314647169
4.05408479687373 3.98861000462337 17.7181394212374 8.38820184042455 28.8561552261654 18.996849697152 327.329594962104 260.906705668056
2.65542106543959 6.37057706385952 18.2154223005864 8.03149377517448 27.4682726243041 11.9929978330565 281.951627650618 221.4668225557
2.20595358199555 4.99299353365423 17.95130904014 7.5176013966357 25.2838848873569 11.7226320924509 309.769341826206 206.678675852268
2.30102359777647 6.07700748625814 18.5577553200964 7.8776187132268 23.3556604822345 15.1895704125088 360.412202095192 209.184073563995
2.24918394554057 5.66979999840686 15.6989130601999 9.83559748170643 25.0040537997798 10.9863804356325 302.316637855222 285.31501985658
2.5255878600174 6.05464742498796 13.1136825802937 8.38074576383434 21.3334674279907 26.0328546333571 413.695713328303 131.98891176232
2.2710072707492 5.19696456409027 15.2333670448735 7.31240752390187 28.5144720256049 15.3472391546401 300.345031677384 269.852063087738
1.94752781679467 5.09641137635998 13.4316450943686 8.98576427538677 27.1694016139484 12.5428311388062 365.097142994688 222.790754698629
2.26362786261706 6.91162705823561 16.3050793747421 7.61206453561825 19.419971380168 11.4108679100546 344.8468189286 261.458059853813
2.8256155954359 6.22175613463504 15.467458334907 10.7239208649119 16.8736816140131 10.6814149960064 368.817694732275 263.43461260724
2.54275748257828 5.77081775141745 19.3280106266337 7.12318513897743 23.3527505421469 11.9510190710228 306.539244288245 245.298942914515
2.17206055274434 5.59449495045269 17.6917925032277 7.24319293129616 26.4193591813248 12.0159664269186 344.216122930074 272.850530795042
3.83410093794246 6.14896718114308 14.3994281435293 8.56662247275905 25.0963189195364 14.6273531578993 410.643449411515 75.3374891974864
2.90813911877298 5.23225538536045 17.31940143332 7.60760263701744 26.5850293868419 15.8518772337388 271.697797284718 278.700960257081
3.27158504430181 4.27418614032768 16.8240451744048 9.10465103742052 25.410176662751 5.69270911198353 319.167876901397 264.62958960481
2.08060019768745 6.19396790716814 17.3360594948467 7.4525924383728 18.1915175629821 18.8369997890658 387.27995503934 158.707895175295
2.56126743389637 5.68316725720519 17.966777727108 7.02710267583872 28.8462703422418 11.4358082663769 332.201132131141 221.449278215233
2.87325289805463 3.51278084047685 16.9183268499016 8.38725712514394 24.9351241767473 18.2237866766697 314.210553182404 262.997949221351
2.96981423708308 6.77789566724109 17.4580261642055 7.92653369931201 22.6161352197755 13.7149908739308 283.440457225019 293.248418894721
3.84549726295168 5.84548933370232 19.6220571997879 7.39657691497091 27.4676068737891 20.8641039246627 323.029077820508 196.84673445906
1.53717122425874 5.58707047271497 16.4210395575324 10.447675650206 28.8362628111188 11.472171009225 384.657800832734 241.184284277169
1.5436194090465 7.16616216683553 15.4521215443386 7.88758593942697 22.3567806650294 12.7816778173068 362.460232265762 194.044280607631
3.05446965812952 5.17072479864518 16.7483523961072 9.79023591095416 27.3726293867587 18.0459629867184 346.997925773904 200.400226344079
2.54675637315183 4.87367795585551 14.2253262060068 7.92880878778625 27.9700735047061 16.4942511891602 338.055435350804 240.665141756244
1.98568868593891 6.83816192777538 15.9669783026224 8.93137705280369 26.3225412111798 16.6722911451283 399.103723028585 186.896051252007
1.79483123575486 5.78532213990722 17.7570005386723 8.23091952155 26.610737801005 14.3197868096113 355.257162731117 185.93257447551
2.87767137079979 5.68410075502698 15.3922761779758 9.0013537769706 29.0954557046294 14.9602807687015 362.556422211445 212.574843565481
2.16403407297745 6.44961867984877 17.8442894709598 6.65259874006608 27.5170072975551 12.3919624690586 400.452267729539 114.941581047063
3.05392049453195 6.53953222727804 20.5830036903146 7.12270286569021 27.4522075641218 10.6586934867671 291.678049582724 236.917270937043
3.16347979359991 6.63528321774835 18.2955039121398 7.57581209722171 29.3788381809002 12.4552264978707 375.664509168749 190.175356522971
2.07946638814083 6.15950973622939 14.9618084930075 7.7912182023039 25.0811684114603 11.1989014666351 285.591782414637 293.138620500544
4.38759876699876 5.53398821603061 14.3725850586678 8.3286787774406 27.1616758143533 13.1239178972726 348.878247984403 180.750636700087
2.14770936624173 5.69148051756357 17.2737205154027 7.86457108211459 27.7162267175286 9.32693059416064 376.153255187696 194.884410000256
2.46587033088405 6.20840505596134 17.6528798807625 9.14458042899723 23.0333577760637 19.6178031743975 366.422221761912 191.969188939401
3.55470193210646 5.07168683636609 15.0393832024449 8.85864312333743 27.0356229530023 13.7761997969664 331.622933679511 252.025765160173
1.78129494617394 7.30331842064975 13.4150430993883 8.67672775121051 26.5424683517395 11.9445941466075 338.561602329466 238.269191583244
2.08669370231715 5.68463796695175 16.9483557782864 7.62302475652896 22.9036360641837 15.1187984491307 327.842718103486 181.853881139284
2.72501746729897 5.71159372512297 16.2509093434192 8.89461757581373 29.1192510177725 12.0599941573168 335.072409625173 178.968762888384
2.66751127503528 5.57459373069643 16.7618380552715 7.11480428651915 28.5382369201339 11.4679244151729 302.028936883133 255.263558453733
3.0808017678094 6.29742396656165 15.7508575842789 7.4236973206507 28.1610120665046 7.29581406379562 366.510316865185 135.275077765325
2.94147741461443 4.79475473871057 15.5003444938178 9.20140034441248 22.1406007688215 16.89017470081 348.843354636821 244.769704958878
2.33016092426069 6.3598514812189 18.6130372483205 7.42213342062834 26.9539075137515 19.4143490360703 332.644667525705 174.40362816606
2.32782388111646 6.32900751436785 17.6755716434725 7.26286748300152 19.6730702685516 18.6901526295611 339.323169121766 188.640015492554
2.49591602969742 6.70997541764658 15.2137214063143 7.86796350566784 29.3907582058729 13.3255485890211 311.735261211016 269.560846155156
2.17697279294721 6.56989945889954 18.405797997693 7.67092115118259 16.6357480981221 12.973082313736 318.780205484182 210.509974723607
2.34803971658314 6.59548872039112 18.3278201655961 9.08322247810183 18.3128363868126 12.5354598670022 391.98377460248 193.452586564487
2.05921572569888 6.96436510099953 18.3017389963776 8.60933740235604 28.6017690189016 16.046837699997 364.937559048239 158.450412037011
1.88120422331813 6.78502664892085 13.5995616747661 10.2337401654877 27.9146678632622 11.155861561508 334.990840846172 257.880489815097
2.31738614141383 6.81908223924818 14.6538607966078 8.40969158626336 28.4775278282983 15.3505765139 311.590186912367 276.8594503615
2.85673333669241 6.47558296184781 18.7102003364617 7.31795274825418 28.9247867537552 7.19917674784959 352.387179013552 182.402141791636
1.98391207956465 5.83848706454301 22.485801255603 6.76956487291683 29.0361962345797 10.7660219485917 332.477242872158 213.205635973268
1.97048663550606 6.12052502018676 12.5847075746514 9.99346574248829 28.88480231032 11.0331837359158 314.190743965929 242.461292151052
2.97735442242645 6.15090823477851 19.5020030917299 8.6616804378289 22.7594706048583 12.1383297164109 284.330399794002 314.667088360937
2.92291712192103 5.34468628989941 17.9145998649712 7.87944102746099 23.5688117196408 21.9425481634467 324.351538926802 164.53232872379
2.89570436080777 5.02020096876155 17.7069740208111 7.50155276816157 20.0300647929749 20.9770353320108 367.122615437333 41.1235373704613
2.22388760328905 5.06772806291649 18.2618800799641 6.18433103834032 18.3106689775607 14.8294774159357 381.613562203739 176.146419849141
3.95083109545715 5.00289516517859 16.8527598555704 8.90360154540473 24.5142160428521 18.0292817623665 354.498611403 193.631268661352
2.21447608657042 8.08874762594488 15.6749106092161 9.67003047364346 25.178719560507 16.5360673572111 320.802160082681 257.485356939831
2.94768673753517 5.98820022765085 16.46595806866 7.06913999222963 27.3454751695496 15.3941272225352 265.237598084472 308.090517351283
1.25879324093961 6.26872703984466 13.4280555996161 7.87348426454532 26.7324161862809 23.5249083113983 345.090139922866 243.714049786649
2.71774771926987 5.55116867093189 15.996024501521 8.9262811941659 27.7358670376619 11.4189409895118 303.067933044755 218.471789407118
3.62000029835332 4.31538774019402 12.7327139602616 9.63584185503568 26.2137911164334 14.1058933244428 336.854704492261 271.443363126405
2.9567363143558 5.49324840463705 19.7699918644376 7.53676050217809 22.4367189017122 10.2888007148853 259.620528191083 311.578651834572
2.85380955527643 4.19197299805413 15.5921332482534 8.5735583490923 24.154901020784 14.5348015102771 297.183832531442 317.521177472317
2.49438973145334 6.0621458338491 15.5744824104026 7.0593260672159 22.9093367924734 9.65927123826201 353.632968905883 220.778072825699
2.04785757721789 5.1408663089675 16.2407853297393 8.57745622969253 26.9095426285951 12.4432900783057 291.819065347441 290.650456053481
1.32756696013155 5.69684215894578 15.1067138165943 7.72043344019572 28.529675801108 12.2420177406027 366.584097548788 242.376563950806
2.08316812655704 6.78033064447396 18.0573667191325 8.00269284189197 24.6938711332855 15.9571636218725 315.019446018905 239.544373662293
2.27304256457102 4.73199762942688 15.2320931270617 9.54851923541376 28.8344569793386 24.468307090724 351.784492338369 216.426250076444
2.16408257713232 5.99162080534205 14.8987210057201 7.71843039008337 28.6841165198392 13.7438098063663 370.584945215301 184.047048043759
1.61710793433878 6.24209585047382 20.481406098002 7.89343506522433 27.1664829784373 17.5603126204668 352.401761177028 233.880512226765
2.05749010012327 7.11832639995006 17.5658119178976 9.0885886091849 25.8400716122602 11.476123262087 363.318643433342 233.297289642116
4.02541167570996 3.96990905914164 18.8821592752142 8.01401387515187 28.9500976915357 11.4673775955099 333.824830659879 254.26100928274
2.49373885344705 6.48618226283192 18.1358832275885 8.14898029838718 22.7213268195677 15.0612605547682 378.983525662809 108.613454129453
2.26678520386948 7.02566908815651 18.6041207995595 8.1098306739181 25.545838405717 13.2870568126113 322.870163665276 265.740101829318
1.69968770023501 7.35794153436835 10.6752604165464 8.3328514676352 24.7803104538632 24.8101923264015 375.373460266774 172.621153933739
2.95592071343444 5.40668028828087 12.2991343775526 10.5271323906475 27.7576212736043 12.0195170610212 353.342698466277 251.589531106483
3.14939611758286 6.24327953037821 17.4829091565316 8.10110328479143 26.4349714540581 18.0776152382799 350.199665562885 217.512551374579
3.1877158853356 4.35106698122571 15.338593974963 8.99936268691351 26.1140609124957 15.2401842242544 351.01694183183 145.931286387665
2.64603234507203 5.68134918965858 19.3365529712237 8.40599652406177 26.3851237898912 23.1244434565055 335.693920573897 202.221342581526
2.02025543249799 8.08065875627757 16.3297526618749 9.72208852040134 18.101095403922 13.9951733166193 360.098269898067 213.057635538941
2.99491026704202 4.51818995919455 18.7882884708278 7.97090631433459 22.62581116376 10.8179814447505 340.306493630894 259.991008573012
2.81886638047731 5.66856222816859 15.5154931785091 7.88101788831679 27.2659501761251 9.90504800162119 365.647203687684 145.969184497285
2.08354148175529 6.0947866730569 21.0971922922911 6.63258710609467 28.3685101846034 13.996754761541 364.577086766951 150.880028503481
1.96384102898032 5.14322151415481 17.31767777643 7.79218901493917 23.0725385769134 22.7314561177937 345.728971866368 121.431528674229
2.23930303773361 6.68180454920318 17.7491059077942 7.77177979209408 26.9529623000427 13.2005040179344 322.554773698497 275.063398347756
2.14011059654214 5.55335038273187 15.0980627997743 7.42287273115311 25.3361046747601 12.3675021702851 349.376425740096 216.782984401057
2.55981206864077 7.35534658664486 18.6506397768738 8.74684035992538 28.1513167974879 12.808050264456 322.764790302275 243.590413457381
2.89948019795521 5.67856949824003 15.7032821329086 8.03015843611841 27.2127018757482 17.6921997579684 338.691037032767 255.646073802118
2.09173560669137 4.23599589138763 18.1669218319039 7.14757117622339 27.9220711964518 14.7472424826515 376.44303733532 214.752341415866
2.890196982399 5.48927422544411 18.8446540494139 9.03710187830728 23.1690500050786 12.7407097485698 338.189848253296 275.195341070463
1.73668307417563 5.78604663673812 15.1189522602849 7.8313527459047 27.5037899681583 16.8838722356506 322.942820333642 155.228854521299
2.3551826597518 6.46325992859708 17.664893410823 8.08499876143783 27.7892179030233 8.40887663899934 322.224006996258 259.206051027475
2.65555237297031 6.26720573175773 15.238947376699 10.122499965733 22.5337991721221 13.3267179588546 316.938672371837 265.027331759848
1.77034075583332 5.75995797056585 19.798961053456 7.94298914094624 25.3598595422312 16.5340435231745 338.988760514273 259.92472657136
2.35976446676525 6.5972756902419 15.7642946922367 7.64112027702701 23.8466264504615 15.6432467085117 298.130731219491 189.140937849503
3.26956012293997 5.10564214637583 19.1851173317533 7.95907671739655 21.5881295947343 9.69239250303822 262.542282481188 293.088053299108
2.38870593452571 6.16200329346943 13.4087639272169 9.06042574982711 27.8496870343533 11.6961332589772 317.716817487062 286.965721324169
2.6853127674961 5.68898086236616 16.9739629199807 7.47044279839351 26.8575588762521 16.7527224980444 303.44437292016 261.045402529278
2.53477924139367 6.28368215798744 14.1078676505953 9.81386142827493 28.0972373944262 14.0949007899885 344.193792393212 246.178726318704
3.95984591947344 5.35916400006373 16.0121795671048 8.97462945598898 26.2995042781912 15.7625988332805 356.403156520785 169.26077017609
1.80808081525823 6.03680505316085 13.2111685505741 7.7581043188891 18.9366400975626 7.73536435681712 379.175403465126 117.752880641323
1.81004727805073 5.51386444350535 12.8451019132453 8.86128114490944 24.3530726029724 16.2302919754931 371.907630403098 150.766824596149
2.5558515282924 5.75952614143766 18.7383750940746 7.74455964008028 25.3649809604274 16.707777895546 314.481074976444 203.714619206799
2.78477101916672 4.95709283828561 17.7951809829817 7.59607367714806 27.7185540689813 14.8002431712472 371.841870194091 194.225071174403
2.18878473957291 4.76772369252412 17.1570160801806 7.60671638215534 26.5236485696221 11.9239464753169 244.229457361653 252.87909703165
2.18743414283435 6.17855743054544 15.8827967466613 7.97989162804899 25.3472211407476 14.5700680865834 261.25450981074 292.73488197735
3.22920975655309 7.00884096400735 16.95994744894 9.58652470119052 22.7750540197946 15.5814455114118 377.808988456392 189.19624569096
3.3830167599811 5.78105654865168 19.2027117412038 7.74659427004459 29.1366821097488 18.3678285288393 200.542788516741 281.360588158139
1.27571494077274 7.01732392400603 19.0019997186852 7.17237461518905 25.4064795028843 9.42608221137679 372.212756250119 84.0407908073174
1.98465337177379 6.19417678734397 16.7477455390278 8.55621332087362 26.5949667217786 16.357056816906 371.102058115977 203.249134159145
2.6976635832985 7.32573346166761 18.2256240913667 7.3871659520807 24.8679273237005 21.2314098572562 317.005601757968 241.686309022932
3.21095484806151 6.6518441831666 15.8397674803247 8.6277170974391 28.2505446489372 10.6590774602627 326.662221408577 251.681366223677
2.36499438199602 5.91131922192005 15.7277185627398 8.89924925025028 27.324145874671 11.93535725401 277.546071693008 274.700831844312
1.74236245185742 5.35631185081378 18.2568454755421 7.58824111862842 25.7416508895663 9.42844969304022 323.672992808753 265.870357969836
3.06565914979896 5.76252863257357 17.7153096019206 8.51075106348855 27.0080521787289 11.6190386569862 323.235741478143 279.393518594308
1.59405838332219 5.20891708887144 14.4642722509593 7.21314078874505 20.7282540540977 21.9010782696073 323.127745905517 282.811079714624
3.07243594736794 5.29473406505571 17.9570110711086 7.83576710176726 28.6758909830306 6.75373259388957 300.621352950173 264.806950452164
2.44842361682198 5.27846594555704 15.8962523207678 8.5908333479882 28.5257906292451 17.1006186327187 324.005436653398 239.683755144938
3.51485064999426 5.57006483954843 17.7368304421006 7.91805327841151 28.6251907433793 12.4388774388385 301.183907801945 236.157725282626
2.27659732409078 7.53608154680778 16.0139154754495 9.37331300666079 27.7911233162194 18.5873294195066 323.032795917268 250.513537239208
2.6148434176465 6.39180358728025 18.8740883667978 8.51933384579996 21.1632476669348 21.1139415683537 368.491527319596 225.562108986092
4.13369942014686 4.31882840201291 15.5103174859196 9.35537470295728 28.1194606478165 9.06834532691345 316.617750941393 257.037770681253
2.46496609404876 5.77744511923678 15.1421314885979 9.00481849069467 26.1355424396276 21.7076078920684 348.375394418724 225.201278713719
2.1004369926332 5.4179821716226 16.9147712954204 8.72167999916083 29.4353515280422 18.1169658793838 335.781444196462 290.469959730591
2.7823682554656 6.06474895891759 15.1122179048471 8.43898321416986 28.3518854402265 19.0664607267257 358.288338624821 243.056935768724
2.84401179119882 4.17426715111555 16.1501045516915 8.98691082791869 22.513902736311 15.946848723629 315.109431286374 303.710655711967
3.36237644664684 4.37719873947795 15.0440295502572 7.79823085281696 28.7772762256337 19.9757164351523 319.673658944122 245.721630824798
2.02930181229939 6.05809400504107 15.9646128978686 8.26517699032906 28.5101457657842 10.8581462571942 294.572034059185 266.888071273083
3.28546967347344 4.3646234144335 17.1586696986014 7.01412075540455 26.4033851211639 12.3117492241274 297.895506251048 293.605592947299
1.84536053528266 6.00152153177157 15.8317695152047 8.14355885065977 25.6773658527654 13.7938254232625 350.097088748209 198.825606604471
1.5058460964322 6.98389120907442 8.96373483522434 7.83822405651742 29.1464852718892 13.1121815614888 328.103443494219 248.945602042429
2.72165531614314 6.0096023153835 15.1595242778566 8.97355053489197 25.6630078100303 17.3379040704942 315.544648361836 237.722001905232
1.78730194928999 4.50928464593104 17.1030976004713 7.93177546229715 24.5440090875323 18.786894459155 246.728849571673 266.900265438679
1.96491571415341 6.79343915730698 18.3148768464787 7.84589272239221 23.3227322181239 24.2508079593165 300.716755005798 236.337701557403
2.53111531384715 5.32925534705882 17.5275024513353 9.19532442309336 24.5571959116319 9.96397804278719 357.102971421166 240.289086475056
1.97167352534757 7.36901466895541 15.2588925015148 8.42221198196564 22.9757175111224 15.2714515525285 367.409566560792 175.334646422667
2.72698258588187 6.17413576451832 14.0394930811957 7.17421265493876 27.3626395393295 20.2548123861805 341.449832243721 142.656186233472
5.29474611872218 5.86890828334219 12.7029328825259 10.7685739612739 21.5489202414442 21.7043377171337 282.138091246297 302.207978071098
2.39566338711202 4.08398044162928 18.6543538406504 7.18871239296051 26.1525065540856 13.7940906728614 292.69848652429 300.176538256491
5.29347295830962 4.25087396755847 18.5240376951074 7.30805311755662 28.3152830340948 13.8798345467409 224.964423867538 387.866380121124
3.77109643626611 5.23426387439806 15.6276048857142 8.96922771882317 21.2602587476261 11.7004986706692 283.050046359294 305.190092648054
3.00199132036718 5.89113737429 15.0000786528523 9.87265675639187 18.8378191290212 13.2943128785975 294.082238374886 235.948190217065
3.24896580234101 5.53453458157441 16.7787532247102 7.54139026514761 27.4634523938211 12.6540368695617 290.807289497721 291.309902800261
1.62173737936217 6.15599410952589 13.9887827834105 9.10239585808621 25.5528668838423 14.4978957731251 369.167934282792 142.395818151211
2.47566086125063 6.1826228737986 17.6287036019008 8.91819181206086 28.3593345926735 18.5760097823583 286.486225860665 255.865811879538
3.31157661268924 6.79785186463831 13.7997237173924 9.87675416886552 23.3040962860268 22.0997665854517 330.189490570259 245.577387722463
3.61621945575112 5.9817295150086 16.8351003975763 7.47886588364616 27.0773050919535 13.0902154048156 257.110755811973 288.883989621764
2.75023780488598 4.63476788938392 11.6087064134395 9.95634372256144 23.8610746713926 14.0264632614035 303.472949267107 258.840993158749
3.63501180412939 3.84135993365907 11.3993997233805 9.63519311589276 23.3345530356737 11.0177760732911 337.524032873065 262.800800243591
2.51918835131004 5.9648158074892 11.5727680921212 8.55079337875483 28.3004680873792 23.5805415963356 320.398708550967 236.886206792995
2.24817990949413 4.03565954301716 14.5682245374774 7.57725673009158 26.8438705558753 14.8468529927829 277.455843931219 250.381218546947
2.11451244435498 5.42399128933793 19.9764941172599 6.64706037394425 24.6192084055778 11.2483689624953 383.88337449932 101.422925055394
2.97282516053545 6.57953451799201 17.7428017854083 7.29404241118024 27.0886457620257 16.3488173068957 367.245399079912 182.648854833184
2.09413052760735 5.73919993647766 16.8961348693962 9.30497946022437 28.2024470400636 15.8896251061511 384.236365476846 127.771318635715
1.91093101605272 7.64164453455594 11.2497066473911 9.21699630432021 27.7374367221674 11.5640594884935 315.657345317215 241.302392787993
2.23483462129172 5.53896440558537 20.17837501663 7.78015947218147 21.8697941698487 13.0749539741603 376.529396774341 159.115527356581
1.32352329584442 6.63120321464876 10.4227740882734 7.33094694259183 26.8732827825573 14.134041210402 333.030321125195 234.784995251892
2.4066853194449 5.59812328724077 19.2329289294536 7.78745327932074 24.6366943849303 10.5167027488628 287.583795120864 276.116900060004
3.48779733974846 5.69377188534208 18.3576099659763 7.91766805667361 27.6353098401196 16.8453936963164 374.587073799244 213.208441217194
2.27973510463928 5.6965854231043 13.3000858976918 7.44231920669853 25.0317855923872 17.4319422922795 344.332290049422 230.770746448656
2.55404642353253 6.24343639824733 18.2488722715773 7.68252935732369 18.4112036155364 11.7333760496345 324.250017766568 259.485091541059
3.2550799692411 3.53598061048815 13.7034564397666 10.9983615953905 25.4431192093511 15.5324221560237 349.879077020522 323.942455086799
2.01292269625039 7.16775350802396 17.0835817794425 7.22486009741331 26.6219394186434 10.9446439475302 303.897594345076 278.851389160183
3.26408665508025 6.33470688779747 16.2827119331124 9.25507774362046 20.17141861511 16.7797686726713 273.581696544355 277.717451080465
2.05670354845939 4.91557735484243 14.6483800087827 7.79010312710546 27.5642128715097 11.5933826174451 365.225880505015 206.058996002973
2.19697684476143 5.37040751549837 18.6641995104455 7.21423266355333 27.1299771585069 12.6014773035285 382.846480003899 174.999109153807
1.82509917649616 6.40169480140376 19.7077478859763 7.55980691450938 25.5756150273812 10.8737346868237 358.448938709254 134.916837730166
2.95391260634385 7.08622535894711 18.6728947219993 6.86339449665452 25.2859984550694 11.9183332666297 280.422911145206 318.134199952131
1.54911021483285 6.71568853310701 18.0454371037354 7.33747072504757 25.0628506657505 12.4083062608213 414.212854981629 30.4433993477647
3.14450132840328 5.16150922001016 18.3133201294186 7.7380665416778 28.9054631482864 12.6495159514442 301.51469321748 171.27705325501
2.43045831855974 6.15923161951524 17.9526593556487 7.82712313072309 26.0479496762888 12.3888754773485 374.806495321337 161.468365843097
3.69644173796387 3.80061507944089 17.2033374978771 8.37678802311468 26.9543508572177 13.9243186420496 288.410743393502 299.695014125584
2.48493877947641 6.47191744355742 15.3232563637612 9.638486481602 29.0360854571963 13.7947287177511 328.25148165005 258.327284656752
3.05864386409237 4.54517678560531 18.2638998492428 7.77459134285994 25.8506215526057 16.7293347311856 317.826643455062 271.763548543298
3.8128066167217 8.00580641030562 13.5443489700144 10.3972345798676 28.4640192569225 13.1916812465505 273.757618379575 274.947686097026
2.66902169005887 6.83300631901166 14.6190483290388 10.093172206689 26.8963920128309 9.68481372611062 340.785616473739 217.505921038266
2.37373974281345 6.42024236415209 15.599527189407 9.12551398297201 27.4191905357529 14.8719709429407 349.930600555038 232.212268868317
2.41221787718135 5.2139774148153 17.9023949613998 7.51788575415548 28.7431141602957 13.1467897261456 313.797729380784 273.283873069866
2.61759708234503 5.77113807489721 18.033600138076 8.30814199989181 25.3967298430809 13.1473339642113 328.000539729832 238.338238071828
3.90205504710043 6.5964798660843 18.7770957755524 8.1655313988628 19.6534823819033 16.7349284050578 326.989047243497 261.916345962647
2.0317177611857 6.75277726347858 18.9665794119645 7.99683661390792 27.3820526842211 21.8718150397218 319.967725758105 249.088875993457
2.01299689075949 6.52334441123965 18.5447572357152 7.0503989249553 28.3231599017649 13.6625610077102 315.759323154115 285.597765113405
2.93516265994811 5.91388677397854 18.9811395909588 7.27350982346305 21.0453066685282 18.9294678958093 305.602411663854 256.165334580198
2.43381374488785 6.47635922560378 15.994110755933 9.08046590174536 20.4843375860313 14.0962313961386 300.39930276122 184.189160129235
2.73973313611297 4.39304792287182 18.397478035496 7.9877968526717 28.5153338149178 21.8137432731779 335.499972628774 243.897506216509
2.78973580063974 5.22663383405054 14.4783036794892 8.03740633423439 23.7512117842698 13.8732459997626 332.980964575539 209.494369130977
1.66380959255677 5.12242924518551 18.9578293173052 7.48847348124355 26.5769690869415 17.0922791424716 352.4497580457 170.891728095825
2.12833192816962 6.07438372451351 14.0545538533559 10.5448281599547 26.7487193945182 13.7779167909807 356.171715464003 203.188918915971
2.39864771310484 3.1037282771483 23.3695541797887 9.06602994972324 24.6390829853779 20.5876588066647 350.06181913407 233.3048736542
2.4875377255227 7.16883032991961 7.71634334579728 12.3650238361591 20.9733379222448 10.4986487891035 312.857268519182 308.404293348942
3.02525475482871 6.10712235107269 17.8290726129901 7.56125263320314 25.6931594388307 9.49023020422179 305.074447827138 252.998806889412
2.54612922340893 4.60351861805479 16.8493008404561 8.41079416751225 29.1512879942362 18.389744843463 213.962406740783 285.269581790249
2.84583442343678 4.03005950400717 19.0812890933968 7.25137674394556 23.4736472714224 14.5824743073854 293.879812454367 279.914162159461
3.2597804630658 6.40218735432334 21.9644074451415 6.2988847074409 20.1003771675041 6.73405645903222 291.000878226342 303.071217957559
2.51399463520275 5.5756765115715 17.3209584881345 7.87479550475645 25.9305950787345 13.1700389466587 264.356767163969 286.730263819849
2.53253528108886 6.60273735662654 17.6528328085342 8.02421275619032 26.9753851826514 16.5491313619666 351.826404500339 209.760786113418
2.05398332793896 7.98498228934062 8.3033704468343 9.0453965590225 18.3055588855871 13.3587453941581 350.14566331764 233.734385652342
3.72301757860668 3.82592482605654 18.9274424101436 7.84321203626617 19.0917403040927 16.1053207138378 261.565342715986 335.643558761947
1.67415168105883 7.60551787166731 15.6620776257605 7.69794284847482 20.7993577489875 24.750046165654 412.040617716573 100.82518494453
2.75529949897869 5.60892451837392 18.1039670177677 7.55825862131395 29.4400559410442 16.8732006481314 325.681012491543 169.292677058168
3.70438744204411 3.12784929006808 11.5662516900854 9.48097782250091 29.5610529294367 11.3929286805271 291.515141972083 348.59140498804
1.96220861724925 5.94648618810173 18.6286392216687 7.79427094189085 23.7693862831509 12.8146148926145 319.558593682989 233.338147447941
2.31614257767795 4.5261259388711 18.1130959711115 8.75681146845829 25.1251161138056 16.5729906573231 316.866830928367 264.291792449831
2.27614727351334 4.59842569147814 20.2361421608631 7.71533096016949 27.0899921706148 16.4899939021092 356.655598804165 218.629465914239
1.92129390199508 6.72424251630185 16.8300304004819 8.60465913320584 25.7712991258275 18.8404098921534 353.659293356312 248.181583389032
2.62923540311436 5.228175574396 12.4745372218005 10.0622693452463 24.2450592353881 12.5106609815864 310.277795150271 262.85891171622
2.46770197625227 5.15552182973937 17.8114980482336 7.91036684723869 22.826876885319 16.3393689245717 354.528028918199 195.853099096243
1.79689071385152 4.81180239010268 19.4048206116526 8.09160925426312 27.8447485572098 14.3658054821078 361.252454521561 187.585445841529
2.23009727259197 5.77645451668676 15.600441043297 7.34591872807781 29.0260339142972 14.3596692712851 354.312454319356 261.88714199616
2.13909810609405 6.03571962048314 13.8143962826592 9.45427758415405 29.4114095262432 11.7500895807701 326.605131491055 287.2238773094
2.68690382115639 6.53965156163658 18.0415696193004 7.63484322729222 27.5581092808902 18.4950743146185 320.007499092847 276.416693872108
2.38000388769713 5.41037156860903 18.7232332239885 8.4210428261139 27.7385413786271 19.9770388342083 297.086969692891 260.947139814867
3.07217326844998 5.56537368120321 18.5979366231772 8.7923274382227 27.776606112369 19.1828338791657 343.190811072692 193.517187902228
2.82826687452976 6.20810874213399 17.5348484281151 7.51238792241047 27.7224365946362 12.9775760505112 333.927800096237 204.986588130154
2.58794281267685 5.08861979183385 17.473400599945 7.82895140244204 27.7343641176577 19.4027042858768 302.012591866573 270.012282084069
2.34350323094036 5.89082364261865 17.3524182966204 7.46816052034709 27.944066436112 15.4571381504701 276.106262798736 271.501705370052
1.27211040128801 6.1809562935731 14.7998881900993 8.43055239218872 28.7340875138762 9.95646057311427 313.492213403538 298.814237485692
2.17451827837371 5.65377529820108 16.17414472202 6.4043602333527 24.9879890414243 17.8573586919102 359.082030073258 181.735004319086
2.10674730365931 5.96402870460645 13.2646283710612 8.42721978761861 25.4356846417534 14.2314887113274 315.841697631953 289.506035588178
0.817148986807733 7.57693208778715 14.1906195497986 10.0020709075918 22.5270607861052 15.2213093977853 382.97194634492 181.513564381188
2.36112553077207 6.08932555834181 17.7493510934665 7.90705435909421 25.2203130478667 10.3663107558797 355.760028615573 183.807868926041
1.37781745422305 6.20162216372859 12.5912168368155 9.39102531423334 22.7177973626057 22.2719005939524 371.912445403477 175.187338160546
2.91325817493113 6.38141016252423 15.8755678366437 7.95284555373738 28.3190188017023 11.5423118800482 296.673383026942 259.662494426002
3.16291615682001 4.61677836269817 6.75207826389506 9.51251060890421 25.6955827493625 12.4910460788325 356.86529204971 191.303772974985
2.69717528837347 6.7034745953601 16.5766035767101 9.16964015640914 27.988496149377 18.7953878337334 314.593058975954 266.599045341341
3.04007371541867 6.86990088973426 16.2086599113282 7.54829268231388 25.218641805225 12.9353843753034 359.001592334989 186.620293741873
3.6185982201499 5.26464850879444 17.7358682325686 9.66102303722083 20.561489277982 15.5265919514407 317.1519930329 297.315965460926
2.11290182365929 5.98923734417979 15.8424905170499 9.88084912916036 24.3505327069102 13.1783344805378 312.137919428667 200.604890262949
3.06337282291394 6.59864943065586 16.7328979687393 7.84512987899292 27.7318012600184 13.7766067345877 303.08921663809 247.527602125692
2.18551546365515 5.23178177671808 20.4871805268536 8.17991649109067 25.7279226907301 14.0142384948535 349.446353615963 246.006773148322
3.94825382768982 5.38581171813592 14.2268568861834 8.32083019483784 20.0311398612566 14.2585506690941 314.184743178625 239.451744354469
3.14132212903297 6.22394934291308 18.2301116972171 6.57265510266746 29.5241194498177 17.8515694330848 331.968516197885 162.605669407173
1.58281027835605 5.62983062861653 15.3417191694016 8.57774598312626 27.2844205067973 12.6891860480111 381.436030227766 152.155652373431
1.66979127387812 7.31485353796598 17.9330237149637 8.4800661291705 26.1634394228745 17.6746099016649 352.595487232498 187.41712054216
1.69652500601393 5.78592616672622 14.4291653757738 9.77360233467869 25.336550161006 12.9098901716359 323.799156306697 292.151628956174
3.1696289935727 6.91835600372498 16.7141661532859 7.42247368309796 28.0670159923969 12.5008741064682 365.90067267393 158.01447680453
1.72964351201869 6.81571538883302 10.6937607727945 11.1036391929767 27.4528544059904 14.4469888429588 318.312328504197 282.22478396652
2.38277748338639 6.23222024954749 16.8531523439623 9.32115737302464 26.6427354925097 20.6965483113247 351.015981000402 182.882174500158
3.1029303297516 6.64910878266327 15.2076089352514 8.45306026967858 20.960174640024 13.2512528836168 334.652090603307 253.559274630882
2.51940465657816 5.80042682349146 15.5678986716121 8.83931317324505 27.4871454245423 10.4203255303695 362.132957678688 218.645912229608
3.08548640304872 5.267582230644 19.9651234111417 6.65725103861 28.7116777856267 12.8688283758371 334.082842303044 241.097225437649
1.81729027521558 5.34101599051607 12.5129808512659 9.28984912780136 25.1897795435038 14.5212101022576 325.601952010545 180.49001101328
2.78193322907169 6.80933016115501 16.9067468307437 8.0456578944381 23.3597337878429 17.6819291567103 371.323646066075 186.197385243354
1.72322318438113 5.70628045464404 17.6063733812878 7.25546694412364 25.3585027191681 11.6400312564341 394.049533898281 89.2586610865294
2.5628242309051 5.402329462791 18.9971791977247 7.03694384023397 25.4366225749793 23.1898623916632 340.663763222473 139.255210083935
2.07987322702652 5.51543091585378 16.5393855011189 7.78626483875947 27.6239134537136 12.3077679001012 357.385547571962 181.41883099684
4.30762866020684 6.0077858668072 18.4772590323411 8.03730014524507 26.8968284601908 13.4505178936132 274.009352372053 318.251662107762
2.70429885384339 6.72766852960878 17.8126285972409 7.55021135702392 20.4462977315948 13.4889707323887 353.288313007908 212.733083130657
2.85986670073234 5.95434178109084 16.8757367526311 8.48813057724657 22.6538624117977 23.8164063414525 368.814988072636 208.074165061617
2.13181966147579 5.74786840973402 18.2307231348725 7.35939087415647 23.6960511740792 17.4682901105446 346.654078143532 224.835035983177
2.70792795051465 6.55794178429431 17.2506532731099 8.42905824978368 28.1834723480481 13.9587050688528 297.842246791835 268.975237262795
3.20531297998353 5.0997279464766 17.6069751583472 8.5800056800582 12.4923849253479 10.4779242639345 352.662276334234 220.992215310611
1.87346347867067 6.54060547003637 17.33346520008 7.2923360928788 23.6992022493143 19.0767410257085 292.735019063876 288.697497805453
2.20997653869941 5.75400576215868 17.5956280683906 8.09294477432972 26.476774273565 10.7788196873252 374.918449472386 169.351822459103
2.96642629804171 5.22838406249982 20.5912323885199 8.69339784486831 17.4142593488405 5.55218174032905 330.804625555041 280.371792069258
3.60912047903436 5.43567346411385 16.1415525667212 8.97184919001069 24.1350354194951 19.7821434997622 315.447320003451 279.882308303619
2.05171463802168 7.51683976114488 16.9223108192895 9.88201071208497 26.8135242480148 12.5923660310047 336.39892856903 265.458031898617
2.17103457635873 5.52219550787247 13.7501450729288 8.96374290736943 23.3743789224921 16.7940351544122 355.225820558344 172.771501057741
2.0699083408501 4.66215267795914 14.1814762328458 6.98480282285845 22.6427546437423 19.6611789470457 353.816513592259 232.405189365037
2.38305607185748 6.05374750262339 13.3497833331969 11.791285819383 26.8976346219777 13.3073055848803 379.076920307301 216.069482062923
1.70962225535736 7.12642123532374 12.9752140341728 8.75140065617281 17.1064209254326 10.2825510447542 381.466114935647 161.455628032969
2.69518627504865 5.89680828710639 17.4104542060666 7.13816962421138 18.6747074696925 10.9034522460863 363.065697283918 206.917317025196
2.9144160001002 4.48129153108671 15.294385664716 9.26795444712656 28.704681421351 11.9768113490253 293.717225506455 246.806387462631
2.81927778042687 6.48639127965971 14.1209222389177 6.94167973076402 25.8661233536534 19.2811866675231 342.689048299342 186.420031525872
1.93665589872219 6.0544853660864 15.2250603206545 8.89912782131615 26.7680324034909 11.4607844891745 315.242152754883 291.30435995406
2.83450206216649 6.02037251118503 18.5933034151292 7.52505915487699 26.840125748739 15.1782101865939 294.640995286161 272.522279554425
2.04037487076442 6.58902347875704 17.6180222118362 7.6619869986364 20.8142562567002 18.6404038919311 397.668006153339 114.451253374019
2.60114493707564 5.89133163285616 17.5884818386371 7.91214261822755 28.389031981785 20.8133602543954 318.897101192196 257.879134197396
2.12348375375164 7.01425898844056 19.0787428434059 7.26194454255052 25.5332928304161 10.5846353335701 314.35998102714 215.12989914472
1.80388733580088 5.11094045286668 18.4204768636228 7.42178284993195 23.9239514882976 10.7277589366142 377.273201410452 154.356075846447
2.91947797935245 6.07906878524755 15.3395815038066 8.62403095641635 27.6253214631351 10.179136201545 353.802187902225 240.868542291365
3.09254179547474 5.73392819604582 12.9453916705723 8.9559290027245 28.0571279858994 9.49897124636929 338.219122783311 236.885057606284
2.82377866200546 5.59684003321745 20.0970037143721 6.37807320847588 18.7957136084593 19.0498658940454 296.574104861661 282.099249160075
3.21184300829895 6.58155288256092 16.917888485511 7.64175787047639 27.2935033273858 10.7871237082469 357.828403846802 160.263080589742
3.00547063889255 6.25616629725779 19.7518788598743 7.29068768367406 27.7433743979854 15.9975698838952 254.78575702789 290.037409957398
2.18069878931962 5.06651905493174 15.5065937577298 8.40522532724685 28.0536817757962 10.8711482504016 325.691397043386 175.93330932303
2.32556979866172 6.60791107315644 20.5400488744909 7.79353340437748 27.2308248502848 14.4077851842098 370.5216645399 163.649724579193
2.4990226450317 6.80282958142505 18.59841868537 8.34017411526744 27.5120988499365 12.0206422241901 387.114991049964 125.778629855752
2.47208395015704 5.96822089865773 13.8006111856943 9.29017639690408 25.3961241711691 12.1093528015542 287.621066372052 259.367495461939
3.79015629339176 5.98666307018307 18.7238145282341 7.82487965698223 27.9408774205598 11.4002252193568 253.137231840968 261.882993820715
3.12315145950826 6.18817681128272 19.2244267275405 7.73480780247852 28.3097519881091 10.0551444103406 325.053329044702 195.648118500607
2.47665509634846 6.34062337945977 8.22553925698511 8.32677350475379 23.7878193647214 15.0523683823047 364.786751783439 200.730380408146
1.71341121437498 5.8734006047391 18.0465393424914 7.18709135670528 28.5772775423518 13.9449824849628 370.320464799703 226.313900850622
2.54358277927854 5.35776366097464 17.757196304578 8.03003191933783 27.4047067202684 15.7997787759495 345.385456678064 196.980282246558
2.39470159371993 5.99334151235128 19.5589385125477 7.04150397397053 25.7673237551951 9.72215896793066 365.515659173554 157.67943937601
2.16872666012006 5.18664233981585 15.7700534297426 9.59320412228935 25.5917335266503 9.0201477700231 356.457480200422 227.627972746172
2.24545646982432 4.10468117260528 11.7486404752832 9.8136630607447 24.5439320919624 12.95084129064 321.393748766401 279.249179275136
2.58748063364374 5.98884191505469 13.1345974957813 6.37785109518436 24.4386531395957 27.2211233951268 395.59636847679 208.130031179096
2.75075123071539 6.72109934601307 21.3049423298853 6.70132192280629 24.7341153680558 7.31018018093328 359.712220151268 174.828337755343
2.42636258599789 5.30895523474984 16.5066752378972 8.85082911391869 25.4352427192157 26.3355619243133 369.015305511897 162.002335894631
1.55193429079819 6.65067474047338 12.4906907937456 7.42932994275779 29.0047702737972 23.1191276351953 434.175712107307 122.487499243603
2.55779578844611 6.35400071723091 20.3053049067248 6.12278989153295 28.4423630835659 15.2872096420078 349.670075825679 155.295454110347
3.97358258837867 5.41453008614979 20.0315177996644 7.74402057797791 27.7258057149066 10.9451749497368 335.340672012777 262.381149733032
2.62739347151988 7.07119208518484 16.0445825752986 8.56433701827278 26.0730237326297 9.61500835719605 337.703627740401 259.13572180585
2.2517497736289 5.15054848743165 17.7984869555529 8.5358009290636 26.0717321075071 13.1603404820153 300.307829720119 274.929457190712
2.27272082657727 5.71388049468811 13.9159121583701 7.43915727062589 24.186638921466 15.8276250100328 357.559692191301 155.170626984917
1.89544453793092 6.10871069641638 16.9588651715158 7.35281667280322 21.7804764582342 13.8600589525626 314.807187801139 267.778862754914
2.82332357378359 5.21814007568999 13.5061595529544 7.94019114144792 14.5769019038901 12.9977533460626 250.55285873932 273.844444801546
2.76354296762343 7.13218758692852 14.5123604824296 7.85538281736653 27.243494568886 13.7191120241379 364.998315138827 233.741138812529
2.70994069493637 4.87312008700706 18.9648893396959 7.20877878917226 28.1856786293407 15.4869558935234 295.119916298523 276.639132021825
2.12857142577572 6.58027370509423 17.2715134948759 8.24144907997266 27.8456855238321 16.6549044169245 367.463271236479 151.511107446127
2.27887159043359 6.06818915126542 19.3669754434986 7.50541522065992 15.7259741056793 9.16503237603887 312.70131784689 164.294805798385
2.13900593775264 4.87062699692577 15.3014441979384 7.57541692629672 22.2408819347397 12.4316490545454 329.424875946032 221.54083567761
2.47084419082041 6.33263986525778 18.2680857634881 6.9514829440848 24.6366335360906 8.6884489325102 277.83140949024 224.301273009247
1.75258172424362 4.71813843945954 18.3607946701353 7.89544566329248 27.2134456001244 13.7597635788837 387.203569097936 199.926467629934
2.77885630065584 6.24547166448238 15.6446907975357 7.48248388881431 20.9389798731552 13.2292243667722 296.464348260465 263.131399096589
2.32723807320506 5.42930787594852 15.3541476534374 8.21431031297904 17.5061504579226 12.7603958874405 281.747299452146 304.372922780355
2.4814149560493 5.94074153473099 16.2519156297941 9.10986071656194 24.7876737378579 18.172327587326 240.283108817704 299.253730945463
1.58660946556146 5.77186389742067 15.2990898692772 8.52479158101112 28.5687868625693 18.6033002411718 362.06384782495 138.837510683031
2.72140793492549 6.9186389724294 18.2846971916401 7.73732894731987 18.5040490698005 12.7877381489483 348.51030677681 248.58123679027
2.09987366682339 5.24451557302905 15.1781985923042 7.65358390992453 25.6320315775678 13.5802192099407 328.802306748959 288.303355846173
2.2863888787352 6.50559812500164 18.7666324660144 7.31982795377829 28.6248098626913 15.4124074733945 366.911611930624 175.690115345582
1.91872059999737 5.69510734270236 14.2361925704218 8.13080984712938 21.8847911790824 7.09135547075249 361.620483611509 208.681337058846
2.81753752012705 4.69340014203761 14.451507976412 9.26417094605925 25.1317909267074 13.6597288489457 313.882559279651 280.834477215315
2.70711789534466 6.34445061969266 18.748706742398 8.2363646815808 15.5564138889013 22.801451960055 359.418767240096 173.27421898393
2.07884051378048 6.66866425423113 18.0415296080487 7.20619321241999 28.7992888672856 15.3461364329668 304.460525497374 256.560578055287
3.0236462961722 5.05872123015684 17.6617687120468 7.6681975824925 27.7959207005574 11.2360062729371 316.464974788183 274.123448762864
