16.6765688079771 24.5069202293328 1.84029747441023 3.99710807061807 2.76885620189505 6.39220154180944 62.4979945264327 80.580320543648
23.4400148038053 25.7890610058808 2.5159605539067 4.10244023210057 16.6233829300473 7.42007400147865 40.4918762784151 33.1464128173653
19.2039313793931 28.547728898803 2.12466791352186 4.91178966641965 9.51000582951452 4.78902419301828 62.1161581405308 135.877143898124
17.6754096285015 22.6687949517034 2.51534161436885 4.32607894737797 10.4893884582556 5.14959974826969 92.7530700099711 84.3561281627064
15.9356087129103 27.0838880276349 2.6379854115662 3.65577847059534 6.70857239477283 7.68996435713075 60.5870189284828 20.8862672163621
16.5572512189102 26.4472800637082 2.64528647080599 4.09366981728041 17.1918093611946 4.43946748312501 138.765044872632 28.5063762429091
17.6193579733856 22.0081720627229 2.86178815302988 3.54196363749789 9.81820375979728 13.9331905659838 69.2523561079697 57.9393564937964
17.3840347698978 28.4037291866768 2.02855970743778 5.05224582719191 8.33878389335297 2.26536039835639 65.5761864749531 76.1512234714211
12.0937033766553 24.7207893859705 2.23486714260927 4.16102878878585 6.20940933853348 8.23617441692439 35.6519535636762 92.1196205347054
15.5067549569351 23.5911970933128 2.11791229151712 3.84669716605793 20.1590328011607 0.787222977036954 37.9360192596742 79.8005709016978
18.1002933115213 27.495528630481 2.66556417740249 4.5464335819697 14.9008481703099 5.38179657710212 104.466366004705 43.557602528043
17.5457188085681 27.4564071277728 2.56386341697787 4.66790031104512 24.8094493153026 11.9094075651559 8.48484894917139 75.0810221247204
15.9505830714878 26.9180011748442 2.01932999825577 4.07814937175882 10.7320180781768 1.48054015769723 148.664448299475 22.9889142426428
13.215985931203 27.6402670092898 2.40247186878163 4.13746429565763 14.4941174262522 2.0906810396014 318.052242580236 34.1079147294248
15.3213655469848 25.3901418636036 2.81326818528504 3.69233167431036 16.2332990371602 3.88275842266972 93.1792229649667 43.4702182729762
16.9898549984704 24.9248842898238 2.65246930317431 3.45402627838181 20.6959004422811 6.63268615299339 109.381291691319 23.8263021283042
19.9992032268709 25.6040937305912 2.81198874192029 4.35604971390963 9.61451444903686 11.1386721985784 19.9621119070209 68.2579792653049
15.4532330675101 26.5721636143724 1.79113869889521 4.02993003441888 2.2496313874767 4.30235757063482 49.4762139388135 62.1557959963303
17.2519728179469 22.65942750443 2.60783588227056 4.46419788137793 7.10052674865544 4.54453963672774 130.694809064468 47.1894018286269
17.166867837292 27.1180609031659 2.48749118406842 4.56193282590456 5.59115034264959 20.1787272904078 3.50713185732725 67.6861021910063
14.5682265258993 28.8320075777386 2.62317536051355 4.54043164273953 24.4684053432644 12.9218853635223 55.3659388672196 87.4022308385602
20.8030790826428 27.3446910150555 2.67000226089378 4.52136822715192 16.2849802409745 4.42220401655368 88.6038131376537 42.0756056105857
18.1310075717904 28.0992070086014 3.25425838461712 3.81800984686242 4.05428729552269 1.03737152499535 66.344211319939 23.0723012730144
14.6589348601667 27.3323761858445 2.75089059771811 4.17242489789463 7.44255818858659 20.4775331188883 120.688711474085 24.104327331496
14.316881997958 26.0175214699031 2.66651344166368 3.59369201718293 25.0020774948081 11.2340818778841 42.8160514590613 71.1012905953128
16.8821836931699 24.447951931196 2.97966666538122 3.61542189180281 6.78038515499318 29.4372845107829 115.850790362744 31.9663482141315
14.8615321706284 25.8534699894561 2.56604961034715 3.80287654466615 17.5814578877315 0.402784069520465 111.373302058579 58.3009793157043
14.2852239143046 24.8194564323362 2.21853067944254 4.08271157865996 4.95846923904551 8.34886694463789 66.225845752693 60.0007702643282
14.1643396913682 26.2908339538192 2.20485622218754 4.88693431450297 5.27391079620056 1.56603492583764 99.2106626399893 45.5403180141787
14.7804745013807 25.5272817560323 2.25588951862226 4.72889540208402 4.61958178778156 2.23110189098362 61.9605929264097 69.7920973800211
15.9242942752729 28.2761167728875 2.08189010774718 3.90027633544723 9.99209028826249 12.8744469095378 83.8121714360089 66.9317084623218
22.970837782354 27.835304218697 2.66637409257894 4.50528666713196 24.1994157733114 5.56477106736013 71.576172097124 59.7260213185024
14.2048926474719 28.2311237054751 2.45779087643497 3.78095623769027 9.5270845929164 7.55000322501025 116.705174696994 16.7972054173048
15.9798684514775 27.194699999095 1.95727616088863 3.98855646904604 17.4451515305694 8.65057712762237 58.6915328478154 63.2496520126854
14.9638250809427 26.644815144339 2.66397883313896 4.577415496011 13.4578861354866 1.50666589766316 160.969619591624 8.80392231506945
22.1050848840346 24.907354159497 2.19522786880156 3.87775731619293 10.167266438032 4.57498098801543 102.479109730301 29.7402675168325
14.6768114244768 25.6349354750323 1.79956210648769 4.6203640604496 18.5710708031972 26.081023940601 96.0543978854724 59.2969747653787
15.1391837884895 26.280124224585 2.23190836997672 4.96929071311069 22.5236669229097 5.63253830389877 53.6900349540115 65.1597040621995
19.1583705066837 22.5967400033664 2.73756030397431 4.36029748517204 16.193769306094 3.13732703946655 160.333258147576 14.3272501174508
18.358466201671 21.9600502414784 3.09393850772522 4.37751429461744 26.0906802249982 2.54708178961379 150.220935341766 34.0107212853783
16.5910951482373 28.3355207893111 2.28329029481206 3.99861278621757 1.64081811967929 19.9364149765518 107.579141836815 66.0535431181612
15.0720326886668 27.098242052062 1.99271695874978 3.73612848928065 22.5372236111622 9.88857653615612 85.8062233961277 29.8470277910042
13.3169824319458 26.6747435290558 1.70177251046428 4.21617981100986 6.97848033117862 6.1337403254057 51.4251743962097 35.4506048886451
15.8481485829019 27.0172872145702 2.16313963164506 5.01990091843893 11.2624126081236 12.5742282849412 74.6035552469427 62.2864936736072
15.4006256680797 26.1302988999548 2.43113533970148 4.65608834518392 8.63817933962672 8.26875582909658 117.401281793433 24.3875612429603
15.2388125933396 27.1816749299421 2.49132667852403 4.45198145839658 11.2691654992844 9.53535813597467 94.3542137412304 40.1576070734132
17.7326810708856 21.2957575212921 1.75765482328657 4.89954044642342 24.0216474201037 22.0056026036682 43.8849232375139 92.4045637038286
14.2158068763903 28.0917396754082 2.0009900754035 4.88257659856242 4.00701169970009 7.14539706891791 91.0408733971866 36.2774277399294
19.3419081372685 24.7256217611685 1.60731348153253 5.0306270768153 14.5904374330586 16.2887595433806 16.2424090030137 54.7755319586575
16.898536481444 28.1940970142874 2.62537651047449 4.74165989539935 0.877138165682016 0.785364059064411 221.649453708816 24.7924351593167
15.3090964159389 27.8469002786304 2.05127212757003 3.85095455373162 18.0488979096566 4.22779115194628 128.076938427597 20.4505223419815
14.6492990637395 28.1703214628236 2.02487832272026 4.21597250970087 5.72075784980199 10.0765474473599 104.491345402353 42.1753507483542
14.8432368777113 26.9621402898123 2.63956879869619 4.00023535663976 1.70826471426262 5.85728138281718 27.0141958418757 69.7955160295029
16.4307422482406 24.8832522425716 1.97241244183553 4.72001087993818 21.4598853136079 1.05154214877815 55.7589050299089 83.4016517118651
17.8972795443044 22.400960100211 2.02849159105186 3.44137319464744 8.37119813354108 26.6862989793543 93.473409633136 28.9766688455487
15.6305152510204 24.7273004654963 2.72231604329665 4.2686310842039 3.2055205788409 18.3797987772238 81.168803467615 50.7469768063634
15.0736437356313 26.7380140087386 1.57890553493109 4.74190978614066 12.7241014105404 1.29847662095186 13.9993002533378 104.241920755566
15.1741436845895 26.4833053739156 2.2565080160469 3.82508275611437 7.5855176531538 11.5870203281788 134.210148356014 25.9326028406305
17.3589487896913 25.3118879891505 2.72683493777456 3.81364314828994 15.3606898292934 17.4645634274867 34.5947170941009 90.6740015461149
15.0676883095434 26.2728587382251 0.70844421974254 5.45279474793153 13.2381842993598 15.1380908678263 2.41866823141271 110.640136291992
20.8335199001379 25.6066486655813 2.15273154828259 3.87130278050837 14.1527561932343 9.56265021663084 94.1334692390058 20.5486987370359
14.6298100739222 24.1512133311726 2.29254824877671 3.62385336297996 0.537026653267435 6.80276424251171 90.0936850531608 259.787779677896
12.8691072707137 27.4469059578354 2.74079023974565 3.71958955113035 3.56727757916313 13.4503938950862 136.906181416176 30.3662607456865
15.9355235301182 24.868862255046 1.89369325164366 4.33404451259099 17.1161255841674 2.07821671594393 103.898734138127 49.9297548534471
15.3447503549943 25.8353125708721 2.0833752040353 4.1156267542431 23.2968291456981 5.0042949093219 32.047443716718 71.4382122402093
18.6908186176179 25.5145106220203 2.70379172258196 3.71320694294626 12.3329553286104 11.2286020095792 51.1746231095512 3.54228806523274
16.2676810531473 26.1302327556385 2.77456968987127 3.02373129326714 17.6200708437947 19.8327614016644 17.4325525219174 15.2979135484917
15.2298058037708 25.5438996135224 1.45698524321742 3.95838244082792 16.5182186759405 10.2768377675867 71.0188741729425 98.1514312007187
14.8764005221623 18.0345988517508 2.48586552927452 4.36623831988426 6.40041293741051 5.10412417201182 86.7058126614963 38.5923633878698
14.5089596339243 28.4136567502381 2.8519429624416 3.71205387218635 17.4180863588757 17.2400735404157 95.3583364819637 36.3269109421646
14.8816378857429 28.8715865389822 2.30568032109282 3.8840786770088 25.0094056778254 22.4650698854429 187.491949639829 34.0891280055552
14.9002153938217 25.9864887295647 1.67297731965762 3.8620365269794 21.7287020265213 9.76960193537237 157.59529705107 23.9773764565441
16.4114807192956 27.5555763252785 2.45284198942661 3.92247004906126 5.91509925374073 8.28470554153698 10.7188360846064 122.913715820044
15.3989000366097 24.4941869658489 2.21028825055438 3.61449386555344 13.7500335002715 15.6457868417501 110.853498487386 27.6892625010674
15.9466096353041 25.6786711204497 1.92517779000149 4.40805876652935 8.75307956675926 6.57027024753217 128.161454183687 29.0799239335717
14.7601542359917 28.0901989207415 2.60985112591996 3.73385504782353 18.6977347206371 27.8659815967286 151.237913731824 6.81633747634462
18.9602761968624 28.6575836747137 2.40150349126023 3.60010384998341 3.96607328169035 21.6548441505456 140.176071925704 20.0055315853504
19.4911313761044 25.0402337811687 2.64440128463011 3.68783761911285 29.5498599587014 15.2316470535945 11.025937779924 82.8713683017463
15.9240499143184 24.7832823566947 1.54979669292452 4.43189227683994 9.30867456975566 9.90121886347444 88.4355643552438 56.338049163074
14.3605216847496 25.8659094487862 2.48969441782621 4.95566345412066 9.72106186351568 6.98390285612429 161.385743479849 13.8132158548589
16.2599621117386 26.9062758264883 2.49654463760419 3.5944951290725 5.66934946142749 4.17854079302632 97.5812140844065 8.92706902958522
14.458678083383 28.6994802071607 2.60737577737753 3.64911978353403 0.506340090639087 3.32666062987668 145.948000338073 33.7017419847692
15.3350403995032 24.4388103794265 1.74756955751784 4.81450406374052 10.384245162477 26.3033049651906 165.377671061464 21.4078326975513
19.5792554879848 25.029197884567 2.93597351422695 3.93720466163932 11.3691676549968 16.3746370072683 84.1560770204466 36.9725821637537
13.2573110457967 27.2851837454048 1.76273642182754 4.34579171004717 17.8172388381276 24.7684510585771 10.3132448820493 47.2898995194415
18.7151705080181 29.0781073012662 2.58792674904643 4.47637476879733 0.456679990749186 10.118473844623 15.2317420881783 57.4126751751565
16.1602673609237 23.9641322202454 2.92874193286817 3.6220169812057 11.8906590559517 9.31173450615561 20.4264100239673 60.0052502066973
14.3184447189299 27.0194127916744 2.46295145231952 3.76124802400008 11.9489827404658 11.8992024705491 20.8784615029202 55.36811649656
13.7903883960045 26.2438998478077 1.68503181204538 4.5632580560331 10.1526417290809 22.7000155242489 103.787783503977 50.1322601181545
19.5957221549207 24.8968524798378 2.52561369384332 4.2542637596182 14.8336836021137 12.2388549729718 76.5101030666432 54.5475110638843
16.7023319479472 20.6821637420012 2.29311530382412 4.58447120130096 17.9527941374392 3.30558606422922 76.3443081730566 390.538527574429
15.2366530134297 26.8468919763705 2.30486483664063 4.52391180805728 7.37716334433047 5.18920828115012 82.3750632387263 45.3524824034227
17.09505666218 24.2810964364986 2.17076316248665 4.70559280361488 1.88364272576171 12.5547216684914 87.7761427036304 49.661054893128
17.7544207262254 24.0047394629808 2.62788203626958 4.24125974534444 22.8518950531037 4.91702138947007 62.0207900502453 58.5588702998125
19.6631450391942 23.5759214033473 2.69803141294881 4.31281367752676 5.21203838565802 4.4444673770911 72.5785491842345 59.0990042372257
16.9288524958282 23.362724162167 2.2477750961567 4.19861739816335 6.55197263150815 6.25963636981716 49.1164370130255 90.2884659294336
17.815468219307 26.0901139362581 2.67888525098462 4.63511414031647 25.0069601137204 14.4210185889248 133.055821460196 33.8437809110778
13.6135843795247 29.2099649409426 2.39145743234988 4.48848938824176 9.79668437042315 25.8140684946355 99.3947853802418 10.0201179058353
14.8572787020139 29.8124743526593 2.62419149684736 4.64990166162891 8.0688755268704 12.4900671267391 72.724989498513 73.5304034297341
15.9852822238053 27.6555701628782 2.15617101663842 4.00125179542665 13.0155910386893 18.763318388023 107.870026148776 0.503063928247445
17.0009358442351 25.0171648966515 2.16114155373336 3.83377476967716 13.7726983395178 13.6658363210806 72.998019307038 57.1782503135848
18.6902626742449 25.8700550689972 2.30783215503556 4.3720382960334 7.28498292277788 15.6764770024438 45.2778058641107 59.2442948543742
17.2418704790605 22.3153005521668 2.13268429379743 3.31979487431083 25.4755485689886 1.61079664800595 42.6314532104342 101.223285288933
15.0464499208809 22.6727552567943 2.13021016677128 3.67008324049655 14.5132020892292 5.58526849537034 134.503123203834 11.0200677346896
17.3582564775865 21.2582553665368 1.91779219159483 5.11056342917843 18.9648878623985 8.17957721492106 89.4675138182406 63.0919881585913
16.3366866048705 27.0919681154423 2.59089008115394 4.4718016802517 4.69957874464001 7.3103220186658 131.593695214494 20.8708430632493
16.4058256098623 26.3101357643479 2.65370624836882 4.58075723411732 19.1546601875135 9.94725782523427 179.1116575648 27.662533400565
14.9533388936797 26.1590612717296 2.23177352544294 4.07840376098472 3.4009056419761 1.26439620017901 55.6359351688267 101.786537473494
15.4049141661605 27.0735634160491 2.42122291941939 3.6829414016644 16.237191822378 12.2445388049906 80.3522918228363 27.5703134396041
16.7963537928499 28.4590748904263 2.65730108633516 4.1912337973784 9.14679732877876 6.8994014069186 22.5211914463063 45.227287527233
16.0078152298451 25.6138884471986 2.40466262207083 3.88473634114097 18.4762777941356 12.9771789221811 81.4410095487392 56.8699716203262
15.4976244283478 28.1027689344557 2.615406757845 4.36024782842308 4.10855912056532 6.70095462782024 137.197870600848 14.244112763938
17.3167318383362 22.8818399868346 0.683636181289338 4.73572318328201 4.7444181506018 0.628132364559115 41.0286353399221 90.3142004776491
16.1457074485149 24.7338854683625 2.8919883803939 3.43200678452238 5.16885680385406 17.3887964923994 44.9881441489765 47.0289347381447
16.1187162447204 27.9218217890489 2.09557924331602 4.39818067936987 7.61179802139613 11.4272110654355 49.4688195063109 36.431968049368
17.9397050833732 25.2907541239028 2.51463921959112 4.62700250996718 12.1088258136631 4.52408232414077 49.8520100593364 110.493480049027
17.9012847751334 24.7020455100927 2.3208009965621 4.2136840125512 10.5660305201904 7.59422069785044 60.8241658689164 58.1539018462581
17.6424020997537 27.3683206184951 2.572773176701 4.27676437350803 24.1801003497363 17.7883250775267 101.533274429282 21.7233716936043
16.1671564918607 26.7100498100756 1.65252015374895 4.22035697631288 28.4924782731991 15.5180952916802 40.867334021501 39.3226448644071
18.8861578789345 28.1453398553758 2.29556095297274 4.72748304637542 20.1531309541916 13.6247468561727 44.5962527621142 68.4253386334094
17.3013784670872 23.2095843399991 2.51652286832964 3.57281322801438 18.7867411487847 2.27750147305551 44.3593454808413 57.8486625938263
15.0385278844217 25.3643816885115 2.71395677287519 4.02887987897945 7.42212835482059 16.9361932473864 100.111008080593 33.9979848856267
15.4876317610575 26.627596387602 2.72124834810331 3.64696009558909 3.05873391568978 15.9533831975194 90.8991085502664 24.0452328376454
18.1688476000433 26.7658262029742 3.05049313556085 3.95254499144958 8.72267825423214 6.46893685719629 158.1180321793 8.84489208514848
14.9143484836877 26.4096490373504 2.49850609396344 4.77099658765788 28.2077772983175 11.410139937803 44.1745830068776 73.4202902541815
15.3820316854696 24.8090368469634 2.00843932385492 3.69960587804425 4.84364727521852 5.65438717537627 54.4683564167638 39.3134588502356
19.73036546078 25.3869116052464 2.58251829281037 3.78540449939071 15.9668486034691 12.7848362193512 31.0625734045489 79.0705243643303
18.3162856046327 25.2875112202411 2.76369564046443 3.77736080099974 7.93406932100999 3.97943533933887 113.221156462297 28.2296431728657
15.7359994249975 27.2320448697883 1.93328238027737 3.72174839492812 2.54657554943407 9.48599184268921 177.723471193594 14.0000019273037
17.0195166780912 22.5052933418317 1.68275984642729 4.10297569464907 18.1520297082158 16.4651472869314 11.1328612745948 101.853460336344
15.9244946329061 26.3132491447222 1.71322169295296 5.16297216638279 3.20637301228583 15.4125515194231 19.1326177603012 77.1328334327777
15.5356298065101 22.928697608368 2.22054064034471 4.90732359289913 10.4652307441377 12.1123241699768 415.171883794374 25.1812413109119
17.631489991967 22.6246835028572 2.93962047403724 4.19477604771203 22.0597344437806 20.7046174143766 44.9859975785157 77.962227708022
18.1667287147652 22.1536602462469 2.226822641037 4.94674855742736 11.1074097094682 8.52376787774134 134.242288048527 49.6349972829605
16.5913493431269 25.5171816803149 2.22855508300458 5.02734411793392 2.35775403142148 5.16762258870139 219.229012766919 32.1416423484866
18.4032679568774 24.2167897714605 2.05519837161768 4.07944203424999 19.6417691873911 3.84163800359874 37.1996118657217 30.924852872289
16.6906935812445 26.5646463168077 2.7678336017576 3.96315057548763 8.97140346266118 9.63650606260882 45.7187323649447 53.4440861764364
16.3411056056024 27.3825889047033 3.17560897836949 3.77507343031458 2.72264920222715 4.48154933519117 58.316239066514 62.0506125257593
14.1566182720563 26.3166451677129 2.72714090994894 4.06016226837909 9.77010123100686 1.91912804886942 147.692349880141 80.4508511810975
15.3042948997543 23.3360193870786 1.33358074328672 4.22980039879329 5.4758250165693 2.930059202285 101.798605807662 65.9660230269738
14.559545239288 25.099871664318 3.04432904310569 3.82292717204222 8.28291156152786 5.2012100371007 70.8622268915976 57.2439119534702
15.7751033834097 26.9262868169467 2.61433426171247 4.25419038166703 14.0165267211883 3.18876846716607 67.7369548214374 48.3844644668682
17.3990113362105 28.1640170273212 3.04588733723668 4.11652003751056 21.1768680696525 1.64112667551538 127.13178668831 20.4909698345081
15.8165764189937 26.8216653548963 1.85984483721187 5.52506461371959 4.06027592059606 12.3694387521446 216.676109820098 13.7313347077003
13.8509488790377 26.421189988694 2.49606012051299 4.05844991242995 16.1011538578207 5.44807153140014 80.4044310303201 43.3702012989469
15.803772311957 27.0797074155288 2.16628186447533 4.06449516780654 14.0927243822112 1.77809102730131 32.8773266973039 93.9536311543576
13.8440060646717 23.9289224106294 2.09837644660234 3.66974276890063 8.75588109282008 27.4079206059947 141.829811285697 27.3029740238263
17.1899268067817 21.9832375682571 2.37585756936148 4.62352668975306 0.90552657754179 0.68197568724792 97.4525139636859 40.5573501241013
18.1059375493732 26.8246902278388 2.70453101261795 3.60269272700826 17.9280769051527 19.0827184660005 71.2638194956927 16.8122667688911
15.4502103955692 27.2140383175888 2.23707095933634 4.57961814142017 9.61837488814004 23.5526071431474 96.6167764839774 58.5528240572887
13.5939841384818 26.5558350388194 1.62187854187748 3.85348684332167 9.22241522417469 3.24823026535728 131.331704611947 31.2747386432045
15.0491746784491 26.045235515647 2.04702532316973 4.24949108251702 8.57367022186711 1.55333419185335 69.6625710278309 61.3580575735734
14.8689782316603 25.0331331960993 2.44304012431139 4.12060109671826 11.2129633371774 7.19453573685614 92.2302877361889 48.1243825587766
18.7009000137838 26.660543618155 2.82136070985548 4.65699832245753 22.3387600426753 13.5676415927341 106.864252013082 32.737475564156
16.9020834048623 26.6853556785339 2.62879624297063 3.86086308981654 26.7323464710034 20.9840301106049 27.0417698459843 80.234994380354
18.2446433302536 28.3693393632239 2.62660259002349 3.64272496700268 11.5844474767455 4.83384620434319 150.057755618298 9.79284611277639
17.4772807605177 25.0332096880437 1.93106442633332 4.19203478527345 8.20752261884209 10.9327459113815 133.59653062979 4.5465273818623
16.9584963446409 27.1403773574394 2.01244997443874 4.65801798028162 23.3443738109006 7.54466871375923 52.4928021160148 40.2440012454808
17.5076622553741 27.4377876675049 2.11823175086734 5.10809057250698 21.2821143970248 7.35175088388441 120.657314372802 69.1014582005954
16.8144431045477 28.0586175884383 2.18617806966922 4.57792105969452 5.48566496321062 4.01122156461946 41.5253401631407 92.2013903659487
14.8699266862055 24.3896823551674 2.12917900207891 4.08872296542732 5.315089127921 20.2686164813389 132.384717900864 14.8336493819656
16.894355492186 28.7555101450845 2.84299998357051 3.81340692214396 15.7106794673611 6.97652705150065 99.9178863667476 16.4065633961893
19.1834138806771 25.7409789331614 2.94891635010378 4.10867726430227 16.7926740775114 17.3464557000477 17.9292218994091 78.170851346053
15.9857351889215 24.266974851999 2.04177198683976 4.19979899136891 3.86762752142718 4.93460698984155 84.2988111120549 62.6105365985617
15.4970128472303 26.2872234043089 2.44818950002353 4.90577817013947 15.422385158791 2.04818844784864 127.884239410942 31.6734030542983
17.4382250091274 18.9237254804512 2.62142001038802 3.77226535003985 8.04345220744282 9.57068196900106 12.2771227856617 119.150882126343
17.9958527798283 23.4890814685577 2.81872842639586 3.77457938419463 9.49107931628708 0.057258822133341 152.11093294585 400.884866680038
14.8413251916691 26.9458150793359 3.1143070634001 3.73577468820669 8.86223924515754 11.1884693493264 35.294905919996 54.8427008053091
14.8371675429501 24.0138088862523 1.93377312994545 4.00181705190948 16.6599017810825 3.46136645392286 130.114019288798 7.66622617760345
15.2936920412283 24.5450690259026 2.41960592043445 3.6089200163308 12.7110592351497 28.0200020059684 8.71914450033842 63.1944210231231
15.1866420744565 28.8308809454647 2.14409565099277 4.77837010524942 4.71043305623085 9.21425055638482 34.1568465831885 81.0132779498562
18.4201679680858 26.1116407725851 2.45007395923957 4.14797127345465 14.3721197037215 6.39908444070993 72.0278755149565 64.2580008472082
16.2401742085518 23.6191415950145 2.3860873182247 4.43357139747736 2.18877865433809 1.22117527509547 63.3326230964641 76.0792932413029
17.8545343530244 24.4256819881461 2.90498382850035 3.96948403502432 17.82765703893 4.43669513436876 93.7847273069437 41.0141930203342
14.7432877216573 26.5747419224286 2.38306799336309 4.07228208444723 3.62931063298306 2.54429039219158 131.479652837387 34.7638919079199
19.6992060159165 26.9152566847032 2.80544610086726 4.43989350389123 7.97277252355591 9.21647927184235 123.976887687444 60.809594686322
18.7134055383748 25.3641419833461 2.13699093421606 4.48412398812703 5.41588941012865 3.6367048661849 19.3339134018557 70.6814808712761
19.9228057264362 26.674644328873 2.35705903539156 4.5705285443582 15.2430638233819 6.17811879417237 57.2609531995727 59.2616028884168
16.0311851668148 28.6890959126169 2.59713088441222 4.66230286631619 1.45706930202927 1.88777791764236 134.373978538323 40.6960386214451
17.3689758996278 23.3946042490695 1.62869617436728 4.69789520606603 15.4107831588264 8.74039177428178 43.2650235680231 231.686626003161
15.2605197657545 26.7267390365108 2.42838581299647 4.67523650121366 0.0649268725292772 25.7492999189382 164.062176987514 92.4016062778682
15.6329016082396 26.5927320562526 2.56318016546939 4.56826513651097 22.8846350231194 11.5540178907775 172.489954569777 24.7709563582604
14.6760181163161 25.6486065517457 2.7016249588443 3.83890862908009 7.78345875569399 7.3536040501646 89.7013576053952 37.1756219649433
12.9219540329615 17.1807563051064 1.22834411571064 4.58334500942359 16.9151059160293 11.7640464868337 91.4880000229576 125.864420548085
17.5205104875045 23.9193290933991 2.63666127558636 4.60296368513211 13.3309083198908 24.1759313129539 47.3822172972319 60.0039174110653
13.5801885411939 25.9307210360429 1.54921002186701 4.43631161388498 7.57567475868388 11.3847497670146 4.92296199647306 80.156906741349
13.2086217611382 23.3591422654229 1.79216493370875 4.14097761322474 8.47324385876147 18.6869283176121 179.432657294934 33.6073530317732
14.9661542677186 25.2760569726943 2.35534290949128 3.93943738009683 21.2660750255639 22.2728095864059 179.189543990859 35.1102905813794
18.7864122044721 25.8692826072002 1.81183583795175 5.2226192406415 18.1842734773271 19.535125590913 67.1130529565013 21.6476015725761
15.2894037531874 24.4157619885581 2.07244503351862 4.00239150026028 8.17869033765952 12.2024720691074 74.8301256168172 60.6806656759756
16.9064692574135 26.8030847809393 0.00188563383584654 5.86468446943716 2.92906466045286 3.41335395739533 166.026321383619 65.574824983955
16.6028735981333 25.3786226546815 3.08203485802699 4.40954189474548 15.6678879522172 6.62322084772531 56.0325117317332 7.92036382457823
12.8683973006505 26.0233926488764 1.57601416188966 4.67127834888736 5.12638185569126 7.67254902181655 159.126171815871 7.4425806690614
16.2470182158055 25.094316157467 1.87653034553484 4.4716622387266 7.42107872708851 1.17503778446523 59.0963697163859 26.3348665845104
15.6427707596675 24.597509465573 2.607644833454 3.76053516450478 9.71762120568847 11.8618532686807 154.192496325958 17.1121533038265
14.8575097971403 22.4949873789636 2.96062214559359 3.96566464996243 2.05960909930498 2.63865977885545 99.6356013322071 27.6242133075847
16.2257474335313 28.6752059772269 1.99560934231221 4.17717647445277 16.7132761223016 20.4671009930055 109.203217015137 65.3756210964459
21.3951928254514 27.2516639402001 2.43000264305185 3.84087727040412 8.77090057180442 3.93722864087355 78.516340709643 45.8631418735638
16.4593264965173 23.7798768269674 2.29370118814331 3.6404394628847 24.0227404690511 3.50197235982334 137.836753494326 28.0065975233707
14.7510507733897 29.5226573146034 2.75988444585359 4.55760699625967 7.7196680783907 14.6540293222176 28.8999500193091 72.0126102134768
14.762417300784 28.402611229635 1.47341375774483 4.37005140421748 19.9098449157252 6.07059471160421 56.0038940847073 135.034717471662
15.9610837759523 26.9430556732185 2.05845932107876 3.7548874264387 9.16812710153664 9.2820539604147 158.438707714613 28.3750693152874
15.3679216609739 25.4047400390496 2.30546084924948 4.32781607788576 15.6302676495192 11.0734537926858 90.225289307033 53.1783439949025
16.5443951737781 24.1411773854871 2.13647764512641 4.96747873957701 2.65615427048875 7.77542932305513 86.7147071977186 28.5882020774709
15.0415568029019 26.9780509836443 2.70290110765883 3.95584022573088 6.63454046463409 19.0386648270753 72.3969703595693 62.629633923599
14.7803072283698 24.4745680682275 1.68460525117368 4.40457118219108 7.21172867730985 20.0250224955309 413.634034049072 20.743333021081
15.8078882142193 24.7204788662094 1.76472970911707 3.76031773537492 6.36067381607383 2.23308984782379 90.8952006184459 37.380845708626
17.3174303889673 24.867793210873 2.41798100189159 4.68595433022303 10.4990798237411 1.87482814222005 53.2255270275783 101.953318354388
14.6607383896655 24.7517664261547 1.9120503429159 4.62263917551579 4.41997007597235 13.8431557670318 160.381597527426 6.95552910976924
16.0345097198029 27.5115049205834 2.48236731919215 3.78022945984791 4.87504726092299 9.51047880260634 109.522449645351 52.3042703906888
14.6807109582181 27.9218498878955 2.73821663527762 4.27601284389387 1.907771591915 8.71731085496863 134.451272501724 38.0145494551651
15.8274831984431 20.9711150206882 1.68842279508017 4.95687427966846 21.9066943836601 0.444823680277799 67.2037306619511 160.976017615078
13.5792867655279 25.6581658145884 2.16296773172137 4.45456615678984 23.0727801515872 2.67389594085849 108.083857483854 47.3314865701608
15.0242338397519 22.9380974196739 3.03495117166059 3.81389256851554 23.8430657650427 3.64590733938941 35.4373822322082 57.2424340939063
16.3484293087672 27.4078304587387 2.68467319676137 3.63579852826219 10.064543290847 3.32328708867847 120.864855761425 8.28610156895055
17.5054682053995 27.6148754392377 2.60708218244329 3.93815463332208 15.7813216368179 21.321215000831 87.0016599962519 68.1606461229479
15.5076961164411 26.749591964101 2.08358469819639 4.5902219979924 5.22569094929589 2.6662411269244 177.424334581304 38.6383445958435
17.789478041038 21.3095635221449 2.10382636314333 3.91807118942973 6.9261958769406 3.77067964835267 38.472671674384 93.9672854693537
16.2224535401114 22.3355217562591 2.77742600340051 3.598954214104 28.7250956097335 29.0964321824498 102.835836709087 33.5287411454811
18.6985408445235 23.7539577380192 2.2564290456828 4.20074409216179 6.4909242694078 10.078967303523 100.786752619703 38.0509852036106
14.8714490599279 21.3277010394381 2.0977532931191 4.61025513865333 25.4990450062042 2.45964265459402 30.5197443768106 75.19115629275
16.3783689608229 19.4103102032976 2.58538650507905 3.84955450718569 5.63759528794715 4.28864195241273 20.6127934137612 80.4036227802838
15.3603706994791 27.0600243252451 2.4098014215604 4.76719217449264 18.5596895039205 5.82242347716578 32.0341289103663 9.35754030727771
15.9927156753392 26.0253949605202 2.82456155220656 3.61554633201032 27.366562493856 10.2615115751659 64.5748239858214 56.2159515205611
18.7851881469449 22.958071866938 2.61899592112072 4.66473544989626 4.11768990481727 12.2292095506723 149.953982868704 26.1980307070996
15.9307747203954 25.4608674266235 2.82256522866087 4.40900268086454 2.27967326289208 14.6984526324738 174.661482885174 14.2914336298352
16.2000450337786 22.0537509943266 2.55114460004802 4.43196842493787 14.6310632485603 0.566141715535049 106.326332270719 56.0569432522206
14.4130545003907 28.238119371777 2.14762644779499 5.36061552380225 14.4394917447993 11.9851100867994 163.101733602677 49.8498582466605
14.0677568243767 25.0787022277802 1.27255967275961 4.97765399372927 1.41012055125901 7.82466252065087 222.385800112221 36.1033500723276
15.8322575189092 24.1024200577189 1.4940987951681 4.64456817781177 5.07980653467313 0.257586145727868 143.898891202177 65.2830338662982
15.0833780941083 26.8258520966001 2.67934729193825 4.29742614207708 17.4236981782655 5.90672679691373 134.979068605077 21.3276765211958
16.1756855641423 27.7432599371603 1.91905696023066 4.31027462644537 9.79666198804748 22.1684827874998 25.7613303257716 55.4792999752986
14.5904915367534 27.7579785307711 2.03626971124206 4.62475009543705 3.00354275581322 1.7962276073299 44.4766477978276 116.600691147642
22.6708241912823 24.4850292140275 2.45868889775974 4.1338237373278 1.72885262199378 7.75326109312996 46.1237144764445 67.7039690193113
13.4012398396765 26.0874000523345 2.04832997807363 4.17706233315205 29.186119848044 10.7634780311051 78.5580630592719 62.784527637657
16.5522423928756 23.6659851015702 2.20501162304568 4.7246989234578 18.9104949989179 2.41269414518587 86.0255393902437 88.518097666347
14.0112238824686 25.2997625488066 2.160252759228 3.96894964157753 7.43756537481873 2.97184061927923 182.199431388466 11.1799821854311
15.1821967741995 26.6767050766294 4.37745727844123 4.36694724484015 5.48842070662113 17.0275805044295 95.4330101919942 33.3557252691341
22.8035976805877 22.1877330152745 1.69610791157047 4.85073547169252 8.02274642017034 13.7202538909805 80.8870451470258 60.1002017776109
16.1258121463581 27.6954379360456 2.28241064124824 4.33156411026762 7.88259112179253 9.31195341755348 94.1094739368106 49.8771141208168
17.0117360222179 24.5639714964132 1.43417979402593 5.38437682336891 2.90513685031429 2.87295353014029 56.4160874044084 76.1220792977631
16.2030676490036 24.5802419290084 2.54100761105135 3.78780396008944 18.353123362531 6.37158768909121 93.2444040406674 50.8530727529464
16.3483464683299 26.3992790941736 3.08965886493977 3.93796029525764 15.4333556685888 9.2993766527218 3.90092544345021 71.4233439148065
15.5078908879002 26.6334340730022 2.82882640515184 4.7129831425699 3.12740311841292 21.0389988571556 94.5062479034627 32.5837187797179
19.1795918845426 27.2360532501738 2.61653848257271 4.28116313515376 3.50478919344577 11.9632504414182 63.022825847382 47.9859776049284
16.9067242208176 26.0288529632596 3.11952472382605 3.93533547220422 1.37156218267841 8.9776640609759 43.6668583633056 68.4020435423916
18.0231287985915 23.8352378361131 2.47908273115091 4.72679669950832 27.5174133703962 15.6231146588217 66.1318559328425 40.2391032241459
19.0149576992623 26.0852193447838 2.4371187466975 3.53040634734594 0.506995569395843 3.39404334327573 57.9911584375456 79.2342164816593
17.4508531493361 28.7665124069003 3.3770479099718 3.37235974856672 16.7473215851393 1.33320630989899 130.615634225448 21.4781088991897
15.1175811239768 25.0295590835356 2.28598848304432 3.67330540123661 4.69473606722682 24.892913338808 45.1172963218088 46.5623127517531
18.3435611309414 27.5118064804108 2.44613875248012 4.49433809936947 12.2968608734756 3.07264823276606 34.2485200274808 16.2590099774451
16.9017784208307 24.8351510019411 2.57564057762565 3.67885920461898 3.60738462807526 15.8681420926134 73.4441249992253 45.3307144676565
14.4683877626712 25.2667171296955 1.04245077632512 4.7862639808949 2.77686813259434 9.18969799712631 101.327003091264 58.1627554526684
18.7466623066807 26.1944730960446 1.8725320636648 4.58645319753765 18.5799162286164 8.42062262465117 45.5501789171876 74.3337845064684
18.7731985166936 26.4486900624258 2.91905669269466 4.53156245099423 28.7321208052256 6.19321807635846 87.6788559701963 34.7170051438858
12.9303350963322 28.2378829776106 2.45948355638187 3.69851471155071 2.66945394231166 10.7603284292959 94.260143974886 22.2208921567761
13.7332452845986 27.5727933156176 2.25355424268552 5.03236682711219 7.32570699614027 1.88574068357228 111.749453353511 70.6386139451981
16.6847534972481 26.3469288964147 2.53617296919071 3.67205515109381 11.5459099055873 3.06605155007322 19.5227854699715 103.284016450961
16.2057833283661 19.3448286063705 2.45086622976907 4.13637467532197 2.82160464372377 4.34746434419578 23.9343237948503 81.3698295137303
14.8516162530612 24.6890935621383 2.20936303388748 4.71073583188399 17.5461925615792 23.8459649684149 107.341050418389 49.0081263245499
13.8477386108872 26.8093731054004 1.85965119630118 3.62530694791377 5.04648339706208 0.862332999361521 75.1052376143704 84.3224222828266
14.9874189153456 25.697781270957 2.4596057307608 3.65914159003467 11.550363634672 29.5968009825016 128.786811761985 8.34328672374008
14.5435815351265 25.4443911353178 2.44331498184189 3.79940589477532 4.05324901808619 6.21667206798628 12.3274711892611 53.6985928806268
16.9980834837872 26.9021433517243 2.51249897320278 4.09367319568845 16.2351874498328 6.99453348669877 52.4115389145668 62.6509155647174
15.4876829210176 26.7500906018527 2.65965846034321 4.75728374082114 2.1084468422094 6.20660866130516 3.01370558230092 89.4220574632322
15.1185032924313 26.9825826938747 1.88119990351548 3.51990754853316 4.08101339416167 4.48465992070887 11.40969823857 59.8143780045468
14.8126152260733 24.1876728361056 2.02733792571723 5.00725697259702 29.9987782740544 8.66148781010803 74.5893830046284 36.8261917054876
16.2588612017482 27.2426036074173 2.74089901457656 3.56157736106679 12.2172401124719 10.1957244541494 0.772486778077171 50.0554716808243
17.2593854173872 27.2449688186592 1.88422366375715 3.92541332830933 7.45692644868362 15.8334704058091 27.0561181992906 13.0221177368933
18.4867093386438 27.4327832205024 2.65091022855908 3.56314621387806 5.7599540558024 22.1212809656817 47.5112125843937 32.9082755559029
16.4719095892924 25.9372136697816 2.24915065247906 3.91174688210594 4.58706109739047 0.996372490328261 201.251945736404 8.23547478064708
17.6958822244456 26.0959848635511 1.81480979499475 3.70321748493007 14.2175614692158 9.02014171772793 57.0342975839332 26.2046391597821
17.8276428800437 26.1055745131234 2.2717204021905 4.88172855482171 6.42619729255497 23.0706004016545 138.083246221748 40.3225947296478
14.5671598506727 22.9917764649872 2.30096139033027 3.98632020931627 2.47956438190218 3.1704835765418 147.819117474348 36.7863105944098
19.5754029340171 27.4222108530517 1.47564397508367 4.37505845489597 2.27667235857802 7.04741554239856 49.4092268702198 55.0692964608496
15.9313826688549 25.1248873518612 2.49638228463246 3.8531575576092 21.0541357036357 4.43137465017832 99.7976074893578 25.8447199779533
15.1187747023657 27.235216662947 2.61747755591479 3.92731318415517 23.768024637521 4.52236334517836 99.5862324200389 33.9488640077378
15.6642733502625 26.8564671151612 2.20008298921194 4.60736749105338 12.1755821077978 1.46402631589858 17.4583878775091 77.0142332252322
18.6748576353024 25.6153578486144 3.06504520434361 3.46040780289186 15.3362459651869 9.88948523792646 106.622573793829 27.6076731219394
17.9952876345767 26.0564358298024 1.91977557344657 4.19198676414997 7.55313033299164 12.2112303409849 144.366900566773 12.3101931057045
20.1668954729792 24.1961543452228 2.61621178401515 3.49998288183154 12.7425680219998 6.98804136602845 120.323910636703 18.615486380106
14.7713685187453 26.3406884289068 2.2706236256022 3.72921104156571 4.97210500721092 11.7082855524306 68.2379292778154 54.0856563231346
13.4817449898734 25.238275692542 2.84252462773011 3.55732829373687 15.1932282460898 6.33339881108683 112.652036554167 40.8886546251929
18.5359021091259 26.2456010629793 2.53782788068095 4.80083260193093 15.9615539101966 4.80949235040387 70.2431917133939 49.5375756532722
15.7869234279537 25.3989150174072 2.3709450132278 3.93541517316345 6.99579676036353 14.1886831198965 144.719208643964 24.3438036468816
15.2956359622513 26.9411970575154 1.89694783281099 4.59817328585532 3.89653592428241 1.77852296352441 192.326218539188 8.6512598310654
14.5471229493323 25.8219884097287 2.46671383468351 4.05549274200497 24.4083282633241 13.3885311275978 71.93956747657 65.745417823935
15.9867134984264 26.3607708335786 2.7133342258426 4.31435916688501 21.5243898364519 22.1994482679031 219.633405177438 6.46565047215798
18.6119250993431 24.4051685764037 2.02750146198519 4.03227893624718 12.0632504174613 1.11113861388824 55.5866905010636 22.2649337842234
16.0090854388767 28.2030701183464 3.05179644232483 4.26960025250602 12.7963001558076 1.44529063486063 121.64827478742 27.7550040502761
13.633306911971 24.8644745429531 1.74388016250378 4.45124783855637 6.90252840045397 5.98485021204804 24.6468551615017 90.5773139546358
15.9769020390861 27.3779630732808 2.5872224198683 4.32700715735837 9.7293235538193 3.8040103279715 92.9466985573946 56.318468614084
16.3343893521802 26.75891270709 2.6299128762257 3.88076849038849 13.4429585740032 4.09597905477512 100.201090945449 42.3355884193873
15.2234154110255 22.6735345753106 2.78883706616127 3.8752904369524 6.53941426153416 10.7725493931473 44.9640502385278 71.4456550458012
16.3303745265091 26.1125643112388 1.79004385740645 3.38028049658507 19.5405008373908 18.5534703336689 51.6468926218314 33.5703747047241
17.7647395099123 26.9967054439455 2.35547797271539 3.74576729383431 15.5385332217013 16.9833032098053 146.427413882657 19.3119199580073
15.5483366737696 27.1389420403186 2.61471453853906 4.08011637750708 9.98673031177297 9.37995674465697 138.899036155605 15.1947288119372
22.9447461417704 27.2091159175716 2.63817218011635 4.124190259685 15.1332477795427 4.62504978316552 132.090704833794 12.0147167176974
14.6533970601054 28.792812751075 2.97328915612119 3.51964675285681 14.5287775470289 2.85228047691767 18.4855879470333 84.4708601235587
16.2390272913034 23.3719900189554 2.19904446606896 4.75826595548046 1.42299468349038 21.7113384069374 6.41516372237962 88.0833322904283
13.5597690616834 28.0998240008493 1.83009407000262 5.090675886122 5.46961284543677 12.0747175799994 125.985842407447 31.4976607768986
16.5159748922298 25.634821260438 2.1140100836233 4.01214210399061 14.4842544983241 7.23161080077632 52.6716275486769 80.6998923743682
18.0464625736007 24.4380204601923 2.12872148987622 5.02171420650685 1.40763240907044 4.29808583886169 61.3277954161215 44.4112783183571
15.3694870485898 28.3150222513933 2.1960104405332 3.90776555694017 0.635403935563157 7.17785500248643 300.629970972397 48.4199029921102
17.4794923140695 24.5163161976049 2.40488799011632 3.6868296918492 28.9998067481837 1.96669400033999 54.0435714476223 148.10461869401
15.1433836861272 27.5510088170686 2.80345080894375 4.4443521840211 13.1673895285919 14.6966243334772 86.7556806183286 43.3651771128714
17.5406824746093 25.5669821418312 2.72020845288073 3.73896386317137 21.3885864741418 9.09288179863254 130.754774233646 12.0773323246965
15.0222156793873 26.0975011681158 2.39175718856658 4.27278215739145 7.3030926692085 6.96948037455989 65.6886412064608 53.5835668321516
15.1447576132637 26.2073622042476 2.69124095059637 3.49681921662406 4.52174276546723 6.4910053240494 1.48555014451024 79.8026813693804
16.8814365651355 25.9885162013532 1.93730453574497 4.77908513673373 1.189955685648 13.318897829898 44.797027684363 65.5533584900045
18.3783020397471 27.7721279647687 1.07665950539097 5.44545148176815 20.6618815624111 6.39281027036997 31.42865507054 97.9566063117092
17.2408102573656 27.7141292570535 2.83451937526743 4.27391997302065 1.75906842230192 12.7276524671773 15.1618184135977 69.2317155011782
23.6119241103795 23.3389081705214 2.32361167190058 4.24294280276295 22.0244597109826 12.5814367942733 31.5597141370806 89.1217235887411
13.7991241405362 28.0911799605859 2.94030297380264 4.59927883137017 1.95800224944188 22.0624162284077 73.5208245112095 53.5711198556319
16.0615144789315 24.9869213223456 2.26947085380991 4.88345181777742 12.5362878295673 17.5139896330041 88.3225491608756 59.3764924061535
14.8369707537791 27.2594496398116 2.95895684783279 3.63883590666464 6.2730133967406 8.56289636499993 16.3015422641347 9.80781899193229
14.8101790874209 27.5600927620225 2.62662404246447 4.27306489391071 5.77831947238592 0.653585311505255 164.384143289256 10.080037985017
17.6259821294968 27.0116501650097 1.17522912168147 5.72049814706922 15.5342970897478 18.7854974347346 69.2207899193511 26.0082321508258
18.7452076865721 25.4705342009528 2.79599416301993 3.86619888829538 23.0109456013481 15.0720672704934 88.7407340216343 9.24004321291926
17.4899699364346 25.9490018523716 2.18589129412715 4.11379514338881 17.1932045284891 9.32966659139557 85.8147515585194 51.5600781768318
16.76401798337 26.0506061336944 1.97219443252804 4.80817864181298 23.3400058952777 11.8038935270961 146.925582922983 11.6980092327104
15.9564474929863 25.107960247275 2.57386562253828 4.4511737858213 8.55262495634236 17.256740824218 122.575984980508 44.4691750204947
15.2968581408931 21.1379898971983 1.92591034643679 4.25367701461506 2.04594766233346 2.08895554280665 78.824028900573 80.7401194483487
18.4376177343267 28.31997083948 2.40998678095223 4.60604903907023 21.0617434815129 22.9362585801503 151.703070648877 13.589319078331
15.3938071084901 24.093666192365 2.44110033328583 4.47713231159997 28.5396693867773 2.53093540699077 7.90502218077973 88.1734051009552
17.3886559535284 25.8100717755162 2.56921277192549 4.09350842226274 16.4309558447425 13.7922205094124 94.1954804603816 36.5282711730504
15.685396093421 27.859008167886 2.54730134215815 3.6211618311767 22.5114480777954 3.77446113137632 117.762475425753 45.343951200942
17.3729075574018 27.2779032319644 2.13297394271026 4.87942757181017 2.0189439092991 23.7673416140387 111.195786308676 21.3694793035908
19.5613457513644 18.5444400832542 2.05621704664363 4.3860650251433 27.1563760114717 0.573185926522 118.426452385593 74.7406074844005
16.3062534832055 27.4425299504595 2.66924941435638 4.01778187153579 25.6549959074666 5.12300094223373 44.8973265228984 49.4352028864978
16.5873740775501 22.4830929677535 2.48712511623969 3.61452443012641 15.8877447091495 9.42734116432109 136.506500510463 21.1568081535024
16.0291593474799 26.0855669280668 2.65938921147598 4.24721038527979 11.4398344607597 13.1026499091674 9.30742146144411 96.6917008734443
15.2101463501977 26.8081397165106 2.27816255327852 4.57666149041182 19.3760921270975 12.9797715087883 89.4238466835571 70.5105226381642
15.7507490497224 29.0571651911661 2.75490098090875 4.33833781005829 18.1955036845286 15.0550481092327 29.7171582315536 88.8684286424636
14.3286724057871 23.4874998882253 1.90060733192458 3.57411019841968 6.66380429649692 2.26988231917996 79.7594830776897 35.8551507355331
20.0882980093008 26.6721967649011 2.68285915408523 4.71448079365401 16.4794999781309 12.4166036381151 60.8701671345574 51.8545902377775
17.0775865091152 24.8274055048657 2.50817150139151 3.6544933634755 3.87909887524169 4.44767511197929 121.121051667657 28.1059827207853
15.5800083668968 22.0784472928015 1.87734225319681 3.93117371334685 5.86577920749112 0.855852831307358 37.3571870767774 102.728047550094
17.1293701386611 26.525904064987 2.14464312696215 3.71123206300407 14.1480970674858 8.63488870538236 36.1960440682618 53.1666061349479
17.0940055048665 25.5646155329687 2.04785987844918 4.33121038626055 20.7267217988611 6.12463419754415 54.7369799058699 86.4853149807401
14.5968446985497 26.9516445323939 2.22321637641619 3.98970297555114 3.5458936160192 14.4144294484417 42.1637368922089 40.5060730477169
19.0491887478227 23.5130769563951 1.90371279447992 3.89280974811686 7.33935546684847 10.8768492764055 53.2510650733732 76.0005200637607
13.8727083158635 25.2857590204135 1.23563342649622 3.65034253230603 0.00358580005715857 8.43423617544375 345.716038288554 53.7366701009125
20.5724222976215 24.3312639375817 2.71699144912002 4.57507859561709 6.53292260921586 3.4990480461311 48.0113679013763 101.817405803474
21.8031807826933 24.7296445237825 2.72919169652146 4.51739654331289 18.5679253033478 3.07940162001445 20.5852704373492 73.0905817260932
18.9121707026769 24.2224309105363 2.1756831519987 3.65969248773984 24.4905079873825 3.22720233603764 9.08939269755718 139.743691881871
15.1848221658773 24.4025660179247 2.1702467327206 4.50690350687239 5.91660136763726 9.62347357136429 63.7862024752523 92.1364108048649
17.9086887096436 26.3123555427278 2.5522279060201 4.48519551428409 6.16716966708017 7.04301094963384 131.388670299973 22.7204710147665
20.6543538695515 26.0018857872674 2.53973767738917 3.83844151245266 0.921110812128688 4.00753855797536 317.136134920777 62.6266929946648
13.6265120816304 25.6305552712953 1.5070890597016 4.63587887426571 18.7463940878777 0.569222742700286 171.787446324272 3.51963601811818
16.0372641681377 26.8402011122211 1.92415201963328 4.68889816305324 7.47646589179434 2.1474030835733 127.604688312768 32.091707479497
17.7958629225437 26.6460406627045 2.83316665477947 3.74485924493841 14.1487897205053 5.72022185660229 133.922993296516 31.2421048356554
15.3064441874029 28.6626189539087 2.22226677997419 4.41109772972668 27.7267403452194 5.27261833309383 33.5815847188187 97.6127410450624
19.535501100201 25.4525658732363 2.15337728543852 4.03034674389955 21.5425025574991 6.19515047046928 96.8213809799478 39.9878233096193
18.013487658583 25.3038427067791 1.44842554572986 5.14620522348816 15.0159688586374 1.02448786661582 216.210513910336 30.3101737317418
23.1105652819943 24.6416182423544 2.44831058915157 3.68128505959689 14.7777465551781 0.534726745099461 82.3731432983828 81.1984750407571
20.3907548680557 23.228912942574 2.74202178935834 3.67636401960225 14.5466023788711 8.28878589901659 5.17299644958236 93.9576633417278
15.1441106622938 26.5436283825617 2.45908693688368 3.95013487922927 22.0563195759121 12.9391932925672 111.856776937802 22.3775049257825
12.3278660465643 25.5104154878418 2.56669092414446 3.73395603187882 24.8976915772887 4.45709852496388 144.306365189447 31.3062634099745
17.0510809302243 26.7487547099525 2.71393963812848 4.61547646727404 3.82873873059247 14.2488503036871 169.647999265868 15.9736103838191
15.4425302998165 26.3803959450815 2.11600514333388 5.07547847392824 0.2968694541327 1.88187842885185 60.080175566678 76.3093228983706
14.5184265807386 25.3950165786092 2.24522684308318 4.39734356084551 9.84009119053952 20.5701849831808 94.3042180772478 54.5141213418673
17.5535249131364 26.3568016118138 2.52436829663656 4.29286738671819 5.38822137139681 12.1950801986002 114.267686161348 30.7089034730123
15.2939076372712 23.1023521409265 3.44817428722726 3.63406681800374 19.7764981888673 10.6489196809944 23.2123236570221 60.7118675734954
14.8044809617023 24.5056962518211 1.65887376662365 4.45744993163225 4.98300501949837 0.194614016571485 117.87354557151 436.440723506048
16.9655071230748 28.4294493496923 2.04468686558647 4.92767866956209 5.57546353412144 7.96038021002171 18.4482789918601 92.1892871029168
15.1308286400879 24.9167266361974 2.06138328844333 4.23791478480753 29.4251492354306 0.632887873661618 137.857496448235 56.2116581751143
16.9641631688278 27.5235500174276 2.42206374817816 4.2995827259449 12.1737930242888 20.4258189343601 31.6832854183877 58.9992333789102
13.3820762583961 24.0733063313739 2.51511167927585 3.97410396746813 1.93996865468528 2.27392008718719 82.6419479769445 63.2824171205412
18.0134534207573 25.9177798636779 2.54387917562605 4.86450208011072 11.3664495881181 7.82380490077348 221.125845079712 21.5241021375761
17.0038288276301 28.2942940094747 2.7750576169454 4.57483734331098 18.835185642789 16.441397010372 25.6695591166495 65.4585406533126
17.8577341247305 21.1114914207919 2.0022547090092 4.55615522078226 29.1136714881411 3.22892216440644 66.2435997805734 64.5339753031275
14.6154950277461 24.0418636476863 2.47609938666638 3.56733076495216 4.90495977347914 8.52999608294924 102.216333789517 38.1101975054349
21.7300039867108 25.578824722534 2.32958403603176 4.72364581262585 19.2471391594507 29.170318962574 30.166657225128 61.8417125053638
16.1659530447525 28.4030123188106 2.51483151610489 4.40209498779689 17.0746466419869 3.22737263603955 12.3746190295403 57.7882625781489
15.3593917081108 26.1424958953957 0.927817739349369 4.14262951817461 4.0428757734918 14.4284277543986 53.4015721171325 71.8733767501084
14.3299589045335 24.88272439905 2.68413313823832 4.13140697863473 9.85285952860038 17.1760326501911 216.040510418532 26.3874868208019
15.4718000190667 27.4254480525593 2.60750250621061 4.40519044562599 8.61203142021791 13.9936404326651 89.2321721332148 54.4328374150867
13.4983926153825 28.9326264331916 2.07414569418981 3.92428903433712 6.26401455984069 12.2675706529107 100.269100579337 34.2030046114812
15.9018127390472 25.7596377979532 2.6752718560938 3.18955947510551 4.50476406941084 8.68096534017146 122.954428679431 6.54253542440796
16.8313656454223 22.4719926352779 2.07849140346013 4.03109098572418 17.3287232353752 19.3595161688807 17.2705438462242 76.7786174402787
15.7492413371638 26.9461795678313 1.94196595471046 3.87646362030177 7.06492756330322 8.99467866086857 89.0022899971023 50.7795923334241
14.3916452430741 25.6364964221146 2.26600487179198 4.78660695722299 15.5893270810452 1.57121887867775 98.9305745892662 20.8567474960718
15.9051616726922 27.7725959670881 1.99138820193635 4.83856231114779 25.3757567882333 15.2447686210854 38.9069988580291 67.0658338550733
16.6213138310106 27.1992264234304 2.3429783928653 3.84791937625511 28.3150884993754 2.63188149380029 77.3631172416644 52.6053705353255
21.5701919424726 22.5949080536589 2.59849567477448 4.14130744816621 14.0221667250367 3.87121625420267 6.07915097395456 128.679157806621
18.9841112721433 22.9230337831375 1.27321218114741 4.81566503213078 2.03550287021697 13.4664546874679 154.30899561357 15.6579352562639
19.0772095010705 26.0644571769502 2.53973465960451 4.70440257650884 3.60335172868674 19.5692981795591 30.4499349859667 71.5026531228958
14.132932696771 27.2571130871512 1.40554964555088 4.79280036629894 2.70717689435055 12.5314581501552 201.639994872597 1.00236579655968
16.5908914336783 27.8060303433712 2.39043944943647 4.78979928043217 17.8666591100981 18.2494753005942 118.62310845476 17.1810690389719
17.5675395980826 25.5823559518486 1.02514049389536 5.291622260549 16.6167735158241 8.92676437513577 143.927216877655 2.82497882727083
14.84299807737 28.0588131821097 2.53033808024567 4.39012012007986 15.4638056407457 4.40549631332812 71.3418882429689 83.3067445217352
18.0400246124645 24.6848953280945 1.76979068412732 4.88830474331816 11.0045547992906 2.1792613197855 164.418293643295 31.1263162614563
15.4448922064815 25.4891605470865 1.84015458279829 4.51606746855846 1.3453549184994 6.74731262232571 13.1288862882371 116.126587961736
15.76045990145 21.9732649705243 2.31859327693463 4.55425742851495 14.6246602162566 16.669430949471 58.9329897207926 69.8569263288855
21.5061671359184 27.0901192881019 2.65253031084001 4.18208722580303 9.75023266601302 19.923680961734 35.8438072243892 87.9307227474422
16.8831032537234 26.8574346760638 1.95200249395092 4.99687048671223 1.78595805684484 9.87998318716691 63.1200558905084 63.9367906337195
17.1911862086042 27.5474449872225 2.70860698536229 3.92686711226684 8.78176319968217 4.65888327717438 19.1282091620781 81.1722409616837
18.6433868988661 29.3666021891214 2.28792373671993 4.83647391603047 16.3457857984158 8.35249419629743 86.8131503454796 49.5364609032524
17.8382644859435 23.7492360955628 3.09210303686809 4.49427412598773 27.0699937734041 14.096904334086 124.127074299986 17.5624327568633
19.1417619446232 26.4294083972357 2.34072393546904 4.14110015491365 17.026810323573 8.02810557754582 40.6169301272507 36.7600562385374
13.6672607692226 29.8983581784148 2.41445605801529 3.87087532300356 1.81805558221509 21.0084719330181 84.5048754994974 38.9365768996262
22.8618971978261 25.3132872727534 2.2308382099624 4.20349344262716 14.9189256742875 2.17625008985848 50.5570019141686 62.463529962577
17.8231088535717 27.5771639507571 2.61035048827443 4.61197685001777 22.7006976529524 3.74092615916511 63.9669333823961 69.0420125440212
17.2754141808186 25.7346065685702 2.82734612741383 4.19987664061832 21.3394976548867 3.3099523415104 39.0762478779159 108.906251626651
15.7775466807645 24.2252286422383 2.49203510130765 4.6718739021846 2.98465294542788 7.36986663913468 139.175478875728 23.3692050454533
16.5921511437525 24.9349532631908 2.44822766251502 3.67083528891053 7.4666040170066 12.4060391368164 15.7996340974114 86.731996400157
15.6860429294808 25.4528451600771 2.55888074818211 4.80698065039799 17.2333770403895 20.543022208718 183.086407525667 1.55263706166066
16.0678956725496 27.4564330103808 1.40118313289922 4.20130737660043 2.76887678551226 6.6405061954529 112.549168597668 1.87117757207098
15.4201868665464 28.6153365202882 1.77673832816687 4.24130761683933 7.6478736523365 19.5386459798289 59.5218261787457 62.8415563796451
19.1169417506457 25.5489345032423 2.07292378883026 4.42067551356561 7.06793930327215 14.0252344452821 94.0160309333567 62.4265711986169
21.3404323619669 29.6855892069045 2.86857860541947 4.13047126906477 21.8066794220712 4.47034782657321 35.0213008450241 75.8532687750576
17.0422412466184 28.931639330791 2.42913392332868 4.48494538743881 1.36620957847228 17.2604011045927 125.340874976676 62.6973429085124
15.1338820125955 24.1117759339303 1.90843313451137 4.3073837744393 27.6904017070143 4.23924243576084 76.2203874115695 67.4325115924959
16.0911342336962 23.9971496055608 2.99372085385628 4.13467022631167 21.9873407523671 20.6075540089403 106.239692872993 71.1247297073691
16.534957869095 23.5728008279565 2.06610213485069 4.69963016134314 4.30583303034507 1.88628739119955 115.930060340455 34.1416465052845
14.954364208985 29.5977142507246 2.83324730540549 3.78698903371981 27.7331965463874 9.72751915490601 51.7700205751238 70.4782000223977
17.9530600468424 27.3268240932099 2.79013213265698 4.32020814655426 20.3850784821036 9.90813800442025 114.092971151125 34.9808382173133
18.4099944459042 24.5636490802834 2.40117853269812 4.53264650038374 8.51914166778557 15.3230314755476 106.49885254323 11.5815110902678
17.3114688335643 23.7151817970974 2.13253860240109 3.89903529689111 1.72498628148352 7.92880191917875 17.160809785587 50.5579797552878
14.9527548237641 22.3133263555857 2.02763463224562 4.25417296090514 3.75627730356766 3.7000414552864 123.974047644338 8.10905732868754
14.7913877733652 25.9577699475424 1.88530518677995 3.77188740774446 27.5275095492103 1.512004153812 118.640201980684 27.1129902766347
17.9186125948604 28.9501238751928 2.63814013207571 3.73633256658119 9.76604089413707 7.85215815689044 70.7857697126503 21.067878188794
17.4610883667058 25.9992569866192 2.60539603475795 4.17442021632932 11.0720045831665 26.5870701530519 259.423768592652 4.5965610166885
13.8615243779897 29.4388035670914 2.17270777434937 3.99030899018978 16.0661429279719 3.86978977122993 107.056327708822 51.5762883772956
16.0706207432087 28.0360629842562 1.64753416215228 4.14575613848836 14.657783019438 18.4652826959748 178.115435607482 14.7819045667212
14.3398466456272 26.4455412153808 2.1298009937769 4.18835858271498 4.2847809921699 15.2524177243512 163.66038528665 21.1125975228584
12.3806691022782 26.8263238086826 2.6127537157449 3.85401225082678 4.45456873311257 23.9342028383588 165.927502742033 14.9168478413918
17.7715849419325 27.8665059247229 3.17919674210206 3.87739483493017 15.9476922019697 2.94090010129679 77.8311998761995 96.205305854929
15.9735554493105 26.5805740044812 2.92246230140864 3.5997209288254 17.0081312172978 6.31321526680988 151.207946920951 19.6625979679352
14.3903594440228 25.8340694900189 2.04647628015022 4.13849272659819 22.6876922296623 5.07983911674282 67.0731890557595 45.5476903290156
15.9894225458695 26.3721349244831 2.88813325315325 3.61843347757789 26.0053108839928 6.60784752574745 146.062447034875 14.0329568539866
15.330226247318 24.9014715778469 2.20021249189667 4.28479937262554 19.1930922567599 4.1159592449281 88.304674016121 61.4869022356837
15.6072102430844 27.4446714855307 2.61305172754166 4.34022655100757 9.34578668275439 4.56643976884828 59.2063651455903 61.6359876531285
14.7942646106661 25.6980930013422 2.97674119768893 4.38278642125803 16.1853147638385 13.3016267994087 90.2683969878646 66.5888806680851
15.6868355763375 23.7090764469758 2.59813303569672 4.51332055696442 3.67052312537369 9.76735020582032 116.092659569127 26.5579793758829
15.1523405414951 27.5403934460579 2.04669245767239 4.85691517383749 19.8698730360381 4.64464399808386 153.889914096342 36.4700072423596
16.9042185113745 27.2011195939117 1.29432220950529 3.68769391066057 27.2150771991067 20.1608744795379 8.01496036039815 36.4692111597817
17.6027208462749 26.3687471541931 2.58277295238648 4.97525161454512 2.83576409688541 12.3912537686307 141.226728500642 44.7175924056352
19.1799414071249 23.0649916915736 2.48461722586124 3.71893281718118 14.5274976902104 27.8711084012738 57.9082248796807 90.8316713902651
18.4114908259761 20.828782912333 0.863489984026359 5.32290073983054 23.5846720949047 3.66296200885566 9.51810413716813 109.493534851967
16.6427742087524 28.3302393525768 2.33986531368276 3.52233796744874 11.5642553186891 5.45887827710402 36.6303461448069 38.6416504100161
16.9555261140546 24.2634027022826 1.94533857560311 4.6461111974909 4.25986740829643 4.96739676700953 143.076754021429 33.8252361192702
13.6918841819723 27.4712261982811 2.65120890179321 4.33267934213773 6.66295919896215 3.76196578408536 7.66372646669007 67.5640431948093
17.1369964124498 27.6558200898099 2.73230878263415 3.50908537810798 28.0969813377132 14.2104373047242 19.5715566551396 75.3271256488128
14.6703012582334 24.9561617946358 1.25620270100163 3.8918012515804 12.4330044944163 2.3853427409067 130.813823584901 14.4654808114388
12.6751950525608 24.6489902938678 0.45801586809675 4.80275748967534 2.9231446194385 26.1386495324785 284.286116969283 12.2265373349829
13.7610519415904 28.5099561397318 2.58623235328907 4.80248021625209 22.7809610222584 11.3430289440364 138.057492052356 8.14146910541236
14.8016647009415 28.3108490623866 2.93322120301703 4.01899807330372 16.538045992488 21.5722882527553 75.7354625314075 75.7054022304864
18.7139168353925 28.2578064016407 2.51242261390469 4.3423489458024 13.3755981437521 14.1819905493871 108.809659627811 50.8700565868441
15.9504331266251 24.9135708252415 1.52875272637562 4.6295066251279 2.2435162371533 12.6631584184327 230.44795992172 15.1150269420581
19.4742112638977 25.3171412288034 2.08450965758878 3.66399788995349 5.47109264096109 11.2017467861519 107.335810037721 12.0874617008711
15.2655395357453 27.7810473874798 2.21141225576364 4.69158801113113 1.94668064989107 14.8468789453798 105.726058267098 59.7629042559649
14.6667775432357 26.3696201269073 2.1255758408723 4.57866245708821 24.6994734392289 15.1489537685878 113.536027472424 68.8075168599484
17.909791193384 27.464155586086 2.50463252965889 4.74333603031563 15.9328352020738 14.081088107433 85.4073124922952 30.3796619543352
16.4364497932811 24.5395226218965 2.62788598831235 4.86076039265225 5.37163232219921 5.02522193684737 90.3731734950084 52.5853640557646
15.1815636770007 29.4942662370156 3.30651409302284 3.51018129653735 1.69366619824684 4.49336544227194 80.4743595203636 52.2604442759957
19.2086612270479 24.4539054073994 2.47702163251564 4.48414977249889 10.3907991605402 7.73084041734221 87.0331375247784 60.4955826007825
13.7228601586114 28.766886820256 2.09001006540995 4.57607563731403 7.77731332192671 7.01782248773196 205.524564029863 5.32171803961996
19.4934653482453 29.6658163110501 3.10493582854638 3.70724224603466 3.69604866419443 10.0153581752984 95.1729865640485 41.0199827677601
16.0153664180145 23.8583833016655 2.27533644513788 4.21617887345663 7.9614541476362 18.3403757632555 199.691501320939 20.8067014325212
14.7731227885096 27.9426336684424 2.68864738955764 3.76268242080702 26.250038772101 9.3340645526211 10.0464868172404 86.5902639628585
19.0131470935825 24.7927514478957 2.41013577229705 4.30742237936147 9.95501311310611 27.3558149099997 87.2012877592405 43.3165734511545
17.0712006331874 24.7308761235013 2.12336936400904 4.62760927393459 22.6786951471904 10.1828916037578 128.005057518033 45.981700043712
17.6970675840992 26.3580754796676 2.1492517858934 4.6031293993574 11.5522306436727 7.23971584813574 10.2874574538731 79.3381244721498
21.0388436207624 26.9269377611137 2.63872395269682 4.34138759171703 19.4222847480957 8.66700673840121 91.4968926924296 22.3853340112342
15.6009551960339 24.2802229082343 2.29021244898905 4.54151215619823 12.545298597788 4.3274176175399 205.775220080298 14.8238064089918
16.6617932056285 26.7785134279385 2.77565253890096 3.52918780161243 7.44325478616702 23.3222913643248 58.4576535582786 51.5695762981852
15.3280216094297 21.3672515125374 2.19209414459033 4.72807585182614 18.3656255452877 11.1558028494268 72.9195270856549 70.8235215945806
19.1263655895254 25.9312266846695 2.64783542715401 3.48398075315278 9.95085920911452 11.7779502740676 79.3556413196654 32.9020991022158
15.7703671408657 25.6499968466821 2.09093137378274 4.09384860390658 5.13217653054863 6.36149762757041 92.4466089834772 42.4376591100878
14.4309631102447 28.1233306216592 2.36643681656662 4.23562077514809 27.9076847796509 3.78727053006918 89.9239219721862 15.4767125510829
20.7641084206969 29.4322619893062 1.95295515948705 3.89574425152472 4.74665501529011 25.0398615588017 71.7648176108751 67.9715077631218
18.2894370964127 26.4486678145422 2.00064132893951 3.65680927632017 16.5584628500581 16.2690803510178 24.3053365711554 64.1062163389327
15.3572575052235 27.3113952602508 2.76207565530349 4.79490606799874 4.22371432757746 14.5532410200046 162.628453021682 14.2049079428727
17.3194790163588 24.6363726694057 1.40518352248567 4.11573293051238 9.26500422422927 1.90660825513317 108.97709766367 43.5589201998619
13.3715123041784 26.2721245993325 2.48257864317932 3.47131410326787 9.12345421100774 4.70715901319115 138.348638290034 2.07407789610533
14.4412657195216 24.9260223020177 2.2103240604148 3.90874184247438 3.7173040917108 6.00062072274976 65.6660915124996 52.2840679146476
15.2024201121169 26.5994821197623 2.50851224893799 4.08635879759876 0.57003220743095 17.3940875069124 121.205702710515 43.4583208460694
15.948567271901 27.5554614489848 2.61135903237266 4.61223904435133 5.38734322537348 5.05909598935567 121.549988799214 9.0733228001601
18.2809277119668 22.5823877916256 3.28854039724123 3.8401054247142 20.9539592257261 9.20654846927432 48.6516191693228 88.6988388623874
18.2811576495553 28.4899898981038 2.72785312209273 3.80502520239133 8.22255202925358 4.79708893152713 103.705944802071 42.8430078184999
16.3424031160516 28.9617751782032 2.3704461477579 4.44892450764329 9.92929126082862 0.708753419792856 98.191907535836 32.8478299237989
15.0734284105442 26.0996865877975 2.00697265293851 4.61812225475334 21.2437971430722 2.0304529175765 173.746833698331 15.8604101454991
15.8990260454658 27.456728951488 2.4494533081662 2.99703395879467 14.7315222628998 13.5903345638533 144.841728809216 6.41991507741224
14.3892770378353 26.539280961705 1.89533343488806 4.48972377775285 10.1186070230517 9.14071860861898 96.3324496834762 33.8678520161659
17.1878443365692 27.0934451282179 2.55209787319546 4.81161528382719 20.0173852797788 3.47204498955236 40.5070870792371 90.8845891669816
16.1852122016931 28.0949495864961 3.22125993993145 4.06499455543579 22.2198411778183 22.2288656246173 19.8151298407734 81.2743528935767
16.1915843040689 26.0489116934222 1.77318544376498 3.79827728303281 10.8456338630695 14.343923209133 46.3966451924464 68.1877792449434
14.6957014744976 25.0239708582161 2.26169388335288 3.73308250200364 6.92436722861501 1.25157326450221 125.743601820848 36.4572096400684
16.5045427995077 25.6476600317651 2.46331090804704 4.35150866444498 7.24935093558845 25.2247641980417 93.6213495834795 62.9662653602242
18.9171433496172 24.8816247021931 1.52814408414732 4.13212204045809 20.7514881454271 10.2825746146424 125.43982173576 6.41875196526241
18.3319028795456 24.1965714571997 2.11226769370095 3.97936662794138 7.43819357917863 4.28317004377543 61.2954315036524 69.2347775704513
15.8531920874249 26.2001867298539 1.75912655521745 4.56924541955428 12.1333695417469 1.80535902780817 67.2019680220912 56.3587147627985
15.872046007353 23.4989463444187 1.97545332337929 4.49535507017168 5.65108473097146 6.04718660540585 108.0730616782 85.1359720766514
20.5973843257903 23.9742134167602 2.54916570323601 3.38238048725965 22.4671870984224 16.3988851593853 50.1883732581565 46.3507012302817
15.4376955249273 24.7381180024932 2.11292994963715 3.9713322554178 17.4056370968243 9.54664329346853 141.115008697833 6.1048037548501
15.2879602924852 28.5922208737291 2.41379120998403 3.47064242954351 12.2640544892332 4.64687635756743 52.4533254558913 50.3688205211578
14.0322298095615 27.5061761710549 2.07471085602011 4.96016961895806 2.23279339350225 14.7359341878355 108.985330545328 13.3685618808611
14.6342151263653 28.1981465994683 2.87147086646163 4.11120113217127 7.29934700611362 11.8627593264755 99.2001206688909 23.8592539766636
