0.493874260359241 13.5676149333118 16.9732184130176 0.721985978123901 15.6941633848904 1.21111142386042 437.963706361472 108.879102442192
1.87465339241288 10.5833632459693 19.1881743221899 1.70089012349744 12.4569548836954 16.8296550450214 472.139053777283 110.024293197034
0.887938274900427 14.4528963218815 16.0101477774496 2.3605022260592 12.657370978811 0.616643444404425 437.374679937173 299.96405712134
1.16688375781569 12.575589631799 16.7405741000935 1.98931920292647 20.5636208821478 0.722606363777496 459.726082796293 118.761929160076
2.22139323026271 13.511115346415 18.2999652767172 1.78733291745992 18.2329811091074 0.97402481836304 393.165926309762 353.035849102047
0.770426537027345 15.7701745675062 17.944008728927 2.59763830914829 16.1433739680334 2.18297927057422 461.235156793844 105.142882037124
0.703639649811967 13.0118173981239 16.8968120138344 0.554071445246022 20.2970430828748 1.17377637247148 426.463269074638 107.907204848243
0.424774542635764 14.4300243363438 16.337327929801 1.01784732889454 18.7323596756643 2.03922188875584 425.674458358394 218.570819642728
0.757134517776746 17.8024980947855 17.1687909482356 0.285111470327929 17.1561220716041 12.2745163317822 447.664798111413 77.0127237677621
1.81929314573743 11.5667729978462 17.693619698812 3.43456750340831 21.0374366350087 10.8430107378003 456.114928822851 279.04133710219
0.738034017116454 12.4987842445294 16.6380644528205 1.35214925005129 17.0799656274427 0.532385282277331 426.456337552976 233.014107047778
2.00187366365308 14.3332397844852 16.5399539054468 0.965179124817132 18.8252855684599 2.42018655963808 374.315077821279 219.137426574274
0.684058961849174 14.14981395206 16.9928577916469 0.893662580039623 18.5446276097626 1.3140119692272 407.330755641099 152.233264658273
0.625402230714054 15.1692561454073 18.0411218383791 2.62555573488298 18.7692261729894 0.516609556889115 296.802325120301 137.286745065278
1.58868088005832 12.9629207248907 17.304349198785 1.35794323812428 21.6696306427818 0.473564703538696 447.765639627747 356.324523138483
0.767707394388664 12.680734625442 17.0333837971553 1.3783301493577 11.0863278198109 1.32802455309205 459.435598080381 170.902616126704
2.05995356953353 11.390777415464 17.0305467124971 2.52322531338528 21.3612121701301 2.58165653215497 399.461511583578 155.847210646241
0.874047775621579 11.8030468846081 16.5225441249113 0.501855881619185 19.6045200411996 2.59211653295939 430.172091995519 108.746431262796
1.2702471256602 11.4164028706246 16.9168395072496 1.60432918274397 15.1676041560038 10.6826538267342 452.870638789586 303.586682464699
1.49684054678944 11.403313065575 17.0116013870188 1.18801047474447 20.4412753221046 0.718039746878134 437.304684607147 451.48648003136
1.79554830196637 18.3901263056226 18.0440597557451 2.03401260966053 19.47898807771 3.88557975492449 434.726670042408 296.938848881388
1.17123210934007 12.8032688227622 17.4784802188149 0.828639195128024 14.6606723204454 1.45406820179712 361.496479972512 291.664809718486
1.97602787354229 12.1184401749299 16.8220200530766 1.9176551756491 22.8833913101522 0.579467499550054 450.178364043704 280.251266851797
2.17744578774127 11.7245029407156 17.1580747500993 2.26806323251529 25.1979619861536 1.14909222314981 392.069122271515 349.388308763859
0.691898913543326 14.9258768451065 18.3777554170502 1.06884775455931 14.6975489029346 1.88271560866207 399.623229011054 326.129459793339
1.23070564572733 13.795363042367 17.2013412874338 0.951999876168061 21.5149704537879 2.43669333220535 439.212941289129 178.976640311571
1.78073834271251 15.5811314967057 17.7017152416973 1.22756202485947 10.6856741419476 1.7891414947248 473.756892076868 256.23281674012
0.826331578786219 13.3315366715539 17.4309293682743 1.83211027245513 22.8918156049 1.70912012551382 428.310080824498 191.500019249251
0.742023747340751 11.3570890946434 18.1423203592977 1.01815938797069 15.7914654476466 0.32766398579175 450.858190066283 172.221736919924
1.17929072888354 13.7376966232945 17.9693374648632 0.851848307282726 18.5347338210937 2.77012402861929 473.086913343114 167.007468668666
1.4939433055091 10.9989824099586 18.0617804455154 1.85867365767674 25.0223728105475 0.670161198280502 451.782255538955 224.615689551769
3.03609100943217 13.0242372090303 19.625412901711 0.619263418040363 14.1887826324799 5.42099125996716 390.049374089939 269.375882685773
1.95570321642554 16.3934699329998 16.810803552732 1.73941104230836 20.7113097720193 2.94989608467857 438.626097463552 134.461409983578
0.36958637099092 11.3894217263272 18.6920059383022 0.825981954161684 18.7884973406691 1.67694866126477 456.256822500213 100.689214736857
0.652420292482531 15.5195716441175 17.5780156424687 2.49545790397909 18.7694581928477 1.02991549664868 475.774262508786 197.488290270757
1.39507814297971 13.6251657546064 16.5263740196081 2.88042144247406 13.5338961621353 3.51343219608625 436.076953349387 228.965678923556
1.71296937780918 16.4845316271814 16.4300921201318 0.80878290253851 11.2052952517457 1.73936401638087 436.804448474796 208.518007051884
0.738893379359833 10.821188469103 17.0739839820487 0.537965026372914 22.5038121271211 2.64456149882516 415.679391544218 160.584616534596
0.191567947050401 12.9387193729309 17.7298723348665 1.6402153150863 21.7728791999181 3.67769180089433 458.146954276283 92.6796115989833
0.477058406068845 14.0315531321294 18.0450410156885 2.05905709813191 13.1071019800781 0.808733764729036 454.727735293507 182.867572041507
0.745523697085547 12.0684630786998 17.3703850393738 1.96986978593368 18.7208595170011 1.19007122978132 449.587191859106 138.21930300229
1.15217112805497 14.0716903882808 15.4401770802774 2.65674114164143 18.7993814378624 1.70270131263617 374.39647689438 292.88614406586
3.18415779967246 13.7052297308987 17.5121276184748 1.39343207606161 12.5477577937713 1.16365798344148 431.737017783792 99.2543676701952
0.835016635574305 11.4039936687655 19.4966396127318 1.64582962677996 18.0035191776249 0.908570460003505 401.461218216428 260.319130954953
2.44713207145115 12.7100971092215 16.7791389646011 0.9040978975732 25.1371243462373 1.3874638653448 413.52200237447 254.546622824199
1.32500749557054 9.40225952269868 18.738794344902 1.72430781569 11.0947370312974 0.508243129915924 439.364832145244 298.035050807025
0.789157792851466 14.5493416164239 14.8374743605827 0.734909575581226 17.7790791751344 1.55454431141285 417.148497868211 180.12529269911
0.521162847775971 13.399379646489 16.5217772462867 0.869089418063999 22.7121740824615 2.17191141963455 456.889535493832 268.376021109762
4.70549604879102 14.6235961004557 18.751130295061 3.06970343369634 11.799634457843 2.01161188922125 440.227506865305 193.951124547547
0.664997308522649 15.5941808964571 17.9793297417544 1.01428209272142 16.2574654231715 1.41634846469156 421.726847569422 181.745892513717
2.11082515830387 11.110732171355 18.1250606633373 1.73565429029846 20.3865114453399 0.690523119675679 384.7614984159 297.896025090449
1.08436825349282 12.6136257797345 17.0745330808135 0.663311081139364 15.8039272946689 2.50515595752093 423.662708623069 138.766043049705
3.18888024353932 11.7649584088786 15.6081739218445 0.964736638883957 14.3802869531573 0.900176878276298 390.221603655641 300.083430733422
1.28568523970069 13.1133059947927 17.1318926767349 1.1532333993356 23.0720917014755 2.88262258106629 416.531241703607 257.550797841574
0.786976891026592 16.2758691276438 19.4115815266095 2.38039755669676 18.3626363700217 2.21396637761853 401.663062432802 292.420720643382
0.92223664852065 17.6793774759306 18.0613502854044 0.65190610947466 13.368871604491 1.3165105873505 451.752204166139 173.989993617278
0.593554582339627 9.93179251729178 18.7095829199681 0.573776889074088 20.2038969582528 2.9208935235668 404.342998521423 379.14658265539
2.19288998680442 12.6052223791884 17.8246068791881 1.22890189722015 18.0648889333969 7.28504576107924 434.529755232123 308.23831617062
1.68223395564598 13.0796240047039 16.6624301449527 1.17142243903657 20.2545123762605 1.41040023237655 449.876913818227 226.36367733925
0.664725629467681 18.2418365895653 17.7740520996857 0.551362942071416 19.2723999940044 3.09002480022485 448.20750566495 278.604592130296
2.00755254507505 12.1518292535838 16.6791121864016 1.04389481304767 18.8139917928598 7.01778450402732 415.27413381021 351.448806621726
1.97057155405148 11.6905581336087 15.7374378692364 1.7699475319837 19.6011482720325 1.03136436015598 393.249839523713 339.18866243405
1.85905040563465 13.0737270359138 17.0353576139771 1.16996781662417 22.1259507633363 2.54090832401625 408.383331050203 238.471049410055
1.83909356403647 16.2948195892339 17.2742970130686 1.02719720057118 16.1825132559637 1.41976099257845 393.405466663066 313.619023564214
0.640405097508412 11.4516385607551 17.2048710998241 0.926234631443797 18.0852548876495 0.680513042772431 466.127579580345 216.13583966407
1.36538482270245 11.273409694528 17.8057932178738 2.49037217540771 16.7651570463573 2.03326671277037 468.905502803032 186.21557378321
0.640523466102796 13.5456037777793 17.6753206720455 2.11499010828096 16.4582212053749 1.06822838058639 448.598718931074 144.654663163042
1.41159483996256 11.371026452144 17.0887729756431 0.830252545996843 12.846422220032 0.851720342404441 452.727222716173 227.465311750133
0.347470947239351 13.472037835975 16.0111841340651 0.596919369333592 21.8161965786045 0.770682574910937 463.492693377418 219.992282725159
1.63947013237822 13.064983301822 17.7347041470522 2.15145522976289 22.2454027758159 0.829388582745812 379.550829513646 291.359199910205
0.587301422968584 12.0962650377221 17.8206864583508 0.365908499736631 18.90718955708 1.74286704755286 400.928447847058 78.7589707777168
0.856070119397762 15.8556972621062 16.8917999158938 4.84553172437827 12.5089606247364 1.05531511199304 471.789572776025 231.969810552748
0.437595712616005 11.2336399454557 15.7448995173428 1.42163135147569 21.8658114518431 1.23320156553043 462.690224953527 130.562941684754
1.32158110084787 16.832618666207 15.7646398144771 2.2051933216499 17.6898840868669 0.860869965041774 297.619193139338 221.707718860518
0.979562219324581 23.6388341235134 17.6307808183756 0.515443521677157 12.3788864147056 1.93719920622685 411.658195991301 235.513390374554
2.45352949081782 11.5754528076564 15.2031075459715 5.52446297106892 15.8370303465788 1.35964421762769 437.64510435389 271.725353418978
1.21001834965812 11.0643649694945 16.3354728365648 0.905476539547733 18.6536939336164 0.449739175230291 387.439966022329 295.473459683339
0.602404367606761 17.2249374386841 17.3378206819303 1.35274892506878 11.4244533534394 1.29087281187813 384.173522185896 304.827395096536
1.96268005841932 11.894930820927 19.2000980347651 1.0532218070895 7.1184057150355 1.30133383476389 413.814794873334 264.746856519335
1.54526643393691 12.6524614263961 16.6579413147933 2.91270950254243 11.071604860019 0.634252064202821 433.28168827289 417.801646147524
0.61141431277163 10.9231805874962 17.200581369988 0.881561887282533 12.2644159587009 0.799631641385935 455.214407553076 282.608858469333
0.386559158957615 10.7257967496381 19.5614426874253 1.43290436368571 9.73595670771277 0.407734058593161 462.751417941338 174.122476222083
1.03589774708869 14.9471894979287 16.9665250976112 0.538686373758577 19.0077785511662 1.0668930483103 443.700553345821 226.103771210507
1.14994481968067 11.9789511025031 15.8780018585365 1.66678012942329 23.2226597490484 2.03603271132806 419.872618371806 36.7658636021145
1.58271132657952 16.4532064141448 19.1368440617475 3.77317871624824 12.792450381283 0.951345616072588 429.526311154767 180.704429674912
1.58859584845448 11.7874557787123 16.3894946090977 2.31972584999432 19.4250240057712 3.01814178644476 435.556118732585 69.0585356838357
0.734045395798182 12.0554581284165 16.61028816849 1.66800055162554 10.3153686875912 1.55716739297374 348.947524035177 277.060568957134
1.20719943584684 11.4589831908768 16.2567054573374 1.35478320791738 17.0199904689448 1.39673393615901 454.098074255906 279.766640517988
1.35637352303925 11.5861089005291 16.7834995219823 0.958734199192587 15.9922204688242 1.0616244742738 436.05786731389 190.316087692947
0.802388749134094 15.1776190690441 18.1311115751176 1.33603187832569 23.9755342866796 1.72224926505378 353.537129213634 121.165362132864
1.03896520705441 11.0599441230104 18.2987853307973 1.2429435299795 14.902355917392 0.833195599519126 476.234777715429 167.378075113004
1.47223950544397 11.5717953458813 17.2928021107582 1.01106945439463 26.0995898775728 9.11443138577064 441.313114278681 70.5515617581318
0.400705895591885 11.3143557850126 17.1873837109593 1.53260064807204 14.5347453370756 7.10147956472693 465.592668043516 142.921468179956
1.69577852288524 11.1096499783438 17.4819429757888 0.732403972853011 10.9268012426882 12.2679808357401 264.19170639032 230.841943757964
1.3767824902454 11.2967706693203 18.5210596386627 0.751232314297782 17.9105484159709 4.46058506909824 438.675875329472 187.883258446997
0.876036793073534 12.7670231845653 17.9085889721226 1.14004345845584 12.2197235538534 5.12903189299778 419.384911263205 268.504434813389
2.65588398438468 12.3312256485845 18.076723059178 3.63158345467991 16.535770649906 2.61541893368705 433.312338928348 245.03632359545
1.47846801559424 10.7206836539655 18.6299455661128 1.88791846972286 13.4609543185519 4.24693302303161 453.20188440669 124.625194230356
0.955314398196615 12.6004358644318 18.2250426112186 1.91627665342244 25.6323900494768 0.595085573955466 362.964909018833 276.285348511174
3.27089096484622 10.1861181016224 14.8836059658313 6.02005747974841 14.0976222217585 0.402106249767053 441.0703855647 371.782871918102
0.547223008691899 11.4815373025799 16.736629821674 1.09904110226053 19.4545096575172 1.33254072821376 424.409700633449 177.935620653323
1.2619422864463 15.0150954253596 16.9662003886843 1.68283997178607 15.7595461664002 1.13372056493344 416.962101897144 184.030574377389
0.61084666238611 11.4900977894377 17.0844327214197 0.925265343100037 14.8212146473147 0.647622266975834 439.574756220958 250.041288080083
3.3778079175235 15.9625866343072 17.4469805080861 2.95734051353778 23.0623544016926 2.49095520152229 412.574041848933 303.339462916783
1.21158002332923 13.3793516409465 17.3880981411177 3.42378742736891 11.0025798567596 1.03116682496105 445.771119364005 148.376542083635
0.873408443465485 14.0922280925527 16.7752066245633 1.83556040624679 16.1300921407734 0.896783783931078 385.495167157771 213.532717880862
2.36798285453797 11.7234742385906 17.5098285962056 1.26457367397856 16.084238376622 0.668003707009055 404.578559463605 298.9931716543
2.30763165240177 14.3514374493839 18.7843918222549 1.3204798477416 10.2502565671952 3.97882127854454 451.185802580671 361.872250228695
1.73918843843685 10.9555832915895 18.4176657306341 8.49907060941072 20.3706259297184 0.153776740496384 481.31884170707 535.547727424739
1.11305159709955 14.1078479565656 18.8554212606906 1.92449528075096 14.9375673574066 2.08779237752073 457.383526447089 105.858857780029
0.903340149754769 13.9246994653846 16.0147119552965 1.09157782995209 17.3780257852845 1.28911608147401 454.176289712321 187.039575102111
1.639982318744 16.0099511843682 16.3369722610115 0.888121148697074 19.7444801561617 0.584940872905822 386.258040025143 284.720881083404
0.5888764168372 19.3186586066428 17.2397732302171 0.632394102514416 25.464668706998 1.5348955435537 447.215865442723 197.153471165603
1.02864993181462 14.876260997796 18.4309642515584 1.01115477591738 13.384666468638 0.979823261449348 484.802286309096 229.271496754316
1.62674485561705 11.6038052099407 17.3606413739072 2.07908174997909 15.1128947527709 3.23550589465088 458.994187872872 218.060646314013
0.826852418299931 15.3618962395021 18.2201021052437 1.12706636208816 21.4976981266534 1.15714452613816 441.680192381393 291.450953227513
1.4386577861177 12.5222459587171 15.7991819782384 4.174232721313 16.3262364420035 1.24169118427839 485.864274585537 198.366211222428
1.21668814989594 12.1491295371027 18.5789670391825 2.05011531097127 15.4357196291295 9.25820768353265 482.619362832808 222.674317567881
0.846689895482603 10.6430814191899 16.9471728448431 0.489469847209496 23.4329506250477 1.78387197079358 380.746137873897 352.403973817121
1.18894750804824 17.7213352017981 17.3025876450938 1.02050746465921 15.7323714943007 1.39909024967847 405.502883416551 106.799235590548
2.1142366983155 11.808987873532 17.7815094224848 0.828943089793714 14.5731781955795 1.47406969534851 380.246542717155 216.227298997845
0.376265486030163 10.8712088599445 17.934910049375 1.27869226163464 19.9524330631868 2.21730209831479 472.085236554005 205.216937577667
1.99517253310759 13.0620135772962 17.3799153416924 1.18342536065072 13.2029954820762 0.964135694988733 382.581647924154 268.100210028824
1.19630990669611 15.5117072906779 18.3641962178002 0.59844009910826 14.5044865933441 1.9981437336855 427.504689450714 229.758847337649
0.535308836262614 12.2967880794597 18.2759230836998 1.07972865033106 22.1762564202888 1.95515735352844 453.343919321687 129.550975200522
2.49916326116047 12.8588258752795 16.4519315633889 1.259393653544 20.9278028764948 4.56406984754994 423.539566104695 161.005360890042
0.679000182620743 11.006662790288 17.3969656302957 0.746744733931552 22.9210865963483 2.1876375863984 424.727752258922 141.330072061956
0.675389456065969 14.7987607008152 17.5024174346213 1.37179893313663 12.5347615141923 2.08759797764302 421.390959518604 286.171625903586
0.772903619950315 14.2346324669583 18.3615121546207 0.721727602954967 11.4944812520865 1.74086457155115 422.341775239524 202.981852385664
1.48457604654769 11.90810160483 17.5900217793553 2.61015382711185 27.8406020434011 1.02173608366245 464.066893089333 154.502325558134
0.549008844369508 14.6668622257245 16.865812346045 2.45155443672369 19.0432820126123 1.96818022845402 427.99263430173 192.432383801345
1.22490691959949 12.3504535862805 18.1889172757789 2.11205791978714 27.0132174277608 5.37307077712186 443.202720758932 242.326637610309
1.02831105833832 15.6323709211458 16.8533986000469 1.14022162722178 19.5487904555338 3.37446187461919 402.567518716593 200.585879967584
1.76607157532922 13.6438176027477 17.075011270777 0.780872627559585 22.5330174472401 1.13672508079788 388.561413374995 242.560202604647
2.20364984433578 12.3101331632315 17.0189302838974 0.517578296783605 23.6635753093774 1.44267713003984 341.71291508262 241.206570101733
1.94407468584672 13.2413308692655 18.4854366253003 0.878632712082169 15.1579095117482 1.45031154712355 416.177423204143 206.121011492695
1.2965943222996 12.2843663226556 15.3254335278472 2.87101452110567 14.3926856672313 5.04857560859788 476.987443611323 197.07763725435
1.49238182493187 13.938268813706 18.1985895984843 2.21703669018079 14.5861115693058 0.873631360088481 404.567506936777 225.287518227871
0.616598754766913 11.9642874096118 18.4656907463967 0.73380611271789 7.44469494719249 1.89381398765823 494.295679384181 139.69462657812
2.50647264389495 11.31325496773 16.9373187311404 1.03896501507775 22.572508220036 2.15124289737019 431.075347676945 296.300613501629
0.410113060203933 11.2397320971865 17.7876214581465 0.763064641657959 24.8871161566666 3.88044092646593 436.97310435018 135.156668282126
1.66599194293927 12.2314490318766 18.7884054180638 1.13587055172648 18.9057768235662 0.932185827096082 394.271816930492 275.023544873025
1.39698280817766 15.4388141919396 17.6156987307106 0.778571734480688 20.4983652341587 1.18735849547223 402.445299589532 74.86856533708
1.63842612915168 11.6085784078853 16.3329352525794 2.42117340509356 15.9882476996333 1.73659120569411 446.318039864886 301.57928432355
0.621442135967182 11.4333681923822 17.1029230771932 0.130176365836664 17.7316585469982 0.625662597690474 422.731722281807 273.11900931517
0.615934861270697 15.4356828334847 16.976573924904 0.486758010604772 21.6135228460419 1.69078729211514 298.441196579876 177.646339344734
1.72073393782549 8.30185552092406 17.7412489215702 2.29122697725948 17.4916495978622 1.11403677396917 399.783690380674 403.744252747192
1.60031344178317 16.1736479495051 18.3559439492268 0.769390506207694 15.4322709714535 4.13841394137634 390.305633086156 217.58415888644
2.17515052502237 13.4915534642906 16.2840686680222 0.495181697361712 21.9465581061442 4.4260763702385 423.371523406821 110.405377349049
1.05420272290706 12.0263503428946 16.5338798557479 1.95299936672106 10.2321780667089 1.60469782520098 458.471216175534 154.073745501906
1.62121446967737 16.6856351429885 17.5679924259056 1.93619166463955 9.26882356145225 1.03042826357463 455.139128666414 284.303815360735
1.39367143738436 16.4432635022252 17.1936626484932 1.3101728211751 24.3592558876777 0.641828374551511 418.49555118963 321.080904143162
2.19013286361875 13.0144786074639 18.1366769707513 1.91217277747568 21.4529040263463 0.686577321301907 421.731914431214 194.553960242705
0.876035866158157 14.7267583157238 15.8240511524259 0.813042244698458 12.3020142539317 1.89830845770109 473.420924222408 126.944904877235
1.26330063607343 14.2960120395374 18.5831119373532 0.700665322099585 13.837712653011 16.7272695043066 388.829738141851 241.963968075007
0.456244817856515 11.9040486540249 17.3968935992039 1.23709723612384 24.0912411509563 1.06433727699799 450.893870308224 159.120649764913
1.30410916874384 13.6588022052348 18.1072197735609 1.29946669417266 19.9531043040751 2.9382801421135 465.805277134548 200.552395031637
1.34884692321516 12.519974872166 16.1398588061996 2.28749326685143 10.3454746395751 0.598806509545425 453.155057336109 319.083642982918
0.897590964554676 13.2837221800839 16.3315255192145 0.88299810878901 19.388202693117 1.29504924395031 465.357729454123 129.48290826105
0.750117436950343 13.2056905026288 16.8749959385693 2.09863767501378 22.7278272113006 0.88371993206679 374.995919396373 395.538763398997
0.438726127207112 11.8952893221711 16.3848031013289 0.661214530767796 16.6295364640781 1.13048076013635 470.081016887187 238.256248971043
1.78888323582224 12.0665603680816 17.7752514954516 1.68031904005273 17.4460818671761 1.9526100507351 397.791788419031 298.960177585939
1.55913994423139 14.0176244274993 17.7033914089465 0.998667403846545 21.3767096361744 2.2706330396704 450.467728806068 143.604271581543
1.70965185005418 14.0024660116347 18.3292409430733 1.55223660835303 22.7318189253268 2.44155998238046 421.150724262688 251.690543142104
2.30670313089694 11.7923957087645 17.5417475847251 1.18861878947841 26.8589812487164 0.800687764889937 426.067196656347 413.427888318463
1.39432656013227 15.7864082594438 16.7256253191887 0.576752407625447 24.3519813624657 1.04627127419564 367.8169211087 80.5246500954903
1.46417510095169 11.7711517122781 17.1401013589934 0.83790820861771 24.4247443982537 3.47726006484338 419.059437975369 252.244535032444
2.04192580795792 10.5160512713718 17.7968252959472 0.539058711813992 17.8780071168546 0.629268245189986 376.054105088554 303.236697627941
1.53870129021878 17.4632074397977 19.3208949638198 0.222153571365637 19.2487645798396 2.79165463005593 254.779817811614 234.475518746144
2.22257978303824 19.0490967021287 17.0815424274233 2.52779739447438 11.131873936339 0.74282635063871 442.130273682777 274.698673368575
1.21392738926847 13.2703468766724 17.2841452412706 1.661664196222 17.5141336711037 1.68329780580824 419.331573894075 281.711499536975
1.97084748774878 12.4113886398908 17.3938340940871 1.51234584452759 10.0151218048185 1.08528965150717 341.380303283696 331.041547179798
1.3437472140355 11.2107155039751 19.2924000099764 0.874421052913088 19.1356453004572 2.07160725384555 377.411955381734 377.862834473705
2.4411410374402 14.9073704610866 18.6639241388894 1.41762937675868 12.5507500781701 2.28034465232698 443.02656829682 227.814917414715
2.04454623089491 8.25970423950413 18.0444408003499 1.41928766026799 15.004525483008 0.317821081976067 429.865334788597 525.336578555909
1.22629591850891 11.8494245994927 19.4586080607347 2.33228149719483 14.5867944061736 1.60067008303729 477.215610323125 198.376358160758
1.16673857580901 15.367855187281 18.3305340120552 1.73700293485652 16.459735739762 0.739227094503919 427.58251770694 295.178320204853
0.878804147451465 10.9241704628707 20.5245816055399 0.877115930900629 3.77536517440351 1.67046240153073 483.451128024786 244.455860947007
2.24678820723205 13.6676486006105 18.3264657894696 1.6843616863387 19.1297830226934 0.92634585912489 385.607955932653 294.33314488362
0.59571653609734 16.2082025013647 16.5805284763526 1.37660049992749 16.0073541759573 0.751066466953087 472.12480149767 323.49874974231
1.07904161134202 9.18663158490541 17.1542525124079 0.214321317032982 19.3163739725494 1.30674301642939 363.484668050745 103.724523263911
1.19112649971562 17.5879306994746 18.7368663878641 1.92108203940319 19.1459663635403 2.32558508430529 381.599044795371 273.391126430459
0.859124760617107 11.6010927504329 17.3529129240093 1.77599114552856 15.4094852588891 0.647051741900625 473.481551493204 119.53418032085
0.574773572109718 15.6288355360782 16.1606517239756 3.79187206143885 19.4267289705305 7.94717585119868 475.83796415826 315.622883640575
1.48815878424739 11.6953813775674 17.6189395321678 2.07567006806402 14.8255715849215 2.89986582129312 453.926189721038 178.258043926124
2.34473047950905 12.7427951200501 16.4909842732048 3.18674967907513 18.041418830282 2.14405685877737 397.110465498484 295.237970510866
0.477248962884991 13.9596434644546 17.4790837413164 0.562733528031551 17.3179524200665 2.19969538168683 467.094001191281 124.323469889918
1.44870128863795 15.500829610533 16.9995563245289 1.88207556094781 15.4041403602718 2.14521362459283 385.435493949986 151.107222677022
1.39914923532673 13.1295538682524 16.2837961444628 1.19080422161073 21.8621929531842 3.83696306099125 418.090790763616 290.591110028599
0.688595215654685 13.6338649319541 17.0622068508424 1.71912716611702 20.0064942445854 2.19646351181759 440.727636033273 271.085633015205
0.951600713592119 15.3442507788617 16.1347148922932 1.146936179115 15.0579743732891 3.43077695449353 360.072844830475 206.666389437138
1.43962989958752 12.0953293216908 16.7689720186873 6.606626307367 14.4683945426383 0.541847456012535 401.374825871588 380.193400553151
1.31167061236624 12.3375749695546 16.2427673752087 1.36822674684239 18.5960750239182 1.99829548724991 413.277882514096 258.590091672119
0.629310164539087 13.1738885556397 17.219427979327 1.61905586447571 17.4600387660231 4.7510957079427 459.943821538624 170.384669223827
2.54759927905872 10.6695136637172 18.0862871590869 1.90973476759282 11.3705957951067 3.09816940620992 369.543392810044 324.087463484389
0.770889765874912 11.7259820509574 18.7766018351535 0.685888731752634 15.2982085947248 1.82571238934049 419.070586935825 261.538301866678
2.09695761096687 12.0832673068413 18.5172902056474 1.07982324998934 13.1772911317386 0.932014632869354 387.095086295286 281.606673050143
1.71273102475086 15.0540995022804 18.189380034863 0.533131291459641 13.7562056272495 2.86848073175882 363.524309188999 184.67751777869
0.370532925509017 14.7258955578846 16.8172268962206 0.362814369133031 21.0554185067844 0.803713860796661 421.263231176179 166.65836679823
0.641165331561318 16.3669956216362 18.5573079556985 1.65226150170227 21.7272437168016 2.60302650642298 440.65684518332 175.023315550182
1.95424812095962 14.936784924725 18.1502922002951 0.694464163967949 24.9423258002866 5.48119924745784 408.03017221024 204.734833213756
0.592789569751149 13.6745689628785 17.0051602930064 0.485540505437336 16.1107410559817 4.66570343666949 435.301486655631 168.143997628643
0.878891567045252 15.0409109653209 15.6902873099143 1.24687064229418 21.4898417897631 4.72517020004664 468.61193633007 127.16834973648
1.01870724201348 15.7620024185345 16.5884119199029 0.466098739755016 21.9997136818237 3.64220507454819 386.725072567401 421.53919659823
1.4562676173543 10.4525958971968 16.2265521301612 0.439230940202501 21.107150456905 1.53744706025445 374.541837716876 167.392058710853
1.51096633285735 12.6259994360774 17.4792128922072 2.26336747565516 12.8404684130873 0.453345746080168 449.747925928597 272.607481748644
0.250096930347495 21.1976502664323 16.4283870493196 1.65484457339338 19.8126778630573 0.445148174447126 410.030910771535 317.420108158553
3.39997931772006 8.84595125292948 19.1683590045678 1.48585896398866 17.4498153088045 0.69011938147761 457.6429015888 224.127058695505
0.688110672661958 13.7862578815454 17.4859434640608 2.47498964617705 5.20631857001087 1.02972607062237 448.807945444508 272.667458416195
1.81323207878549 12.0824247150127 17.1038558472986 1.83280808453828 18.9394664959679 8.51632798404717 442.391364886603 292.508722467989
1.87983896942566 11.3355107512584 17.7210423357539 12.791573673164 17.0248731030515 0.720322920266874 356.165575102219 452.719525922419
0.641706743522189 14.2733792312743 17.5666758496294 0.818826396043915 12.2121839974154 0.744511961856109 481.033197608182 130.919452471069
0.876990951450911 19.234540478907 14.0692158030272 3.32123245009496 24.3649823333828 1.87400754466766 396.64412395906 430.194607610544
1.98526614675921 13.1475178334482 18.7168904392787 1.31192399056663 24.7438947237404 3.61712058425329 407.911806491249 184.092769082695
5.71814127448211 12.4471414999251 18.7026409309655 2.8966764924813 18.1905838831898 1.19611231971075 430.100310444658 260.374588988079
2.2727435020796 13.9518692608885 16.6844228899513 1.59412813360451 22.1345129544529 1.03647605976863 414.739257202422 331.268383859116
1.76194828767829 11.9691605807429 18.2819885484176 1.09258277158598 20.617848713874 1.2377864099364 405.082219663606 284.84689718378
1.04000969429597 12.3502028110006 16.1037639140503 0.771713928811197 22.4430461890155 2.44721472280677 446.275731184374 152.831153942992
0.624015502320214 11.6506038289008 18.4249046284649 0.891161940263857 19.759186787742 5.93246460477641 444.758521335634 159.977943783243
0.92445363228942 12.3715039882004 16.5053797433783 0.76073762679857 21.7245825519423 2.28003759355271 448.464436636915 169.875996228755
1.49268968862697 15.2017391911612 16.2473215418131 3.4253510748227 18.3844283019422 2.58306069276407 432.382352305397 311.82366387962
0.54516760283526 16.9964113914863 17.1038108297325 1.38723592404838 12.105985942487 0.575329700941973 392.018993957238 296.564039204138
0.583258004491141 14.4982312046415 15.0440750186539 1.13149809964243 14.9554842203294 0.502949444580846 471.134228037827 317.519725743009
0.796767778114278 10.8306824487061 16.9425592912669 1.60886415396137 25.044506477797 1.64716199827295 458.541379093074 278.84770052186
0.605486149034725 13.9042640831357 15.7768838554675 0.778996707743295 19.0854034690358 2.37651973567834 450.489187030803 192.861601091724
1.42976023899283 11.7239306265404 16.6102130545645 1.71988293978937 22.2629311178691 0.834123795798653 445.152784274695 329.081243499932
1.65172383239062 15.7777668039437 18.4437062982564 0.74473762903032 18.8482480797465 2.79971467940546 373.728443216044 148.460626808815
1.62182355096078 11.6217985705397 15.600009181151 1.26480508526794 21.5124733995263 1.41861660721069 450.369594143528 240.711618192675
2.21202193634434 11.6193277845406 19.5346203297008 1.86297825571325 21.0546688424315 1.33665955626549 414.461162116868 235.684434902461
1.16700330422076 12.6311181740406 18.9809397160607 1.12332610087513 11.8285901412641 0.850806482976743 477.433684091935 391.504509643771
0.955695597696334 12.017914667099 19.1295001159302 0.453985922279741 23.031612283749 2.48663897165757 417.684010986858 21.784708404917
2.83990117380805 15.6870288313528 18.1289858866361 1.35617577838445 21.1215807059271 2.94475661355962 413.132085529919 281.259404057812
0.982727893404241 11.6145417084036 17.0694649641454 1.03387944055097 14.5339556496575 1.48363539008429 480.312378320587 160.458207872555
1.47639120820833 13.3709775635681 18.048860821285 2.30190114652697 17.2943786289943 1.4353641933534 425.572005496135 283.560304711356
1.47516125472707 11.9032797220949 17.0200384969433 1.12624057235212 22.0070400519482 2.98790325735513 364.72349365788 247.835816627407
1.2183962160937 9.16656434278087 18.0460970713366 2.07999554854207 20.4430635411014 0.751740705976671 445.997262172921 141.211050478251
1.17222473395928 14.8046453663684 17.9751854760872 0.572242904222107 15.2247881862654 6.92311625152555 452.589845884202 55.9571160242013
0.92198302654907 14.0008271855971 15.9823035924886 0.992275336326943 21.1289884432996 1.50295324690348 394.744683516905 162.427876011804
0.633748135084493 12.3431921453713 16.9606685183059 1.93540010579397 19.9340268045775 2.6727492360107 437.163510966774 158.043599751882
1.72384381604228 10.0294897750213 16.4921455542905 1.05456348982323 16.1682230452062 0.423381568150581 400.300918389661 280.08580072618
2.50174604253299 11.4671166743539 17.270489813164 7.57784410833311 14.4102629161969 10.7176872692534 458.333733980006 82.5958715347615
1.4378015005726 15.9623539637113 17.6627893961471 0.747164898384909 11.4205015949345 2.76830753526871 401.917114119855 280.309454161869
1.68218866453451 10.0108805890965 18.2260658978828 2.11951799603216 18.0392932903317 0.373792098807992 456.388931042727 407.71916468195
0.162212723406168 8.70606629626698 16.4834884334463 0.245609536596102 18.3489641201565 2.66550712305834 418.524085449333 426.621688581005
0.867149785939383 12.4087797759342 17.7903464912277 0.962095258181476 17.8596608323174 1.64903444523252 367.37691883269 327.762252847991
0.64644360954812 12.6282973999445 17.8488273297701 1.30272866244114 14.3301879725177 2.21602646812666 450.49590370372 163.217508412378
1.39512231369599 15.3397078928211 18.2800863711165 1.69165707519104 17.173813979108 1.4079623865613 443.648591901827 313.040618069106
0.633461871530164 12.5589171006651 18.8467398830905 0.409693894713897 13.0770794599019 1.02304282062471 382.014246191335 121.209854262245
2.31818611592126 13.7181165088313 17.6056914998545 1.38306909541839 21.1238671480137 1.61651687218614 444.198278162281 92.2947795669651
0.506980206878914 16.6018839846391 18.0238243331342 0.392143847738154 22.1483815829629 1.27306375549242 412.721760142255 281.77291546484
0.600220297686901 14.2866854660404 16.8132065628349 2.00823988951082 25.388239199138 1.27035658194225 448.84336171755 203.955311777532
0.901458375171392 12.3186805257692 17.331927208394 1.72435444687676 19.1206661750689 3.704539613333 418.195480935862 226.361952998047
1.61935897748754 13.2909026717994 16.9349944783156 1.6521579385804 14.3502053991669 5.47009643753996 468.847880805436 197.031935946686
1.29848431410613 11.1393394629083 17.1904872254645 2.58999161767769 12.1947116617183 1.7545493647266 467.524137872014 105.406222228586
0.566050956357325 11.9502598986745 18.4023032501412 0.662572435595554 24.0082320759062 1.57581664026353 436.461184976926 265.024419908699
1.64771888619799 11.1245405735425 18.15767229063 1.46773485778407 17.5885842768294 1.92223334224002 381.073130063572 130.464785641834
1.39317029510891 9.39410297649477 17.0302507843504 2.92944492862474 21.7593445179912 1.04318680345057 393.403987489712 374.413127669699
1.31285745806306 11.9493828170637 16.2458737812248 2.06936029490347 21.1474462900394 2.00477398226859 448.944517683344 225.422337689189
1.55278713814005 11.703336217321 16.2503109773346 2.05472458348705 19.3455302267171 1.34837599479161 450.170394893601 285.937317178809
1.50416837314555 11.1177290832857 18.6879402598804 0.94331688021361 23.171046848914 1.1646679165722 400.021200059107 232.355220124522
2.33578279095199 11.8620875338536 18.3318272123633 0.805798069549595 14.6090499490187 1.66193600110953 377.341160717948 219.983592959859
1.1303558621823 14.9004372598817 18.153709112385 1.08324457347228 13.773547847709 2.46167514827782 417.488399399563 207.264039731642
1.45868882394353 13.1719987942097 16.01313830475 2.63096937275912 16.7203736134167 1.85158428078083 438.913035824995 326.757759640467
1.83266443139866 12.4433345546451 17.1330902786612 0.671547491337508 17.0094330150484 3.4005189713525 429.082936634209 244.607980995081
0.733650236297586 11.6560998160778 17.1259558056129 0.635178328023327 14.4678709762171 1.22173321522119 433.47438786765 154.733701149422
1.43505511567803 11.7033838065758 18.2131072418814 1.35900564446459 15.8589234103892 4.08425529668761 448.896933983469 24.4225421746582
0.83399763007245 9.80064619088377 17.4690158593749 1.79810280948693 8.91053830401076 1.53901472552303 442.265816159842 173.70804256332
0.748989849969511 14.1127034478076 17.842630160388 2.18014260237292 12.664752585971 2.2303558623819 443.456059070861 124.210991570309
1.46008769648875 11.807742242516 16.9297943805613 0.769508287343936 20.2156530271306 1.6812597351142 413.681489165703 187.542743980918
2.27019046477231 11.4644479012184 17.4406645143051 0.868646804420747 16.4463315709015 1.40562564230576 396.565657511299 227.950233528945
1.19779472157274 17.9421956736535 17.0208307958113 0.969357715104861 21.8751400376074 10.7996206616299 295.361787832889 85.1796834876793
0.165769471927887 12.0813250855682 17.3655910973091 0.561333331665165 22.8357413204954 3.26823062576412 505.207781993699 79.7128600567617
1.84088166624124 14.7119606469623 16.4188679317952 0.658368662561749 18.9649764880271 3.13018669684762 400.834872385654 216.494781132369
1.67568837876486 11.7651863890551 18.0037962105645 1.27354732642115 18.8628138189564 6.60558309888113 448.378394250288 92.4907793687789
0.78479538585925 14.3273350043014 17.0822140925365 0.480151156650423 15.5270057691392 1.52355241513427 440.498548860755 191.050390509597
1.06453409147594 13.2677287260072 18.7009626209883 0.700031946321036 18.546345929226 0.953670947831974 411.86265598373 317.715568541544
0.830234999754873 14.14519704304 16.9512194121827 0.815865798048294 12.0516602435898 7.74072897139836 423.955005102302 149.893804615365
0.854367957434116 11.3986687030258 17.7501261671284 1.06323370054534 15.583541618143 7.46127799957715 330.136923479685 165.019775760087
1.15496397482031 19.7314141630788 18.4766894858949 5.03764790466194 17.2239821231482 1.10943830420964 423.261910728577 310.635320829499
0.314024500675008 14.1219085209852 17.3255131889971 0.508583057905402 21.6558333502271 1.44575020088683 456.676540047084 225.912777772747
0.587455066491776 10.9964422294593 17.6420934746738 1.8277631640707 17.6978341865099 10.0624799195008 484.011684472687 258.693286717835
0.529240920150302 12.6328589327265 18.4769931558603 1.40338676021918 17.9808316740934 3.76027269197814 469.697176881915 224.179019453184
2.47222486699447 10.1363740438587 17.6869130125711 0.707172601005956 15.6093707173254 1.44433230460572 413.148907510718 154.30627875188
0.650599757741974 15.7015118752856 17.2784668878552 1.48474658963069 21.9866643454113 1.70422752495104 390.331662330992 65.6003013918662
3.63548913862412 12.6469294057226 18.639395418257 1.39477510295819 8.16154412771541 1.47170628854697 405.469792079385 357.040496205115
1.27014166169473 13.6076819293342 19.3574195329821 1.82498089909565 17.9880241040331 3.221835380621 465.560470744604 85.4182113127771
2.26857332770584 11.5670567001282 17.2206530425538 1.03214636085361 17.0603037371944 0.568091913006861 449.813617364199 283.767303792966
0.946065241246168 11.6071530897812 16.6112958194475 1.58434749051333 21.2620260225033 3.13360629019832 404.124798602683 200.023139222523
1.3394925050507 14.9313255914826 18.0136256182604 0.572479996460012 18.2537892064502 1.26594247656658 426.610343939273 103.432894931114
0.725891005123639 11.674734717995 16.402621482254 0.882805231819459 19.1330234280515 19.0384936703504 422.999198694618 174.950828565896
1.66254689427318 10.8918581947241 17.3240376522162 1.63290260607237 9.01935103215559 1.362936786393 365.979371113293 293.393248092206
0.727748292322809 12.3560911523593 17.561958246654 2.42653090220977 10.2953445873384 1.12480739088713 446.138394421221 124.869576463472
2.63404982662923 14.2016489783803 16.1082644218696 1.39800303609401 18.5621877112964 1.72193858362518 381.928295802294 315.022132485912
0.872425860766622 11.9804204852556 17.0585286793179 0.526465990318714 21.9391444435633 1.96910670555469 457.215695549465 69.7536285123133
0.957210922494999 11.9367956271704 16.8506111936398 2.95227366025555 18.49790855788 10.4857214270655 451.373537314037 181.701540507894
1.19044684694231 12.4091625796609 19.3610369602843 1.68006778464318 18.7379154436548 9.34014226107472 457.030339656532 237.07308781637
0.543696488948781 13.89627550109 16.9813668136338 0.433825928118803 15.9473931556303 2.49712516161805 429.211545965749 157.725343773226
1.778975697439 12.4006139084818 17.178477197012 1.44200166239354 15.6438409956806 0.861723390264963 395.959513078452 448.404965427999
0.606999626093782 15.6136145098385 17.9694381628307 1.00751255759789 13.9599288442244 2.28668272162956 464.720679483262 204.080861180778
1.58866889331051 11.2847586358587 19.6941192408753 1.52850977620199 20.0837217141062 1.37811392223099 373.233979081759 336.944595946495
0.841400757293657 14.5027849472124 17.2997235186274 1.3664139874388 19.1988890320274 2.38668052383917 444.512661566622 105.463650864134
0.835844011713916 11.9438789398957 18.2039116058849 1.00144687124528 15.1764199483847 1.08718800827065 460.319658581715 130.526337261283
0.837470002719892 10.2986541393256 17.797908135233 2.63585748133643 15.3293046557032 0.77550779882524 459.74288743753 185.480345059815
0.967618004364452 14.9954946695082 18.3319970842055 3.64901586303597 19.0347336660396 2.09129998528421 434.27942032029 297.221296150773
2.01800554946037 14.1213661490389 18.7358252686315 1.91588223661929 14.8103849882761 2.13761823594818 415.179336467374 340.956298390503
1.1461731478122 11.578420880523 19.8509211705115 1.3882510851603 10.0026423101897 1.34340950734589 492.019628557403 339.029305329095
1.99815738717838 17.2579943922527 17.8802618144063 2.1549775764511 19.8408365915309 1.47108859305202 379.662826735967 123.550439453325
1.62221255437276 15.747389290674 16.6259377310996 1.30261709224492 19.2096707255761 2.49881616863089 412.893421649817 182.212921763259
0.775073257125205 14.3565360688093 15.9938172999308 1.09589256772387 25.8090940646364 2.68852768150561 451.43705098663 157.608035017844
0.926417426919803 11.7676875859106 18.0568848512742 0.427407011621303 15.5699883381257 1.37815031632615 417.567762033207 141.041884230834
1.20434973490914 12.0782132028984 18.7279210668267 3.21089210524553 8.48642824344159 1.2746964720014 458.809958107249 201.917405455861
0.504530503394307 13.4815611832881 17.4806412374846 2.3869638502193 14.6965617921492 1.2179387663232 464.886906598712 228.34930292766
1.84893866734155 14.3509424713655 17.8013666313313 1.57930597623216 10.884349222402 1.77961074924415 377.844151783699 385.064091843559
1.0623412444554 13.0837029817322 17.359476059787 5.35814265864177 5.36437709158743 1.11138677449607 432.650252358651 315.929644681205
1.23337269200178 13.1134342637613 16.9996443576418 1.46094643482201 16.5631899106293 3.44760065237975 463.747194480167 66.9482956546868
0.609319817624731 12.9545048644415 17.3652582838973 0.764050456911303 16.6416401090298 4.51691934453333 457.897019472805 182.028310859982
3.2808889185974 12.1897538355257 17.2176682567507 1.23207340452428 20.1133035408337 2.04614810991566 376.314454734824 174.124190417919
0.666112906497437 11.1690630383084 16.0850421864918 3.16705912963461 16.5927335388341 0.397824174519747 477.488643556712 192.550741851128
1.66258434390894 14.6053000510936 18.3906009165935 0.776716355489581 21.1306993063002 3.61562707450858 392.059784316265 276.156462463367
2.31605652802268 12.8557431486363 17.7544739521255 2.15958882748847 20.8928455734893 6.85136754295033 429.933581904911 283.574836270514
1.10782563884389 12.1902037066016 18.5737042224875 0.944195608135155 18.421361574157 1.16845958479343 350.762053685584 280.755812343671
0.442689164662562 13.2123608360859 16.4244924528157 3.35250830027283 21.4931976364603 0.869176907227045 481.300338496571 335.493187767131
0.952130031158334 12.307605211943 17.2183809486234 0.836408267419656 17.7647527581096 2.36965769483739 463.547405637773 130.586784194447
2.23273700965373 13.3480126815649 17.5835725485653 1.10462361462368 16.374020439754 0.791381680298788 403.073172021131 225.765483232989
1.59554385018457 13.6085803309482 17.3751732763622 1.94704828257766 16.8848340642168 0.828814026523357 420.05938702236 273.966744874391
0.667207167565768 13.8478000373462 19.1016495951726 1.84572809188055 16.2461051966523 1.37708695025144 457.723271490105 110.542325032586
0.670998692445485 12.695154373527 20.3386021363627 3.629658124205 22.1226026271197 2.77793581498091 484.388190116552 51.3228119847733
1.17882781288529 12.659558628134 17.3107609298474 0.963866408076762 12.3121194421993 2.76282582995514 415.075495304149 137.730692953775
0.364095852017517 12.8677527279358 16.3360019806426 2.39174775063912 13.8802495884127 1.69721414127761 492.492210085573 99.3935646698966
0.756153878005025 11.9143262121544 18.1444350036554 0.336344877498764 13.9283146466355 10.9754393780181 358.900053954151 150.006065823531
1.43883181196259 14.4210618602851 15.70770727834 0.825069027529916 19.5095345926069 3.25412897451233 348.325561926229 227.354358654209
6.75279823559698 13.4762309277075 19.0016190107201 4.70727720061327 18.8095074093872 1.07082604039511 333.297410577659 497.925404994395
0.767978967971112 14.110805999273 16.7777411722019 0.847277034286719 20.0662204340609 11.2933773635885 457.506391749695 166.458779839268
1.49801338713776 15.4479148565964 16.7567235439673 2.61032811829025 19.751838434 4.62368326193951 479.189754747447 216.537782467276
0.368781640570786 16.0834728638792 15.9907395637804 1.0146789858318 18.2190429651495 0.588906605144873 371.54704577885 118.80767619939
1.23529719854385 14.3091748285808 17.7946894071247 2.12749471230382 20.3365233853977 2.17510260666362 462.494603184103 178.881187993445
0.782965511700573 12.7988471508977 18.4839105277514 1.77103841554404 19.4538800634654 0.974310398087215 438.040805843138 260.690888539838
1.038248684763 11.4440350812334 17.0360348208178 3.15594730277671 18.2921996851717 1.86934293322882 453.55867924225 281.822349987978
1.91174934111894 12.3808995419665 17.28605227217 1.55046444605666 13.2585880747983 1.35778710258148 460.53825676369 238.737949079098
1.00135592641182 17.4376925977608 16.6645591775359 3.11222400834284 15.0408798121192 1.24231117206533 448.100996812251 283.753533990229
0.783952687563764 10.7301869292551 18.3759102679919 1.62497647571065 19.0352512093445 0.544531585512449 407.779507913243 221.394369037782
1.70995728410755 14.4813310920996 18.9454706841442 3.6934201992015 10.6851669453988 4.92918661728614 438.470715919416 302.699990305279
1.63315872376187 11.4342229982779 16.2149160986922 0.587143254608874 16.9749536548111 2.1590625030419 389.203829096471 226.091428959283
0.55650661456114 13.3467321278326 16.7805353402903 2.90816411838668 20.4055879834892 4.65667033068315 489.071942587492 53.6863979983342
1.86434869900604 14.0419456361114 17.1468669639245 1.25807087910839 11.2228330250615 0.790712564663226 456.171102866881 161.52089213166
0.94329681860835 11.4081094803426 16.7410908132352 1.08180586798189 16.6739264018167 1.91783862990118 427.327891144994 247.08609937955
0.982906578875883 13.969946760474 16.9327271589378 1.87821213293908 20.2804157381434 1.40341817672357 411.278712305258 323.906211294679
0.442181174041892 16.7262155693656 13.7910577589133 1.96218707132249 26.9791357795374 8.86270481782382 430.996642593267 163.57515773247
1.09629677429562 13.4247289335455 17.7840642719665 0.834885915505962 14.467149842144 2.15856726295603 454.97631152779 150.810379853562
0.988700009955605 20.1965886020491 17.1633485438432 2.90116691802518 18.9537505035257 5.46799761776741 421.07621300183 311.694199730239
1.938122707775 11.5464336272104 18.3042385916237 0.591427820896667 18.1495465352639 6.64674722450379 358.037632278488 273.539171582248
1.59434476315251 12.1302909026365 17.9336353074085 1.52329314560331 16.9622291034104 3.10106478487583 439.651695531022 182.249859296472
1.49367100017051 11.4105891079752 18.2167142895447 1.69825996947323 25.0208449016384 1.36551588944834 410.712028721212 227.802472157137
1.34977568469339 13.01932519281 17.8100180502412 2.23419856664391 13.2153873124211 2.61711968459354 478.073865611974 126.165811978141
2.15730574430609 11.8195508769145 17.0925506900188 1.12878677872146 17.9688081551815 2.41670679650251 419.960705729228 375.381864932352
2.08704743495577 11.3869302386011 17.5159695000869 1.81330723970719 14.6433937423505 1.21846441448986 412.037561648019 291.910807413937
1.42300152582257 13.4497722595879 14.8152919846119 4.26687024955455 16.61106232708 4.55896502355041 428.870557235425 214.556097231927
0.152546799014599 11.1680820096598 16.4356921734142 0.183133642124639 19.7530332337197 2.05732140446316 471.112252021939 140.542520821625
0.714882971199814 12.4476246394148 16.0408875267335 0.952986299049411 19.2930210711802 0.997467663067506 455.207195286571 203.693659088739
0.701001449583683 10.9457334418381 18.7812604970999 0.867666400382661 15.0178217190465 1.13510804408926 473.024057501992 37.7456563045532
2.53350661093161 14.9393248319105 17.8876792767332 2.53156746339449 15.4992019713075 4.12244605174845 424.711908696733 256.105772044603
0.641086932717904 13.8831029553577 17.5122363573703 0.432682484680376 15.3410141722849 2.23252710612459 440.615932206192 193.945792766035
1.26594480958059 10.7899088894866 16.4170672275173 1.50534968430209 17.5173946142131 1.86288523431636 444.180443579561 274.514610204603
0.239307813408788 10.2086337453105 16.566873307241 0.164720565325399 25.5917552472544 0.797457362554168 450.252025637849 68.7690721144289
0.780847756474245 11.1928623679518 17.3439608969819 0.624026411026231 24.9624090389871 2.39011980764181 403.497101004332 197.719402416668
1.60472543659359 11.9670543059776 19.5589295106986 1.38719288295986 14.0819919329324 3.19311766877854 436.278041354633 338.058571765892
2.19101326897758 11.5584633282942 17.2163248618038 1.23592520000976 17.8757300649973 3.8507327224164 369.482677588479 309.522690510077
1.48476719047857 11.9326252130263 17.0145870489503 0.537342012259329 9.98200352986293 4.84609948236357 419.485060730502 224.764281259509
2.3668576459585 11.4686361911513 17.5792264689094 1.51344303691174 6.83809012943693 2.11159570469155 462.085770295373 262.718102710298
1.88430195498537 17.4847755073871 19.369608231098 1.65172605843102 14.2756618585968 9.48332309848738 448.376962583655 135.731017976969
1.29757500810566 14.3282137023242 18.3338045124897 0.860684536907881 26.7142149827744 0.606413711102044 439.454009943244 166.651461776985
1.30237998580256 11.6057036487875 17.9109360711653 0.883408900505596 19.1121544596842 1.43655321725995 454.840789405971 246.075882824335
1.69043369496947 11.7258710953283 17.1240962049656 0.686883559756275 19.9702988774027 1.18793651594396 411.615223378442 240.935772090033
0.625614911214337 10.9189249280079 20.2963523401465 0.929290829733675 17.3766935114573 2.88730144961724 452.459655504871 195.086553453946
1.83836658671433 12.3706980693572 17.2116889733186 0.967313617243417 23.6870071867032 1.63462748056563 381.52684904299 368.656343517141
0.791413358751329 12.7201379799273 17.7392928073466 0.544612290705963 9.84507311369959 1.47276287351943 445.636179913675 141.750819995682
0.889240262568219 13.5225039072608 16.7244566092114 1.54522151603218 17.5347402895958 3.40136984582371 485.011198293187 119.785702730456
1.64193815558042 13.1148556560785 18.4527338229242 1.01587388199455 19.9474478620709 2.57161470675091 425.258013293299 308.940080719641
0.793383780030482 12.5489561545928 17.4368175939915 0.606962344404011 23.3726188026033 0.926630690601909 378.046599281507 307.377294899279
1.02350796728378 12.6188921674852 15.9948543193746 1.15763526172016 14.3262689984084 0.716356305723108 478.481625542698 342.987239882896
0.793615744719184 11.0951610031644 17.3138148652813 0.530766818637377 20.3032922508119 2.10012981046538 435.489606597685 146.830199983907
1.5828954221584 10.0317710878644 18.3633655025911 0.463871732174316 21.0732960060672 1.29101454516224 391.100978056714 288.200250521449
2.11137049715244 11.2864583852937 17.3657091035014 2.68667580377221 16.0565899207482 0.70691780399449 463.128676575759 188.716423634446
0.575857898198095 12.0911606405506 14.7886591676977 2.38439910676274 19.2362769046066 2.81252728975143 443.679363195043 178.023233702727
1.3600814475027 12.673773217421 20.2909462025953 0.851227667116188 14.4448692019713 0.765119209069873 396.301397718794 228.122134509119
1.22054352382657 11.1318481535251 16.2843835969429 0.848387448169373 22.7963231758135 1.66659571283185 451.172274036274 80.9358505415955
0.3316650266696 12.809265487687 18.494120478028 1.20699900163449 17.1743737385996 2.02546002367543 473.735121652199 133.346860492891
6.49682825610661 10.7370377541798 18.2754450663863 1.2319574911532 13.0705522905978 2.62493265101721 458.887677630137 149.861646294942
1.47869171208519 12.6444664171337 16.1126234870685 0.750308250969575 20.536534004205 3.22862647343911 383.132734016831 185.882790380025
1.44922305050702 12.2940583279236 15.7457681203684 0.971547223682689 15.7831218405631 1.06121399130683 432.783987726601 237.368508749974
4.41343842822267 12.061896231124 16.0238762620866 7.51719123837013 16.3548601315887 0.0982845075782881 457.230019459244 238.856236027197
0.743989645847731 16.054340069557 17.3659367361956 2.29277155887962 13.795307933467 0.748856518680646 441.079832832238 299.542182208345
1.01840148481294 11.7027259655527 16.1555596275916 1.32766163420735 13.6329068759157 5.45903181195097 457.608777814917 190.65846175316
0.805369616853013 15.1798519776762 17.3410334489291 0.674223744088876 17.5981581303171 1.11947855402289 314.588089757821 160.016092655571
0.82471794872766 12.6348006304203 18.7708181531098 2.19741411429056 19.6140728163782 1.33475692253504 448.784277415758 195.333695635493
2.34433837229561 10.6678104499241 18.0620096453748 2.08016498198689 19.1294466111548 2.49328450425452 396.923660688351 310.449584677644
1.74450286510057 12.124020622645 17.3526968207099 1.06564493901605 15.513840297068 3.32799032372373 447.89622930898 128.168446693261
0.759102005857642 15.4480524217029 14.8659407468024 0.752873507496184 5.88391232104377 3.85427893563628 469.37885883001 335.853038878366
1.61423350183427 11.8201347665959 17.7940705168929 1.68821974000074 13.5101051560499 8.80615748070774 468.033639801363 135.875129639047
0.50471942110358 12.8197822135274 15.6984745912182 1.88042437419299 22.3953020820308 1.70359388507792 455.135385940279 346.493303589415
0.707189276399445 12.4947386542924 15.9667382652567 0.727826260947634 14.9967910412163 3.0675603957834 467.423912894059 213.181671702159
1.11498409620548 15.8281594393766 17.5130118581097 0.315527257249611 14.6277179723225 5.86696090292805 437.392800226916 272.88910411874
1.90588652768338 13.4230973142951 16.6604581992746 1.2258733292213 19.3425177753427 0.757214598810742 381.848249794245 301.507697649998
2.23057012771302 15.597308629524 18.2686128558594 1.36587620236065 24.6189756247386 2.41707422275155 419.59350554504 217.50707550114
1.50074145132308 12.012745166168 16.9991386665672 0.742118223524738 24.0831903701965 0.695262732482329 375.171311864412 339.892257427695
1.24535455528037 12.5040892786776 18.2590398807812 1.0408416362214 21.633848304421 2.25835190118314 439.640124089887 217.618141268514
1.77649090065302 9.99672320530956 18.0905611488871 1.9387425170081 14.5894390575774 0.892077671990274 377.878550081543 338.31473123515
0.640367846087385 13.9968221065589 16.7125090044349 0.720734449707634 11.8876916636888 2.16228095645077 464.431280721617 134.531264302901
1.63589471538261 12.4816062793536 17.2846404589477 1.55004837299276 16.1930351530788 2.69170658440618 396.989918541921 354.02407632402
0.783676944936097 10.4705876159673 17.389490325154 0.921047707935896 22.8581745742609 2.52757036391945 337.617537036009 245.813987022333
1.55546168875987 12.3817614556449 16.8190666210235 1.2349656487876 18.9208362332473 0.65636498164107 450.404691332468 155.001691057014
0.382003786431398 10.82993032806 16.3538892209088 1.01324422040826 13.3963686288559 12.6504986324789 466.338419900935 91.728883745708
1.18421910665161 14.635429059335 19.2938930683364 2.16063900132202 10.5146416617315 0.759696097263255 464.639797982096 174.717142824626
1.69556881232667 10.0179804198324 19.3864531334557 1.71476756791291 22.120377986666 0.790514727624823 465.099327917743 119.298913108782
1.24323616451287 18.6037745874377 15.9251404410025 1.63571217224481 9.91463265857983 0.91019973993175 464.068637515054 261.266113731674
2.32618473932287 14.4935924783278 17.0641981080015 0.947793923027547 13.479000791398 2.6957756440887 398.043568715822 212.161771258508
1.59406613221203 12.0000184850828 16.3564793931103 1.2338649610351 25.7920647123857 4.27100448787297 430.285278185167 230.876419046274
0.798862713568146 13.0105639126296 17.4411189182159 0.660305836813007 20.0480019533824 1.70616455387658 414.197725274304 177.761303935535
1.03530865249243 10.5442759072942 19.0131691185233 1.08031163909129 11.3933552114529 4.8534619654504 476.481810069837 35.0059323158051
0.921102899525198 11.3462678410762 18.6507764866987 0.660965374320493 20.7966700923603 1.40086676801663 402.995990354263 269.933074185831
2.62390760827648 10.0717119756407 17.4698622786255 0.756484254990516 20.2887119357804 1.47819546061965 335.043537451367 408.328542908506
0.961317639065433 13.3465086236056 17.5790419183731 0.934248419686483 7.55452328580558 1.32827613251671 464.753074329284 252.731115693183
1.4376763069056 13.0727755505615 16.836654734068 1.22564892197752 21.8128715432731 0.616290633860797 403.377348424372 231.227775925364
0.673847392143267 11.0675941657208 17.9360869878012 1.06368972739135 8.12992353259849 1.70499965735872 471.52020043732 126.597144247442
1.38159361080197 12.0559332486054 16.8777237303639 1.69756645023298 20.2906850611504 1.1026786363671 453.004890667324 77.3968743446756
0.873919416405229 20.9390767360449 18.6003233645902 2.18464716436628 19.0204113878964 4.52690136256797 454.33746973278 237.371042868468
0.524175162853973 11.5391039206185 18.9102535347372 1.4859015474445 11.4179132820695 2.69467064145612 366.035091957403 227.834973517123
0.736018813831252 18.2916115353913 18.2026615582868 0.741682965515091 21.8345518325684 2.15014361958536 459.192849195988 124.361868093075
2.55758511569803 12.4021280083688 18.3374462716852 3.29786739243889 17.867164843111 0.301542349083004 445.812026900118 284.428974439866
1.72469860362527 16.0378904130582 17.7369829908532 2.51004912325882 24.5869279802625 1.67229025425157 396.854675236121 323.633337262002
1.32772523370555 14.708555320481 16.6976213117872 2.03030441803093 17.0813984510892 2.7848365204589 442.427012265627 289.320061468024
1.84127182620511 16.5887039818734 18.1437737509891 0.897292281679576 13.9055241697303 2.60777483068724 436.319994340779 185.666724962008
1.68141318204972 14.4415298360413 16.6242015280616 1.01095270954121 17.8442726463881 1.32719676606636 420.947634819474 192.460361592902
0.87821386092941 15.8444149159469 16.4717014384292 1.4301768216701 19.0685131023705 1.56319420726897 388.527906533658 297.832313877355
0.367589915665539 13.4817127081282 18.0474421509021 0.521817729828825 17.4985487506949 0.773411131562232 395.335455919472 186.24727168415
0.518010341381349 14.391846624215 18.2940485218599 1.00108018789579 20.0885983697933 1.95515704874661 453.027616103423 140.422104989962
2.82373451801744 14.4221992612279 19.0390380319206 0.608735193108368 11.3404194761522 1.98960144618821 411.754881108544 194.439333373871
1.74263769728934 11.7993712066492 19.0920641326932 1.92307560442121 22.0965637258867 0.856308231618297 343.618814395123 387.241424754691
3.07869883935274 14.9734360550758 18.9576722683295 0.768592607240236 10.5650317227154 1.57047981506752 425.480357911142 368.680478602957
2.07267661302835 11.5613320762913 17.4402967903602 1.9755569257001 22.7082998672811 0.923111560097627 414.422134129221 288.14021767673
1.44362725601892 8.16592777495397 19.9094046983766 1.41867899767405 16.9880994142141 0.2072986299107 384.715030893836 347.608342791717
0.596699008197297 13.8941437503977 17.4231922330897 1.17824257895669 22.3558154629992 3.02507208476837 400.133628527253 206.956659169029
0.642799117117106 11.3360857018578 16.3657800937733 0.740599928065515 18.9578742492456 0.702444620691867 456.064572672227 199.5830622162
0.486732124399176 11.299937917864 19.3996362078426 0.939672440659422 20.1889348101457 3.12416668455275 451.751914066615 323.764808780581
1.7932005313776 13.6943912420823 15.8010597299086 1.58191111586527 12.7532812291472 2.66363712633687 432.302915776972 170.968073325384
0.532473952806131 10.7376884193681 19.4913977060856 1.10142785451883 22.9646432610076 4.75196918632318 451.260084169908 147.972766017595
0.986751737664708 11.9105498735704 17.3179867622223 0.79593291202506 14.3298159201282 0.761269330737379 445.896331182842 114.610798234904
1.36101601348925 13.0263738539166 16.2789418068893 0.98872287843388 16.8334247384113 1.3011450534401 424.462086975953 302.722244996148
1.70271318191926 14.5460845035207 16.0335890740024 2.13327496333885 6.0717958044203 1.38198456451374 466.191694882602 220.85201832557
1.44269902611873 15.0453313681897 17.3440812116716 1.04024849144592 16.1735669469506 0.216580536259994 448.395872085742 331.128881543505
0.647171834865475 13.0489037624475 15.2948922249789 1.48724195474345 8.26238000824111 0.859952257860702 449.445384380615 234.071317996133
1.41289358692387 11.5392400766784 16.8819521176703 0.874366224321831 15.5655179852078 0.915332096456576 363.995338794767 290.661556493209
1.57094896446743 13.4759959417666 16.5384904618198 2.01547062622156 16.8585955432739 0.805965242697621 445.310030445027 191.535674546008
1.43381538606968 11.4234583869675 16.2696407245559 2.67374187087173 16.0620950581027 11.5082907420827 470.94230918218 217.342738166009
1.45558732166494 13.0384534950863 18.4038285383054 2.3901064160277 21.0121558718415 0.549227307465512 454.451012327367 220.392088917043
1.15066736094322 13.011641748345 17.7569807572951 3.38034431779335 21.773368833355 1.08617586895732 447.905583852514 233.892132242125
1.56135267968499 13.7542533978828 16.182489495886 0.829887434243381 22.2148439629331 1.44355292632948 344.603278872262 259.418587867076
1.77542653506909 12.5867761238615 17.4010190651597 1.83348221482174 13.6640696288553 6.24788141878248 394.028089364396 294.501569447859
1.4804504919439 13.6606579684106 16.364466912387 2.23882398748702 23.8552188618354 2.79592425429857 391.624338421642 269.774597113066
2.31908287828727 15.6229245612163 16.2898699777274 1.73513754869396 13.975035408072 1.54484646166081 410.736452277295 296.912607254243
1.19705973239048 12.3600523522934 18.2422773576873 1.18428181580566 16.607818101567 3.02414747494812 440.889960974141 255.239994954819
0.661556991678141 12.2581830011322 16.4961602165024 1.71587212170632 16.0314587265598 1.27794644258274 444.550752234896 170.496351553418
2.91024169936625 12.9150535012817 18.6088964422278 0.967751870592603 17.4422496723883 3.80988859826295 370.861077138585 276.873099506169
1.3621288352767 12.213632688369 17.1878293667092 0.998877847707487 17.373753650714 7.1505081983411 448.790934940313 226.109252069721
0.991486635988416 12.0382641493335 17.0368552772873 2.14924338204356 25.9471025739694 6.18338806849026 443.808163611562 311.445077384002
0.897521356308911 12.3598791610268 16.8965818553174 0.573864706250228 16.4563350239476 5.03170163913098 422.853380039553 269.245448141046
0.976856092241581 22.4376959359359 18.9959083224223 0.511569543490138 25.013112052158 4.02131028301477 421.562832501354 180.685837677551
1.1547465947849 11.2082731456742 19.1978602788418 3.78259186573214 14.5367701034342 1.00471889816765 438.701179516525 243.349647777311
0.655899657401104 14.3379169263421 16.5261284508438 0.601348816267063 12.7484221167169 0.868350861317175 468.166529687751 290.738693525989
0.934731865856908 17.1689645984236 16.3968215364596 1.99744361292027 11.4028951971636 0.379011835867742 409.308539133194 341.289600324348
1.94007738050211 12.7008905981733 16.8562369064765 1.72873755237022 5.80000097811702 0.971160618293021 457.595807454557 375.209099252631
1.26791819848781 16.5435036253627 17.5729754887659 0.451836282178418 15.9628065100458 1.62474614708636 363.432841380877 287.784616465544
1.24156802251107 18.1092099711462 18.6549381269235 1.21425112680538 15.2214968522377 1.1922308922697 430.13475519204 107.056514586627
0.454542443958438 13.368378934728 17.806495566417 1.13611413800131 14.1156689829703 1.64597712226063 472.292329327129 109.705546738317
0.932323159835287 13.8262244178957 18.8242498154347 1.50893844281841 16.6373892736569 4.94452844942126 459.87804474681 176.692837525782
1.92534900974805 10.8683305257676 16.5377246871949 2.84272616102925 23.3698475700949 1.11074594857871 404.135733865434 402.535065058177
1.18006665957841 12.8896484018572 17.3405254791929 1.48153022568261 17.4132935849984 1.16171473980625 176.976942294198 135.825576155318
0.838951307345112 10.3598009813883 17.0433840854129 0.537578756629029 20.8298019870501 2.19680367636411 411.020091264142 96.409885273779
0.87728326525528 11.629590309129 18.1152316468843 0.431970067378594 23.4545088216823 2.23150813690277 404.303541348809 211.402037899964
1.01391474725669 11.3758240322877 17.9449261979584 0.549817112375782 15.745196543749 2.43285247421808 433.029084146224 261.303955948568
2.88561586215673 11.4208955648625 18.1946402204063 0.930557167244144 11.3297984476024 0.437415479022134 402.383979005021 319.939298315129
0.614904240342234 12.5699188267883 18.4915161969209 1.21773023287169 21.0791275568121 4.67421248587045 460.163405491093 146.58368372284
2.32089253214898 11.0327962952671 18.7372535210418 1.39314409964497 14.4636550687557 0.827977233384928 374.923759993758 250.564974591786
1.76116745010149 18.2225167084901 19.3692680412467 2.15802989222432 16.3290457195876 2.59166357483157 254.474266592763 250.70958849256
1.04726518970035 11.3305398382996 16.5744987579285 0.791024595585495 14.5624414607853 3.02997850548754 398.344028469549 131.96323931956
1.16856999395378 12.3735616281216 18.0024159089799 0.541084396276428 8.55319974512612 0.959459490757366 439.90083359251 113.262267100096
1.08814238676438 16.7035596784791 17.2271433421482 0.462127054081641 20.8972215320725 5.2910026524359 419.970427893657 135.405817136358
1.57259445119238 13.1998826245847 18.1636532804715 0.83946856323011 10.1209503407164 0.96895034580332 434.410823518818 264.304257125196
0.281263792014016 11.821094977699 16.8187230852426 1.13025284371518 20.4309133940736 2.33126029692254 467.601929153609 191.586680200613
1.46138074454959 11.8143931305143 17.4107929255001 0.960082994560724 16.5647304000765 1.31631088160685 415.143804980932 196.544085756054
0.541812340017777 11.6798709258843 16.3864577728341 1.19057747009279 21.8818582625985 3.27060691627267 454.829992676355 163.85080283609
0.787231594310152 14.651072487322 18.215874269223 0.632437316791182 14.5260017977662 2.2363590492014 443.440586527668 139.827302065615
2.33140876529274 12.5057135987008 18.3023195642508 0.855900967380737 15.9507515695562 1.32432581152741 439.575600291527 210.22711923729
2.72701879223448 13.7808563600117 18.0437048111258 2.17286856547737 15.4527781448762 1.97155780472783 413.778689264183 185.633538236723
0.620064557307341 15.1388004958374 17.7962331134787 1.6791410575551 15.8769072715343 1.0032812835311 421.781071033908 326.740158884906
0.685458501597707 12.853398376785 17.9591873790321 0.872952406119766 22.6334697827012 0.744249388285023 431.69869305093 127.337470005293
1.72436177855006 14.9398890441801 16.2746749870846 1.07103613234444 26.0520390319341 3.57397967367066 453.853589741762 165.343974611516
1.61102175861791 14.5520766682242 16.8184830690462 1.2228326488669 22.1354545108114 1.92641151632098 439.494244393527 209.236727949657
0.449517001022649 15.7247007156569 18.135532103134 1.26991790128333 27.3966669290203 1.3090458653672 436.051737068783 160.088470948849
2.1669712511227 11.8349602324061 16.6621967337673 2.73510226388606 10.7015487434195 0.879405577476416 431.631161881724 232.964046077333
