18.6461655061551 10.5590324281671 10.2124056895733 18.3695199818999 25.3463757415624 9.96407596610485 80.6040877463127 110.653699845779
24.0397076543604 8.1570749415571 11.5440146707839 17.9081240772859 24.7552654234723 3.71867524816902 45.5868366120448 172.34041673239
22.030033148386 11.0457746026019 7.26599438141643 22.3110150145361 22.3046131726287 13.5450579423437 118.203773526687 141.960842468556
19.7253340916529 8.8540100201456 8.52091261280737 17.3543196210726 13.5809463050606 22.460190275175 42.456199516552 115.366457856517
17.1012193880113 8.98238757102561 10.6344985766369 18.0776871862127 16.1092340964211 3.07504667252704 118.307364001376 174.125303440097
19.7110426223843 10.2442972056178 11.6878941222603 17.0223041475407 15.8004272157535 12.7425254733891 76.2676628586203 124.504196000021
17.8014469149209 10.4156864061497 9.66800332229817 19.5503869904018 11.9771826660887 10.4363719747761 79.0668933156969 172.439589795608
20.0967891172272 10.2295402183509 12.6106739443659 17.3271603161682 24.3631154892709 11.5517539481348 125.977625920566 164.855446593871
17.0326670932351 8.95401848961094 7.11733456521353 16.2757555768047 16.4885180042824 9.78298179432387 102.903735255793 126.655323018617
18.5951401950869 8.52578703581685 13.0776812659694 18.011286045673 20.635134622112 8.41929975221055 84.4008129269131 138.568726046125
20.0866073534201 8.87857136622019 10.9338562044176 17.1128925060181 22.3117572190479 8.14712833094679 95.2183345762993 167.712221189444
18.7762318732745 8.65823170309658 5.46972120045888 18.553967494239 26.2272898087233 13.6859564028533 19.5999630100432 133.363153779096
18.035965496026 9.22609272638746 12.361451291445 18.0806384395448 9.94565726224757 9.00668460242091 94.324761035252 147.627335940939
19.036725440516 9.94821730681637 10.5702043953884 17.9373833347207 25.6251509512808 7.48905369776337 96.7028562234743 137.075675761642
20.6111096997163 9.07465366384747 12.4900555831824 18.399458979802 15.1040634861757 5.85324755287163 63.0135942694734 146.911915442187
18.3393500911457 10.2722574659934 14.1351329329389 17.9557620911157 27.662435277849 13.069767716594 136.765071861355 138.290543858301
17.4511568070955 8.22123181882484 4.02262790016534 18.2403946782567 14.4454040060725 7.72650522723559 77.6769450418756 172.817623078316
18.9974416241183 9.12974227946651 4.4883831011913 24.1538402055009 7.91329744350904 2.99241958096861 76.6428827121924 147.126250342192
19.3789021467713 8.4691848950459 10.8361015331504 18.0515570967722 18.1854065082876 10.4309493243137 89.3734307258587 159.822113258868
19.2237764792985 10.338220853665 6.17556714299835 19.6656943448455 7.54322395424405 17.108007266854 86.5675124063184 140.291441855332
19.4651408268704 10.6244444169117 7.41744974487669 19.0531139624811 24.964581796773 7.10810286444278 78.2203705729486 183.061843049324
17.0804014982912 9.74007905967581 11.9886292026981 17.7987680358591 21.4744435185694 9.54279900369811 73.4764481059042 187.842030445181
18.595311395763 7.94668126809509 11.6156231272304 18.9218197535162 29.9277126876604 9.22236255831159 44.5283935585334 149.532267175061
20.5126016279115 10.0181211391589 12.29780579421 16.5506085206379 19.0539931815495 22.4320789697202 104.715495597644 100.613647525697
19.4475495563753 11.1673034516919 14.4360497804839 17.1684741070556 21.9669136483447 8.11250683302557 101.551956044808 151.072768341192
17.553668979476 7.96823823673667 5.93777246748658 18.8742919398886 25.1285295506106 11.74532936655 55.3903712229529 167.719620662793
21.2933757895571 9.79457481742141 6.34820475844525 21.1608923839552 13.8987617119775 10.4356020538101 140.487958435245 154.357046558233
21.1368100240766 9.08861748540757 5.38092159409866 17.8651919409809 29.0941634942341 4.72788081091671 69.94826974059 121.038846348692
16.7376330174751 8.72202536367612 12.8702090280465 16.7521152517166 21.5920647139223 23.0298476486746 61.1764849070343 132.830053882366
18.8354030280247 10.8794672285429 12.0817691408157 18.4926396734172 8.0253913010716 16.1242926770824 92.4717324071145 179.084035482997
17.6276855784935 10.1986853792486 10.3968007585365 20.2473556707906 7.8396729401863 3.65505284708811 58.7289463090967 207.838473566463
18.9306751142204 9.63844998867312 13.3242164290073 18.3913756058822 6.81766478967374 3.19523436740963 148.165518825641 115.443516316325
19.3567580567888 8.24087576757996 5.7900181990719 19.0516014110214 7.20355381762607 4.66937410032858 86.8305543173162 131.98052274066
18.7339238065824 7.78047681318974 12.7079714226553 16.1507001630296 25.5068863365749 8.76063458722299 69.4763737664051 169.272953643685
19.1669968382911 8.95026311900846 11.8086742148641 17.5583400649691 13.3910416591471 14.9906427529095 100.359450753331 136.867815638503
19.4271044201135 8.51065050514989 10.9230643527492 18.8751400461085 15.3925771939833 10.1312526992293 77.0042549584119 156.045149157952
17.9230625765269 11.260151814612 7.6441979587201 20.5860440245986 16.1573067798065 18.6362259682338 110.873673955215 119.272046305363
16.6706198528791 10.6580510794813 7.88563589915957 20.6500627127574 9.49261177687186 16.6249860732045 102.320557929386 177.878605255003
19.6270506432299 10.9711437178849 12.6533993528186 18.6123283502847 27.7124749419811 5.89267905869639 89.5196827705076 195.929358181999
18.4051863749136 9.38061849553295 11.8929541983475 18.1420950872281 13.9407798593036 10.1402767806128 69.2739955220279 83.1715013068483
18.2264847923873 10.0808811956163 12.7754121390025 17.6932889885437 22.8023949824652 7.27135223532842 48.9217666349654 177.646043650047
18.74980062547 8.80411040043182 13.8111486539314 18.1729859610608 21.4113849146224 17.8453412733808 45.247782323808 148.844305999967
20.6054910493767 8.55350006941328 5.93142281787059 18.8066840529226 21.0190725880316 2.30959270452512 98.5184898648171 136.309670588119
17.6830107045475 10.3198984586393 1.85009093304953 20.7905943714254 29.8576533916138 9.80390377661407 99.0841211611331 161.452319860346
17.6485974030876 9.55749477039735 11.6756883418708 18.5821377884877 7.43361420522644 9.50521713761569 105.219604182329 176.988200914493
18.3608320285308 9.1234018510785 7.72288470814647 17.4660744729088 24.8285220721162 15.3648180124197 84.7284231276784 138.032620633959
17.5503917229325 9.91518561466796 11.2341208097348 17.00539482808 16.2054575571146 8.84981268900517 97.7774598722178 105.742569481192
18.7071483248171 8.49821334931378 12.8759737266599 15.7553096163004 27.2048872671006 2.01591360767312 68.7371204963936 159.723328413804
19.2966982626905 10.5588879659521 13.9167348474091 17.6589245903038 12.1688511962372 5.88671662617151 104.104221880124 169.117857077546
20.0572631080366 9.09297239041201 9.83681305254984 17.6342669604579 22.7140372670049 4.09154993322235 52.7466596150136 137.085981924688
16.8345351987234 10.5104707005336 2.0327025593053 22.9471471972194 25.4704506471798 11.7402480548969 168.105498522311 158.989297402089
18.3453011698213 8.40703469728325 11.148825755722 15.2209435411866 29.1697995620181 5.48781633059446 69.4390202516175 177.299509569964
19.0959490409658 8.71298079831528 8.55000910660508 19.1276647674344 14.0315090845097 10.5974125951819 123.36847563617 148.85530205845
17.9997346309317 10.574606944596 8.88876807741012 18.9048027303284 5.10130509250512 6.17278134368395 77.5637975035369 167.117468143421
17.9011664650662 8.18810893209351 11.7584318004883 16.6681937479022 24.6155951362366 13.2220846477629 72.4699808314492 179.206904152887
17.8733635159009 10.9135499811522 8.40892786862271 18.8495025524682 21.5029036086398 1.16879987914913 105.509307297393 143.225972466448
19.4910718707276 10.6169827128193 12.9580223511001 17.8867490422702 12.2996629184778 6.70647688576584 82.9669584901015 178.132656556192
19.1774839512362 8.93067807655645 10.8844063481831 17.9948608209928 29.7455238815378 8.09794390353605 110.387701203965 193.941931795494
18.6420784275185 8.07221354995768 9.61661129581899 17.3109891170284 29.921868080532 13.57933945357 39.9341463473349 109.106988534223
17.225677588309 8.81628542347203 9.5059670053132 17.9265437730131 10.1358433963148 5.10775312226647 100.271046922408 142.092867323563
20.0353452551985 9.29321731478834 8.05948193423009 18.0909234884426 18.7128842923896 6.42342151863141 53.7629844735225 151.70452577623
17.523092344568 8.94483761795054 13.1737311415644 16.800439764858 12.9440825431911 12.5086571100799 114.885179075334 160.252268876052
16.6753910555097 8.99402458669652 7.3300902361351 18.1254876908557 16.8997425695068 6.20162938138436 54.9061344222699 196.904960659956
17.9407140012203 8.95433437293826 6.32523437599898 16.8958433503373 26.2851404003216 6.12669042071603 48.0227547422564 156.873133756227
17.6946441965988 10.6147263630091 8.86931565909665 18.4925493744922 19.5358052800128 14.0221887794609 112.551931790918 160.498117556908
18.0392614395532 8.63590816835875 11.2191828198502 16.5756396478028 23.9724705729528 3.02781763211317 68.4398817342861 177.596065483223
21.3854759927825 8.84383071725077 14.4213007373139 16.0058224321714 21.2243155220282 14.0518485143903 80.9024447750092 86.552598253099
17.4600034880539 10.9585165014372 12.2003224499216 17.4200360799801 1.20124389647918 17.4336138205259 100.164655557431 158.424498776621
17.4096305781682 9.17622825671961 15.9520629047271 17.9343323354232 13.6971171257696 5.07917063031292 60.5696548533955 167.555421015578
18.7960872888889 8.76847525185527 12.5827215891114 17.2659915789052 16.8578945235735 5.95966047953076 68.9547757060245 182.291334747787
20.0520083645448 8.64617135797348 8.29010594330201 16.9788857458033 12.2192620719433 3.35332290495544 61.494497231497 169.314074011499
19.8311697322924 9.77316900846159 14.4651751988289 16.7207051556905 27.1992668860905 27.3611386812477 66.0989243048317 153.461992369711
19.4785818867227 10.4497028242336 11.5185416971153 17.8393587492933 22.9598766271312 5.72517294016019 73.4196163365735 137.300242048313
17.3200778187087 10.039607225498 7.44439062726473 17.3237223515909 15.0003501199123 7.96947226376121 99.8179569600066 136.868673810179
19.6868453051921 8.85715271986881 9.05948641438382 16.7601572711186 24.1063143458906 5.88528463341754 93.3722764780874 130.940966142163
17.2909110519501 10.5718500544186 9.40571531061428 20.5634083584033 15.138379727243 7.20851057206315 102.391939477745 149.699764516034
19.5043231666513 8.5119734579374 6.10045111873202 18.730014545563 16.3519439545961 5.9434884680532 101.014902413099 136.422934246672
17.8391820156177 10.4118049748441 11.0344248619588 19.3570386725494 15.5355511170837 11.2296493062986 98.2354836888088 169.775880040575
17.5912010660615 10.6556639810283 10.9090303832281 18.4463647993648 15.2836929250633 6.12106209512321 93.1771869368016 181.396735127637
19.4296565302478 11.0674123161648 12.6515058310794 19.8197390745669 7.38241940482987 8.42657663433361 113.476628052684 105.877449457057
20.4512903146058 10.6892611827074 12.8786252660743 18.3956114845711 12.331853181109 3.84550088824854 104.256745903401 166.77103240507
18.5085722590529 8.44659359266721 12.317120759518 17.2340326869224 27.7762551208445 17.9771675516864 118.583376369158 159.473581166628
18.4546550775271 8.12172601526838 12.4512607501488 18.0607845771054 2.83983339194462 3.96554635670829 85.2602193409372 173.781972544257
19.1948294680784 9.70186733554645 13.5357577619868 17.3598433713213 11.1081595245271 2.23041184219176 81.6523910893495 202.02808881469
19.7228142293273 10.29061204573 6.39769471760106 19.5532427231434 6.79351574879215 6.58034162518911 92.3886092135125 150.801666524471
17.2676652850477 9.05829507275751 8.90599754647074 19.2354435201376 24.3645200835751 5.72291242728189 75.9654329222598 184.914795098412
20.9202455557545 8.63770653901143 9.95100814051984 18.8445993686433 21.2200061456135 21.9859455219512 53.7823321486406 123.565035707209
17.7892995894547 9.37937681568042 13.3659599979836 17.8774486829791 5.898162096823 12.8735506564682 105.61599543354 173.081842699925
18.2583857029955 10.4525894230354 6.4324867781739 18.8798710482428 11.8166328160241 6.42566820353712 96.2331559047083 187.850706154893
17.6114509245067 9.40144134000262 8.68982806194362 19.2897823475765 6.27088752261478 9.8218311204577 108.703139042795 165.911563756562
18.4560442395504 9.19890269007966 6.93344863954797 20.3907189017851 2.0890087551418 7.20440933567508 80.995617722919 174.423200203049
17.5913756547144 11.0716602424599 14.8600551634626 17.4234829656487 8.22624440044354 6.59039929751277 39.0813931634276 184.256823062687
20.4043125895966 9.04702430878808 5.27186768303111 18.6097612602622 22.3156659952176 11.0554705658194 57.1411187168331 151.278925512182
18.4714484351544 10.0616008577509 7.08241238024725 19.4391387358036 9.63464753102429 9.01043939069687 72.4219117353036 168.995256029707
17.2069598159323 9.00869575233204 12.1589887458434 18.475234904546 29.8937640472004 16.6714209098804 80.4981812759362 184.721467472021
18.3645066594773 9.75975766536421 8.43312790994582 17.1528973094887 17.0437276552199 15.5636275089064 77.0215735808462 160.679890906834
18.7178550075282 8.949878313717 6.02241898776854 18.9208243249169 27.3553986691974 13.5544171153778 70.7340658819833 167.35248419852
17.9385468000244 10.7589316555305 0.190303589980895 21.3633860210883 16.1922584135963 4.15433050990701 101.319107265604 147.121442131871
20.1137135632009 9.81067821586633 9.9450612504229 16.6186118592046 16.3091678800793 2.00331159601009 76.8320059263618 148.185553179876
17.0640535826853 7.4376851550138 12.4465230741303 16.7751244680083 19.4239163362025 4.45188342163243 86.2285380935855 133.28025385385
19.2370526389319 10.4830587049547 6.00913002979833 19.0052447127216 11.0555661137887 11.7004153587248 115.960740240622 117.198613809739
20.1302485714231 11.5270419177393 16.703906085893 18.7085245855559 29.7185279331401 18.946801775429 101.997587770634 151.42951751738
18.7606652387251 8.55362393780207 4.50052742587445 19.7132671289697 18.5285791319508 11.5889430691579 128.797581561264 144.807595453357
19.7479373012032 9.62080284345464 12.3165891094265 17.2706247780506 5.326632278721 7.18805024212412 79.5119651148604 175.114820158093
16.9701798801804 8.37127301317546 8.56872940774079 18.4870196653913 26.1148903900349 14.8489374769577 114.002550636225 159.172376158063
20.4666730991465 8.13315572094393 12.5417765181395 16.4432175552508 24.090719207979 5.87144892326313 44.6541502827517 176.40434050656
18.5495756485822 10.9298975901861 13.0529878685483 20.3000587495134 28.446004545928 9.01742621878782 99.2768644091941 144.460475015752
18.848483044592 8.45474648240039 12.4502900688719 18.0918081216457 20.8492994437262 7.6210272207262 95.4387858339069 173.467874398479
19.5319843023485 10.3107481920544 9.08930154980924 18.8180998909821 25.3117226345113 6.17178096795818 57.9368734683565 164.522343898619
18.2646256442262 8.44588699178816 13.1171596728123 16.8918015677365 25.3897755358959 1.86431610855259 52.5265464261006 186.824159829347
18.8204251556043 10.2230163070962 5.65376902907303 19.4731421803326 18.8558310011398 11.9248915981443 94.7217070857825 170.598376403336
18.2603981086999 10.7905399483692 10.5916430406603 18.6713550469613 15.0123859290376 5.33181535308776 76.0373144698964 173.778325538144
18.994548475227 10.1193215669049 9.17167313756077 20.0447354128033 12.3443863516065 26.6769702386222 110.037499599859 113.875459625538
17.9701383050308 8.68212259392434 15.2396299472807 16.2712545535025 21.5689983760314 14.6255596814358 55.8652429633532 147.505368629501
20.3959762281701 10.162165454883 15.4206675983097 17.6259260447527 3.04579892611455 5.04702061021215 90.004354057556 106.937877347825
18.4301171253873 10.4532244062933 13.5333549979996 19.301872907607 22.4155741063689 4.54324713661301 76.058512131214 187.369444992763
17.2266174704849 10.6288454917267 8.98967148208716 17.5243356931775 15.8669215196305 11.3632080985552 98.1459638055892 165.137478215635
18.9767945930638 9.17734315456505 11.7076555754852 16.927374946033 13.9149211834209 10.1946090314235 61.4067999727218 182.046816181471
17.9324622433183 9.97268347779912 5.73452547520513 21.2625951703744 22.1200435576354 23.4914223906662 82.6507067309457 169.745573367689
17.1466404701702 9.27674923762931 4.02736142775969 18.7903423652423 10.1563530247252 3.75482256295511 110.843632248279 150.983558828425
17.8697347882658 8.87859398038471 3.98510490829735 19.4511824130575 13.7586911458975 14.8425305074063 113.896670942019 155.36128979115
19.0499068019355 8.20175148024427 9.00533383008509 18.4921853913694 20.80765443985 9.25681831904395 118.802154694128 145.657683594367
20.2976396371332 9.32661805359101 8.49383973371803 20.2583919479597 21.2268944408221 7.72672067421679 94.9303101365275 156.777355935216
17.3089913833661 10.7189846890685 4.34846980243078 18.5640537596404 23.3613374711476 15.2448089358203 89.7275566813708 164.558807656251
18.9443715462749 9.19508664079796 6.61935133509343 17.6899180237244 12.3600217006483 2.68476162590636 79.3537476770456 175.552344591508
18.0916834338643 8.48192248978296 13.0936875034928 15.8623416651052 29.4462121739078 20.1329830985583 113.514482133768 158.389694632734
17.7769482406055 10.2348219287374 4.11492666992538 19.8880890206587 23.6913100332786 7.39639126546072 93.4228122207393 180.63098524712
19.8212507419057 9.87853561949697 10.2128968197436 17.0561742430947 27.7482310232555 23.2957452159837 86.095438275879 160.816924269535
17.9453780630941 8.91113705547547 10.0298498268321 16.4758775886806 10.0805090867354 5.92106552821438 74.1388989017859 64.8776336302641
17.5016956937079 10.7467585778498 12.0291727668219 16.6772996658861 28.247728913388 9.43545643893838 103.775328622847 153.580145456516
20.3437715406447 8.0682508432963 5.10823234659744 19.4353081446947 28.6108756941436 3.48457971050107 63.909444601343 141.963424404404
19.5329271718415 11.3273191337046 5.13818025503816 19.5279335174292 28.8023912347667 2.2092151000804 76.7503715332429 188.802945202194
17.8676160040605 9.59344979176483 9.44584024024717 18.7399273093426 8.9766043973283 27.9969699112387 42.3575496092939 198.102474313256
19.945349923128 10.3138020049204 7.88265804128684 19.1972236374676 20.3831382657409 5.95765854198166 102.185094164252 165.835756410853
21.5545802520586 11.2460085318075 10.4440834137098 22.1506602094293 14.7180413260794 8.22318789315602 170.23531959309 118.035182246602
19.7923824852437 9.94265540998595 10.5700274559639 20.2220952293827 25.5524863942673 1.61057167496843 80.9656917442496 142.013000251897
18.3835290341025 8.82808808631109 11.5002623354685 17.6217480303126 22.2869696995538 17.8146476147836 48.1668554602838 125.992063251651
19.2152990502537 9.86195502794518 8.5190693598443 19.4626825871132 24.6962781549706 11.5187748191024 80.6748071103993 178.8263152553
17.0435225421646 10.9606220821864 11.1272543525729 18.5011574690555 28.0999307555608 10.0600968407873 115.18953245967 138.452797780072
16.4505515447094 8.32000481630915 12.5236176704132 15.5833297163023 13.9978942047425 7.5976829109611 92.0960514780883 149.09835059125
17.8937037486797 10.5716420790499 9.58950109950005 19.6814949980979 25.5756468414068 4.24193885660641 90.4558516219854 178.631707933825
20.2864420647461 8.7116719095124 7.35701624551396 19.5238902977876 8.93078566933706 5.78061066367541 93.2042922445095 142.485300781151
17.6771306934427 11.5512455230483 10.2608583542704 19.9739353480731 26.2130704569833 4.55324757410186 83.6300109616121 180.673180524374
19.1878062035367 9.0082830462968 12.0524110204824 18.3907635871351 26.9717592981626 9.34559547281974 107.984871120262 204.448624043963
17.2937300384093 10.4643353279686 16.9836474868622 17.8422985438394 14.9454218244296 11.9242183961122 39.9862714770413 195.875366193004
17.7992031265036 8.85891635197187 12.9686875412122 18.455360127604 24.4498963593539 13.851698658573 70.162252573469 175.806156421403
19.5533783177849 10.7644275150691 9.00660622979263 17.8788604046607 26.6473965716934 7.9001799381062 138.271343754673 127.442283982087
17.4961875223766 8.24014164445324 12.2230907099992 17.655485751886 21.8589013706712 24.2804312947845 48.76150024011 160.058278422475
20.1645509122275 9.62826607578648 0.405425967380142 19.3114719847724 29.4566780659512 4.16313308719589 87.3014226157056 88.3175089805816
18.4398492164466 10.0966762888859 10.5703106077841 18.0466845628503 13.7713391247785 6.38372644393459 87.8076542826159 190.781832126491
19.6547945890235 11.3889702360232 12.1093828305921 17.0161755176244 24.3357476413523 11.2285050860802 113.454133303343 150.816455181981
17.2217757034179 9.97060933074481 7.45167608335809 18.6234173549281 4.90352064963696 5.64369789393433 2.45930421109503 303.12089889897
19.5636735621841 8.40883216523481 8.17423920105631 19.4468662211928 17.8187180952708 5.69994428729807 49.4123361891871 121.546981153984
16.4645052358743 8.25648688297923 11.801565535802 16.0854471436293 10.300371904977 4.41986464613365 80.6265774485145 134.122970245098
17.4578140756424 9.36591009031391 4.62751818704946 19.0362615396376 24.626965758775 15.954844689805 110.179634168198 157.987531708926
17.1559911886462 8.63784934101577 13.0271256479504 15.4604168511433 11.5124069149313 10.3009355801034 57.6446652988379 86.4010664317457
21.3520301725663 10.6186164569479 12.3384894664792 19.0514814856265 22.0439558380543 12.0327202525145 64.2204239903198 124.362741526953
19.1070632002489 10.3212712897662 6.26403761877145 19.0344895238792 21.662904598008 12.8684032718319 53.6125202404134 166.076633383545
18.4175561198776 10.8973465521694 15.2958787160398 18.6567379874439 5.70843718577036 5.81697628784175 92.3377750305089 150.969561770372
19.4479633514927 8.82708817510215 7.70254314843003 18.657301045727 24.5716941939168 14.0901968464202 73.8913065120763 126.625682052423
17.8012884501706 10.0826261241528 13.9338663043326 16.8610751202703 23.8965456937935 10.777262036444 49.7425603261634 182.753891280035
19.8346772718097 9.98799348977649 10.4850488306032 18.5947082717164 15.8666511952828 18.9898709082032 58.0692341213414 172.754803936746
20.291603941461 8.46149704588246 9.98063642371471 18.0400063069933 6.44211436093352 9.64923406008 73.6928716978319 127.852643082129
17.7312650554104 10.3683789363228 8.38722693783119 19.7011030261045 26.2267913923742 15.9904712853078 95.1809613644679 165.865900228423
17.1095701394258 8.77627292372096 10.3862161189942 17.9514242068111 25.4779409820796 14.5390844597961 80.856996863116 181.260710443962
17.5238043812917 11.4998024813807 12.3320557505024 18.068054578388 14.8724893569485 12.8759295017281 120.880760193496 117.073666239882
18.4222150047851 8.52908002432968 11.6174825479212 17.0770710210728 20.3021683759142 9.47438145855291 109.565458913882 187.254788184615
17.1062863265047 7.66034359930769 9.37326664973305 16.2512186267747 24.23293017925 17.6321640638913 88.2868997559357 133.596601198358
17.7670300048538 10.9085127940321 11.6817784818368 17.8934442530588 8.58539764337338 8.19951097958517 100.682735396493 184.267865739952
18.4123384020196 8.52572881645295 4.71379540609034 19.8875822306955 29.2823716563846 18.9569762463528 88.5863392426623 153.231104595226
19.5330500155956 9.22388155486057 6.52065877220534 20.3584365527632 21.8786416428576 7.1822941121131 87.7157494230606 121.09396842097
20.9294735418831 8.61821024754511 13.2887568710778 16.7678327084677 28.1945773896594 7.76577823576816 40.2778491946195 116.757949330292
19.5421535111583 8.85082670362403 11.713708890319 18.3225216307652 21.523546591032 6.08920416464775 66.9550412797537 133.718966450246
17.7853687138288 9.24386463510932 10.8975605694455 16.7613946071273 23.6219250775197 15.0062308638163 121.640695578477 152.72710280785
17.1568638013085 9.75588888157229 6.9191219810818 18.6845543336848 17.3701354866501 5.87183440476401 54.210458216059 179.872008056806
18.9439319952742 10.5721410167428 8.81399053641275 18.6140991553409 14.5271564622071 4.50819690654617 51.5883481753938 106.480231980653
16.8385714846557 7.98409629129407 6.65542800255625 18.231448181529 5.33581103549319 4.86508484135018 86.9801056803659 152.272257787209
18.2823198961684 10.0738444510531 14.1447634114283 18.0170909906735 22.8313939721435 8.47475366237027 93.8205662243844 148.645195147914
17.9831241088007 9.17131769305955 12.1735238312903 17.9659648243957 26.1614251473192 12.6595146347787 118.237798296109 147.031115714982
19.952944852396 10.1462352278332 9.8047137961773 18.8006496387099 24.5639022798757 8.78462744676774 53.3335260755766 135.035254804722
19.1380978162048 10.128143198431 11.1750214093989 17.6108405898199 3.36903816312713 21.7379203538144 89.6101044367376 162.483604185666
18.2174764531396 11.0571245282755 11.6751710232 18.4689213946973 29.7555478092573 14.2872533837992 145.478145555043 132.283314965508
19.7298705829545 9.7556822373362 10.960783431211 19.0420268305902 12.7820520568989 6.01197910849042 125.180877453495 86.0722201882975
17.5347433253793 8.88434715510098 8.51068635024683 18.8689075199232 16.3613336705475 7.4574244409973 114.801871751732 139.233144507943
17.7405033938182 9.45502980846064 12.1602270349731 16.7173159902932 12.7266696317264 26.6296972053181 94.2470809689028 162.688172387321
19.6242541558448 8.46235758651611 11.3007072949397 16.9961734808994 8.02503849355621 1.5337621140297 90.1440160104707 208.646592033548
17.452929630804 9.95215741805626 10.0168349961619 17.8396533959123 13.4227512762146 10.7185402219186 97.9875618130142 154.173257011712
17.5999471816025 7.91565770184908 8.26218037866005 18.4511118325889 11.7357601472493 6.5099234296785 74.4796394889686 178.111109593777
17.9413198220849 8.7916017307619 6.70430721868601 16.0551693955339 27.108019745558 7.21086135534974 68.3093711007338 138.139764240388
17.2129811683409 8.63970854063921 3.89500975539259 18.5277991826043 4.14078880473218 5.4501847068243 85.7927479299009 143.13048888635
18.0235006152895 8.34465139857604 10.124950942589 17.2419534132963 25.8816448066538 6.44591948589815 109.432299475076 148.700128731503
19.3608892668998 10.2743950642727 6.30696675363772 18.8755145633389 15.1804621129711 12.4467169202663 64.9468875587902 161.996683678614
16.7540172979045 10.7635832199298 14.1441034760046 19.80302883437 11.1573398429308 10.7164135793828 96.1051838745132 203.113028641329
20.7906885563753 8.72177147188493 7.94515135983793 18.4320407726782 2.28707644918756 9.9762483371441 103.669293340043 107.207550988486
17.3609541525743 10.4205592125705 18.2866870558619 17.4192254081087 21.4321081942039 20.9897336175276 54.7389757849296 173.59064504379
16.183810859146 9.15042988468931 10.4228659436296 17.1710022035238 13.5038951800753 6.52286029785732 83.100708176615 171.753523122765
20.4331369247328 10.3668693935088 9.86911625193129 17.9055162223444 27.9910906239186 18.3288065589762 93.1451824230668 122.787567047643
16.7338297894408 10.6223277811361 12.17916354483 17.6591197861803 18.3458085222525 15.6748740920063 70.0164290949133 138.387936303975
18.6236040920937 10.3102077648694 3.61596267672429 19.0540419684816 18.1706300841579 11.4354824895233 115.489899393104 130.454370202704
19.0411699968519 11.5441610981962 5.20185016000155 24.2393071447057 10.8733673222876 4.46667463774817 102.932089106952 132.928230877498
18.2518275224724 9.21674427400281 8.97303951654119 18.494348643262 21.3618287201099 8.24655791468551 88.2494560038731 183.487038369539
18.108305756202 9.92556645653772 13.5258587583036 17.4000919824166 24.6937140366832 9.41179883098897 58.467589335194 186.244778074192
18.7307657908241 9.24797407297671 9.53320567102405 19.0771696314019 9.76738328388095 6.54949634398194 66.5937418880588 123.863308628107
19.3280309411701 9.9566761986155 10.771586491249 18.9428733928951 14.1783035889279 6.34658729854343 86.1735747095779 140.795447143821
18.3196335479407 7.45335596962911 13.0480794746733 16.607837568546 21.0247247824864 9.18118685502525 71.3175608581534 154.98369320545
19.1106231939113 10.395409471237 11.604232115813 17.1384342254952 20.9456038693865 7.50893856882349 81.945612038677 91.7399258693205
19.0305732617061 10.455272823081 4.6369347077352 19.7923319711108 17.3733362653818 6.23708564525876 47.9174731788804 169.374788059497
18.3098792272909 10.4452363542699 15.0670171723648 17.3379182079196 27.91463540692 12.5494037893623 85.2087698906609 184.183878776195
17.5487282786518 8.80101858105022 12.1594738972783 17.7844668923903 14.1910320653319 7.09356995446814 122.694715845311 134.235031027313
17.7244274260881 10.242968576071 10.2167470138056 18.5669412055526 19.9704002500361 15.0186549239244 93.4350206133796 142.599127478508
17.5958381847765 8.14414945137881 9.70305317071749 17.2801114807576 22.3085333852501 4.31783035507029 72.0127766067704 173.462121686679
19.5008470898196 9.30094764017976 6.13791918570463 17.421369588125 8.15107469234365 12.1720795149027 117.27831683746 121.808413018075
19.4671098600722 9.9222634039401 6.86426821920706 18.5082875133229 14.2724572159158 6.23055760828379 67.7291053475681 190.155558841451
17.0272717969377 7.89813509642059 1.47787975451723 18.3876167454736 27.5793176909898 14.3391859293869 84.0263641647993 158.472870732723
17.6280673693403 10.0741370811689 5.46777120489727 20.2370219423165 23.3373094037798 4.92390495826711 85.4166224877834 98.7974190593943
17.6710830556406 10.3472281736042 14.1407946940013 17.5032891515771 27.4149486852981 6.1835926218218 101.290640243553 171.208962956924
17.987644460972 6.56445670363939 3.27846548985709 20.0391704632838 15.507872658697 8.07968551911257 28.4062419026166 196.04771637878
18.8488274437012 10.3676212863096 13.3450540586818 17.4551762865146 17.7192745348687 6.9949949576979 105.508075668249 174.652703033947
18.3609928287923 8.85004690935864 11.2120711803887 18.6293770181077 11.0058458973315 5.77566053541434 93.0461512634067 138.124629274682
18.0319676116558 10.4307882677648 9.10294154257374 19.4913193060777 19.1384782304121 5.12080990930726 103.386230155969 159.328214754058
20.7673079200017 10.948117844773 17.6252090594485 18.7853650402419 24.0904267889977 21.9703417401126 142.432278815362 136.631365223369
19.7204618051101 9.09839811896027 11.5875391282471 17.3720417906393 17.0827888323747 10.8387929921173 92.2771165836889 160.992956821725
18.9402058296337 8.58543082165743 4.41532300078311 19.0514403662498 27.3292353890514 11.5612687141113 133.196206306834 126.559663269055
19.1415125362069 10.1073221226278 10.442190141333 18.0488986853166 27.4095586296525 5.85971270148052 69.5022286520587 189.078831628858
18.7794159314279 11.2501764141826 9.45156477004397 18.8593014278079 27.808862918859 4.45560768724798 79.2092454390374 183.376616058993
18.530766598612 10.1597096723214 12.8165777898887 16.8812510447423 17.0621766506353 12.4569820455337 14.516213238589 116.521624991565
17.0157236123819 8.71341233972343 13.031195501206 16.0968451972247 25.1174113316353 11.4330604076734 74.9855487319834 177.607232279109
17.2380555706397 9.90751380323164 11.9578823567923 18.8221675895578 14.21116807739 13.134063805317 98.2755954471455 158.470682536621
18.8058924196492 12.1919693939271 10.5991852913024 23.917340624763 28.3844173824669 20.8129273474951 107.018450433556 109.233678178185
21.4595041038149 10.4075385733294 2.83450077432516 19.2218263050412 6.77562128064371 13.8719155940817 98.6464350610646 98.0485743719614
19.0461047721925 11.3780854697963 12.001514316124 19.5307602708761 27.644645589318 14.7378173632687 149.969265912483 148.691839285889
18.941785684207 9.91096219686395 12.2478620301682 18.6531734521286 21.8255454117189 12.6098927567761 72.7997999555522 118.613779215014
18.2419477612425 8.73366786419308 6.83520785970675 17.2936273060828 24.0250202041685 7.45731701484513 65.5922592910735 172.062174644197
17.6832500718516 8.74388339996953 8.15101852300124 20.545454889192 6.04592379228133 13.3361742414479 67.1023839698012 215.985281920256
19.4127297903187 10.5116344035964 14.7473255018858 18.2611083397411 8.63408777017483 4.79109192268983 110.14698896022 169.166879751209
17.7787782886537 10.2707538071905 6.26480506548907 20.9333637866395 23.6648834480217 6.627069721853 95.1140796114037 161.654032310643
19.3853540496945 10.3846209967012 14.8902808215359 18.4803281422683 25.4140431503707 8.71280132328815 94.6123280074909 170.822615183454
22.1258601112475 10.5084425700232 9.02079617655067 25.1920539172904 17.1709691255626 4.60204993149665 82.8150394276386 164.18677457569
19.3634164910619 8.97755814467486 13.521876117861 17.8106824766166 24.7349440434189 12.488417147916 83.2128693918492 159.180127333708
17.9620471878569 10.4440758288999 14.92093279815 18.2176964944003 19.1641183816033 4.26163570247312 55.5126063307751 185.719237507247
21.9162562339382 9.25838144151548 7.99452275452943 18.0590314106906 22.971023923743 29.04192243329 78.7465670202602 165.708791997311
19.9174124476708 11.0951749073926 7.87421305662701 20.9774382891175 20.2970776123873 20.1038297246726 101.177386324092 142.215329126981
19.5571769347374 10.1191144960402 11.4250453413564 18.6879079116482 23.7349627353357 6.435829671341 89.7342980390446 179.826228802067
20.0840748430525 10.4770258229141 13.781683771234 17.8678604501876 14.971928145664 2.33839204479858 120.328084724003 133.653290944642
19.7084494746747 9.91777105663967 13.3502570805232 16.7114099092475 14.3710299958306 4.46858740911671 110.295703064965 180.348790697482
20.2978973137777 10.841295363243 12.3419452176829 18.280292397415 29.9346721005132 8.32116256773439 102.204856186833 178.922260782518
19.6293087225185 9.15995406343989 4.77596262760406 21.5218917727432 5.73572761649019 3.53675836797221 69.2295427790895 189.197549782468
18.2019688817358 8.69061341625651 7.86946292891287 17.8884992293601 26.5281025155348 4.98014366624114 92.3243395924834 138.094205210173
18.0734423090245 10.3736164677196 7.01053206410749 18.6708869248746 7.46563297857148 12.7910851784398 65.2762868488757 176.380687492612
19.8364948462679 9.35059174927003 7.82649735198962 17.4097892045604 3.31781611454893 1.50247929133961 64.2394345482349 141.8354177898
17.6003278086592 10.2209824022843 0.325005206324354 21.2313562035382 28.5729330107868 2.34682247203861 93.7548541616699 186.856917624986
19.7220023679576 10.2349708946281 8.29259322949549 19.0944084061582 23.378691291982 4.1055460333416 49.8930558954233 142.855649653121
20.5033177549428 11.9930672923402 13.0168954435703 19.1521645809333 13.6791586275272 8.36915319330983 93.1641799028627 166.888765960988
19.3191069118395 8.24341083444672 12.6744968047582 18.3351131980464 23.3807731429019 8.43058636858576 67.243280848285 185.016941581372
18.5394719584941 8.46777819073518 5.73760413849881 20.7940429208016 15.4423822211203 5.09980577734301 123.772275398032 171.905319836607
17.1506932105548 8.6487996939817 10.4797297631689 17.6305989357856 23.047015064774 4.82281960991788 117.388448420258 172.525265886743
18.0325885857525 10.5784137521782 12.567641025514 18.0528071619585 16.0633595778119 9.25143509979132 97.7073541351714 152.921889942885
16.6870207264778 8.50326656918048 11.5719438174618 17.8695955100556 26.3215523253317 7.00429690779232 54.7753006392585 209.301275311008
17.5946051666606 8.89405569151543 4.40631129390986 16.9997325940802 23.4018102651123 7.20397517941965 111.89010913207 132.010514482875
17.5994181849582 10.375366306503 9.17807262726206 20.0522115138009 11.6573504814744 15.0553799601767 100.339131838374 136.205158608548
19.0137116620439 9.92695400679473 10.0976412774579 18.136539923283 23.0300478629891 5.24127667320743 66.8742396020151 189.72117733474
19.7027343253235 8.84133932983696 14.0603188097569 18.3477596433715 16.3339541061731 11.6044018343159 69.1972798126529 146.752624924435
17.6221408116361 10.6868359371101 7.79682073956803 19.8607354184586 29.3001461786592 10.6000113457528 76.4124090950728 193.929937744925
17.3460855510778 11.7887036485201 13.8494567891922 20.4827596113373 27.8503013319317 17.1449127976549 45.6124539703594 187.791945343706
17.4116774999676 8.5188207730335 10.576705993252 17.5538100333524 24.6554879430928 12.8719553934717 117.731577483658 162.520876432457
17.9592609383189 9.93995833467893 12.9615617839255 17.8901967780255 9.99987680421557 7.14190266849622 101.920655199208 188.218744679194
17.9579479589144 10.2675552142017 9.97516521690744 20.3870755277478 29.9957505818686 15.4727183353104 131.689563502135 150.392784743413
20.0754495460374 9.54539100174477 12.8639715613396 17.5735086274389 19.2865398895736 7.00133535414941 75.1449367313981 151.798068271446
18.8357463984646 8.64454319967979 3.49490440786043 19.7749262791369 0.892940710617143 17.1849309044476 433.043131552986 132.493945444944
20.4065822250136 8.65302938053134 7.1525600391218 18.1181346933305 23.9789313758012 8.17783921833698 56.9408214046456 139.830926782139
18.4025214996905 10.2879380171052 9.30624583396883 18.4023690334683 11.0912378657325 10.3126213993174 79.4730400846208 164.9307857347
19.457528636745 8.42097069216229 12.3741514257792 17.2067296343094 12.7639939739173 9.06446789707621 68.7326169235179 132.181035224569
19.2801422166914 10.4902627221827 11.0037642981018 17.7032845835894 11.7926472535696 2.97865477850164 101.266883633515 136.966479886119
18.2782891891555 10.8309592147863 9.71899719703963 18.8780434294703 23.5623610461405 11.994067800433 116.125160843925 149.556991720505
19.3997881431709 9.88394316759027 6.99074592432687 20.0167788857938 11.9337221431085 10.1692414831181 111.38382015676 149.73659380177
19.6907275948906 8.496976877977 10.8699477945443 16.9466303915419 12.0261276177119 2.86740608603059 70.2485135159369 190.578358310249
17.479737614692 10.1926630546277 11.9755265053271 17.4961405648973 11.1850267944674 10.8319429259646 90.4384022905681 204.494166764523
18.6325598563633 11.2213721750319 11.8554246018351 19.1212340793256 27.8149452329484 23.4117094686015 328.243243976569 118.051630689787
18.7590441266283 10.1235481966077 10.8901511829604 19.252174136175 23.1521754449992 7.38941972437175 86.7714184406912 175.949905781198
19.8830550045777 10.5206385993711 8.58362701546157 19.5965847849776 11.8031430883252 16.9387126128168 89.2605721939491 139.814176873577
17.6704457487702 8.7680734182573 10.6739787398825 16.934006229765 27.8456020733895 6.99941402058688 108.65276491254 170.396426142354
18.3056581943876 9.06613357832261 8.09394980161577 17.6412016328916 19.2610079698728 10.0866233327805 109.659573077495 115.064202563901
18.1427462643131 8.6234254585503 13.1464636301322 16.8209099537828 29.1819110189583 20.468098581396 79.3850301133441 161.640115051292
22.6632773862421 8.76925692906559 12.6888563456254 16.5372772267078 18.1366891685366 3.34782790123444 60.0972404634494 189.796803190557
18.1050249619514 8.75184964216711 7.21079309844341 20.0854090937378 17.1070493671159 10.8373501967626 60.5490833647365 203.00404149962
19.7534460274661 11.2255072177952 8.65914381920776 21.2398403379242 25.0245815322543 3.300005516791 105.461405027969 170.157016610943
17.8617956038807 8.86390255957253 17.1041293759903 15.6416868031044 16.7219011504918 12.5317873314865 73.6091618420555 166.988941053058
17.5845013427032 10.6553778251812 10.7507374993233 17.836727461308 22.7507601294028 2.81454838811837 128.676954755071 167.188293774541
20.9531243058432 11.2621227247145 12.0427363318431 17.6949815953116 22.2630233444158 8.70377226820799 107.13402267242 127.98664623316
18.2654831202067 10.4828601488023 11.9027139194872 18.3897371669908 14.1190002797838 12.273261816465 107.606051961366 145.240969584215
18.5720639855419 9.37118429956043 13.6111955097232 17.3282108727628 24.1668017598464 16.6063868901923 43.6297235060483 132.284512762493
19.1672306773912 9.86545438714785 5.78990215478304 18.6301694381205 12.1285670763874 10.8660360992216 93.5712489680617 145.094052666626
17.9075457201256 8.92219072320751 21.4181028798556 18.6015709435538 12.9241945734655 1.09043707080308 79.0953140411057 150.079461523983
19.4096730862863 8.11626183238622 13.2398043170178 17.3428617770709 22.9061563249875 5.80446085648147 63.5007553009395 195.668990600308
17.9801422660669 11.5570079415832 11.7988582448872 19.4423863952177 23.5461715858649 8.37664806828135 91.1021915503566 138.942926440965
18.929520594393 10.9454832245467 13.7234835702927 17.073095328999 24.6807057722727 14.1213811418867 69.4946119559009 165.64260211805
17.8580502548334 10.9700421804147 9.10615796944445 18.7791460856171 8.44881177878315 12.7670616956458 88.9444211744744 165.94562909679
19.7393637857473 10.3749880755017 11.8741693029799 19.0308438463115 25.006567954762 8.62707038583905 98.2881986142422 138.188064482667
20.505113512107 8.37601273977854 11.162990464463 16.7667360697283 21.749498183608 5.15676678079749 51.4747955329795 168.812954985392
18.3739347197063 9.30802924856726 9.49440671183052 17.0921050838909 9.18083701562607 9.01072658537061 43.4790958937218 151.609411112217
18.5224532077372 10.3733488472642 10.8276121729001 18.4297647055242 26.8840980294014 9.08220243037384 62.83141050523 212.439952435429
19.4006223858631 10.3550789576186 11.6771777205041 17.671468523598 11.3374607433183 7.46395148006036 96.6068873205975 172.614119247352
17.3754898391134 8.4166458568889 8.64323770613594 16.6192859157408 25.7722160869895 8.16156536270208 86.1077221052621 162.457438798288
19.9600925232126 7.82831955665608 11.6360789649175 17.9175693556983 22.2900960283893 9.67770721764206 125.851006748519 204.962009846108
19.2178818663969 10.6308332122767 11.674939210523 18.8367627758994 25.6868201966429 9.58535423926399 101.760056155393 153.48780851006
18.5302027585396 10.1705785393749 12.7668511930193 17.2751499229261 19.6260569082341 14.2912316955464 98.6296706990413 152.665902262518
17.0714254292898 10.847138615776 0.496264091985227 21.2389419166762 20.1713719272746 2.6033108893245 90.1747768246108 184.456315923502
18.8400424798898 8.66222800468101 12.4479258882067 15.3197728791671 4.20165771753531 8.69359214736 54.4736093360866 88.8794835999164
18.6048718525029 8.95292206031863 3.91165755512935 18.2566261863539 17.8389022288561 4.83156236184387 61.2482721041887 165.52176906362
18.8848507655876 9.00271678063856 5.70290563408513 20.542045199996 9.34934048705092 3.71649141113926 61.555944111018 183.167738962044
17.9438577098532 7.99704973542948 10.3483045990656 18.6368397735913 16.5622763824174 14.5761718089974 119.889415023387 157.286890597904
19.5253321327704 10.8600126419397 8.98425700238817 18.3555475298608 27.0379493945906 4.83323477935713 57.7051530556407 86.8198727083602
17.8780877327794 8.39135401728308 10.1640741633744 16.7329191750681 16.3869781683867 4.1409890927575 61.1180124755642 197.284162906174
19.5983149884678 10.3102807261394 8.99065367022821 18.916642455822 25.0731998246829 20.9937121700749 75.6252469001111 145.940184108175
17.823028115189 9.83458010647266 13.5373092427859 17.387009266299 13.8706407118542 3.22218641276861 98.5942492652395 162.932802751257
19.604128000208 10.2381897104815 7.53910847620521 18.7690344670594 15.6345830863828 9.32325330916444 85.8441781882921 179.94812697964
18.753114039412 10.174551836468 11.2284909117898 18.3388971723437 29.2220804631622 18.0364094405959 79.1880410903851 174.617530067992
17.281753343995 9.05684155814397 9.30777275909158 16.8891595029873 5.17007447830606 5.95038133349657 140.753019592925 93.198027341122
18.0525351039041 9.26985546179823 7.94129957779242 17.9305397205264 14.3400309032369 3.62835444019201 97.6684676432515 124.65293672939
19.0605278133835 10.5033241678425 6.83617186835223 18.4406712669116 27.9533173983637 11.058365699933 85.616799401864 173.274411629606
17.9474185398248 8.90952821987873 12.8042950241978 17.1097670179385 20.3977892651191 8.40492005284562 64.4362113823982 197.161792935547
17.5470348106588 10.1853442456316 13.0048455589669 17.1871165284338 26.25081993595 5.81630806365927 95.1888560146798 163.417465016528
19.0114721393705 10.0988056972542 10.2312153800491 17.4784532680455 15.1927537329719 13.0333258482398 62.6712098641857 158.027783753981
17.7248188558018 9.06455619476841 11.7488969737064 17.3188457550934 0.483284072729873 13.6277600714848 86.6579414688248 174.994303283912
19.0502921416936 9.85273307605028 9.46907601742029 17.3474922392998 23.5541943601017 13.8740984625268 95.6241778570548 173.453701985832
17.8401550040407 9.70950250660727 11.4278736184314 18.618258763634 6.23327690807143 7.12230750948329 104.915202394749 171.998165659308
17.2302943305599 9.83357883531315 13.4734651002003 19.330060206027 23.1346822268689 4.47959464541709 72.4095028201629 202.354403121534
20.475813804128 10.3256730043123 10.0800217775419 19.5601677134976 23.0651055903607 10.9035308098271 81.8537711913922 174.168678665119
17.8565147536372 8.72444140513144 13.794491807074 18.6777534291814 23.7795835090325 8.41945875567793 87.7308169127397 157.434178215528
17.6461395512234 9.16789170189946 4.53044410741056 18.0864100098973 12.6188535594476 11.0315364464385 75.8441943714506 99.6580360755912
19.7807711471842 9.92452161431104 5.27146241749466 19.5135994263821 12.5805680168502 2.96532405540091 115.47420730738 127.707517229707
16.8149174003725 9.81790661766193 6.85530262104277 17.5040840494771 12.36154392241 6.56520841244936 60.423765660213 208.346350465937
17.9287214239444 11.1966784007796 5.59040830311706 18.7227650683225 19.8763956112559 2.19814927047204 108.458260515733 133.104605399418
17.4885196570511 10.8868527810797 8.72879993928494 17.5428937672239 23.1751831558955 7.91579393536594 91.2164816825216 143.293301228758
18.5781048180764 8.41394400405651 5.78938926202186 16.7646871403686 26.0846619123767 3.79772664157478 46.4208314802829 106.932973127575
17.7187401052527 9.21967778885579 13.6564693356351 16.7220584905317 6.63711444687579 9.88423076616851 88.3794687852523 117.167124205193
19.785400153131 10.5927262444447 12.040410272157 17.4944734104135 13.7108707574089 7.62600055644402 82.9042348004695 128.760248911784
17.4218203134666 10.230709041444 8.78179851108165 17.9293960489352 8.79723865943675 26.9202770334902 103.210019480182 147.263735536136
19.9731237664595 9.48988746425705 9.21977726540066 18.5596066893631 7.71066488587897 7.77466360872064 100.690966626809 179.764385576257
17.2254783574221 8.49449064446025 11.5223839240065 17.1359109892188 16.5498185412447 11.9866647194516 80.8694017519039 179.730358061979
19.412388466487 8.35605503392403 12.4788497487508 16.8278216727068 8.81808503251712 14.1020741856989 46.0445701384797 176.061870866963
17.8468302115496 8.09088941073137 6.88718650429793 18.7291481160331 11.3845217499924 7.88689672277158 81.935397722903 133.282958944707
17.6577913098181 9.56556851558627 10.7614527411018 16.8083619636835 28.2124802082094 7.87001146359748 99.1407788806113 173.64533467086
19.7502468680152 10.2654259245774 6.31810970702755 19.3988453035652 24.5125487510507 19.2811661794192 95.815494600426 160.108636901322
17.820046857519 9.1971510263255 8.88298026727039 17.6246441408726 23.1287214004341 3.76604260805349 54.660196020396 162.979049367246
17.6796975574118 10.0141085879852 6.90665598471544 18.191934109448 23.9953403441496 13.6900356104818 105.844176869575 123.250111260511
18.2303185962179 8.18362097970306 12.2877035298947 17.8391913887715 13.496751247513 5.23639463993001 33.8868172882457 161.423552472704
17.3013105221205 10.6327441687143 13.4468887046382 16.4551984590368 13.3757114126208 9.48932727370016 109.654543156195 120.635013132489
20.8194192763633 11.8191440497439 11.9269021150341 21.0457471630779 20.8576247747176 5.05919184851326 101.392910959494 167.268969607133
18.8502282449918 8.49383611200177 8.22947232328441 19.2490842576733 0.563417313166405 25.3894948398212 170.802759330445 157.060545632396
17.5975627295606 9.80095755686179 11.3068059088788 18.8377061633275 23.3916167977898 15.1565738911014 105.77351902986 196.412441881767
16.8910268615395 8.89571516263905 10.5239546152084 16.7870158444834 24.2033725867466 6.93909784062619 91.1195524487222 122.919026925674
18.4664027953489 8.91711085708173 14.2917699297847 16.7144313237551 25.8515266689075 5.57221349926134 63.2903657064055 127.585570371456
19.2602342996277 10.3208143364975 4.55295551991077 19.6930626275373 9.49399957149434 9.04564701768619 97.0307098401803 169.579424063339
17.134048071368 10.5218405504029 9.26105663765779 17.5451610846015 15.0281203310448 7.37589677483085 95.3456123900624 147.55759426463
19.5941386795043 8.43198526867708 12.7351783566224 18.3875218318915 26.6257335027781 12.8871633059362 101.109503997462 148.677603946871
18.4268026916491 8.71238199199912 11.5396658204918 16.2523416749725 22.3136270094052 9.91702921220958 49.652353549078 177.839430833732
17.5793630194953 10.5369585749324 17.8897726989926 17.6121737750819 27.6878569757887 6.11633223783393 89.404355075602 175.83054470144
18.6097647122412 9.79106514474204 11.8412445753421 17.1648029085764 24.136969084641 8.43874452250115 112.696894812741 116.887880923054
20.0535011426008 9.30826712665169 10.5371446071051 17.5590568601091 13.6191489672463 10.5712637919604 99.4332806195145 112.938690133701
18.4974698337691 8.49580057826347 11.438381323341 17.5401245885854 15.189965733119 8.11456416983142 80.5859499622903 154.614288821338
18.6477977129249 10.7306858152678 8.23829524403184 18.3559179083676 18.7143339945615 18.5721649444639 72.3197856514663 182.178891504931
18.1687640795021 10.1895408564568 7.79676137076326 18.5588537833909 24.4713080382092 14.8805034180858 92.3358014329135 164.584596117835
19.691601276217 10.0828722752742 10.845434362092 20.0007293579287 8.08630296787725 13.1812770889157 88.626013716287 82.8127622052292
19.9736774285408 10.90436034534 11.062149645352 17.8944623070057 25.2000237057016 18.5198884929781 107.57922063504 121.257925431349
17.6465519737547 9.95620553693238 8.36278140299951 17.0942950912117 11.1089323868321 5.67306339854588 108.242191571687 132.855821475041
19.6408432388254 8.67736894788724 13.7331177842455 16.4905471945698 13.0695499650457 3.73003534866361 74.7707425554697 98.4136481172523
19.9992352039527 10.9712357669977 10.2032933031492 19.2998835821511 26.9014226247537 9.32759870473291 150.172222089268 183.037837268788
19.4865090952736 10.4479175051027 8.57000255633328 19.4632065674083 16.8659845837814 3.25014858411545 70.23480462201 149.959442945529
17.6171369533172 8.65096744534861 11.2720428049268 18.4010456969774 16.7121416493003 1.9617019484937 99.4913571525902 117.466461749716
21.3718465120432 8.69923665828335 7.9137642019453 17.4264617344642 28.7293275356565 6.84429628585752 46.2044833128508 127.519639638047
17.5222951989622 8.92043662001537 13.2007293910008 17.5398500666196 20.4127192531896 10.9670303039891 104.301956009632 174.450946511176
18.8156326718405 7.75775413328963 9.46295978037736 18.2767393262665 23.9126381973022 6.91165804687807 64.6773356704126 197.270867141375
19.9819246222182 9.02445749195566 13.3073553569013 17.3592410793322 25.7861348783696 11.6168378534905 32.4329377958193 165.370998310564
18.0646585378829 9.60571439576994 11.6533379010778 17.0492879518787 18.1990972767829 5.41559820178142 81.1514289254946 133.37149339377
18.9480002357965 8.72716031483385 20.3955839091391 17.2268179235941 22.918723961662 17.7168578491972 62.2896882436588 127.732029475134
18.5103121715385 9.34904340858715 6.63589953885062 23.3352187435589 11.273021994969 4.33260504217702 66.4290665138882 199.084361689841
19.8581025022786 10.1570548405588 7.59548036000385 18.546191838376 15.2911202462924 9.32813534987444 85.5486957053109 155.354910374269
19.6333307773688 8.46089059978738 11.7147615371012 17.6104210476149 26.9465990252953 11.291856069293 55.8611772497854 125.413781799855
18.4071855358116 9.9776234992707 13.5984212092236 17.5682801484862 18.6918069229099 7.42475655740572 110.237793507758 134.220483357799
17.6310831189312 10.9004443806433 11.7062098197043 17.7110280591594 13.2080909319914 18.2978145070807 93.1844962929028 176.896182235658
18.9737706858792 10.350670457636 15.3241835747885 16.5539384682552 27.3047979157278 2.7649990922323 75.4447312750903 141.31334477958
18.8267392647513 8.72874546986987 5.33948889636539 17.7397387071617 26.577316323883 13.0778193988109 91.2968801677409 169.666133628021
21.6407074014063 11.0544297291776 9.93935150337975 19.6509661860587 28.1595039286897 8.79370143397685 118.089331644045 147.686185733873
18.8369800706903 8.51759550077181 11.1992646740803 18.0239239692843 20.9870570787431 4.74464738890065 82.9343286469834 153.081039274673
20.1876836984962 8.52524431108887 6.35400948943252 19.5530034020112 18.6739252559412 10.8559290362841 72.9128412910591 141.746315692621
15.6650972777561 10.6407518082678 12.4249400732661 18.3346815443541 16.485362213814 4.43574975110101 117.714804018376 155.00711830721
18.5011635093765 7.59905832009002 10.2019722979227 19.1426589006958 16.5732303842703 15.3455090867101 97.7250507704075 199.651300529787
20.2920593923786 10.381921240876 6.15843423843954 19.7930511586193 25.8000061627892 14.6734653171108 94.828447039291 161.746088302576
16.9587044390692 9.36705002453285 5.72070270158205 19.1361103627375 13.1081054662033 3.51852470416647 67.7537916723608 198.920559794932
18.8265893867596 9.01846909492616 10.7991131574346 17.8878235575695 16.6763136690231 13.7583466653456 64.4985962396856 190.312290015429
19.3559105149181 9.06148057853069 8.32971177775244 18.0136918370495 26.6435810639399 2.74744085518187 39.7603665097065 166.844033632329
17.7809562468102 9.98659854014087 11.3664999318789 16.334091814175 26.9524909132702 18.1724182285951 58.3479192129448 145.803060121563
17.9321639088077 10.3769829807841 15.2278467208245 17.6301351825815 11.7912989690562 4.31208140264338 104.753157127941 139.788890016402
19.1913074537802 10.1914709294565 13.2917669580138 17.2362950214389 7.51681308719675 7.58243950012043 81.2166140752371 58.4436428494585
18.9457722817873 8.95392427937433 10.3268339949075 17.9697255573782 29.2115668166015 12.4704087832794 112.281373714393 185.239475274862
17.7716389039687 10.8856978748147 13.4249077075924 17.5146620069921 22.22214633554 15.2259888751362 61.3178229189069 151.900115685929
18.4516682740666 7.95913656242548 12.0855995525103 17.5248177611894 17.067617121385 7.88243890997271 54.9534461595348 169.644392869975
19.1736723921483 8.2452647746955 6.72124036039762 20.4024377212216 27.5143925291821 8.11595425960113 65.0308186913202 187.888372937762
17.9268557542472 9.54052481103783 11.4197436393546 18.8575752921609 22.3525633603741 8.01187227998806 68.8289794566166 163.656099814299
17.347347174494 8.85940423871955 11.5258404607432 19.4775005515966 23.3310428867646 8.22875569557845 86.336178470994 174.311601697976
21.3270204333563 10.2236544784317 8.63976434931635 18.7151805194588 28.6253080036722 7.25446505948591 100.867356181409 140.394771027958
17.7290862661195 8.29138803048723 11.0662359801316 17.7870583415475 12.8816583971876 5.84711606848196 93.3910650037116 176.865637559787
21.0248418817919 11.1173996003228 12.8034810746687 18.3616088985382 13.0107803539905 22.1149271293806 106.685191465306 135.436928926246
17.5029597080115 9.54252926245404 10.2280317177397 18.156911190652 13.6830365296605 14.8403395704232 125.256125516984 142.578548471831
18.2545990992531 9.97333915979177 12.7591750783574 17.5718184929651 19.8098784798072 5.14708419365754 61.2470674206856 200.263710981172
19.2622563967604 9.82488516997306 8.91820415860046 18.6691896060845 10.1514144506798 6.04228330569034 91.7851516144904 147.334910274421
18.6286300177542 8.70030085533656 6.67278822343418 19.6920080987887 28.1461713646979 28.1282754475455 80.6190634462456 157.15305213655
20.2643803889144 11.1717915071977 5.6814472880676 18.4852609528077 29.9629100821485 26.4763035578733 92.4352824958016 115.936669369858
20.8017906684916 8.55038800728458 9.04024729239147 17.806601427238 29.458929641343 19.0568570551192 49.571166029851 137.79016979601
16.6307429938716 10.1006899319175 12.8809552707408 17.3900788526131 21.2123208159181 7.77455279267957 101.052090187582 109.360322337112
18.1129473460872 11.1776006810369 6.95603031328134 19.5997960640034 19.2125013561006 10.4794499044401 123.569001581135 143.55658965511
17.9786219540688 8.86834259563998 11.8531814927286 17.1549037004319 17.8472756350028 5.75253780685694 100.165109750976 146.063755098097
17.4233445836889 9.73039408962897 13.6963042131745 18.0391641609396 8.42573540501957 6.01326203416448 95.1013939317612 182.874749997232
19.4388331383762 10.594929512544 5.08928010071251 20.203349109918 26.9929404717501 10.6534552605429 104.328810562672 150.889019586679
18.1575102505086 8.59383701468022 10.1619704611131 17.7907573868164 27.84775848077 11.0079273573023 49.6907160134461 191.43303521371
20.1194637156836 11.0592820263514 10.4778162660549 19.1485223824975 15.8922383169223 14.2081636816235 128.608106770595 134.480243054839
19.6090209172096 9.7238343329821 8.7078842628885 17.9445518179729 25.383119930588 5.36092829096036 82.0124592256577 183.106657225014
17.5677247198031 8.84294963570153 6.10362900500449 18.2431930909118 24.6785208376351 15.711161841822 87.2414545514097 162.242348953375
20.2098471168635 10.5577138855905 12.7832995211414 18.5086520480408 15.3419141054246 20.8580475342964 101.339396851692 159.824198921046
17.46915057058 8.11912383528038 16.7254957802961 17.2288702937026 26.6217341807903 4.47873439972362 54.079833762328 192.23520174902
19.7851901102609 8.19267526585664 5.95091134658236 20.1869121512035 23.432109350333 5.69878256088199 76.7262163048253 155.606264007791
17.745417607468 10.2883974307564 13.4828810358344 16.8437947544466 26.3282799984492 7.76840665450255 61.9999124588949 181.25806518407
20.3407329923521 8.18718613324629 9.20327623557823 16.9468793253884 18.3540174839002 9.09292095304959 87.949238556397 99.7943613943942
18.3062536926164 10.7469118794515 19.917989035754 18.2138381241371 29.2256248452662 6.29487054042186 96.9664732014043 134.216416457702
21.1111062156299 8.88421501826764 11.891284055143 17.4180467961531 23.4922129609749 10.4546829288101 111.003137084654 159.282117160977
17.8640078369274 9.98815650460903 10.4635700799678 19.6013274166413 28.8343476891662 5.87543989489926 90.0757567096698 179.84362356465
19.6552263511704 9.27700849445827 13.6998651525153 16.2401836480068 27.5192396678309 17.5372352478107 66.8170513675549 138.418951758415
18.0225885263791 10.4765093357909 11.3336595305611 17.7711012057466 18.7121976528553 5.52669414436706 120.317665641666 130.963089911337
19.9516866183546 8.38838473879315 10.734318662585 17.3871013725997 29.2745426320655 16.9854696540838 68.8406889842922 146.867992126654
19.5895601522053 10.5456016894356 5.61401300184195 20.0160264385341 12.3059961428715 11.7061470100206 77.273713713331 151.213128420199
20.4195249733881 9.14116003555159 10.9168778570214 16.8174420750298 25.4788436960291 7.12482283697197 81.9822266644015 103.038138863894
20.9804244387887 8.77891767825563 11.7429918630785 16.799070081724 28.231084599472 10.242136290586 73.6682040433643 152.49378237134
18.7382681163825 9.02566618617215 8.61032120399464 16.4289281640835 25.7918132213639 4.96857581900937 103.24280342369 167.99151605777
16.7232532390366 8.99793503596442 11.1422207767567 17.4014382381633 24.1392841437868 12.1685162788254 83.2997678296918 152.667252825207
22.1786496092954 8.72679197022379 13.4984474031299 16.5962429449216 29.9317627415734 17.0378815975003 61.4512877725397 103.449087214337
18.1456812321615 10.2725760361456 6.38343018252055 19.6487966740277 11.7054950695288 22.9494514949273 97.4684863584714 131.011669132393
19.3095319114015 10.08943686477 4.19789029638178 19.1626146744974 24.3677535290041 15.0397667267198 82.6533290421032 174.137117052572
20.3595190741915 10.5097797335262 3.13295096309684 20.160470715269 23.9156655908247 4.9258834966525 112.380582582419 97.2528334421433
18.9530373850762 10.3688602264582 13.7536285012964 17.666275081083 23.0802654333799 11.6865630171727 105.815260076972 168.212236371276
18.1377744675316 8.54374870280384 7.73685297961462 17.755188533258 12.2157070088137 3.26545515913636 106.032021459947 181.298674888395
17.854519990928 9.50600861074382 9.34336916058644 18.5742841416486 21.2611166527368 16.4411823412711 40.8797435465787 173.696839976422
14.987787889388 8.26431060677537 7.65269677300911 18.1345354241934 4.12519830831189 9.20679076777065 61.4108714700152 168.94937239177
18.0712775525748 10.6213716681586 11.4207355999341 18.4810254974451 22.4328942151103 14.4448467483576 70.5484894676779 152.983548114401
19.6428332773986 10.3768416823176 4.28372639617367 19.8505845326037 16.6126697038909 12.5742454324809 65.1597654949257 192.205812580585
18.8698720215235 8.78022308496347 8.11232009364523 17.900636505479 20.9364510223222 19.314348955747 23.3363056391621 116.516287847273
18.8462936873875 10.2167924808109 10.9723168973264 17.4293613943963 29.1046367263853 9.75223456109486 71.7541550859594 139.034174048447
17.7725804495222 9.22680536289076 11.828797557524 17.3111004525125 12.9534041558696 4.73112097218634 89.548303948669 119.513018684577
18.2438145831266 10.1067975939858 15.6596983993487 17.1827483303629 12.0488307251787 22.4244094303497 57.8911237132492 160.663689627573
16.3798182358165 8.78260862443338 3.40373539965028 19.6696342109449 23.4814434726031 12.9143666444187 234.394103104971 129.202626402941
18.2006620179429 8.79394671098889 10.3776549503652 18.0602071880238 25.590434617742 5.18657604821619 88.3016780799998 172.279055204515
19.6829048628573 10.5039004496483 11.1958399215077 18.0823777711648 28.5677834730164 10.1736430496278 102.750945703091 151.003149983639
18.4073372732425 9.05763002214269 8.60757235152117 18.3741052388034 18.2510547750655 19.6633096653298 69.5108360274584 163.023335574845
17.673019472914 10.0302741772401 10.2303818023024 17.4508435117511 28.3406887057912 8.85601523970504 96.0522309350346 144.081161844194
17.3042613766791 8.5712962937529 7.96860324097532 15.3704726538162 26.7114486229281 5.84833851203078 61.4162159223093 131.896672372131
18.9907666270407 8.52366543786724 9.01332782676263 18.975652987913 10.6709288865722 4.05808797143221 70.8236107580421 157.375454744937
18.0270882489031 9.23826228833914 9.74282964457994 20.0147372217473 28.5319125044644 16.7901176204364 58.2110693011889 130.031900025811
18.2204320747402 8.83191032170969 10.7460671844411 17.2749451653313 9.36813941628288 5.35647051009412 92.5881530610696 185.856805641277
16.5062935041063 8.37027853795957 12.6020257192788 17.1291730664607 8.44614069972261 6.4958867678343 92.773981279525 229.579307841633
18.3212707295528 10.7379255215663 9.89504436166739 19.3902264951405 24.9805052501865 5.92605265780598 77.5269006736032 191.954289462223
21.7737317781573 10.863691310538 12.6924783477732 18.8610952407295 16.0393490544549 17.0897316271414 84.244047796955 141.68643666309
16.7300265789882 8.44122674881791 6.24827697613615 19.0031351005215 6.28017532935337 17.0040574490496 102.29932027741 175.4124608502
21.5305376605143 10.5655622699167 16.8305220555756 17.3509747241878 24.4553842326762 13.4997518823762 77.6784461125097 69.8749972173297
20.0619995498835 9.89042397528821 10.6058466230113 17.0824016908867 7.2815155976373 2.76398311833349 78.9840119668923 146.002088906485
20.0744924433246 10.1371338614425 8.47907906478336 18.7933807738837 22.4032502653337 5.93440019631513 114.776710126358 171.717873764507
18.3220723269742 9.0452766618025 10.9123127073418 17.6493506409133 26.1517271312896 10.6823533159715 118.881003662047 161.674465592422
17.3404120295729 8.38018734077329 8.28374407222466 16.5991555901308 26.3914031168569 14.9252192565737 73.5521321389016 107.907136057212
17.9622964644926 8.46347473694979 14.0219242507679 16.2367667810932 18.1886470851558 5.3876263558195 51.5345939067219 89.5135448713509
17.5569398881962 8.24328863394257 11.8416372842647 18.4093285086458 25.5007368132648 6.85153521939308 73.87750385359 176.644862983617
22.2628681516024 8.45088760140983 10.6705729557314 17.4431064390556 16.3154886554864 15.8732275290133 67.1132761332584 129.006365014231
17.5701369539571 10.175184564091 12.494500377405 16.8353371075299 14.8691824823065 12.5576003277413 52.8968695198271 198.413068392962
18.7249562413331 8.6552319838205 9.59806882198094 19.0232648182474 19.0857527971153 10.9150437080175 60.0533005007514 142.109213675116
18.8357568198316 9.56877695592231 14.3941741266398 16.325839529411 15.7720974746605 19.5655576671736 85.8827640181709 118.739629342357
21.3657186765143 7.57992572048978 8.72506367499359 16.8622650142841 25.0206011546779 18.8689257606162 58.7563044350426 154.46049500264
19.2600115352752 8.8880516704779 9.29125051489305 17.8638742294919 19.1412777401821 16.7527257768482 96.0276525588313 160.639339771323
18.4635098524145 10.1218757433124 14.1358955482377 18.1010443023009 24.9982373922658 7.78859075957166 133.131296817336 125.231926346409
23.4657157993431 11.0076456148366 7.3356759108882 23.5771059001483 28.1429983469118 6.95700686343004 72.6841012450989 162.797581156485
16.6889350046831 8.75148622768077 12.0995286609841 17.7444829093409 16.1659259340211 6.70850220390853 118.216613436293 178.498075478137
21.2266696767364 11.1873663426544 12.5886560626471 18.8180556226241 25.6760882206379 4.91231139594552 66.67136750856 154.039135071434
18.0291540764633 9.15391476933382 13.9839702158688 17.7102830038584 23.8139142940098 6.89171010427834 77.970420880294 176.310183285925
18.919966640595 10.6355422905012 7.273082300354 18.5269075951163 13.183636509244 13.8073816873342 23.8002743740633 163.915512929851
18.5480949902078 11.3218098421935 8.71657230470546 18.4124072100841 24.7877897164398 12.4080333292583 111.780268252243 82.876663513434
19.9657883826662 10.3736195162333 11.9707658948728 17.9877936432841 3.12238533168498 17.0976618982105 115.321326358031 151.415665825217
17.8589752318021 9.53311396408715 7.06754410483771 16.4972418014785 23.0633441563611 2.41576198273177 63.7484284351872 154.437604298498
17.2754167812882 8.7768596752985 5.4395196473579 18.9186890622165 25.7816560627833 11.0717357022469 72.5605840083671 127.06736596241
17.5246243129705 9.92934372158104 17.4154073510403 16.466045181153 29.2591194839849 2.92817985038463 69.7389829929645 143.777969523662
19.954014690745 8.94597016517275 14.0503469366211 16.6882593078289 12.7408679563988 9.34271589464936 146.469603927568 107.716004838847
20.7932339114484 8.7393885309468 8.1824435141331 18.978174019556 8.64788081640041 7.62537690383636 100.062443974056 140.356003076749
18.9095436785 8.83547583122204 9.92043586595086 16.3686417497261 23.6254506899512 15.3990499990786 106.713915244371 135.063750791819
22.8643818532925 8.43971514294923 11.4392531824894 18.0794456929949 27.9021279992719 2.36586029742779 76.1642993259345 93.5713639280678
20.6689655852848 8.97246783450295 6.06087680649612 17.907578338989 20.6320546174723 7.00668187084624 96.1852094041163 125.406941290956
21.0951075415179 10.1046933825055 19.2304097335569 17.9398324414471 8.17687296228377 14.4839205513441 102.709742331789 114.389548003218
17.4030869564046 11.0364131741201 12.8292464669956 18.079881495807 24.8941369477267 12.7533900463281 94.4440822663549 164.600294622897
18.4143182150452 9.17639013678265 3.95783526006509 23.4562684353762 16.5680743359061 23.6613830134979 86.6284320400945 170.334003911379
16.8807238110009 9.73856395192312 10.4129668187289 17.2010495468486 6.72331618280947 6.70844403180657 88.4269477056369 176.499163339787
19.8064643289163 10.0952329176912 7.55284723655103 18.9998073353464 20.1975933677363 4.82992222428223 102.918977915138 170.709366526571
17.0803822219638 10.9391542421839 0.767073555948896 22.0603187452458 11.8959202952296 7.28563561362968 59.1552444459774 197.769957772498
17.7578463853838 9.39438032946194 12.7690033677292 17.3196920475923 16.1713915336469 4.68151384313811 97.0210761656434 160.949260943457
16.5250323267541 9.94588333443148 13.2025901930139 17.0611198728489 27.9659091292616 21.0413339887467 77.3459355526992 176.944790671162
17.3441590218147 8.79649984631572 11.3529567564377 18.5914238489968 23.7273818764939 1.57713157288856 72.9284193105768 151.666863825602
