28.3165310203849 4.01701067698808 18.1063488281071 5.95056378823105 21.3047257177133 15.506569704393 435.232207641843 268.325542459947
25.5221273492551 5.71621981631506 18.3167065979014 6.26873092204396 28.8746872249502 16.9072296526723 451.602332472046 250.070719918379
26.7307053714695 5.37511500064966 18.3334972186332 4.20682803986834 17.6612584200376 15.2634856625394 492.991914144532 48.8241914593287
29.5995273166791 5.35234126586041 16.5378977403975 4.66265780033716 26.0258685190648 22.4296791603293 490.104040026665 75.7540167246014
19.9475035924192 6.11377141633318 14.2100929201226 12.296947013884 27.8962466446146 12.9921723455726 471.009168858257 152.592712491468
28.2040325485507 5.24947247457314 16.3355261249368 7.02183020315589 24.7997055890032 8.56618941694762 496.164652174417 77.2039289889431
29.1793406608914 5.27489806413313 18.6706670310716 6.02168975956376 23.3775506050585 15.005293612629 440.875413890221 199.760918582802
13.8870374427769 6.31132216157903 21.5188675198408 4.78719469073461 24.3240286754127 26.9712871581993 507.322989708779 96.7800510251083
21.0738450459929 5.7291435897173 18.0488412545545 6.76724318977669 16.0566041125726 9.80581799345094 479.444810377669 183.067949431942
23.9768253471185 4.7613068859095 18.1362284893568 6.15734452577367 22.9489286010025 6.02161899234284 443.207858420778 220.240051369106
25.0894172786292 7.14181889809885 14.9222405622021 7.51730491485715 17.4797766892979 20.4180461001726 485.260481720107 82.3352379567097
28.5138450828012 4.51124651774755 15.9215635656706 4.86099197064452 25.69058193558 19.0394330424871 497.486569273358 179.738524212688
26.3735833312989 6.04070945598982 15.8249271947211 3.61208170728922 27.6386354871123 1.84654470776174 423.559301934291 284.833255422724
22.8505709938367 4.75487350752705 13.0043021871815 6.25549826207937 28.7370973818654 12.4507444988317 491.796279435085 238.293222800027
28.0644402162356 6.42659288518708 17.9862987594261 3.88245575284876 22.4907139104197 12.1382613591272 487.662079397571 83.5049562128751
26.9875996123954 5.41421353644994 15.6559197200045 3.95330888184935 25.7618578708656 29.4705841070435 410.391142569072 247.498987379462
12.4189837948572 5.96300720321898 16.697508774011 5.59500084949545 18.6333827584173 14.5685544993936 480.221574643942 93.0487207861117
21.654673117492 7.21378059812818 18.2507336194325 6.30870781959138 24.4465333391309 26.4528183247785 482.431595319913 89.6433700055591
23.4380146870534 5.41785881289809 17.5453244718951 5.4186040245201 25.8117512466182 2.71214430921864 482.139675845479 169.660771214763
27.3448582092682 4.30177507011585 17.4663726037317 4.82518383570442 26.2824511476311 19.5341925984241 420.595379104977 367.776572111166
22.6065733596513 5.34648969516543 19.8628542204541 5.21823211492416 26.6277260572547 25.9076719671794 468.352804398422 104.401933177563
24.2970686588249 3.37418197728289 14.8962661390188 4.36720237955848 25.5326403684534 22.6210068550483 413.390291385528 338.237633743123
26.8323112593482 5.52867196965571 14.5171409993982 5.64266755080055 27.3974522701525 17.8313655965434 497.087698137288 107.802819121595
27.1456860219699 4.56497629922553 14.3720935975952 5.87634659851384 19.1255568625217 4.66502675644007 467.226421728984 115.014281568795
29.7966629017134 4.26236958420882 18.5469609901042 3.45814711097896 26.1245217965025 16.642492576864 462.248618255298 159.063103252708
18.8284455761993 5.67918802902435 15.6788105157153 6.05622534577402 18.6147619442665 6.46345507139299 492.661356591535 95.5280961964037
18.5213599218785 6.93871955279128 16.282058675712 6.58089840038215 21.3841525957168 9.98764237915446 488.498022064091 221.590457071938
26.7594346360309 4.08137758308528 16.2994141814904 4.4336774656447 21.7649140799886 20.0349606992285 446.426289781814 298.397410608191
22.1085694059881 4.35191168168167 16.4214251414487 5.13449718613459 26.0715374343819 21.7622855379134 478.869772739505 275.285160755781
26.5341661420825 5.63442644122662 23.4054873168234 6.48484253244193 18.9461533842014 29.9582915795904 474.896710012374 284.723509416565
17.761059600587 6.42845543394134 18.2540928423306 4.48566646832279 20.5275809204636 18.9097702782883 485.087191353923 63.7610009018906
25.9329670873744 3.82016199248575 14.3467576290396 4.60448302740514 25.4270321321265 12.7072870169323 487.456537538101 129.338136832045
23.9178755890819 4.20512340548006 17.8689046000209 6.92214375226408 23.7267624768963 20.6764003490163 457.116918679676 258.504431319536
27.4344552649282 4.95596273322677 15.9279458537941 5.33304260160212 22.5758642240669 8.07353490021382 473.595119284545 231.211351707787
28.8414764451111 6.54885661989439 18.8442221720441 6.85736355691759 27.8324729403333 14.7158963642785 489.838970935116 47.4569682331359
29.3218121314398 4.68957445666045 16.4849631577083 4.6541319902753 20.0382159788543 20.6348746683677 493.665458098457 148.692524439523
22.2296180108788 9.83231365431799 12.992914129712 2.59004805633029 27.1218944747573 24.5973997748426 365.47317146084 316.628975799441
24.2309441364321 5.29626171083083 15.0801107793518 6.06572637976216 27.1136907000532 18.5761677153266 489.683783887538 135.174060577258
27.5468487393882 4.79072024252929 12.30700003009 6.89688008644206 20.4240188221075 17.2913478657525 491.361462537367 156.468905669913
26.0722946506526 4.01971466480824 12.7474463322304 6.93952565495043 17.2736408212911 11.8419433193565 477.423051918628 175.42906535119
19.5518253741933 5.17258288835534 15.4984637894483 5.22800158059159 26.9173720826308 12.7912078213416 484.654045027173 143.707301038993
27.0656582719048 5.1845157411488 17.5209744193749 5.95843438062742 28.4491917777155 15.3101960562888 452.967692914016 130.294223679005
24.4165388039784 3.6135471362394 15.5131119040259 4.20571046290281 28.3402810073622 9.48474967755749 430.730037160686 264.268548381583
23.9386274555517 5.71570721787425 16.0684268435556 5.30007053503953 28.079990566323 24.4353965989092 484.523777371014 190.02641271282
18.5267757929234 3.00551084347535 13.1718583104533 6.01517492135412 25.6387377778373 20.9959194340691 412.41348003696 336.752587053601
21.4222408134707 5.66759530001764 19.2850616387513 6.90430374159035 14.6931424117347 27.6956840647564 500.580779895794 10.2639519668112
28.4931152637861 3.94379163621164 17.116382788885 5.43188884991312 25.9627752438669 12.8879654135999 328.417369728592 415.073221609517
27.7670797091146 4.24619403004209 17.1436336508559 5.92866809988646 25.5834112472942 24.741213355585 466.163650770065 80.4191818822127
23.8647715892232 4.14619778626683 15.1104159526412 4.77333583846466 23.1682839949604 8.67874309788878 490.768984680701 160.668971785439
21.3834922375492 5.25108815973069 17.0899341059494 6.33883757834261 28.7370041987916 29.1441621322856 461.571720269305 186.00342073391
27.1114853394872 4.46081562176628 18.2151549804682 5.3330689451542 25.9557259011599 10.2155491662277 428.641171369425 320.305138836168
23.2754587784661 5.1638292790995 18.695278477521 5.58057091282668 19.4130086990768 5.23019065022007 439.97657100935 280.470943999777
21.9521716088611 4.75393216726266 14.279785545226 4.56424514502892 27.4924341169862 20.7936791032267 494.013089280359 119.199290825108
18.6505945941534 4.69318114580278 18.1215268279464 6.29212987596252 17.7915417453243 13.276863665076 486.407656466434 127.812298670427
23.0267808242693 3.97169264641319 14.6648991129004 6.47770524733434 23.9774559199104 10.07413509151 337.066849808192 512.568938745755
28.9093552657005 3.44357059653951 16.2617947962003 3.98827610505074 26.1514812639905 27.5960073490965 431.29973539884 337.350256224753
17.4764273057891 12.6729330561897 15.6487881710033 4.85296101321344 10.5129417440309 24.3491709781677 382.670255672602 350.701771756878
25.3892643405447 5.12079384237359 16.1319923139993 5.52247365514568 26.9089021708944 6.08812785810052 502.759919769226 74.2052328255226
19.9114207536188 13.1960921572241 18.3601458198527 4.23068423718199 16.23113252873 27.1939294512681 383.823492000695 318.810376765792
21.4556744093864 5.84735289473084 16.302785531873 4.4647163844333 26.6032192937171 16.0846733333107 499.453723351283 28.9537414865517
23.2163808265059 5.37692330227809 20.5903005853282 3.54202340108193 11.74658733994 5.14228255584533 478.147679544673 182.380350860011
23.8719177276639 3.81838839993163 17.2076409417336 4.87261873477548 28.9341171883939 22.1126808080308 473.808374749904 208.307899042966
24.6989193897068 4.43252553977439 17.1105681452817 6.15532215238639 15.7829249795132 28.8638671087088 459.173633304827 213.540753814254
23.9228483787245 4.76350605918949 18.1754972473867 3.79935590300208 18.3911483169027 12.8567862055691 478.759393769299 119.17444172525
18.7101320186429 3.78067824639396 20.6680633432723 6.3523317578052 27.0904176257389 19.9399763038593 335.837662346176 434.351325797821
23.2577451383956 5.61213474162383 16.14263614174 7.60691907332147 11.6134452488858 12.2904405305106 507.109621990876 167.714021890604
22.5601582665292 5.66004061274603 18.4366170859242 5.82409799103595 29.3125217327802 2.52581961343779 487.32190501342 120.243907266362
22.6654447125794 3.75418047626205 17.318230809845 8.23378927457964 26.4213400912764 17.5358885715396 383.009142535586 465.967064611253
27.5615911318369 6.44711592251671 18.712789099821 6.51471926588494 25.8059361518694 28.7546931788184 493.339635151583 137.777860448355
24.575162162172 4.54070691661648 18.2552668118748 6.11207421549881 23.2937701988115 11.8161036342373 436.105690650122 316.460303848192
25.5510761791956 5.78646630239743 16.6355187217185 6.05597865869284 25.3925460114677 23.2743780302816 474.423940710822 190.985297519933
27.2514535131494 5.92784000324496 17.2426921569833 5.73834355753416 13.3703835336037 7.33332489848949 489.387874751026 126.651787877891
29.6932074569319 5.17606066770719 18.3855562572155 4.94449710907745 24.0945673192062 6.50709221189456 432.655478984952 413.755691922487
27.2006284756142 4.82813315083336 19.3084421643022 5.38174200537691 21.1481876206077 2.01806976016439 391.064926120119 399.342978138229
29.4505124152101 4.73611957227695 10.754326738116 6.85346605890486 25.595620793612 18.1481096753324 480.272877576583 178.165927809572
22.7501558302617 5.37112089723625 17.4102644737982 6.65929472354575 19.6565307991265 13.5831698136029 477.30495068064 208.924007643548
27.2998704381548 5.03516677100468 16.4415493329341 4.92045328061931 28.5244628672562 15.2363638091729 345.264556207753 233.095876558202
24.7739081238061 4.33832749140118 15.8965570156229 3.8802122822673 21.7641065274749 27.982475637261 447.500674271714 258.772593547129
24.1993214574555 5.9356933296706 18.6421656691473 5.53519835863465 27.2526549812538 4.23898709136204 425.284791313198 239.008123883813
18.2917030613397 4.98303508132667 16.0343109759106 5.99545407354434 27.6719696303365 29.1624362876971 420.749822616385 478.246831991398
23.0619704793449 6.36950722973624 14.7520078201791 6.0407341652888 22.4881300750602 9.15089330259893 523.780716676412 20.5696167615775
26.9450467622611 5.0546916227319 16.0471225796977 6.59150679371549 27.4607081704241 21.4353685557451 459.851664847251 196.919258286869
24.9845819016445 8.14367734124632 15.2119066879479 4.75484390115835 15.3789918979627 24.3802116469369 506.864790859098 5.97167807909706
20.9155281224711 5.64424817885297 16.236615024025 4.72535024221046 23.2306965244261 23.1706217337405 492.168265121395 112.586010295872
26.0132270914373 4.66485471940544 18.6421504649215 5.59312866212727 29.978466499093 7.06414954919667 208.165023267253 441.338184514363
24.8101778007907 4.09738414348325 18.5547874284922 5.45064404102325 19.1010247663382 12.2526734283256 470.067684769799 110.022628078106
19.9291910185129 5.39120485309126 17.4142888126461 6.02819117013374 16.3473574467815 14.7834195447305 448.800098947923 361.859402827232
22.3532375619183 6.83095839057075 16.0902002081595 8.20182656634208 3.40713017059223 27.8487517365903 472.777356134906 403.966341955042
25.1425331726975 5.07585930769175 15.1568794344125 4.30089924369018 23.7634583595626 22.3731201897042 436.784717287368 177.614871485833
21.033148962718 4.58898068884885 16.873798601619 4.93475838416552 13.9856422594619 9.23037874929904 437.111601629462 357.694518575226
26.2347388122486 5.96888694217364 17.6520939933624 6.08607343523335 28.0269269152838 23.2699479892505 484.824479417507 108.551953302343
23.9563076408533 5.83082513199451 18.013512645793 8.82780915682609 14.6659910136234 25.6451429250903 484.533909063651 85.7133288184286
24.9476657825605 5.04541677794808 18.7666642651632 5.24046348823741 25.5942500746254 13.0338294383643 466.228918362961 286.58729266177
23.1566380379973 5.6074860643388 16.9521603001418 7.08031793107152 18.7176638174457 6.28379537126818 419.901744529749 243.901961627847
23.8025165532158 5.12735079135161 13.7182347023854 6.21717102276309 26.0960328895999 0.992028219897654 405.561944265131 339.022927599614
26.4345092342917 5.3584327684991 13.8251765678532 5.90817809641224 25.1634120927748 13.9125506657899 482.460265912338 213.748150845222
21.3017693493454 3.77698989038242 20.9380942099317 6.05763903143857 28.3235797009841 17.4214862819428 477.38656207721 223.139674576872
26.6337495565712 4.58055589572275 16.1675713198222 5.76471291158259 26.8345746146112 20.6023236474373 439.880245498746 251.995786232594
25.8124638711045 4.13183113068261 15.2671430542105 7.45434738725649 23.6363612255631 23.2051438934679 489.293138707392 134.602906790728
26.7780547764105 3.32725615456837 14.1133655295092 7.99829893269412 19.2512943538494 11.974071235369 406.94273384977 135.607853936044
28.6130727495843 4.67795846601065 16.3999885444821 4.24590606374351 20.0034172069616 8.83559814728908 453.2438816542 233.20953034851
26.1686462036775 5.89222116725498 16.4481263744744 4.22631636259785 25.7616478589278 8.7662289204509 480.61542435276 155.23581089976
27.0641355465854 3.79248929033107 15.3813206357973 4.53278836810622 28.6109825403868 24.2532902450649 436.126212593947 368.586832281376
20.0718936931849 7.16151425918686 15.7213358565009 5.3902477552711 14.125363030884 25.5637944219006 330.711177440876 487.800860809809
21.1279678044185 5.54033744010159 18.0392323703006 5.49793838093858 13.0448739587162 12.5610595629006 452.983888073363 183.491056051033
21.3958961586142 4.77989112215661 15.5482652882604 4.62272518826374 28.5550846024854 9.03211849804306 430.809950657754 226.558025696598
19.8073289155585 5.51222852459522 18.6396955928377 6.03112720039916 27.0398791817098 11.63481120575 460.894864182997 308.304351647558
24.2535089480971 4.10358576480329 17.7268648330479 6.82185956303308 27.8211071037904 23.0588293716714 441.527824154177 310.392787391261
20.7041249337362 5.12841342396548 17.1946171710402 6.14592118139484 17.9640340505712 8.57345189137477 452.674373628164 342.294580741804
23.6621327131512 5.52033655517647 17.4815588122842 6.17350345630624 26.1178544813308 15.9338778492826 444.195586120203 272.946898833667
28.4815840426587 4.2897021868472 16.1764137199379 4.15156661310822 27.511512976616 18.0167808377579 482.108966921187 78.8297230238643
20.6981293477482 5.27079780984916 15.6859365082837 5.89904207781783 19.9157891707224 10.3828394711983 459.550958973603 275.424486575443
25.3241671285085 5.96179150436694 17.5953907548216 5.26857439615625 23.0555179868976 8.03220367273432 477.245569272062 212.9515192082
24.5845342003325 6.24143118841513 18.4828660783283 6.31616750266996 19.139998323108 12.1518964248269 496.013837555823 91.5939239182068
25.6520943136521 5.80474900844298 15.9287174010463 4.65995449820426 22.6477976698817 17.8886597738967 505.247183642108 33.0762753450112
25.9141411521013 3.11808849651197 17.3203502351411 4.80090238376295 22.4476907053154 27.0826156499183 433.331842672595 335.080383497943
26.1988879542096 5.95593096113069 17.1189884239526 5.56367063471666 29.5245594432078 3.35597592193818 508.22987622751 36.5653597787921
24.7878651750885 4.53963707130091 18.0321254321014 3.61402774705983 25.1067325611153 10.378027773663 420.850227869985 273.259134100431
22.8275079142835 3.6487614880099 18.1035907980536 5.25155476457767 29.7471069149745 27.9708564530173 435.934304422555 353.809146684257
24.1377918704553 5.37874761688107 17.3305672155204 4.89450407803468 26.119978528617 9.28761898529241 469.885087880189 311.078206068892
21.6716798689315 5.25835918011634 16.8142273143883 9.84133494214853 21.7977320287478 11.3006549697963 439.4404020252 416.802858349325
26.9390587959713 3.55415732007722 17.0179625572234 7.00204559017513 27.596790987561 27.8290914645879 477.429932057577 300.026866413625
26.5682846943876 3.38211533056995 17.8769024617785 8.56478799913509 23.1439379142476 21.933169207492 470.320507748698 277.43047666227
10.2004600731724 10.273659127427 15.9138315988916 6.91785629283968 22.8094722148675 18.1065768000568 470.043457812785 360.309615726359
20.6503782254851 5.19623728030481 16.2709021787427 4.44276392852095 17.4553580792487 24.0301101227962 416.152432472469 234.44151666088
26.2849617214229 3.02188667071812 18.9188878733542 5.61796797771124 17.1979333339929 23.3457995852582 473.751560517637 305.689917192672
28.9577334446773 4.99206245097473 19.1877890233077 5.20320984681742 22.0080180411791 12.4295553005956 464.227386775387 193.182181275685
21.1130192119602 4.55934406138051 14.3011454447632 5.45566462672558 18.2924573429311 15.2636451475934 467.459641015066 281.397318013666
29.4405777104921 5.83401331931467 14.8905292449449 5.23896021507565 18.8671841419318 8.77379301518651 481.450256392216 120.474760199571
21.6317823610313 7.2386031278482 16.9205007104305 4.1000885716961 26.5041055554034 12.3095622460069 366.224080074489 348.866583091402
28.7468078578943 4.32347693891867 17.0315551794758 4.30888998427264 20.4613504452325 14.540374003223 390.530683594988 123.9400351194
11.7969251477289 8.63539622527043 18.2244698656899 5.39931831928301 13.6746457044007 19.9776217794962 479.23624449204 209.523544278596
21.2213433418013 5.71520255513734 14.2718536906938 5.67940048437871 23.646401767436 9.62489820253912 492.083204594543 139.163240216147
25.0119579701153 4.98689582576203 17.8316670266606 4.74421562579318 27.434247642058 6.89362001876051 399.954726938779 380.382881868235
21.6007752766379 4.34991948807491 15.4027118560157 7.95169350372718 19.6618528404293 8.41541934856581 461.403359451232 370.750637810761
23.4144869739957 4.87393367206005 17.4918979233449 7.034001451641 26.7083633231544 11.3662308433837 431.597774534303 364.053939196905
25.4353637516237 5.3200645734158 16.4718995297743 4.00152118113901 23.5116169056522 11.0196579322075 476.37789588153 125.773013473404
26.0693460937916 4.53271527272487 18.3008038740383 3.75575699696078 27.9558793538387 13.4522890281961 496.727639846348 241.751474894306
25.8221363265957 4.11566559752083 18.1760170273774 7.05288251356796 24.0387819244484 11.7648870276279 471.818803225984 368.738939117478
25.22597651493 5.37060514989267 17.5254491744735 4.85454155500478 22.4833619945847 4.07849621095316 425.322216217223 214.633129765294
24.5019860522822 7.18427292373385 19.6955414673017 3.92241362142521 19.4458615687991 23.9549951770616 460.993053191605 282.831776659937
21.3996949113277 4.53593227342735 17.8004264983976 6.50132516092233 26.2937465817318 9.86203509527297 428.384143060383 386.652057053302
26.0438028743766 5.26729535848215 14.6591906580187 7.92054817453335 22.6941615127328 8.42753950828354 445.419793557776 317.747593006184
20.8045229997429 5.11992956719221 16.6269736805688 4.68374004985248 21.1929047773992 27.7548026519065 475.422232195615 95.7147875065766
22.7398416908602 5.26224189781399 16.571256998596 4.62179732044426 26.6648939698595 14.0670553312459 443.854418023449 367.499068909585
24.3150129867653 3.9612540326126 8.43984348072664 7.67620857111612 28.4557462299429 22.5558634053367 468.069078763995 370.573449804413
26.8105913249335 5.02378426327652 15.0743268798971 5.11270327242213 28.0649588515826 25.1966314083774 470.635820934931 131.654957901015
21.4938020025181 5.60585100371272 17.053610519938 6.28775154689469 28.4046142981861 12.4819357280369 444.948690085061 310.661356191607
24.1670577700701 3.94618720632234 15.4058314527905 4.32774729842222 27.9127639401777 10.0097947820012 471.600318259774 257.667922905523
22.8487382270369 5.00771569350288 16.9182677563929 4.27698366142217 14.5408465359746 4.73942423683205 497.826978588814 147.584068018737
14.0230779427825 5.02375379937531 15.8527464195964 6.34988066459981 24.3373818931337 29.4270682131147 490.391131059292 138.531692269085
23.5457269313959 2.75514288306357 17.8290412512642 6.02724194472617 26.3558838066184 29.1781160874025 409.769763732046 411.539768680056
20.1410568525561 4.07917520284446 15.6415391600492 5.14183104821051 26.8644468075805 21.6630537126792 445.596888937715 347.580235181103
25.0069696402557 4.39654544195252 15.1348490777875 5.4851925311996 25.7616900976601 27.2716045453316 487.220048562341 189.012875598825
17.2609703113215 6.50000057719555 16.9373892492184 4.73286774945962 20.8087961184593 16.1135482848153 350.57385911912 308.992423508436
21.8850235056842 5.71522126900476 17.460640611029 4.29594824800051 18.129559551423 15.9501940273316 469.65004726656 151.228506232474
28.9264862508458 6.60514611750486 14.6934208325575 6.07953214887042 27.7450618739944 21.4212050001929 492.089633196459 83.4686547780265
26.6241814156355 3.98773061641229 17.6848819362712 5.62157284133112 22.7661296873996 21.1411051694535 446.681931861786 206.577512273875
21.4102068531938 4.37486586750881 18.8980750705389 3.73641415261108 26.8225016919255 11.9260307803632 448.79703174749 233.512579952415
26.4252705961366 5.06188652716562 15.3964189939393 5.04178441170534 24.100524238901 18.3124321474759 474.105882694693 228.633854847332
22.570872170413 5.99925627989665 11.4381105632783 6.01803207265046 14.6896214088327 29.3454835190415 484.016469968193 15.92141988475
24.7293862508366 5.51063563397817 17.8076687887111 6.40804359173192 26.5328964124928 4.9761790386465 493.689364212208 232.810911209899
20.0803696684564 6.1963159096166 16.5244523706359 5.77160071091606 29.9157055321744 11.4826890727484 485.392106541936 227.311212785683
23.4389353190849 3.99543408548281 15.8199213190139 6.17146409965607 19.7557613087888 8.92784019511641 466.134138772361 316.35203979526
26.6036802835904 5.21190106731829 18.0524530654066 7.22365233003205 28.2128812338964 13.0196355963283 484.613682305413 288.390699117361
26.7618969528532 4.68617364246491 17.2874360777722 5.50809747197093 27.4714290957536 22.0847820740705 431.867849687562 252.851540566185
22.5857842605378 6.53504514589681 17.4870179165002 5.24623662116356 19.1450894420157 23.3058995979915 474.641033398751 169.741828489194
27.9254105564295 4.31506932914006 16.0376947843304 4.00301443738019 25.6791659828551 20.5336381788716 439.613681574395 260.148726721123
26.5100788274717 4.89685589660575 26.6700211797636 4.72464333919398 27.6732954019857 14.3535899797356 447.03965353994 229.650799956891
14.5376319765649 7.59707352911751 16.296322229896 4.94522130767613 11.1965870101989 11.8556032067154 509.874607276301 87.5771838145877
19.8465329030856 6.19279013222718 16.6872328570819 6.62975212683969 26.3493951733985 26.0357315691174 457.293738767254 326.30488071826
25.4803615065871 5.11996878750238 15.0481595930095 5.20325030468506 24.0184546497174 7.51406920758247 469.32501944188 494.425665577242
23.2003702981152 3.37569344856704 15.7497045412373 5.74631016115731 22.3440161470791 20.9829462122161 416.78663791763 38.8795062105207
24.7925879820138 5.72857959641479 16.6231582652824 5.03714943661122 22.2043205518718 12.9742651685382 483.572077663681 107.506119592196
24.7122945491276 4.43357124233546 16.122709122143 4.52454408501398 27.6963093618732 10.9427064219008 465.645007871277 256.36851938529
27.5112751409667 4.56983733718811 18.2165408559052 4.07713313465957 23.2739519952738 28.0082577838972 445.304166284453 264.751400968122
24.1754898235008 5.22667382242519 15.6131675912205 5.46817517078493 19.3367813750936 13.5186134047229 487.377228416604 146.009763236979
28.0180611086065 5.79069529111933 15.0517911565862 5.58704667921999 29.65800866041 3.87710746709279 420.215822851875 267.280876439645
14.8863836721284 4.48458267236292 17.5115109078754 5.80603784827691 22.1785923261883 17.8982142492899 457.884388285862 315.027718243055
24.2193377601915 6.56930290769452 19.2859274430895 5.43816064906993 21.3256526100906 2.39308250886314 494.61776334559 168.339838753036
26.7589772069633 3.49616531662703 12.9384446483617 4.14458152109195 28.0346949640763 19.0702559586661 433.782658102612 260.955662118346
27.0180197210004 6.14605211669557 17.6938164240055 5.43674415994802 17.9155223702925 22.4999639922689 475.028258065729 103.292537469409
22.6496953129834 6.48350096840355 17.295087420324 3.86758419146124 27.5791801975459 4.03948658841039 404.546880500849 239.030779332919
26.6186584557076 5.62007831680686 19.0527159037486 6.88332764728295 28.7302717961779 19.3040264524272 467.192394858248 218.465696427724
19.0091072785026 4.36058014670603 14.9055694385813 4.4875775784668 27.9293690460982 25.0147089312948 502.677164636993 93.9580270449634
21.4852178935683 5.16352353398294 17.9847935213282 6.43065406647986 20.1394583890381 10.8188176206259 447.297046136081 354.367245636449
21.7696948576892 5.73776564049894 18.6529889988565 5.86042589378613 19.1937289662096 21.0396129538549 492.56307379893 141.221080523627
22.2165092899687 5.661757703446 16.4204088784878 5.25333341118183 23.3266320416227 22.9679959289458 430.639845965973 169.09839883798
26.91500518785 5.8625765912544 17.5911652633948 6.24368599340796 25.0156187091175 11.120565027129 475.249754256058 91.3190363440025
23.4506388169313 6.19254730220586 18.4439079948722 5.79639515085334 22.6551069786071 3.34475546561845 507.928417076457 115.921430683896
19.1604907828008 4.73820586915532 16.2666028880781 6.97424832586757 28.0050869548688 19.88680663558 481.659642260206 211.89281080854
24.265853539301 6.42283607141378 16.7193834229285 5.12014823899332 23.7013395928789 27.9648321064387 403.068357599148 362.569472816831
21.2457155885917 4.2430230266193 16.1441215669748 4.55048619128847 16.9905846035159 3.2947109225938 474.968941010032 226.304441525798
22.6937618126867 5.31235969320832 16.1142089911917 6.46862432983686 25.7485692440039 19.6157456950645 487.385419409617 232.756474540863
23.2009938981915 3.37918819997825 18.5717021712167 6.76452556520652 24.1466510041978 14.4964128141085 441.254638147655 128.614285930396
23.8485874078115 4.37366852032205 16.3860297326693 4.54692113264051 20.8453832712152 9.45221708416321 476.964075196343 267.977194396572
23.8323971772729 3.73884201683898 16.638519426792 6.73317313025876 20.2400733959147 18.073554804015 458.609290189615 347.93673260278
22.3857993160419 6.49285508958839 15.798991826807 6.04201071956443 25.2632800708944 6.91242611243752 481.954754520229 5.53334917680868
22.2653926462402 4.57855482248409 15.3113033078459 5.19010105343528 23.0692377767949 9.14304947664279 429.553715125617 267.671080093427
18.0756660251613 5.39303643515205 18.9889281491818 4.96647847032506 21.6860375310084 27.5083286731124 444.471828376772 87.3134802638073
23.4507476581472 3.93965089363575 18.9820993823381 5.35985993237718 21.3634764492008 13.2693359016773 482.794603991053 209.605800146919
26.9864521479538 4.44013910256114 16.5073574289976 6.92323915891896 28.4288326250082 11.1622480024715 445.871195594049 280.919465135671
22.7197504700372 3.57833771967875 25.4597018215791 5.89014904360163 20.1395739453292 12.1098232740768 429.400653925764 204.660262827785
23.5426937116702 5.63642751682111 17.7784898853403 5.12068786808516 26.0864885017435 3.60083202468832 472.678393780039 240.190563655556
28.930080311457 7.75112945850281 12.6720991647521 11.626826153122 28.408270595416 27.0116257543838 516.078496885477 34.4438028029887
27.4487320182536 4.33135814583752 13.9306379161087 3.86584188382229 23.0059546395744 10.4469595956881 458.869688085731 317.01213793145
24.6318015508138 6.04775594928529 17.7834435119567 7.29171734829559 28.4872392664523 3.21132857543353 461.802116973644 256.131393017016
18.5451428793453 5.43630126205588 14.0635584484686 4.3315419501465 13.2547623378532 8.92121635462273 493.179952707587 186.44161188719
24.1805040377045 6.35793728891788 18.4022696265747 6.5857130985284 29.1755679280264 4.77867204347903 402.32826242302 216.533751714574
23.1784695317751 5.10569077891554 14.7992681089989 4.8990869004676 26.7656822583099 23.3407255804674 507.990135788588 89.0162348110846
28.4293014777338 4.30471271816126 14.6524976296863 7.67990229063293 21.626582609866 8.67308197507442 469.453477211658 347.071831321156
28.213005454166 5.90631547892046 18.152560158776 7.54124881741244 27.461857989526 10.0620686052678 446.659147497237 147.463800280732
22.6636238855684 5.70971711350187 16.2325424094062 4.9545907426017 26.3427702175213 20.8131176613749 349.532795446185 377.223183587486
22.9761434361278 6.23406785133741 16.4721009645549 5.42856319564839 19.9970403722071 18.6613737228394 489.423869702571 110.654968619577
29.7548478168877 6.58742954850352 16.7205974781766 4.73879321303631 27.0623941523512 9.96603355875281 503.946662945887 35.3694962816782
22.9674657950271 5.53861090084165 15.9080100536595 6.55383202548294 21.9703869584014 12.6236995851595 484.558366059037 189.224095885233
26.2508047353196 5.66692740760121 19.2117827503619 4.41839056481945 22.1264445619629 16.1111098980973 451.261912183845 160.303583010855
26.5523480495974 4.06016269742532 13.147199650248 5.76464762051902 26.3510753066447 16.0653690544195 463.596093734861 240.530421473458
21.1510903780259 5.56404105340186 17.4398510735149 4.38473470839167 11.1940111889334 23.3958808318956 490.076517672555 99.7294891284044
25.2097042110822 5.69279071921354 17.0553991030479 5.68011894740996 22.1779252046438 15.8946173093409 465.327977960406 267.142604539474
25.0941334530186 4.72007828364407 15.9366390713469 6.85146145496297 23.055941955312 26.4775544834511 448.119235031069 130.08324042284
24.5804207865517 3.96596018560747 18.3571187225404 5.53769685799992 17.7987842204792 23.9481816919792 484.905591979106 211.909588916143
25.7098945927288 4.24508247159552 18.5241507011381 6.31655708778813 26.1643919979566 18.6314304454087 425.844362124491 288.306693304313
23.6449642185009 4.70103571519373 16.0669573719974 6.02225168946492 21.8849689271798 18.2806503664821 483.489905690349 149.248973900591
28.1109514036445 4.40226279296808 6.87144722509117 8.19356022523752 29.5358365403705 15.522833539772 450.863796002158 386.780089085277
27.048631259296 6.07646018254673 17.4585899952797 5.98211961115516 19.8180396401431 26.7624638418642 499.80141574572 132.410940586858
26.0371205134545 5.02404120807386 18.6333867082184 5.96030723593194 22.6353827938266 6.17019553921363 404.399345465118 300.713455532969
25.0096505949628 5.74164223879426 17.0990882518187 5.3069389835475 19.6361345693736 19.6751438449974 477.463222346058 120.759379349309
15.0249771175389 2.24896977658481 15.5328825935991 4.22384266930043 13.8038054513697 9.46046736104022 472.219504561895 260.173856940716
21.1631397018944 5.12687253380803 16.0515399629532 6.28370453633989 28.3002238389968 24.7411000072929 491.31583662993 269.308785116814
18.5059726502126 5.3430709247828 5.77342163281612 10.2501749679137 29.8142572784568 29.0033768128882 483.677838663653 235.152371618636
22.2290639097851 5.53100497197102 15.5360437439456 6.55181597800617 26.2678779833118 7.85881818781981 428.211438730934 331.098746835921
26.0219596383935 5.48733931652332 17.3250363332228 6.441526940106 18.2453552047039 7.8748597229543 459.705574850585 354.29252337594
25.78040508903 3.71567339241192 15.1831706299673 5.17255648262372 20.3684775947554 23.7069545106804 451.857839708913 248.409313533373
21.1322308274386 4.95864175132862 16.1936021297341 3.8490321393205 26.9322084244528 2.89153394118466 430.464245601075 308.717556058271
21.677160315506 5.44936668800679 19.4972267869616 6.06190271326588 26.4923952637497 10.9576553005883 487.221041663489 224.079381937827
26.2986469714957 5.62360502644124 13.6295381105652 3.27287840277599 4.53235894191893 26.7519154812102 439.831563748475 394.81734490226
28.3859201606842 4.68352591297883 17.1577331106816 5.0232459283195 23.8547426017704 3.49299050883029 440.774053003519 337.055796975024
22.952442439635 5.43693356337968 15.8274742440657 5.56901383498077 26.524148048458 6.25865126050635 454.603176058694 231.784401001146
26.2375153925578 4.57719267982368 13.8860222850724 7.89984661334027 20.2801022646971 23.1658113674981 449.434407746422 189.216954920182
26.4794642845451 4.74152245289139 18.7433498106009 6.02137173278581 22.40403526834 4.9356971658385 450.066817136625 323.735728724638
27.1071757107175 5.63054250876265 15.2368482799752 5.84333671700083 25.2290683444616 12.67384531547 460.341743340162 128.827054699157
26.5248557066254 5.53264639042095 14.2720061600594 5.17345532000151 25.792360011954 13.0396701799671 479.500046999062 162.989405146747
18.7259108456339 5.49851618042842 21.848129605579 6.8195058332706 26.1637174377632 5.68464751491941 503.259792043333 147.311177160679
23.7989694963132 9.94337438662049 19.2161450806019 3.38591947972728 24.9024284410411 14.9282171730873 314.880313876127 357.127491727004
26.7333962305608 5.69539853694183 14.530256089152 4.76114673878383 28.8227768183161 7.35321407809378 489.450249829516 119.109468752508
25.2925981381404 4.69766573052121 15.6511303850495 5.05768228381692 28.39846398025 13.2732524525483 489.384116219227 137.950736494473
25.2402098123496 6.00749781796565 13.7607082605617 7.2633229943201 29.6635591530513 5.72324583213641 446.706850850901 337.993469081256
17.4378813004788 4.19285950734324 17.3998964730992 4.51390237624427 20.4317574469195 28.7109446987008 389.911739561899 220.466541473833
25.1869782576193 5.30509690931107 15.6096946536625 5.18065093199997 17.981351313145 12.2578736461065 481.58853639078 248.006185173782
27.8628533635854 5.87961002074039 18.4967269040355 4.5833901440215 26.9329398716978 26.5598919857011 472.662804218633 112.06075058404
28.9159890755945 5.09593147691254 14.1930025340148 5.66395124448588 29.4965475914036 21.5931057350911 438.270528883439 208.525493413307
28.4795925640743 5.56342459563241 18.7700096740767 4.93922068658717 28.773321246286 17.4051953530748 465.063995407566 271.916644424105
23.6086420068297 4.50914981518235 17.2458940871564 7.4203146261989 21.5057588115088 14.7508043958614 426.529411546269 303.271411180445
23.842159813839 3.9798890189773 13.9524833116679 4.51418733179649 13.3348152160416 7.59299647854829 419.84237538655 364.697971935787
27.7427835822829 4.99567660835745 16.6088715150362 5.56080583327449 27.3634846411932 3.62273494564787 235.924207365759 436.267733945263
24.3796057264136 6.52586352258409 15.1302169998586 4.83069248732346 26.433520187692 26.6918749122098 467.387125644245 109.059006885743
26.8376059056787 6.49200613536461 16.8529167450898 8.12149950024163 14.2580497000985 21.4577934977541 503.564611610842 47.1501168530821
24.3321832694618 6.2436873790246 18.5265307144812 6.64751797349118 25.9158449447081 11.5089194066688 493.015442044126 191.441202847727
21.3645779416422 5.98503955206841 15.7889155926892 3.64389826590479 19.539948067268 26.6413469371361 480.669743895391 98.6810953729097
22.4500634236437 3.74181235283071 16.455199117457 4.57447763152391 28.550000594544 20.8458282023394 396.537114594828 451.752887412437
24.1805898455235 5.32516941730037 16.1133679403676 5.07815804330044 20.1278683105446 7.26128958521063 461.733120490777 278.397869522321
22.4672279791993 4.3036886066696 17.603102858072 4.93092570202531 24.0729069838699 20.5567908892153 484.214813247772 273.456237224663
14.1888107253885 4.22820744955669 18.2165054811481 5.81890503333971 18.4656155987337 20.6069684735667 472.548044888443 176.771115722211
19.8175109836491 6.00954004402607 17.2403292930086 5.08381925897841 24.2395480023201 13.758313863858 484.07011904301 56.5698300178544
25.073979965507 4.99584696035984 15.7256393193961 5.58494159059526 25.0117366239548 14.4194517991103 486.769641418301 109.049746682415
17.2492739071629 4.41320072148539 15.9465379844485 3.84943593365183 23.0778841948257 27.4969021363966 492.810543543984 96.110588926229
23.6294450862204 4.05800135443756 17.0858384949878 6.18149555042992 16.8700974174187 7.43941269513379 374.338308738617 377.939941090641
28.4242260177259 4.32774099321622 18.0520704011436 5.48789970848004 4.63415100958404 23.0838724411459 423.217433646329 224.844224004271
25.6125147177078 6.63645962221537 18.0076784446405 7.33494412831922 21.6502482583572 26.6132303516953 476.568933941368 66.1340663675368
25.0485824462564 6.35420997252413 12.7927439643681 3.62461982183207 29.8458822679647 1.59032261504105 482.151441707738 129.182802621724
26.8783474476248 5.10182046988794 14.693005567543 4.53399510809183 28.4003586211811 16.4785620099743 466.306598180886 141.954239216676
20.7419305160114 4.75435947345493 17.2804708203103 6.59948060454832 22.14322271651 8.39048457112639 446.618983188748 283.055048637533
21.625485481489 4.83386074357352 18.7985254581278 6.80888844326229 20.9591190745696 11.2796821634845 473.778017149781 332.670043546907
23.1200683773628 4.10921711479053 17.6803570481273 5.49717488882579 21.0052749305144 17.5032287502308 443.79767800873 280.596728038831
22.461488475545 3.36558119768669 17.9735136320227 7.18882042602643 28.8145497030175 23.8289588028708 445.626892638688 265.310813981229
22.4308613707808 4.52370323223163 13.6544873828313 5.63708825640889 29.0946032689848 6.65172596226904 361.309004620774 426.257982023095
25.2333684858677 4.19093398441386 12.776893476413 5.38024377444795 27.2207567738308 17.8500023568442 474.398533454756 266.989426443201
23.2050593987356 5.16016611094507 18.5302900318634 4.69229183233667 25.3695341885175 10.7307665547755 432.031575447901 348.290548502569
27.7859087597744 5.65811033373418 16.4489762776686 4.2370500709207 25.7884170141207 1.68907151725603 448.519870375012 211.345199764856
27.677174884773 4.86132276133109 14.8640001110323 4.02616274075992 22.2131141951696 9.34378051190645 477.554552062219 173.420707961989
26.6621108974363 4.24685922384152 14.8411764400081 5.01456813039233 18.4569046887979 25.6585977957903 475.707716531549 211.449860348099
23.0482844924523 4.3338138509535 14.4517543577489 4.42802622341217 29.5023607356406 27.951472748873 357.521924198533 234.601147425386
22.544394520691 3.90709396072592 13.5572144883808 6.72073842171545 28.0444023651351 21.6131945648175 425.223171029702 198.025449487802
25.4428908142707 5.05172756428924 14.2028232980457 8.80077719531598 29.2702191005266 24.7090181717072 484.791720905131 162.717803541023
21.9112266260781 5.99820216213228 18.2087548138258 5.17472126418518 25.5835796480255 12.5841991821199 488.829383473065 104.163345417463
23.1503520017557 5.75823444908408 15.7746294910574 6.29989324304951 22.9158437510558 23.6910956960592 481.444533439733 100.593106628803
23.935324557596 5.8896284525362 18.1690338398959 8.12355335966072 24.9757402866028 21.5472972097847 473.739968276583 247.394996692068
21.7890956712091 5.47454302705398 17.941564876225 7.45858206919032 15.9609995232065 8.53413620564359 495.825018848342 92.9977986754798
13.4070485721285 7.61491744754976 18.6342588763622 6.72070231909114 14.5433318657615 19.4126049810443 513.641678680157 46.5721095125863
25.1200519817237 4.05255728628042 26.5453495452108 6.67269598507714 24.6983213596364 10.21262516175 452.588004039218 294.47108269462
15.4030445845487 5.19541687946208 19.9442004218993 5.79320519373162 27.8455905336097 14.872230727233 418.256538751554 200.134422556778
25.8893062959067 4.27654423170108 16.3778552818535 4.80763429738783 20.6283015909374 20.1534354392989 462.391189093398 262.922883088137
27.3506389570582 4.28984114682706 12.3843114816916 7.471199856556 26.4686055057544 23.6127405553228 491.837414653833 124.694900160454
27.8980406881586 6.33188196002902 15.9774152741531 5.756892750241 26.0096941756532 6.07933860023373 476.341481555341 184.387153358783
29.0834344426407 3.83710095215236 17.7742044940301 6.4951078895558 28.1865514677143 13.0873940602071 476.829964514447 335.980770576156
22.2352261297 5.42365709211587 19.1878592436921 6.75838364191898 28.3824464689413 23.0362969505951 502.737055617628 211.466590970496
27.9290724048076 4.68610584315656 15.9470512488034 6.84758251164873 23.577159152093 15.7110109092234 478.261915467689 244.720813593078
18.2119740361739 4.31608269322044 18.915679959013 4.85372757283205 25.53397039351 22.979412902782 421.901371746659 254.281786557086
26.5724304044524 5.91982986162022 17.371807027257 5.7096033479975 22.9282393665617 2.36165312502343 442.56036758783 362.669525222936
26.7672628357533 4.88064041172556 14.8452709337034 5.11004642624347 26.1802870775149 17.7456570318408 440.226010992998 250.643109683382
26.5499790190289 4.47188204392638 18.4813730268274 6.7523353904338 17.6497353072707 9.2459507542548 417.127469386653 264.120833880447
27.0099426765789 6.57742624787096 18.2391075333829 5.97718334768208 29.3125030552833 4.81654016874351 414.538885378515 315.516862128298
24.5004595955014 7.51314164914685 18.1163517478119 6.4302890853214 25.3939527933732 28.671254441822 488.423414751445 106.005479163295
25.7696199682143 3.73687293286358 17.4027877341265 4.93521149694055 29.0041949003222 23.8658529273745 353.718883831521 364.623395620387
21.2272613736926 6.49745841653145 17.0358365498909 5.22940192565609 21.414200018675 11.8912416718062 489.986871706548 103.797871855813
24.022417079453 5.00273801254307 18.1778448175391 5.91875989196792 21.4787020107494 11.2184960251034 462.674336604319 244.511225361525
23.5567674370225 5.1155124222099 19.7978176801065 5.25329005240686 22.8903063634253 5.6395716452563 439.064980319256 294.428202141756
26.6440884767878 6.47363736319978 16.215439847351 6.39401666951634 23.5170375581819 6.94667753909305 472.990140381469 297.434191271712
21.6736089906693 5.10490817423166 17.738685078143 4.23038885276957 19.8685848155819 9.7648625070069 436.881021533255 198.245000727244
23.7896553162956 4.12107654974253 15.5747630781147 4.36056121924124 15.4642810602917 23.5697412514285 471.518481861326 223.773216578625
23.8831081878303 4.42122527713779 16.2286089659946 6.032705243694 24.0970733901214 14.738898183786 426.152948061628 342.697026662238
28.8561001213869 5.35439586135743 14.2566378968499 4.67729941179936 24.8096521490424 25.847927711282 477.792212436359 125.056743676843
25.7971854247295 4.89155510889157 7.51573335502296 8.87264294603683 21.4280881891775 16.3241525901626 459.646934955654 226.2134194718
27.2353528428413 4.46395950832742 16.996905338497 3.69133653771775 28.7959727063009 12.599802712039 457.16015899704 220.113676358355
27.6564472567559 6.14244326900243 19.0183370210063 6.3694104727057 20.0578678025723 9.14755358186375 467.619925365291 246.172882368674
23.1123880390221 5.02238363854483 13.5437246542149 6.85025997402295 26.1644761190931 10.5014544416584 413.464705302071 319.811518800383
26.4376877256287 5.30222895594698 14.0244827527248 5.40062021684247 21.8368868696547 16.7838357007799 435.346896915915 264.793336645303
26.1749899171676 4.43639959398622 18.7007012555493 8.73211410299607 18.8596117443964 21.7999975708793 465.322450945531 255.019275036665
25.7399810080768 6.86156105586124 16.1501032011905 6.09709760050495 24.969956584656 11.7641605233508 503.570491912358 49.1877276862527
25.468936025636 4.55400468747184 17.3146735775164 6.40966733398288 26.0988144379456 20.7108270253844 481.628223938758 379.104937604439
27.0832495528588 5.86570362008546 16.3920203635707 5.18807649768795 19.5973300535184 4.89059074992584 473.861913819488 247.859103244926
26.8785681220973 5.58897236336182 17.2542792143477 4.86669936975848 28.654380484724 8.51600537834045 489.486678227336 101.156172389429
27.5999489511969 3.9756043490052 16.6315001397122 4.6881726104421 18.5028955518911 5.4902497369108 451.630500780377 332.922524412307
27.0570030676236 4.372754049587 16.1376843473174 6.82315705583035 28.8181054887937 19.4206370784365 441.672738963941 396.142787213475
22.482051707538 3.64913303500484 17.5672867465274 5.05913229059324 29.800757240037 27.0643851732867 402.379936404899 356.635568878611
24.9294056454453 5.68209166357758 17.6939375676201 5.21100872140683 23.589572144852 28.3430098565066 456.014019805862 60.9878886993504
26.7386461556681 6.03898727910294 15.7224136686798 5.91461243518421 26.3185620388723 12.2078254229453 504.148971359229 51.1482909573064
29.212290132851 5.93459958412684 19.1010539791038 5.3381320570359 20.8203516501952 10.8529075296461 473.767864516473 189.123402714314
21.7953553553502 3.96175529128925 15.747559344803 3.77788581651988 21.0584980512694 27.4991821477944 482.103230994379 139.726193515922
25.3047944779959 4.47909156753549 17.6853662251675 3.9107392638644 24.5415076799336 5.65301740659849 457.233225085288 210.57055736306
28.4559297152103 4.69087448866559 15.3219218919199 4.32507793180685 27.0322104017087 25.9024548696066 471.051539322545 146.296651773781
21.7628729076512 5.46275463467922 17.7309896409013 5.04099769429381 26.231328618886 0.922856052856517 434.694462866352 326.141625559922
24.3416345096456 3.58438636200795 15.3524815367772 5.41069156749134 28.6430637137908 7.38408747730975 437.867285550946 348.259245819433
23.2380695151534 5.49732631234628 15.2002120365725 5.71583167988797 25.122731382904 19.1178464088253 471.296829504902 171.216067105418
26.4285224307187 4.3232603401869 16.9573086604188 5.26460339790633 22.6286349148392 20.877808348528 469.59989327497 162.130111462013
16.0003051057376 3.27932577787365 14.9088795659721 5.24950123406484 28.8846070620792 21.7129627006118 403.375429300195 395.814361945644
23.5016929013517 4.94057470624464 15.4498427903589 5.05043521219424 24.0689441275628 18.933101514989 474.603610541523 171.791559048322
28.7308333338585 5.62656689313199 16.1408432029171 5.93613589507402 20.3643771363146 19.7757908044675 487.876818037109 127.689908475646
24.323446916858 6.23973937959742 18.3718641343938 6.36320856204242 27.3272873954101 6.08586013605312 427.877108326271 197.578476123119
26.4130045201862 3.38891875657062 14.5388492073362 4.55370984204224 26.7644453771819 18.339827352006 446.921978843299 372.390776323829
27.3668799361475 5.18115640104161 11.4563491917725 6.66615426545825 27.3608445853522 7.25341894861484 415.702850390914 327.69551675272
25.932442184006 2.2413272764992 15.7841058204939 6.30902328939988 25.0306360901367 22.8939237783634 359.136304750422 458.350663824158
27.8461384321395 4.80010816740418 17.375919613505 5.86812841727866 27.9712107896182 9.05454344026249 460.484554919568 314.786289468457
28.5379541120923 4.11256587041346 17.4737431978273 3.83602654541184 29.5669486821283 5.89940200809443 379.684931925524 399.620725982679
18.9489789194362 5.88698208107743 17.9848307970365 5.30089930578468 27.7286969047767 28.9186591693271 498.205988164266 54.7070749841927
19.3436143878231 5.77287622415903 16.0440284878643 5.61478162401255 18.5989043705557 26.4272149703279 507.341466494052 206.058548872245
23.4985901165002 6.16147224863968 17.2539913326279 4.81753647674377 28.1344056771841 10.4047200392173 487.0149945428 118.886324099067
20.0018573217472 5.25500734729327 15.7600253209103 4.52363878302016 20.4836492699316 9.3817415944119 479.687656544832 161.483952190241
25.4200681942088 2.90961718309226 14.4579267175897 3.27377384495875 27.3807424511132 28.7448854445617 481.798043360123 263.565845318194
22.6966966237935 3.35905967538183 16.3785298367442 4.88278240292027 26.7772991897256 29.2542885621194 443.702153297136 340.409762537631
29.6852067558473 5.59075833050189 18.025113395714 5.09651663023513 25.0135326771096 3.67343722190165 383.286517047103 383.226550675843
25.9210915443878 1.83822701866287 17.8830498644398 6.2334223544608 23.9556763811472 26.4414104255529 463.678181431122 92.3208135602642
24.0436194584599 3.79815063906399 19.2735546280823 6.2621732451926 18.9277374340773 12.0554301741618 471.752972307951 90.5993830151087
19.2571451766903 6.35669774580612 18.3862550169473 7.05782462290461 24.8937688197597 3.17198551172413 494.512179038562 139.926409965293
22.6244530130361 4.5608247350844 16.2493357071608 4.16363789552251 25.857889571238 11.0662915904436 438.135216249922 320.600156621466
19.4794439545433 4.5667299284871 14.9630588961692 4.62257056229474 25.2113897975483 25.2468552067803 491.583975755954 168.215955199795
28.2313637474533 6.27026735796272 14.5670972031909 4.2854470213751 22.3861070589951 19.2694494019469 442.911537960706 204.860021256163
24.3097425034346 6.33975118833401 18.2066331977054 4.31727734249182 19.8843594901634 17.561535622556 478.310170616639 72.5151545162182
29.3901120347574 3.81262291325193 14.4765350739089 4.29277196994792 23.3405073045194 8.67783402012871 443.276763473461 334.535690322724
25.9448780920292 4.73833697858711 15.5108491564706 4.78822789599464 22.6956712490212 15.0865670538147 454.854199368517 261.957554653569
22.3643829978825 4.86336127584113 16.8515109126854 5.82470045716798 25.2186447879565 14.2794455567596 452.859174207629 405.157934637633
26.7728174780906 6.01407955467482 17.8182782151446 9.08108659518664 16.6926512872702 18.4240988648283 508.152491205405 69.230165377577
19.2021985588028 6.33315669595747 15.6411110106729 5.19893992535262 23.4711782415257 22.3034070408622 464.793780528559 177.922958975059
24.3350798838351 5.82139746807884 17.2617694784985 5.92355508289108 21.1611275605169 29.6842586943052 477.824396945677 150.180565040372
27.2710199616431 4.04712890764288 13.0547027096893 5.56672928454677 27.3815172729738 22.3181843212402 454.891979683988 312.581495147138
25.4612955104466 6.00055209691788 15.34475902682 6.39747177327943 25.3728831465175 17.7584783581701 494.942945297525 175.511747509421
25.6402759273449 5.13827076540837 15.5507818807303 4.80657957176372 22.2212694243276 8.03361030765011 494.424224892438 108.419402963745
26.5993206783974 5.2748845292863 15.9290897636451 4.49876204113113 26.6497481416237 21.1021000532339 453.835158889017 137.661757943082
21.6279185970005 3.81179461762452 16.6560774995519 4.75973895413103 14.9007375028151 25.7387025256344 469.550220403568 278.957886718989
25.47478082264 4.47185990777693 15.7309504665199 4.42667695661432 23.4171652524204 9.39968141292784 435.095588411547 320.442643321408
20.4540223712065 4.89069318228164 17.3033743050779 6.68113880012385 27.9940952646236 15.0767686731957 473.718217526963 290.171754632497
25.3111507610527 3.43332190687784 16.1913394333657 4.96391438112566 22.4625111768962 12.3990374666366 415.472041441679 365.660787278889
22.4930321642513 3.09080850759175 18.3832426859401 5.12398981963398 28.3968807186515 29.8884695623586 323.599571080636 249.455622322334
28.4451768473852 4.23805626924671 14.5506833348019 6.26465920709208 27.8826082122484 16.5751747316151 404.75967309136 384.520116753435
27.7315815635819 3.74133719167301 14.51647998646 4.33690747384152 19.455983122276 16.8661061452539 454.98175901642 238.722439897693
17.9476054178025 6.37512837388795 15.8276053890864 4.21276178818272 24.7965891418184 24.7341881241576 432.299801131987 141.991936334121
24.8651621633466 5.27449818661956 15.1731896617852 4.33011943175326 16.9717113934452 22.3616641690349 410.579901972817 317.382546773411
24.4156320571001 4.54156382844672 26.3000265985499 8.19024315153097 8.61298393026442 20.3079975126848 517.379002255457 75.9559580490742
19.4434326755192 4.70190681927156 19.1363590685803 4.73622596699833 28.9206308738115 14.2098371827247 470.84214808533 275.141711355633
22.4750009810466 5.33470395817889 17.3813348156533 5.83268026967503 26.130641208375 5.48983398368008 461.293004266196 175.295251352644
26.6318818308515 5.97615288084234 18.9130547588415 4.92009019048714 23.4474307846241 4.12267115375673 488.514463569226 137.091368804085
21.3319552529219 4.91602541334964 16.1574863930681 5.76124301049206 25.2573210923858 28.7251249557992 482.420744633908 28.6173961774703
26.1264192406141 4.94845822108813 19.1343748125552 5.163859077121 24.6240244904312 18.8419620069106 475.714729522118 196.080992026773
26.931651281631 4.91367036466154 17.1641475010224 5.72544133388946 25.0245561755714 5.20285006691159 477.463018627883 198.699529112196
25.2564316860143 4.35868309904108 15.7676703910582 5.41307044596932 14.5869446459991 12.9111482651824 457.637610938955 415.355969969077
23.4411320051313 4.6885321389482 15.7260740664648 5.13981129549683 21.1331672117039 3.97998395387251 437.179196861771 330.768385104183
25.3441644617858 5.01862213872928 13.3422841796731 4.72625953323354 22.5791111124506 24.9629490511196 448.141193093332 268.344697055344
27.4453963475072 4.41581363632859 16.6155384394711 7.07030696898119 18.0283938893007 23.2810854840425 475.433503117688 107.149008815752
26.9286187211018 6.27631151311744 15.0901583380167 5.0456654012584 25.4254940551825 25.5283252923352 438.254079728974 61.9724145231381
19.4018654307943 4.20685108698238 16.3220284611084 5.04623128903438 20.7867328449763 27.5331925833206 430.870873666239 304.39717804629
22.5432933909347 4.47020511156713 15.3380510212709 4.18848007584038 21.2996912777326 28.9515041443585 449.776780634008 285.438974086121
29.0988139882069 3.91188144763948 13.7545195908253 7.33370005339907 28.8162238764877 17.3653312290397 489.689501600233 105.143610988737
24.3007544442127 4.64054812092727 16.6847077114183 6.45740424552175 22.1385175183046 26.0062263864215 456.046387941701 116.606211872475
23.8439279629507 3.85954517044423 16.4731719135862 5.33650038280876 26.025125670471 9.1321941592589 315.350053526393 428.495371707625
19.8770934550873 4.3072112364535 14.8165628498213 5.66037600719453 25.3276671355909 25.2765345403109 451.676041898698 277.874161896446
24.2664856505148 7.75786883181866 15.2657564563178 6.02517597279662 18.8423647123417 21.7351875708824 475.582274840345 238.181337328565
29.8766032210492 5.23511539607086 15.7425394137172 4.77019825606381 26.5477593156086 2.37165077713694 473.544883076696 36.2863148944622
23.4281721310715 3.9891126148922 15.0363010396223 4.48489289481734 26.7951740268693 23.7675711230682 466.206413876947 274.378716265438
25.3718739579717 5.53110981291413 14.3838457918487 5.81390880885905 23.8056539498566 17.0214288511771 460.466904272268 160.537740260148
17.199386924459 3.25084985659283 16.9554094127188 4.41167564348552 18.2993608028496 14.5825277606278 491.508031000908 263.378202206592
23.9369351854826 5.20884648274303 17.7654929064004 5.66052796328776 26.6037711809767 12.2318475351696 403.700216618175 331.989306444574
13.7883179415518 3.72467916059019 18.6812213328268 4.58790687751337 29.4244333673967 17.5826627121252 399.928544434622 499.726006401475
17.8596803393019 5.84712001492292 18.2565948930004 5.64221812726161 19.3232528086697 5.03570592671766 479.240429857076 212.456934551431
27.3087032619736 5.64867619697821 17.3730887005358 5.34078023373152 13.2888727808354 0.995049655691123 474.041259535849 150.074146811679
23.1777180878972 4.77297808055172 18.2899918324534 6.89537467027467 24.5745956070599 27.2577596018067 464.281060387879 318.787800510128
22.3481592876829 2.97201305843908 19.0624218682008 7.05217118949506 22.538616733879 20.0758537128896 377.783630232151 412.685261181514
28.7888191153087 3.95939319166595 15.8311570867809 5.7141282217784 23.5329158630305 22.6917891774404 470.195951508828 194.558782942322
21.7136068668467 4.1374269246725 18.9141275968156 4.26058510388585 20.5762304413003 5.4789202453652 465.698012292395 238.86027180876
18.7040713765176 4.4176219833348 14.3472571509458 5.46495739384206 11.7246870949433 23.6360668602408 450.305248391263 101.047065641659
25.8778846244629 3.26374639944257 17.2903131501854 7.08446992009645 13.0469386501594 19.2352325886614 464.030008534575 370.112571055816
28.9312387254045 4.84429636373677 15.3740247001088 5.15564368138532 26.1856403656662 8.56995117121659 413.194230673417 351.180819410582
22.9733635680403 5.5399313643196 19.1378453190699 7.29443461910367 26.7663007216923 27.4584712927091 480.769494142527 130.097430062631
22.0133131651701 4.64286087624823 17.1979992176971 6.69014288714656 26.600254115527 18.2688315617071 446.681569932416 258.551883954841
24.6142739260255 4.31370260991425 15.5870778573078 6.81330030587504 28.6726829760334 14.9289462763995 455.284531541358 203.224347336573
29.1988653257916 3.34892506011895 17.2728103942511 5.07279359809042 22.7060814234551 8.82938179362119 400.743427782714 466.633716432025
19.0401328220306 4.55453901894604 16.2913271031934 5.83931927557381 27.38307868111 22.6274141473971 489.475988380565 190.219918876476
29.7206390934595 5.60003144136094 13.9094138404167 5.36277303887888 23.6629815058204 4.49135638822028 462.663799312247 51.8198737348667
26.6728882957815 4.39938317986476 12.0266789474179 9.49393691593913 24.0235791798154 14.1833310622058 450.977171028401 244.425518836081
15.6558257419503 6.52880402622472 14.3006554900441 5.82747418497214 29.6253185725144 12.5111017557767 480.700282217179 199.391273715736
28.9527235296107 5.36722996534128 15.0561829021693 4.93818121705536 22.6154610354903 6.576485354385 482.577762019053 294.082255729326
22.5546278318323 3.2664743849589 18.0784398612909 6.19746228873993 24.4381252074998 22.271186738381 380.096304791136 352.38441137833
25.8791249298474 7.40731743027427 18.4361547658949 6.56541757694442 19.0172487850903 6.53606718342636 501.425233701402 134.387360477944
27.6986891062388 4.68024413614601 15.3745075160704 6.82155753620347 27.2966165975348 29.8284509994953 484.836287309128 136.093137641473
17.0052800127455 4.94591076557543 16.0561591123832 4.90200463231381 27.9170500078106 23.2769300772106 434.920166814486 292.939971745411
24.9577472082801 6.29079154365746 18.0173786657343 3.97207333824298 21.8291691941395 10.4798699943718 496.732115574724 95.8546166713317
25.9862765590851 4.30090341868764 15.514335440244 4.43250524508585 24.2327663308331 26.8261281299226 481.028542560373 153.725964129894
22.4814773732026 5.87942723700521 18.8629327995957 5.84786130461032 21.1235782268972 16.0792415809169 481.77984634537 111.049492962912
21.1645992335026 5.96593060608683 21.3697177897429 7.33252073884771 27.9973734443834 28.9069352361238 490.338259349781 262.486614154622
21.0511575573587 2.12489057496967 12.3441071330625 6.29271147323229 24.394867832553 24.166153804125 424.413837067676 394.274614580231
24.6306660829322 5.52446325803214 15.6516525333791 7.06844092848631 20.055869235756 9.69954921939711 487.290090787088 246.263051305213
24.2034072597819 4.76475538737282 17.3542503538823 5.82109668546367 25.4703208236334 2.17563237694508 316.003834110846 459.614346342573
22.6092265968602 5.44327592234099 18.0166314210886 5.84816464791782 17.0268088596163 7.07520512708335 455.673768650702 94.9624692183792
27.9061453264613 5.3703666556282 19.8748371827498 5.89899841959609 18.1721915445128 9.37139495788918 494.023290225148 162.896262064337
27.8928980876746 5.09340434272625 16.501880987824 5.32976242376059 2.87390677141556 5.83003250216478 367.85005686168 347.713629915808
13.1023570292071 4.88846270571605 17.047949569304 5.4538169260542 25.4147975898161 24.0081784267157 484.240462553169 183.892559643047
23.4333293723875 6.25405596218334 16.9418132455454 6.70442445048117 28.0945207252368 14.9058040783025 496.821686589816 173.731303209856
23.1134915073526 5.64062546205953 15.6511815205599 3.22462859225929 27.3670274827294 19.1520295116771 500.85870566189 88.6699488441017
22.5727024774557 4.70418349684681 16.1459498490605 5.58958428890201 24.1607978934262 19.7105967322827 496.381191797012 201.882622364121
24.7440014130293 4.84264865711428 14.4065402766738 6.89650587553102 24.6730272099877 20.9460502711327 454.1545985871 301.061210551754
29.1520581979422 5.57160985183621 17.9712215151743 5.84148483084901 26.7617681684389 16.8737159024333 456.081753898565 90.6510641778116
24.8065010637623 5.23461162578959 14.8335376165369 4.11101471089198 28.0506649667754 4.17946710299225 474.550533865326 162.719804176001
28.3876329007969 6.28294220939755 17.8811555848343 5.52137934636522 26.6669600928018 14.6025340336792 453.49576502821 93.4616910804901
18.2640780272834 4.46114124740698 17.1017545552079 7.96239394663386 23.8757690195118 13.5823678800367 479.837665690475 391.476143999871
20.1974401075879 4.17556629166455 19.5759721046972 5.46678843828873 25.1717997950667 13.2579928434787 298.642033330828 365.681654358266
24.6109386019125 4.48073558158883 11.4730324625921 5.44675941194714 21.9989829470318 0.573205931601485 359.648317734794 487.428226062587
23.6654703036503 5.59660315081488 18.830082264557 6.29347085699577 20.0530375161067 6.19664420807204 469.948414542993 228.878786283492
26.9199805720327 5.24141327336117 15.9998790706199 6.04899816128797 19.0854918315125 2.87591528006677 421.10042801235 338.419219079084
23.4001976670021 5.54176427543074 13.08749156448 5.19731650237271 16.466562926762 2.62658600526506 403.947773367485 297.039096604802
17.780364145251 5.15702588417581 14.444255002283 4.75412964858756 20.4204259809956 27.7528630661909 443.554342014296 352.110507581585
25.9965095964816 5.48706773458219 14.2033309517359 3.88032096115957 19.3957784798262 21.6607281687575 168.059227435531 369.711144313166
26.2388763863133 3.82660199310915 23.1324197094418 4.55100714694492 21.9971497378111 11.3931038243188 446.963952945783 161.418269947279
24.5056177161863 5.58862065895767 14.9011340239441 6.63260608865272 29.1613999921755 19.3087355418349 471.911610127334 229.6221725896
25.4523668469413 4.58453559499586 14.7760021717727 4.8194740907422 29.2114221010585 9.2876365800005 393.939253615147 315.383672427789
26.7372277637433 5.64019069178257 17.0297940958496 4.59840776576323 22.3868561253325 4.4778850256563 423.315358433903 294.438087657216
22.947617041996 6.08436294933048 15.5207742382314 5.40193731013174 26.3808485907357 17.013522819249 490.544180509679 61.6903118629767
24.1494325916425 6.1531558934815 17.6198149812026 5.00773590580132 18.5038729347633 4.60661677853633 494.443684029241 51.1757131272446
24.0609326815958 3.47855847618954 15.1694879849679 4.49156454069777 21.0556095327572 17.2077892036716 434.487569704684 259.341140530036
18.4749858599575 4.62479757604415 15.8671571993062 6.25935879096327 28.4130317515889 24.6356413946415 446.482318842104 296.672869660335
23.6632764045452 6.7417964559683 15.5468223529495 5.36089781978949 19.9458401777907 3.11274531514644 446.881600458858 294.777152043038
17.8754809674624 6.11779137600852 17.8327976540247 4.98804910231695 26.9199420603271 15.7433497925162 490.634354901408 100.047382433352
24.5897403662762 6.1134299581495 17.6952065757192 7.80779815212043 26.9002041358472 0.0687251714628554 494.827819647337 268.019631026229
23.3624687979551 4.7350373190681 17.7686523793057 7.35572297690121 26.7116327414287 14.9061784998959 475.090376570961 310.418006019606
26.7359900671482 3.93849042935058 16.1444466389336 5.83241004383463 25.1620591512405 16.7876764903203 408.25483490203 333.604080357446
26.5206991748886 5.10575725410557 18.7323281581287 4.8859309239691 25.8145199575265 20.4517886780732 441.539899241408 121.103580006921
20.1769047479653 4.49583511564145 19.3247249881722 6.03874320785858 17.008259223208 17.1486150535076 444.782941227439 274.08290205822
22.5704254154776 4.89758569190325 15.1845215648336 4.06744112277746 21.6860370026053 18.9708763105363 483.138790585352 148.477454509382
19.8768562590018 3.14933246097473 15.4608727693546 3.58562396167238 23.096360391845 24.8859648594739 439.847368460954 362.982164651406
26.4200140831403 4.51528856196248 18.4812947368743 4.85881556374866 25.4802360995621 15.6194542343808 393.847392616112 332.84076554207
22.4107294319493 6.5722340875112 17.9558120438165 4.48249619724026 16.6294848505477 5.56232648470237 471.461043353588 184.530432217322
26.9437626987391 3.91006566892985 16.4527961543332 6.73671812355244 29.1798430258104 20.4135003148356 465.081034947161 317.09275437979
24.4829990305467 6.16042380562749 17.8174585924957 4.94306402222267 25.9835720226403 21.0586303006963 474.144219937564 121.110352694951
15.2005243632756 4.13544181514105 17.2178634415617 3.91051244581821 16.0983835374185 4.57687728032756 297.590828321361 377.56494750349
23.4470907527259 5.7588987264755 18.9593565702005 7.14459839391861 12.016827575676 5.84613784474016 458.160568404874 302.781921321847
15.8698304027571 4.95043559968871 15.2415666981683 4.49002000020191 27.7990337715785 15.2072804649854 442.482355982163 344.429764865235
17.0612460806679 3.12587276285917 14.6028881325214 4.54039590234692 25.6978804115097 19.6091458722498 476.896556044219 225.485174215881
29.2174824374017 5.5983250109387 13.6221200334226 4.34385311336296 23.0063362103889 14.2020919838905 491.273196639134 103.153626301787
23.9749900270884 5.40323728585769 15.8504982025149 5.7808995533314 17.9673683215805 22.8633482899512 465.239507276771 379.432203653244
20.9267360216967 5.82792195193963 16.5460158738587 5.19560460314647 28.391782181591 19.7074091803012 473.574584812513 210.074292173791
23.5269563436526 3.83016504763683 13.2267453435418 7.522763931425 24.1109009471987 29.9452905801253 486.437877295993 77.2959661301322
21.9171853280133 5.90285019570887 13.1049612432491 5.45882177034995 19.9223420224678 2.86639889802868 444.986191584866 275.699234623692
23.343216798926 5.49185973691466 15.543571150531 5.44227811759057 19.2831670227832 18.4720110508813 487.601384837934 101.923786260321
15.7763662879335 3.6678387152714 15.0105831568811 3.63367559668738 27.6483297067291 2.50928741056794 462.293071538844 233.549499795487
23.7261814928113 4.37321027526304 17.3425184444033 8.28287861218408 29.3685190774259 12.0999272437879 332.512540458917 388.26780989904
26.6463071645776 4.04748279091675 15.4643612328417 5.55458699446898 22.6076318110073 23.2869163491442 404.502511616137 136.436462807921
22.5711699887932 5.06210111092629 17.7652629925546 6.34892009595637 21.1655750032893 25.8314642067067 443.454053049225 71.9004601895937
24.8342258864237 4.1483634028705 16.257789783843 5.67047627943374 21.2127680797831 7.9388807685914 424.059760349589 232.172199732199
26.4034216135087 5.47546045773569 16.0747254141046 3.26706193969698 26.6598400084 1.47140954813331 439.558662109356 166.361875627552
22.3770595681459 5.0559986552928 21.9580742659438 4.6767248432932 27.5219980510996 10.3102222010328 451.411733405871 173.621784482198
20.2599661166541 4.05269877264644 15.1713995316991 8.19444193632164 23.7188476668864 25.6205699040624 436.350764948572 371.253056883081
23.0130216281623 4.34490954641362 13.4049143147248 5.52085359706185 24.2846307700908 15.2068043173605 495.081975392663 179.181908537042
24.0104031480101 4.65744985642644 19.7683242464769 8.28672772806422 25.4607459196381 18.1337856277158 476.988274841498 270.608430750791
29.0946797899038 4.46991645623611 14.0469396992131 5.85047877326835 25.1120206470659 16.0208219173053 479.355029889185 257.360226227515
19.1232479406005 4.46205051169251 15.5300838528011 4.62020861581913 21.3557257005544 25.9387960839626 453.331323656121 224.983015331659
24.8773210129268 6.48538175988 19.272872673062 5.16085657058289 29.7176672136308 15.0866929943483 494.435018621086 30.5994668900141
27.3850516271064 3.15616136498125 17.7059058313871 5.16106036989216 15.5374295152917 19.3742288181128 404.795332009798 379.92319440259
29.2274737776348 3.56988089639957 17.5545853784033 5.33077740148769 28.8237168230291 24.8479114827653 431.650030454103 302.729155050856
20.5210653269866 3.99269738343626 13.4379886145894 5.42968309881538 25.9589980764193 23.1899215377751 467.537046805578 181.372652924577
22.2406373186298 4.35298179901457 17.8236673454107 5.05082802128778 27.0967341093505 7.25443196514435 470.045565779179 337.291869608132
25.2302482363342 4.2665817782974 19.6482869625252 6.48036387512264 27.6303007407744 19.4195131352883 442.522218851793 391.280624165944
