11.1155933394163 28.9489850186941 7.06763387607744 5.60685441215416 15.9678828186404 2.61612674408327 396.481366582919 172.896137032455
9.9530080614597 28.3303994389032 5.73305053678521 6.40613149680629 7.41431160889704 1.91066221718825 382.471257169823 308.015422619039
9.78602849157001 29.3298870275921 6.11684127440009 5.59336180400125 5.43106648509655 15.037966417504 395.237106732632 153.346368985137
10.7952550341325 28.5581756345689 5.74140787380867 6.11560100485408 20.4061773949676 2.39242564732193 388.934675043235 302.59137474157
8.8715495087339 29.1462291730887 5.22445833893625 6.4626790495163 12.3929400983478 9.05057248806153 394.96401160892 262.198627502855
17.3087958919107 29.5046940376142 5.14848047707062 6.38170981567784 10.5928620516908 10.5430989058735 377.563691227755 305.795097475662
8.88389133305852 28.341885350493 6.78248891597474 5.85140420024053 16.9809506661695 2.00236599026593 399.958997600442 220.273879772817
14.0639483456592 27.5747272155534 4.39860704563084 6.2632734139285 15.4722278488523 2.33581165188739 393.311426836496 303.926738254674
10.496894480024 27.9876916832001 7.03430729283382 6.04183497843611 20.3048549000358 4.005427901718 395.875937422602 197.44516531894
8.6790299936792 28.5416012977888 8.00944895009905 6.2697128289547 14.0780045786979 1.08224587207346 397.410048470008 298.504574741727
12.8135541504621 26.4676623208882 6.08614199869555 6.87619226499666 13.1613771036695 4.70624179637813 397.009525135157 285.525753692034
10.272211804769 28.8388062077731 6.64766425386181 5.33003641529958 11.3684010851004 2.0860266344014 397.711913863556 128.919576109201
10.7530578405692 27.5926908459572 6.33638473366721 6.51601168098158 7.2047531041669 2.62375310338918 396.309943097381 132.922754450429
20.2154814202729 27.2820523942887 5.73962923499133 6.51709215104782 18.5304596711653 2.76369297907582 393.110365224267 288.71388285872
11.6200438970183 28.4267941544491 5.62968810063757 6.24545027964599 20.0203172352859 5.45887274482703 388.27276682089 279.896055480757
11.625068219536 29.2328186704131 6.40733755856016 6.85381355981714 14.569379699616 7.68557082916818 388.046623426233 264.107728238059
9.91317092652447 28.9278006999244 5.67666900303495 6.74765669160885 10.8911378562567 4.26799522096251 396.669344132218 256.768114498426
12.7522017758164 28.9238260750124 6.29825537241377 6.50090672733639 12.9179349215681 8.2974572466794 386.510411916208 325.177810578663
9.02975192181745 29.0637124097914 5.53413993093243 7.88686201717468 11.7726819670719 3.93154503174929 397.181597423264 254.343599555018
9.88140742310541 28.0933054703325 6.95371104824723 5.80646546877623 23.5790599034128 5.86113118433927 397.21836037908 210.268123170267
8.3949704645857 28.4475262163317 5.6165843744863 6.67981549328416 17.187742728294 10.3598755130703 394.580062825017 247.253776102857
13.9263621833798 28.6885939124737 4.78194751672824 6.67376117167044 9.69688094386123 2.97194627408737 386.727720418847 271.85859969138
15.7609512526947 29.6126390981011 3.95539487929026 6.790420667625 12.061563341006 3.92711622428907 399.956146917069 139.910113580238
10.7173909762931 28.8639223823972 5.01444698546244 4.78260844755154 8.87498486838515 3.70930903212778 387.212235250079 230.290712204122
10.0941711194862 29.4233568907183 3.51848120931927 6.31861634650756 6.99254298786634 3.04220917973279 384.720644162298 307.151808468725
14.1849027673429 28.6528138717049 5.34649158639252 6.89322744283594 12.3264728528533 22.5713275641405 378.462746152449 317.984820235171
10.2573607058525 29.1312540237469 7.35351495833319 6.70140150114439 6.26909596960232 10.3664479176955 395.74038742771 179.793508151707
9.25555775228073 27.5022798165309 4.6406420696342 6.88344520795878 15.7496161816044 5.84820568030755 396.181867095977 267.817432166774
11.6972189003266 28.8984905077771 7.04859293300853 6.38876901598169 15.4437356601309 1.03432449455861 396.227243851104 285.943259485505
9.03316640817803 27.8757492438113 4.01178368305696 8.19822720594067 15.5754406081761 2.80103235940695 383.965262440168 420.63026559408
6.97353985905406 28.3852408972476 4.36784070189328 6.14421178517657 16.0741381247175 12.5629232614579 420.013875828668 72.709955105544
8.86937541430829 27.8902796297088 7.68650959339231 5.93598530987742 9.69464167804581 2.77591604754043 385.385774846557 232.16294948169
8.4768961241403 28.6109148663947 7.24522764222434 6.09586210840065 12.3224068962201 3.97503600007277 396.657511228411 264.685693493886
11.4290448840726 27.8886779444921 5.72359957132642 6.1717083308097 6.62306766022154 6.61825371211407 397.531487374194 221.493677139137
10.3969240245566 28.5028610752802 6.52166929811527 5.62534426267427 14.6394492656437 6.34377063947652 393.719355324016 278.209742214283
9.93622603186326 28.4452782031043 5.61712335285475 6.38698623643395 13.8745142400664 2.11248955444153 395.782871589997 224.363449076467
21.6685951192881 27.5361903904816 5.41761400092683 6.30090157684963 13.6188590375355 21.0978961429158 397.650767618353 182.559654704241
12.7610117320422 29.9348789581013 4.61480857111597 6.5157360243451 14.5164070778147 9.98976977211918 389.008603145817 243.20708056165
8.04201774431834 24.2765117536768 6.98127590168385 5.56526796865081 25.3898401626473 4.23436655805522 393.36665999598 188.814601318607
8.54997081647267 29.7616473003505 6.86635800836709 6.58251459310574 4.55239950161315 12.3116047570395 400.811216460888 166.783290499922
21.2431764275743 29.2677858625223 7.70645356861826 5.59174714442108 14.590995057081 0.715388441119625 397.545833635932 216.04583134891
10.8012803267081 27.2740423244369 7.01559402285536 6.68063352269996 9.95232900547452 9.35238015681894 394.773738158139 262.124221919807
9.91156094473759 26.7906365184508 7.38381228405699 6.42349819111177 10.5942888873448 3.24359654214876 388.290085962455 311.109079722825
9.98823818191197 29.5706583102298 6.17121539247264 7.21806831818678 2.09102298518736 2.06091919599079 387.648756102953 320.38081208098
9.28282185803657 27.2092795149626 6.47860019166135 6.00022380284149 22.6334815191483 4.34205365085431 393.787285606482 268.954947581711
13.4812543994514 29.518120698686 7.77056012435283 5.95142438808106 5.92309567664492 6.61033348043815 388.56459670447 389.107675444099
10.6350141396195 29.1188694378673 4.93256129681701 6.94276232035396 18.1723735829751 5.1447062828115 402.839990135342 146.353994331438
10.907223989357 28.6409038853682 7.79035898835687 5.98754260776797 7.60314327344097 3.82160668281135 389.331085683207 316.019743600837
13.6067527968042 26.6145902608332 6.35113457402155 5.98473967479754 10.5394276242329 2.86724991425998 393.354723778509 257.222240088711
10.4593732238598 27.8664756485989 3.66578960817693 6.93656606956468 11.3598510692675 6.5596084528646 402.959006850972 258.246595370235
10.8776721351103 29.4090698602835 7.84506854032588 5.93016941184692 12.812687627814 4.48497292242436 397.013245797398 217.477372848604
9.05731273128547 27.0807978043058 5.56622924237977 6.76364906455679 9.28318609576092 2.33144006276265 396.328727433981 304.532410329843
12.9047005419651 29.4479823202674 2.58287885135849 6.49226641106046 9.19535887678383 5.89012356988656 393.841372295588 181.194721660993
9.76514033680744 28.5057455589312 6.2631403988095 6.11076847538417 7.23440792979856 2.76376420416346 396.678324971111 283.006343232479
24.1658688167111 29.344309354013 6.186454892257 5.93845890132876 7.48572265461854 9.44874111366282 396.483275603578 174.496416410475
10.1539705178967 28.5396245083893 6.1708376909549 6.55062733950163 16.4262205100206 5.12915889028005 396.286217710751 304.412253459832
10.0419343573664 29.6704067670283 5.0843232911007 5.75738881042211 8.28735196582306 5.1860343729305 393.002622813365 202.886331671893
9.92178518565443 29.1345920050646 7.25453562151837 5.87653851748184 14.7499137671267 10.6776571168831 390.048668398496 229.066579261092
10.4331945068734 29.3563432991831 4.26704171738462 6.19974446185337 9.22880074747827 6.59572950628254 395.62384760483 240.440517517771
9.86881785856736 27.7599246134022 5.69212699545133 6.78910511256667 7.76536758181272 2.61958671881931 397.138462220176 149.306578192556
10.4006110717767 29.4040571121779 6.16477008542783 6.13452553427563 13.7344297486428 2.72458243262785 394.547153395465 313.883166636634
11.045332589382 29.2306336251333 7.4608562474538 6.11587169090519 11.1485135969753 11.5172352735665 397.838817125186 219.044889183734
11.7518258403448 29.5492226283043 3.92206705648707 6.56310653204952 5.99548435494443 2.05013734938932 378.137655506016 337.487202747235
9.08344240874819 29.2831846036922 2.53385979084105 6.71715071889482 9.72114792665718 6.25962050971071 390.410795895084 306.555586430113
14.0596318042107 27.9410961577082 6.54126512598305 6.03622271476803 13.0551704458103 1.93314602335804 396.90482972104 267.332792141812
13.7298358937076 28.3877762413376 6.94160070076699 6.5916346430084 11.9207767282949 2.15147247491898 395.87338462757 83.1180237083848
10.1061067861686 28.6676204860548 7.19356566705885 5.3036279090346 8.44164438826424 3.61949246494379 396.280081528864 210.756834581736
9.764560809957 28.6721992179467 5.50310833987285 6.07429409511801 12.5705778020403 2.62524605160518 398.568129664181 193.78922865584
16.802482982751 27.4999909449004 7.76375113320903 5.77455919449831 6.10303848781433 6.75679943965511 385.282556044919 355.628162711523
10.7686181744173 28.783182923055 5.31335471016309 6.7600348743883 5.71123305464828 2.15698206408159 395.761465693653 188.823233948374
12.8076602267834 27.3452553837521 4.90549674702978 7.14078724562156 9.58236722407805 3.92131856916021 402.508442250845 291.374172775108
11.5659401080314 27.0079772172385 5.59187286098943 6.55312868701116 12.1514955172466 3.45358053445479 388.652135147892 334.652087308008
9.52337267978119 28.6753061675651 4.92560376840925 6.81674419404623 17.2705478166197 7.30489978995595 399.442755610775 229.393319364984
12.1011377450615 27.5246847007509 6.96070372862631 5.9770899482353 24.7391721584485 14.1740371970794 398.514229403979 250.4591903727
14.4164415879113 29.4799740532874 4.11184714382897 7.26866532660713 12.5397416282532 6.22175219005075 386.639222843665 305.165482079799
9.91688396389189 28.8955028944151 6.24565657689662 6.89570156116575 16.736922017614 4.66227109563631 400.637501771507 240.147818166168
13.1449177584171 27.1507021030873 6.90145480623411 5.97681716481775 13.1034493446588 1.82585834359426 386.113881157281 320.773416293864
8.3390238631505 27.2778291672322 4.28889991488214 6.84273103030781 9.40990754180076 6.01214020697821 394.510996497805 237.238632684999
10.0381294179242 29.5458275940159 7.17661281814659 6.57788781199243 10.1307816558527 7.96760604461095 400.473143094245 166.926645809867
12.8199728020947 27.3064469233736 6.89953417367989 6.06701383277295 8.7311996600133 2.40876439891432 396.181842263709 282.760803390302
16.3308124700655 25.8995966398616 4.93570942942041 7.29908480083825 15.388254676156 2.56542765287228 387.670754153285 349.814401176735
13.6161856455951 28.0240898885444 7.16957848822246 5.53674957604779 21.9984772219526 4.79076926970683 390.822784401075 227.810921643532
10.0176872126269 28.9726708386028 4.71481348185974 6.22418555567057 18.0726126207235 8.4947304140325 393.544308932136 229.195208305753
10.9836523129863 27.4873704522447 5.1796357349209 6.27241123438374 12.6869501718299 14.1249176445873 397.059500916014 286.369306402408
11.7469280570749 27.848855892245 5.37758753665246 6.60898682998738 10.2883628955917 1.54851611091794 391.88858418161 381.802488427299
10.3805389462157 29.6226339913271 7.53876094892746 5.67167482505469 7.47441255484243 3.73182968549626 400.738381419392 223.155560659238
11.6879854375448 29.7786806427596 3.6592669210387 7.76295942908053 9.25142377914197 2.73491892665835 366.330304499278 349.399400766336
14.5041565724932 26.3571203923095 7.71386148842254 5.83182486646032 11.1168291172563 5.66402916334449 379.450909177482 369.349019982922
9.08666507205316 29.776733647105 6.47569367706939 6.75401454611328 18.122895905449 5.55693098535156 394.862999068486 282.899904513563
13.6148318116667 28.9231743072721 4.35733796933801 6.41687300358943 22.6025569201181 8.83806147800913 387.40147400191 293.221047254066
16.7459082128307 28.9914410108722 7.68568788309013 6.31507637791007 14.9883785484656 4.44872963283713 402.861328351216 87.7180529816928
8.46856673413113 29.4337297809821 8.10998953249691 5.57778966302442 4.8404885990007 7.4329660451952 391.853814930845 267.999572252243
15.5688678734366 27.6138485910607 6.63049359676611 6.11701604079786 1.99334626425132 4.97412291325796 389.531583410414 306.97291622169
12.8155552242227 28.0120763932753 4.95451803112712 6.76696457824438 4.55221896866354 2.23169158718017 386.401500691386 344.699681942223
12.6166345392164 28.9747179289145 6.18748441157711 6.97165602205111 9.9513526992572 10.6692862774342 375.389526463654 303.429572011288
13.1879803276756 29.4354685205266 5.7440709396935 6.73906050242505 4.64959358796663 2.30776237549244 389.05940600953 337.818999942665
11.5019267053367 29.9508796433336 7.40198109361987 5.85738956015372 15.8503816374024 0.595522915260592 398.154203749604 167.702449003026
7.8040901241123 29.5452272075682 6.67881780425888 6.08462097728454 14.8621536397613 6.34985934642477 397.158128734066 108.005507623229
13.7621692853831 28.8155594461969 4.82547894318896 6.55351393870623 7.20826674087093 4.36692111623331 386.712988098422 345.713929125001
10.4827074391203 29.6079281707571 7.62044098285312 5.57837638030405 26.3473720472285 12.1307807364533 398.083262484784 237.892248079832
9.38189909602179 29.8963615750308 8.40789421824192 5.95907847282588 8.5305321210267 6.68265923199116 400.769588662269 159.644216291151
10.4408777828147 28.1345257225144 4.6748988195065 6.65150366398155 14.7969955111353 8.1167926201515 394.364571741561 274.054192195841
13.0108083521567 29.8443870977333 5.51376730141795 6.71562720789308 12.3967561165963 7.44351481750812 391.320971842044 306.64986468883
14.3251822935658 25.2222948943708 5.52573894633014 5.70079658354129 11.8642400948978 2.58296763189959 385.355035868356 292.642886002903
11.9063300741736 27.1778242296862 6.62247958101025 5.62275603918383 8.51684461033842 4.9557818018286 390.090877712959 296.328318705599
13.3693054214791 28.6538531809318 7.51431160532318 6.56594388646216 4.34573030902532 4.14111456563993 390.947798482513 318.67100945507
13.6898036117566 25.8970580793486 6.95294856914598 6.59626041257874 17.3338245435857 0.871166143513909 387.503949224085 308.886202077784
10.2701718052877 28.4434660001565 6.26759912980404 6.51019396582222 12.2145224735921 3.80207226021042 394.14788322751 280.330738392744
10.2126312258834 28.3882331846635 4.72045019500209 7.06466278836145 21.8934981588452 0.707766598684921 393.915195119886 246.520883929339
10.4652620385695 28.1411164451775 5.49388710265227 6.23289894912399 8.21316775139117 11.8927719069353 395.486726838853 299.537207468621
10.0848230267301 29.1982109149677 7.04086228505455 5.97156856718767 9.86962227511012 2.86284506710488 391.845684543245 217.648480379585
8.43474068641634 28.881506307678 5.08725449548994 6.92463248041064 7.93375298810634 3.52069617940159 391.693042509798 278.063550669198
8.87419490486161 28.3356833450948 6.28183607158081 6.86888072415908 6.54617243522565 8.45791577367978 400.070825002392 99.8047732552873
9.22992225367005 28.8523298340031 7.73047320861005 6.25910278502445 10.7319016984632 8.88580739398436 393.007023225192 288.835186170588
8.58507022792358 27.865780014065 5.9701362528666 6.16601631631296 9.9535728890667 1.78717318134513 398.450083283901 214.395507615749
11.7044934011756 28.7733683073529 7.35958364680549 5.94782804719082 9.87692724219927 8.39889149297761 382.854133707015 308.897248312342
13.9899024243743 26.9089403972839 4.75100791785239 7.64903350170648 5.22518510333465 2.04884292262739 373.731611127409 373.047331224704
11.641580422123 28.5617660009918 6.81005540797117 6.81673587555125 8.22015006865097 12.1399487955624 388.72088885071 369.863822407834
13.4264626958819 27.9527269546757 4.381384950099 6.75856101625379 11.3544988008713 1.82080719729548 394.945001370597 265.574076877337
7.78317426638787 28.3727329358205 6.28246617136981 6.10281217593131 8.94053875548658 5.02473276234125 393.984291851054 271.783809132634
10.4792473149803 28.5801692822689 7.70352299669976 5.89554963919206 6.35135444554964 1.80822883111906 389.921504379607 288.233628804221
8.25320489217678 28.6822191268532 6.08943336505616 6.73505422109229 17.3655488751317 2.36634480334491 393.615564497961 282.347084829776
8.68075626182775 29.973778475906 6.94843590104711 6.64451373416886 2.13992004871348 2.09343109945028 403.793067207034 208.529479175672
19.8397534058032 26.1313367129195 3.05513256699495 6.80945534463025 6.48649698617989 6.42830850234951 378.986711155053 361.839437303938
8.54292192436086 28.0165629996216 6.91293479278976 5.6380697110043 14.8486947104992 2.23566031819911 398.225273405508 260.58773420917
11.2892744024904 29.1486864919579 5.98546123488667 7.0038537582116 9.56812964835603 2.71666099650699 398.922142748148 264.865572960359
10.1593251830377 27.7505847328229 4.18397705818465 7.0257246432587 5.97801580238451 2.50674139983161 389.520336728445 311.229236867503
9.2195840338828 29.8218841820695 6.47127316680946 5.48565827983947 20.1419853714812 7.01009623220442 391.213631931194 203.130230703752
10.6205353301504 27.6469802005108 6.1465658828514 6.37457799164263 15.6237934392601 4.29356254796529 392.757311974833 219.684973619266
13.3513578705231 29.3819143900247 9.0612605528658 4.59214548639883 4.72108160875762 5.32237221975966 390.313868836736 256.966469838407
11.4411062601165 27.1314152213904 7.93207452321975 5.70592524931506 18.820931014309 9.51784848506939 398.815379979086 216.910137140434
9.58037695284389 28.5176815710004 6.41740938787843 6.56092560424702 23.0649453959232 3.55226705238685 395.027597241156 259.344681773097
8.36229767474904 28.7826466008812 6.56146423266597 6.39245968672097 13.6972491674264 6.54390317149628 391.009705087382 273.469599976968
10.9773282613998 27.578292890027 7.04971471596779 5.62728056804598 15.8273660193135 1.39279193298974 392.851474952567 323.253037115914
9.70455734879828 29.9937375042012 6.66526221479521 6.74683789189477 5.26780459462677 10.0530990973819 402.18197674292 228.695251338573
14.7466667350127 27.4638830345662 3.59382558279487 6.31476849074203 9.4519997620029 3.08504187919904 380.102620334503 248.448355652537
16.9086024251161 29.9002857635008 4.98123582950271 6.75705189206795 6.51999227702069 4.30224563806056 395.949009929713 268.641440061112
11.4706994684659 28.224317035796 5.26318888519046 6.68471063176422 11.8039772817423 4.18265705799454 386.778703083904 314.173563071278
9.42925567792071 28.5007458093883 6.5487045937226 6.5261972459922 12.2714855432161 4.57278344851987 388.564427286213 303.571037839179
10.4387464457505 27.4514649471028 5.2365231429537 5.81877375656605 10.8246248750659 0.564338338690175 398.081249776427 155.460796602086
10.5536025815936 29.3883664583463 7.13890264770829 5.91784608743077 10.3090972269365 9.17049913812843 388.52009580882 286.742316902926
10.0335799564966 29.3504689636401 7.64383097072038 6.06377546589936 6.64809607730041 3.84530592150533 393.016950299301 285.981401474398
14.4054850040423 28.2919978684501 4.96962133244861 6.72010140406773 6.61780165234631 4.88295956965088 374.825165346141 325.114067057138
13.2642620782773 29.5966348885155 5.30725197857798 6.63124785289795 17.7969352673012 7.33098333573607 384.699941425452 345.498491755922
12.5856219159781 29.4026002753512 2.83334937337998 7.27194556321707 25.3747142054507 2.94200081347599 387.928617217692 297.902838725552
14.2734042497634 27.6906376050575 6.70773449245568 5.97112285513029 8.32740653031921 5.83862166755293 395.603246404974 173.990058413045
13.5196072515407 29.7685466603678 3.78788569368271 6.2194782653455 18.0169601735297 5.21289509064606 396.843877235066 104.337567525097
8.73739919428766 29.3056768720225 5.00428118316341 6.87331085570474 15.7541844702988 4.94011635563761 390.304643174745 225.794156806481
8.80520188978227 28.5787365126763 7.34813949916682 6.41937682010461 7.21168193916856 1.5969035178169 392.81014377455 279.047547669565
10.5870980776616 28.7728124244726 4.93983649432283 6.72619236061927 14.2986121099776 3.00641511028245 385.186345631118 318.520759648483
9.12674195695134 29.5966549322681 5.71968299839521 6.75478236770428 7.71315619254921 3.51235535570492 395.868332407886 195.397256517203
10.5611159063852 29.4354076205922 6.31694355650914 6.85966047584799 14.1721884727063 8.04755977649812 385.774267121502 312.215599247394
15.6799048532523 29.3918080820587 5.61412752122556 5.93173508354341 13.193811642795 3.59500282258486 395.601141044832 188.760615328559
11.7881251501913 26.8452909995322 7.92556054963768 5.95611920786012 6.50512443805828 2.47016126017212 399.197412062704 239.766972973425
8.8080739581855 29.6881685830619 6.42239193290734 6.60403389457704 9.35824498159592 6.60561537087553 404.631118784198 226.177203052812
13.2223742608968 28.2385854074264 6.76889359158584 6.12601867025794 13.3404848936602 2.29565365591544 387.812861767651 232.593902364226
18.9502345579752 27.4502167552658 7.37437994166542 6.42392034299018 16.6276095088392 2.15013469846463 398.194353930774 205.804449043605
15.5485059681129 27.6975716436766 5.56793181344862 6.69088223208743 8.78180759916972 7.98371676373618 387.292115957334 263.943077537737
10.4683520262541 29.2072246787751 5.23635693849604 6.88398646271057 13.4782180155159 2.41717861981584 389.900105109049 306.499844109354
10.1247848345919 29.5578088992681 6.31403261785278 6.7674284183453 15.9086793111082 5.11106966995795 386.281046434345 322.759496686366
11.0392017044196 29.5496625030781 4.8779916533119 5.72142630833712 9.09974645534245 15.7599555194074 365.714170177833 320.409490989106
13.9401084114099 27.0673048753644 5.38836725487787 6.85118539358929 6.46824122964301 3.45907416482407 386.115564541651 304.571727615765
12.3652356865344 28.7526183110174 7.35916046812134 5.62234388663141 7.96703592553506 6.78480856629525 382.935121550141 131.008517357519
13.0355231122288 28.4637497091818 6.07958339301505 6.10245682660113 10.4777841865258 4.77264992519404 386.570156282601 322.515148757451
10.1557735066794 28.7304876396308 5.97835231262665 5.83285416387608 15.7501059193336 3.61395425905464 396.88701992892 250.574685440053
7.68175578557912 29.5108128242776 5.13447606888995 6.3467871084035 1.98208655238901 0.386856676744802 401.267864750383 371.033016943103
7.78847442145402 29.0648904746447 6.78074861170555 6.09901095327618 12.0752893072863 9.43608839702764 401.374664134505 143.938900086559
12.1696556329741 27.848666492865 4.30866416891554 6.89724657397831 15.7528971632582 1.40240556834884 386.909528368132 347.598182747735
12.4932779539941 28.2969418238483 7.03771660564322 6.37754279199833 17.1212240612739 2.73143712048629 396.878784641172 224.266883475782
12.478830595803 29.3261350124665 6.75207067370248 6.62292877282827 10.6917276227721 17.9149568412569 398.595057325555 203.703658720457
15.7955934812715 24.190025532795 6.00223838238672 5.88566960232105 3.32732496273634 1.53338388396336 395.219064852156 286.028614774601
12.0955373196468 28.3514829451068 5.74843831705211 6.602387360104 7.0427542873441 2.91493620670379 385.49288349024 284.173847849494
13.6826752132129 26.9773991450869 4.92132287651214 5.92962151725887 0.874773849104302 6.93428222424898 386.169491302494 239.178338684565
13.5567091849757 27.3312383049484 6.26961277071542 6.04719043318488 5.99853911548889 2.48097412026788 399.570631807025 189.999876096335
9.5500259299273 29.5092793125776 6.34800518766742 6.88020521975291 8.74945414598452 4.11540637544007 391.183132648332 235.153053135752
10.7014301449823 29.3536445678409 6.10348919755612 6.65310900641792 11.5639541951591 13.5411025760471 394.917449764865 207.889556388377
7.71013455348207 28.5495639261037 6.53379251245724 5.97688247274873 12.9920374636901 2.40911231702126 394.472459275933 283.272015387516
11.7998692466135 27.950561177095 4.795324493941 6.75874838144879 11.4583728936237 2.21049702624899 386.942125528493 287.870117605964
8.14783694755518 29.1637002779646 6.17860525502496 6.35729267740569 10.1737379075487 1.60878020893872 393.660516580263 293.169385057854
22.0613849668787 26.6340577173406 3.96085076047759 5.65057008429243 23.8189103557729 1.19734973810325 376.319952481853 268.905447905804
12.7319673853687 25.5651475889273 6.42845919295865 7.17471466646702 7.01818645155563 2.51945098801854 384.963493077912 406.474782345927
12.0952537874103 28.0729890271774 7.00423040213392 5.65669145056543 13.7749055337657 3.96887294681858 397.217235922792 225.107565631591
9.35152047826417 29.0652321144041 7.38522651266887 5.98323076113217 26.1183541743873 4.50424199981027 396.949028308365 179.551644071636
12.2855109460775 28.8784421714745 5.5133415610909 5.95473980985761 20.8060425640165 2.1139972607295 396.143458331916 241.654526236894
14.5430694902515 26.9766219846826 7.35534352670366 5.90467567287417 8.10457870506295 3.06073262408521 385.639550314871 355.792620802875
7.50069922400482 29.6073937675586 5.75463038766423 6.68852237704083 5.80583004429619 3.47925028739343 400.214375961471 267.886182715579
10.1642256463046 29.0056078021066 6.79139482012927 6.33011813099365 22.1980819617311 2.41083216025794 397.340135035567 194.429484063079
10.0138318911156 28.6098826432129 6.89322739925875 5.35542109679355 19.4385426490159 5.71258531160059 388.543606215325 268.408817167081
11.1953280465811 28.4821731928886 6.1580679835732 7.12255225705017 15.4539454037105 3.30155743745082 388.891325384588 300.357236186906
12.6463416501726 28.152257029776 7.41413622829751 6.0861684900388 16.647109671814 9.78227206044295 387.309131989437 323.169498494475
14.7338856730382 28.2022050906909 6.15005172672086 5.42678764928167 19.1510932174727 1.46056302916378 383.468775824482 333.621478851012
12.988641547986 29.9259251345664 6.8497427075241 5.90732145368594 6.25037751969247 7.85431141732717 388.894864207999 299.619052763161
9.60465767689689 29.6379107055251 5.68620857218413 6.73735076565106 17.3551375787299 3.63764981590311 386.525686353068 288.187903718586
8.9797214440489 29.0689511508064 3.15308237343207 6.86939570807143 15.4573815831379 3.28615782208353 395.012618765763 229.94358013956
11.0534709657769 28.3018109638709 7.30762264542695 6.15936842809256 5.26304259253662 4.19962157295814 396.130544239105 249.205093777517
14.1403368140896 28.2725683658583 3.6247765519283 6.41411110348944 18.3152222392576 7.529772825881 386.57789084442 272.229157233387
12.2401450797013 26.2115300275205 6.55139574946448 6.35802497619084 2.4386561832061 1.81388820991538 394.79023175198 308.851948871959
10.7910857658645 29.7534163186096 6.77288692602402 6.16839939265178 10.4951634798498 8.46809196126466 395.328724418011 263.404188877276
9.76637764898497 29.9879658776988 5.25185763291234 5.96081296288043 8.73267950527224 13.1972698068161 396.239076847039 209.792418393857
8.78314637409909 27.7433704456194 8.19821384991672 6.18646999062651 11.7034089452415 4.47759939760701 398.076076966635 240.564772757097
8.27508298995086 28.9595214870874 7.84911446675019 5.30057332434839 5.34501188481165 8.49508648462943 399.567715449244 132.86521515235
11.6155630838084 29.4613148599731 7.22326682052943 6.69284763888078 11.370226757551 6.26857953172733 387.479780540727 315.419108759114
10.4973288830461 28.4686886160213 7.29828104988653 5.98045155100565 17.5088924969377 6.93991575092908 399.167759793036 256.4680960411
8.86014135702448 29.034013415267 7.28139597527261 5.44135490762304 14.5452842238784 2.53808109569435 398.504322216636 224.691437363296
13.1075230579302 27.8405093456519 7.35706964348424 6.09298234363502 16.6494977673512 1.89609548404724 388.273302540431 331.322589895346
6.26421545235632 28.4415449690949 6.19815447661541 5.82774283319359 9.72944029875781 2.4041606742361 396.89088826056 223.46260774523
11.8798307237853 28.6158741810304 5.70854599018538 6.26357101065833 24.4602162456828 2.45069667809381 390.581577629088 303.468996592443
12.6364446310862 27.1074642793934 8.42650587742888 5.1175170499929 13.4439935254337 4.99892865975065 392.882172521576 198.65367516139
10.3771110020054 25.7819934079314 6.75101297629643 5.62432278400194 4.5359494170662 1.72680745440368 392.541959775732 331.851886624236
14.3860578980338 27.7623425873942 4.7470774046889 6.34664392584094 3.32103878192896 1.32964511074816 378.54373656379 313.74694437828
11.874105818498 28.4113994604379 8.1896222919844 5.69247073488566 13.8377070213892 2.57904304728158 388.213472139636 298.138909957814
11.9282317695318 29.1351551051226 5.1116791453091 6.663818810944 9.99522765598288 8.85860862704836 397.073787573475 229.19298847923
8.51274254072939 29.0645820427088 4.90160855117202 6.5552094981156 14.5223959971588 6.4965837434409 391.057024274718 296.429373555209
14.1066568286603 28.1669267068886 7.82619252417606 5.61812606857692 14.9847569503017 19.1509369868275 400.977641644821 142.335330746275
12.710699461501 27.1965181772382 5.51515797493157 7.20765570641809 13.120806487478 5.42189415140754 394.192287559833 378.804341365283
9.60781643494387 28.764541413274 6.72948822079997 6.04731334874719 17.5500139373232 13.7166219882202 397.861875454182 239.090892830937
14.0868287031125 29.2533016315108 7.01360215343311 6.30005064569972 2.58983459959637 5.71072573727605 389.6321703706 291.757713359288
13.625809936256 26.4638681512862 4.57513429985797 6.80382082560576 4.40125059003453 7.68974400894743 387.053815309512 293.168206543251
8.62993641692676 28.91675598308 4.28154761495939 7.0826947884087 6.10142574213813 7.53782536598853 403.442440013484 213.681928644898
9.94835744854672 29.6191904687834 5.40587653513913 6.75805737013006 6.10094382879637 5.07842346133009 384.74833227545 315.918778970819
12.8154091410326 28.4250570440295 6.02208231465391 6.21996188097943 21.5356301282436 2.90973252964755 383.269091271946 322.770244260065
10.0010398000294 28.2307613511405 7.53331990290579 5.98982448642157 7.49900605833803 11.1406131313257 401.845348432086 165.213577928075
11.4958135372472 27.7560396004913 6.81325193067388 6.48581803798036 5.29123857542423 2.66759201263405 387.432811097787 344.34808855646
11.241605819705 28.1152594620767 5.08930459909137 5.87831670765419 28.4145251153611 10.8116049937772 390.603744898309 279.342597658108
11.6844133715728 27.8653936203838 7.1841061439017 5.5471391491755 13.7987516057217 5.03435491034536 385.045234919901 331.976901832958
9.32346888783106 29.2975883100369 6.16506123884555 6.52430457851632 10.9167519431418 2.96528581524392 397.995719151328 292.002390922977
11.7226790476582 28.9816371855681 7.24121470625488 5.19610088371436 17.3427864405599 3.52654444905104 385.510125233079 285.293249604675
11.5864466368749 29.439395437545 6.53101725986418 6.1197982632517 10.8059245712572 16.0196193636697 386.509201301222 316.302255271039
11.4243749608873 29.2670880140571 6.76285172584846 6.34589955890887 17.6544742647794 5.78216070486516 396.871471336378 202.863363084555
12.7423407272646 28.5316033618724 6.45872292810677 5.70503005375719 7.72776688533762 5.1579218154604 395.186566550848 210.450766706697
8.35789257091576 29.1762743613971 4.11074622560898 5.65134894747842 29.8270454182104 2.35500393335329 390.29562070905 263.803792169924
11.6151827609956 29.1745824807943 5.26790380044567 7.45852285065028 2.25315598301131 3.36241439597107 384.80453354534 324.692078744999
9.93103094364268 29.7009053630045 6.41083886423114 6.02844809438969 10.0431191685942 7.72601529601989 397.42719661617 281.494254492565
13.1417997087394 29.8346056125961 5.29269909802354 5.80548206398765 5.61398389175776 3.1667170777609 395.552451954171 172.654661170173
12.1949294363918 29.4199239740813 5.58067965599527 5.78611820668655 13.0648452581063 8.8135952747045 388.203743234303 250.624402932629
10.8101579097447 29.4305867017516 7.67536055964045 5.62501601080946 12.3579902828198 8.92261211731397 386.899029602063 304.508213480958
13.9779754620457 27.8428641262041 6.07866118854782 5.59996148651339 10.1437320756686 2.30891139292568 382.637424904144 333.678993165401
8.8043010881751 29.1316310336703 4.41814403002476 7.3865221272744 28.3580148893854 4.10428210250698 382.559510308226 333.582050979979
9.01053052118971 29.2367119287392 5.71633134846529 5.26577479573132 18.0901107178893 11.0451508969883 396.519837168387 226.260413547246
11.4830225142939 28.4182544063384 7.10836754020828 6.47772147218368 13.2995350879331 3.16653351146212 391.587982840825 305.608735677566
13.0923867235945 26.7797769064228 7.06501273579183 5.20999982668274 6.84653339717583 6.17617455528558 395.10570484094 212.256526862829
10.2138868297362 25.7551525724619 8.04104255762534 6.00226363356862 14.2327680801545 2.19456859105253 395.691006584912 328.671163964184
9.63974586939425 27.7333392739752 5.66124223115867 6.80422320641265 3.71366942736041 0.512412929795772 400.787934989358 227.513389069325
12.7651184021712 27.9764800170339 7.04264571484063 5.95315874526224 14.0939798845969 6.98441138834507 393.259317939502 218.211478921624
13.9160068743997 28.6422994759319 7.23902019659884 5.84327601970479 15.1598993675138 4.69720686537019 398.322109716122 211.366942154409
12.9617030465262 28.1204624613397 6.85720692493664 5.70392219268758 8.00431190413091 21.1558354586103 402.082146849141 150.076168926373
8.40316431115749 29.1515515147786 5.69274062975966 7.06192933186184 6.9680286166834 21.8334453627654 406.648472867298 178.401583877263
11.1652019779567 29.7426460893463 4.51081276389431 7.23913026950723 3.34861744303275 1.73340507177969 384.506949371262 353.923509495685
14.998280376886 29.5357604976463 4.63541874822325 7.0135034768733 0.154476780845038 3.28363938146917 381.951736976096 350.445244148692
9.73496093710893 29.7466368251247 6.20967424487723 6.78595530154841 2.83967872483543 5.03340504048688 403.209509783952 223.325836373422
13.3614827850903 26.9875299894255 6.33805328420224 6.99670488728999 8.57637607947704 2.53857411624728 383.415712589208 328.612579921829
11.7553530806606 29.3790448054768 4.88426045681954 6.67481047568037 5.64875203790096 5.4937198219843 384.508454045752 288.937710312019
10.8070484984871 29.2181023403329 6.82359025460628 6.23307428560492 20.6560440650035 3.99101747737319 387.380881082714 262.369909540019
10.7919459394947 27.7824279035939 6.51749511893341 5.54983276877905 24.2410444051973 0.706570082345137 398.280585863176 239.988815764198
10.4547106869529 29.3872281404474 5.60171831352523 6.96575375036412 2.74813328319397 9.99047441591989 398.96769490974 212.013039343574
12.8874494277966 28.1214948951324 8.05560891577992 5.21724422736311 8.77436083238767 1.39809026258494 394.605213779419 313.03750040358
11.854803134375 28.3061735128037 5.72364956308416 6.46947081401766 7.04131393344125 4.76155620805005 394.058186307974 232.57813976888
10.7389752659818 29.9299890488453 5.30851541625521 7.20919276211802 9.44088489812753 1.90288063096086 383.352905868414 301.681857563378
9.60449646098592 28.6451948947782 5.70083814074147 6.70428933912989 11.478110040073 5.31732421339413 397.559119831783 247.063637770561
8.0528129460981 29.0808588820501 4.97751276956391 7.60751904848303 29.5348181062963 3.34566004989397 398.136330944856 233.507832222957
10.0206417060263 28.1441611868674 5.9243674783268 6.29214699552709 7.20610874586181 1.71311664133284 389.671429312652 271.285698414483
8.54246874705444 29.1856386380096 5.84974202155949 6.92063095096733 2.71893025948422 4.87279854411541 402.24666067414 144.793332878721
14.4361285612836 28.5995488065314 7.09773486209988 6.41641409471295 21.2583464426516 1.84252088747941 387.170614029549 264.775426069577
11.2562666693748 29.3017505830396 7.14907168467035 6.0166913261372 6.77385248114666 6.15364661933221 403.824557781334 124.454738612563
13.4879129338863 29.2020004411065 6.07698089227851 5.78883972918682 14.3187219472079 4.43683031219926 396.863066840764 278.942410356452
13.0905682079034 28.5345662678796 6.70699820688809 6.48160390977113 16.8932013316986 4.19245233122928 393.624726393592 287.053248239108
11.2930647757706 29.2363846912869 6.47157788963665 6.66797722155083 10.2904609400931 2.65959603662367 378.968984851934 327.501752010026
12.2202634740423 29.0876018932772 7.6705784211322 5.51435651901166 14.6461666657643 5.6629852664826 380.029646849357 291.781313215328
10.8519247635479 28.3496264993875 6.97548011175378 5.89868660353532 15.8946342182627 2.46399668207141 396.457180789816 211.137655720974
10.7235670218916 28.6055790185077 7.58798849044597 4.92900338335661 12.5547927524976 10.1772156376816 400.959377361293 172.238673913957
14.4090699388072 28.4345650216313 6.14910307862666 6.47948837093868 17.9313193633492 2.31422577675303 399.960725538854 136.691460505393
8.16709438610646 29.2829952621655 8.00703695547513 5.23907347425951 26.0421154788283 1.17177655552076 384.571712070301 252.370608797433
10.4086866012843 28.7151401076719 6.40571395205425 6.23180047792881 28.0477721634619 4.94345276186742 390.130671800925 288.553733587505
12.1027950451992 29.1538701447627 5.96591019094361 6.81641692116139 14.1679249645508 7.06437782125617 400.791428413619 176.865554903686
11.2327684963943 28.9792038179439 6.83149799409856 5.68733949775323 5.35295962038528 4.12406007841805 398.024155726734 219.324777200897
13.0624426831066 25.5832954105529 7.57176737490586 6.06085949098708 6.5326072717537 3.43931269935471 393.242652213475 301.674834013959
10.959758942828 28.4137911081725 4.67065464427968 6.03513992646895 7.56876555343626 3.62628687248907 382.373698346889 298.185977656503
21.9824121213155 29.1994532718702 4.70569715765284 7.13037436056499 12.448108107332 3.05997571353202 402.087360730196 198.379181625453
10.8975949232164 28.2392140642582 4.42433623758926 8.0691703099054 16.7615313575899 7.55602085984329 387.259218627019 363.983753235791
8.58073912885636 29.4712165986301 6.5538720210232 6.04597251934981 21.8987837697612 2.64467477882602 395.578573687821 226.909317413449
15.5935924051447 25.2044423500525 5.4615836011724 5.53426067540112 25.6653828241686 4.91985818122853 393.097746511294 253.556442473919
9.04645381334744 28.3549296353566 6.55582625810509 6.95348634686354 4.88901351830131 2.37286438711162 396.624839036236 245.94970937023
10.5488203401978 29.832410133613 8.40993447986824 5.25872971522173 8.05335551873702 8.8211105451794 396.786404186621 171.103214019316
9.29409559244748 28.0009704320239 5.62645630832662 6.24253015026716 15.5447305941156 2.34103035900001 394.968717722103 241.049967599984
12.4944860592339 29.4800093661747 8.17800078267311 5.8240612380017 7.31877693034502 4.13329494910572 386.397325968302 270.812651391063
10.6432656987706 27.0857034405301 3.95892805381036 6.91669511730215 9.98049225097137 3.74368745239794 390.097338317781 318.42945230792
14.0134287619497 26.8786813235227 6.53099392188114 6.02461815390034 14.4773003943215 11.6636738277854 398.321459645443 220.099470132641
13.0403228801234 27.2332306671749 7.27779988484312 5.75868727969851 21.0244361590717 1.72352472216696 386.353913970505 308.903154891966
13.0415841553007 28.3490306292875 4.82071224829564 7.15116098145048 6.80896032101348 5.26022598660182 391.242979144113 300.889403553131
11.464579371068 29.2257042401628 3.7210238849172 6.71057904992673 17.6877108323192 9.83442225213388 385.74889302741 235.966410815057
9.16035455602873 28.2042246282261 6.66335925063166 6.89681544837166 7.46135814868381 2.67777323248026 398.151940246699 238.599624789849
11.0208671491853 27.8811415228624 4.65587003875091 8.05295627251555 27.2438370687856 2.2181247382317 397.357340128544 176.583558658705
17.7210715718991 25.3614849101885 6.17301910404866 7.09729460317296 13.561446046637 1.78345988608134 383.870263509802 353.089475390266
14.6572913152862 26.5705008586547 5.73031816821978 6.046860400124 6.85672637498723 1.40263319026055 379.205812839887 366.476542820252
10.4606447808102 27.3373223410491 6.1398086681378 6.35634925676498 5.0728562440189 2.22738228445462 403.05382884989 155.206681536121
15.2418746500024 28.4201666200959 3.86763935660064 7.29015393663599 4.6983915340569 20.6555818635974 399.238846757586 157.974887288124
17.9107216402861 25.9703497879267 8.78206064914149 5.1757837599223 20.5550854418663 4.16654235015755 401.798446265855 245.192556591927
8.38845808087718 28.977675451161 4.89442150017419 6.59333569459895 6.00661222957593 2.18128363765331 395.774770587461 268.069865275917
9.74556996872442 29.0997999758357 3.83421285182849 7.94536139361456 14.2823969129191 0.314849576659742 401.197031069983 150.600387600259
15.0343240784103 29.4790361220785 5.00904423184605 6.36170087284821 4.34434403483531 5.43792263430791 384.178467163611 307.336218975797
11.5508151377936 29.9688226530189 6.31955448960773 7.22982075239495 11.699117837539 4.0696612840208 376.591730616884 326.589587693191
13.7746213618052 28.1698705540424 7.80109267681373 5.26616545353743 11.256406273988 4.45937890038875 388.308032030728 264.51669060048
9.68070074582415 28.8502446120718 3.10859031900139 6.77761982580691 7.02894322316349 1.81728644029029 396.654592751219 216.09439380016
10.0258210394625 28.4589695429362 6.73195453709373 6.40807445974136 10.7432211360895 2.70121600647957 389.776577107963 272.177012223543
10.4772169857339 28.0738920925576 5.65865496545307 5.7597146338008 13.1700493712223 4.14355586154369 401.483099981482 111.065813255247
12.9737653509791 29.4368857891248 5.29259966026847 6.97372330802157 14.3586043743764 3.71672967127589 385.835249080989 317.873246509036
10.4824488950965 29.8490285317475 3.82902333035782 6.45000815143306 9.02370127908839 3.48409957377622 389.449077014715 319.112911036137
11.688113260965 27.1077913733616 4.78536096221419 5.98393682146052 14.807547270125 2.47811949346633 399.972616573739 227.134290156038
7.64889061052495 29.2756043272449 7.01544238984758 5.84464346807036 16.8263806009286 1.63281950622595 391.004190933734 255.444715582577
10.5767712394725 28.0591030064553 6.77428232452209 6.00165745227353 13.4673546063458 7.59308221161966 386.0614665736 276.387725330345
12.0679431658942 29.4206292200018 5.64494325749221 5.91367555787567 14.4123893212763 7.28031087390267 388.834573711061 281.336681771342
12.616098369944 29.9437873299256 5.14747667264743 6.63407267044225 8.63607383887863 5.36791918928904 385.20100146582 230.21615133755
10.3718881871932 28.3904035646681 6.52497498682781 6.29353892026517 11.2034218306956 20.888943392865 381.813751253534 278.899699377834
10.4238390517238 29.1715551096153 6.365602992485 6.70935243156498 19.0813325506733 1.99412180432029 395.74910620815 304.552664813955
14.8907078126225 27.9514945832181 4.98965230317394 6.99544306468326 12.9847434008267 5.96831697603549 401.552194449543 182.962134067821
11.2522798392451 28.3347632056694 7.41294913915728 6.29006920247775 10.3819101716002 1.08024837058403 391.235078344909 333.25643636472
7.3267421105855 29.7868601320914 7.89491958443915 5.15534677536768 4.18276154722441 4.78155938071599 394.939149658837 213.51462069471
9.60041851814903 29.9422355598388 2.23225073631551 7.70821501181725 9.41584232475202 8.03160667702202 396.604301022969 240.871952776111
13.9200603542927 28.7354469324098 3.06700538899168 6.80197350824997 19.8434135054439 4.69379124299035 378.367362787872 328.793874109789
10.5908151013839 29.2050042996222 6.98868947876324 5.38563220917145 8.84857072593409 5.09621342481585 393.138878914625 195.823111603674
10.5467189570114 27.5365924468481 6.55822433232561 5.79649991306516 12.0590368768242 3.76509853195338 395.321396478759 205.322826410152
10.3070186576292 28.3613614591352 6.99921033212333 5.82094707213407 11.1884225856735 3.18650843829665 402.798614034396 256.641415448504
10.3718922900563 29.3603435595032 5.66695386936522 6.13069668870483 23.3479197453782 4.87355321768889 385.691298802469 258.452750820822
14.3808260153501 27.1306508412309 4.69194478985317 6.16589583203576 9.4263980735446 3.12988976514021 388.419713140744 303.014206337165
11.3734802634124 27.4264352194856 8.05633626005385 5.25919950040546 19.4549003662616 3.79297857062965 385.038694281594 306.01065556241
8.90612396475794 28.357058109295 4.75287610166342 7.05371954596775 10.4506626914013 10.323032551397 395.247667153164 261.632631363688
10.135087877804 28.8391378521412 6.00025451450544 6.62886836095485 16.1868077581676 10.8841636719668 384.904913796124 329.115294655502
13.8306815615909 28.3987282923447 4.82837379895083 6.39217620640322 9.44772522685143 3.18326455912966 387.611282190361 284.983277904728
7.98543739783631 29.0527256352494 5.0950510278908 6.63072442517455 11.8655594592182 1.83156267018674 399.969503066739 148.337358966982
11.930831051998 28.3542052917934 7.10801113794781 6.80921542628232 9.86799659445997 7.24843804494719 399.750213205747 162.906265579338
12.7047860953014 29.5950414012896 6.92284831344582 6.24782743737873 22.6940432722192 0.839222508932138 403.35675398586 198.668450291314
10.4876630931655 29.7156926326346 5.77238037458295 6.86566941919618 7.74216904845374 12.8023179928272 394.666099252541 260.130648744386
10.3236810860173 28.4026581843132 6.40808856174806 5.64675283173805 10.1812430854133 2.73351092592353 395.369735924307 202.025713649523
10.1244858516372 27.5547716832933 4.37537289409311 6.89712497141509 4.24795373239408 2.00182332043769 390.577273640791 311.766870120083
12.0764153733319 28.402518482168 6.08143379201403 6.69108134182868 15.1208535696329 4.76034035127307 381.646970480868 284.369842054961
7.06011459727804 29.0485183361764 5.26621740280225 6.80408792658976 18.4351662470524 4.40909778393004 396.437079216337 297.260112574596
11.1831531022029 29.1509243800158 6.96514538942581 6.73888840099841 2.46791066474962 9.24295005166398 390.144969371768 305.114321418733
13.4588650562315 29.35963005877 7.17511988970995 5.89164068968733 28.4037250567368 0.839096012031641 390.591991996956 243.188272377833
9.63415072557193 28.1152152660249 5.66943915087614 5.41094385089273 12.9280127623683 4.23888412582107 381.850826058317 243.696089421296
10.5428296055476 29.5134263548777 5.53737725562261 6.6154199769565 7.22945887285999 5.28966050984641 386.816161102922 326.587875754717
9.48435394216568 28.863391527836 4.10842888169406 6.72400832967937 9.58672606269757 3.93228699537866 390.21124121642 205.571686487661
12.4920343398951 28.4060736184708 6.58021609816351 6.42359850288043 9.01865566554957 3.82740821127733 390.82521312384 212.093656194686
12.5702062652415 28.8964904351727 5.47070931814227 7.13178623169397 19.0515893853636 2.68801061549958 384.942571643832 375.40304725204
11.7200176398697 24.447523320474 7.6750870867171 4.74781317467601 21.1325820643891 11.2885997873964 390.942771551633 235.160229710881
18.5247965359936 28.696578265031 5.70092907969283 6.95738525357308 6.4129238645511 6.80797865471264 381.158217371931 317.849863713516
8.82735630643748 29.2626046402283 5.52868812271151 7.36864435532667 12.8677466541242 5.23727397812157 399.311938771635 173.881789668833
13.85894193893 29.467193768403 5.33539025166776 5.673751949087 15.9353149264224 1.94454494024588 391.15842031558 265.463618912249
10.4569317572525 29.5208278316351 4.09829245022527 7.02056039511293 6.32491184867793 5.71501741567499 399.88784110425 237.399335418568
11.3271798769211 28.886045364912 5.76077077502486 6.62159265841378 12.5887139312609 4.84155639324958 389.36499954388 269.499127528826
9.68209691611563 28.2335097522401 6.56420821193569 6.37536627736454 14.4365148922254 4.58260578074959 397.71360469083 278.8744200395
12.920633993932 27.6191591228503 4.73580116061557 6.04668484034111 24.6634542222168 1.62818298977795 373.515206683632 320.331204063056
8.50616778564221 29.4269342593967 5.33714980713674 6.70345289865483 12.4336553292487 7.36916434941422 397.804704137995 174.173643583071
10.8072874770259 28.5269951637953 5.46761365815646 6.89945914343506 12.588360227326 4.17540202783575 376.638501779957 307.561493270204
12.9983255514672 28.2864537869912 7.13953157045474 4.99050972877398 14.2761509974311 8.26949398686453 396.723760004334 192.373207394941
9.32354767759214 29.0486386755143 4.86891464176265 6.290110567831 8.06148514692472 2.833511728543 391.854989726945 286.72419403583
11.1136343288327 29.3840990276604 6.57087040767853 6.05850158630376 19.3531193508197 7.8063944190681 382.723261470902 305.860658049019
10.4161785273996 29.1846744363045 3.02485150898156 7.65459236298828 4.68387346971499 2.8845149254775 395.484415862085 287.492436155908
12.463026794468 29.0589203928822 4.00564293643179 6.2609440802129 5.78204243166206 5.53060658299852 397.615479170957 167.799733266995
9.44765299890264 28.8347589520252 5.45415573415203 6.84555336347024 14.9119853906049 4.07451703528404 398.463875234561 233.282868882332
12.7188429883686 28.6491574600352 5.63063127181434 6.57374145097412 21.733531042043 0.984583403711926 388.062126208252 358.910604442296
7.62178025512795 29.5547552679633 7.87830579394375 5.84374680800504 8.6464303790891 1.82804446959484 397.900037028011 215.337273021516
11.2416272420592 28.2054832114055 6.12167485287635 6.48916037775446 7.00782506114641 3.31913040532575 396.902613862967 321.57207491487
13.8765096020982 27.4058050654123 7.74321623259829 5.68897889276141 17.2879308157621 4.78602295249245 388.427520686685 338.470282630362
11.8180720685543 29.2510081205367 4.55317826222591 6.13649202033184 11.6073099075314 23.7652859922031 383.618790641169 308.170208365202
12.710762783841 27.8902550194371 4.09209221555537 7.49431962562071 5.28563220444741 3.94136708943139 390.29955191768 297.55854947862
9.78212777003422 29.4782807655518 6.9992446761742 5.71856488491448 14.7764433925069 2.4337918338674 397.130574786074 190.837532688612
8.79799628454337 29.2276590132478 6.49167990118718 7.18323793204523 22.0263587002265 5.82797016688976 396.082811587284 231.073269061095
10.5150398264222 29.5468690798213 6.96313001900379 5.40154134157869 10.7816192631562 1.39090640331122 398.52482438213 194.405741087384
13.0931488520621 27.0954072013882 6.48479276178672 6.60183643837188 12.8683187987644 2.24204070981806 404.134112006487 194.788319160844
10.5256577552606 28.3012672558609 5.34676061917303 6.99253994956927 8.02117938952325 2.41396981832663 390.279442650852 305.161525362667
8.01855553164017 28.7811451354752 6.81422593116659 5.62596982782959 7.56650089599043 3.27454608433811 398.311644315831 194.862726428829
15.5806469394902 27.8148448357104 6.34994667268026 6.70730454295195 4.48122174608395 12.2177764698993 393.683494014135 311.275452818155
25.4511443456261 29.2209923947932 4.61686319125514 7.05274713096684 13.4287459518513 2.03603270887346 389.057157304382 301.160291782046
12.2728728051471 29.2478990279057 4.5941379323556 6.01950748573927 17.7922679091169 2.68400460243706 389.6367413081 296.394593227608
8.63669359151554 28.6850152470514 5.85328580749718 5.79274678530321 2.21864507649093 13.0763386893031 406.63080614726 127.413591091234
8.90473595322431 29.9050654827949 5.80521433245533 6.5821976234933 5.86749188567823 13.9473665829657 397.237652155415 185.153625578173
11.8858414295262 28.771880335797 5.75528386791741 6.23769177542723 14.4166462528678 2.00132044287792 390.595817150272 198.025430605273
11.3174529793281 27.9800428369802 5.53945955475197 8.03741008673472 24.7041025834151 4.02919318963629 391.028384787173 363.863543439812
14.0271644201549 28.8048723828391 5.37683358469143 5.76193239792759 10.6544450831974 1.32048443373052 397.64073993682 119.772438375209
9.20648209072931 28.2504324334475 7.09644774892927 5.96369803065555 9.16172154145018 1.74723232882069 388.396281877637 327.032898265096
12.8328037704105 29.0339215221949 6.87953438863109 6.16648959647534 23.1540526266607 12.3603798728826 389.123364810873 241.25321827919
12.066613894075 29.0235996726645 5.73692619908877 6.84356832712698 7.07680163509945 11.9874763276249 392.254985589474 248.926819403854
12.5433653270018 28.5230007385864 5.59823861543169 5.47827252573787 9.55386405852449 5.37271352052133 383.959359067581 221.89218626562
8.14094696764057 29.4044895052067 7.28445599341658 6.4107249683722 3.94785596531781 3.27985602159464 398.072762478803 261.333115740996
9.06510229327193 29.5322136346338 6.57330136731955 6.28173025185129 11.5185133275718 2.71631140809995 394.647724513862 228.521184311464
8.21951336575713 29.1606049732962 7.52524883366232 6.21345220242074 22.3300015294525 2.29138456565112 397.955017309452 242.208045363537
21.8897172121982 23.642189684685 6.76181369796885 6.19926839700063 7.39511534244477 12.3902516791776 404.685804629965 225.486764193171
17.5249595099007 29.7902703536466 4.75323822736826 5.25871777018171 19.6237708615524 4.94370891882329 397.713488645965 204.24984250252
9.85642688674703 29.3679850343418 7.02113535473116 6.49034708544634 14.5733548390161 2.07254428696429 397.463005504393 187.83767976134
10.2416645677435 27.9561738078644 6.51986293928749 6.55192542648472 8.88511316572935 6.92793391743705 396.853032767327 224.459725228394
15.1768219866637 28.7271844903873 6.93698503480634 5.65388318449557 17.1580505852349 2.26615833215605 394.229504995145 293.147370606802
11.9684358367848 28.6929061098194 4.58005745990826 6.44835707410112 10.7520381220813 1.41160731520637 390.560509089721 268.994238228422
12.15481251273 24.5153297804982 7.41589879977986 6.20459983419034 6.00901108868477 1.25776948636461 396.501177200005 258.346542815545
9.44189632850709 28.6267683341925 6.24398515857165 6.87413299710458 9.16819991074074 8.43708085381009 396.646713907199 253.380774033264
8.79125784483028 26.9761143155274 5.77848630485767 6.5515302209775 15.8163898850835 1.92772841319478 394.240640879338 208.429951205091
8.46786128103322 28.3802126799621 5.73219498779467 6.54054862033472 13.0824638415551 4.81741681781081 395.71487545384 242.427724989457
12.065011991369 28.6008642665359 7.33897771418764 5.89068777183597 11.6939281155474 3.57749107951824 385.918982052727 283.634103074887
10.6827102443583 27.230242664621 6.26007632614603 6.80739193118626 10.5417995789185 1.75731460323771 391.446786908617 317.155584990466
10.7771948150781 28.8465108481371 6.18490006181661 5.45761546895483 7.63254562441094 13.870144886217 392.898957209074 291.795626619651
12.5026430653933 29.1590088685313 6.32924883346468 6.85050105815749 5.0168311038465 6.86873400116764 396.370204687648 224.31117042334
8.31793443966903 29.346969486476 7.09655419790605 6.86098097401218 10.0047798018968 2.23362055980949 394.445159893781 290.054835689034
11.5651829010151 28.1929309251717 6.72121298610771 5.82920220290126 3.77628711115896 5.08990851551833 389.87914969155 321.766297708923
12.028045614763 28.7923917435875 6.05596621622903 6.58178379529771 12.4058996139247 4.72437019034708 389.494853294711 310.051128777698
15.161017694055 28.1370722035923 7.49272290639969 5.90731843260332 11.0391548338424 6.448092851123 403.586474509962 45.7844938335734
10.3604710178408 29.9398670022979 3.76254740338608 7.64379962435207 21.8397259860614 3.9402071196594 375.27405418153 320.61263328805
15.5517291193968 27.6680719878604 5.64988927080205 7.04514975979603 5.25889314197827 10.0999881268364 398.85455852346 188.531802809553
15.2038305557244 27.7892065025172 4.38004925197569 7.37020858159555 10.4618026960218 15.1304290170131 395.023695539449 263.698499460236
11.4549894896833 29.2250952941427 4.17708374186147 6.60287236398882 15.1154968103081 12.4836236516922 396.788033777273 207.633198078173
28.270032399074 29.0780282637095 4.88406679098712 6.12032389804699 21.2796137021392 2.47649300331818 400.4809745787 116.178831325712
13.0651834266687 28.5461098124967 6.28721079360968 6.92714374701431 8.1851770941934 4.02262908231923 393.199496475802 221.45238011788
12.1704230873582 28.2342050428067 4.57247617033543 6.73067702709897 16.2410172963202 2.84881407093376 396.326371266753 285.971244926461
15.5980252742491 29.3532082493107 5.52857722132232 6.26079463922192 7.74461228510083 4.06036999981677 378.94737980271 317.996831722401
9.86530036229908 28.8978612063532 6.00990075175147 7.24514147473717 16.1668340139386 2.71558536863253 401.530376756922 255.912155157907
10.6789195668788 29.7899943625396 5.51887285098102 6.26211271904223 5.56216151113107 11.0047916205137 399.551774432096 149.857371797294
10.2876399723868 28.3540978979542 6.60039357188988 6.25218877098697 19.5545358248196 3.56756602655623 389.0715628985 326.748132208132
10.5227788461376 28.2822889788677 6.39593210914431 5.50364938140957 8.16440010736364 1.87371087601245 383.627456777992 283.493730204911
15.0274906699739 27.5343851575477 6.71985870664802 6.07930382694213 26.1582231805104 2.86515482026904 384.375845761766 233.001576679934
6.64314046021144 23.635968390463 5.91015676246757 7.44889288397763 16.2502459029625 1.51168808710477 408.103720536935 348.940038960329
13.8315779174203 29.1948510987813 6.40811849578878 7.44842622907877 13.7655753150805 1.64169231597102 396.13826045287 273.439474482295
14.4845566896074 27.39439282237 6.39940256076912 6.64770826489646 21.9817242215638 3.87374574221786 385.391931523601 294.000293680316
9.8017892549775 27.006244576883 5.52545317423972 6.15913217905659 5.45245433532899 5.50108700613978 396.109410880119 213.669240139377
12.8618403926239 29.4010328737485 6.76361720742525 6.40792638354529 8.75843250806728 14.1165900639303 396.128212404514 243.562643052247
14.1727639725273 27.9055772060696 4.19476240823464 6.59683411871884 8.59499034936399 6.85570234719727 384.375179156237 306.57527137155
7.24372742304046 29.1291491924925 6.73819079932316 6.50830882032442 19.1624307244618 7.64008586596232 401.349005738628 197.341040067689
10.1114641881452 28.8899566297798 6.26968608898964 5.92664442927677 15.6967883081549 2.4988139682448 398.145658164865 198.296124753995
12.0367863356429 29.0566857285666 5.28228891815441 6.76067834029777 24.4814387359205 16.2215545956425 397.433030275487 262.260735321568
8.83556176194706 29.4643945422253 5.52864738541982 7.1667028135678 19.3923493797596 3.54791905766118 388.084415187991 360.059373257809
10.3364809332208 29.1668286270838 7.67158025216303 5.90074057038645 14.9032795694367 6.18127026969019 389.265440742082 298.055756576079
10.0811443546351 29.4969141690673 6.59051044050088 6.23931039525269 13.9348470986548 8.76190463487772 404.132646817375 120.725781250874
11.9850328503539 28.6759842431398 5.44214621662706 7.0843029226139 7.66816766998159 3.89682280686103 380.356555240457 372.296090257826
10.7401151082732 27.1386510974664 7.16010958908145 5.35068118242207 8.18333853014482 2.72553024060956 391.20482123896 296.085328832837
12.4038190783053 27.1432690179126 6.56910837448375 6.05671047573901 15.2910666743999 2.99552176317407 381.740842011676 295.122077934888
9.05171426960122 28.2423219593792 6.74230699236075 5.87950748129907 14.522858785781 4.72034093931646 393.488224504974 249.207617029377
12.3298746480661 26.999680691254 5.10707264916787 6.65551167997658 18.0748351091016 4.1247981915656 397.857699881677 241.730292558551
14.6206584189402 28.2736140292973 7.08871472899611 4.89873708992678 17.1103302019088 9.71092611233082 395.835902667464 254.657244530723
10.2229189803126 28.9830646849811 7.13049585692532 6.28955461372572 15.1755854922981 2.63283751753015 387.142940317522 269.421031470021
21.7469292998344 23.389720106996 5.42071752003643 6.75585824465426 9.41358687732695 2.28912570058763 390.889711856195 349.906544466376
9.00530474499739 28.2237775269694 6.42752217831969 6.90884830616142 15.4859244928826 3.65282745422041 398.363296542798 205.544135795634
9.59834148318402 27.6944987061932 4.33808502420588 8.14234346113088 9.94522873496616 9.19866704147029 393.572190615426 308.567035438677
11.2108450313937 27.9831788145868 6.80488630574524 6.22125555526316 25.890322116625 4.19643148053094 387.387818632924 328.355187520822
13.5305394555035 28.0370519890905 5.60544637100444 6.65622955176483 14.6994902307764 2.31291042120834 387.264745605283 231.018143366849
9.68810475041807 29.546043185538 6.59549558333369 6.43372641361605 7.63787709712155 6.28501943557221 390.910466908964 203.782958515764
10.3941426889255 29.4252840266985 6.14566355035041 5.83807004004326 26.2354199453061 6.61131188305454 387.741338000469 283.517186257017
8.68489935406358 29.4991446087299 7.17976930366426 6.0783863172925 8.01054561825784 8.84391201796151 402.926014247541 252.628058006235
13.0325162552542 28.3587337373598 6.70357720851821 5.93400522947395 9.30871082806591 9.56331559409924 397.66726946326 239.995783744406
7.72707336772947 29.4959484641336 6.61661131755912 6.54821217365356 11.8727307668453 8.60014210259555 397.410723716456 232.961638974384
10.3201736035744 27.3394902146475 7.5173533323214 5.72301257276094 25.0048800677548 12.250200080875 392.725793290967 279.562378720193
10.5921462265233 29.1767187029835 6.66769260526185 6.83194225752057 16.8427738321274 5.74573431778364 396.607980037898 175.79670673013
7.66470904039772 29.2975553446618 5.38257224882966 6.20250286253943 7.27169724041218 6.10759020975426 395.309382479261 216.135036703101
13.0010321633066 29.187668942672 7.20848687326621 5.94526580646421 17.1932184678674 3.33684465459247 395.212883502675 228.848097866315
14.3043830688165 26.225965358111 5.40319756529688 7.03763911613732 6.91900393289618 2.50591165346835 389.933237393266 290.995862022528
11.8835476538144 28.5190083799727 8.02489428201945 6.19140463852176 6.23470726228121 3.73228228488902 396.749453327831 219.008198340136
10.4650916668426 27.8189057860995 5.67533972940067 6.50237411873613 7.18711244356309 0.916199687465504 391.433560457018 334.047205202365
6.13329232477788 28.884269031648 1.68281963920333 8.7312664269992 0.853552907898134 3.20706522905409 403.749262023203 269.063280214487
9.7584695058564 28.6160526105972 5.70594459484869 6.34534136630112 16.2999365563226 12.979522186844 394.789446734391 298.265955182632
10.3189139285876 29.39967915849 7.47802934211696 5.81701359417834 16.807982476492 3.18762705960245 387.096229000687 310.097837688089
9.90943607896118 29.0124069072414 8.05392920832222 5.53147241765305 9.90599417419812 1.66300685193309 398.790003208368 251.755865416672
9.82342506817669 29.3815202731463 5.17036277094112 6.05159495047633 5.47840303517001 2.47457004227814 353.855655873995 321.355241395343
11.1878139225662 28.9182083873268 6.6091024498168 5.77179749534018 10.4509802748949 1.93783446889645 394.747364154161 212.379043764085
14.6094980607834 27.5686945394947 6.94752581433757 6.07828655725178 0.488451260013643 10.5302961861631 364.50454466794 376.041788668626
14.1477098745628 29.8789992365294 4.57868720343918 6.97636078298845 28.445797684283 5.8770343053451 394.559294292843 186.708684406325
10.1896363536751 28.356252453728 4.13955719222402 8.52727932094503 0.0160976931567874 0.0720632306286363 398.845229891857 343.633381443639
10.6260195839298 29.1272098215524 5.21242381629886 6.06335363069562 16.2538011802922 7.84615949076199 380.589756935235 305.269512726338
13.5383237491602 29.5364940204755 7.52142236134569 5.22223524796984 21.5923788781728 9.20158036379133 390.970446862907 245.594731005172
10.5464085641108 28.2557411454144 4.56972468249253 7.54759736464178 14.0677110537058 4.13137179730874 389.885679035624 342.992861038078
10.0982195401177 29.318093244139 5.57331419245513 7.03329929935153 14.5028442300197 2.27252540033081 395.789211543988 186.389036084393
10.3269719786411 26.6744879714008 7.33572348168296 6.11941282582095 12.8535761085859 6.77674275169544 399.544080970837 195.578278625253
11.5454206737634 29.5133406248865 6.12104397404297 6.57240158477315 8.69768453796546 4.94343920706897 388.108776295041 329.383301069431
10.5389997092836 28.3307538051867 4.75710277155623 7.03851641811961 16.4694991896379 3.8746519489882 396.91668225172 228.627714624628
11.6140909317735 28.3408547405059 6.56660553613679 5.81605993347261 5.95870923316502 3.54723096388029 394.531753210003 275.259537165561
13.9881109171878 27.4667490323938 4.88748602791523 6.58396184707295 9.47285301959413 11.9312719351224 393.39656729032 298.306418004764
12.3937699267184 28.1894810343457 7.37534209791996 6.02637959659342 18.4576778615439 3.04503884686991 381.178592725467 308.240406349555
12.4669036462104 28.1573448233541 5.60594449160015 7.19876693251689 6.20603653923918 3.2201557898154 385.009310155461 323.170616597843
12.982568210372 26.2177220954456 7.31468235366069 6.57706260226053 14.3445377014407 6.03430505153865 389.692448724683 322.220469689039
9.95150140439263 28.4980742580557 5.41678045113422 6.67898259610018 9.21810638558961 3.90970610494972 399.797082772507 185.847312108952
7.99834575198209 29.8920648534226 3.96084977371406 7.66734266584949 15.3715316045568 3.51143101337268 391.91752816855 312.638596444093
10.2661588066305 28.8102737248694 6.3783191608743 5.59406167370574 12.357066940356 6.76132255419684 383.417961791882 300.904187178291
8.85001703955994 28.36812688987 6.93698785385589 6.00344944526034 15.8756003929611 6.11867330312271 401.34594661765 263.517265309933
10.2743901991874 28.7479285305027 7.18356069700678 5.89714776474119 7.63352710671828 3.43022143058733 380.716554853652 288.648465334624
10.8266472924151 28.368940814735 6.77594774910154 5.79607875045968 17.483551349503 7.37615927420983 394.07236034695 263.084966873422
12.7557237616601 28.1495757016126 5.55132781448371 6.33349518564794 10.8063735514041 4.45879104419559 385.55058457953 360.421927179811
10.1686016075081 29.3569578239011 5.76850273546887 6.27614659718121 20.6611633116454 2.36359705193818 393.34865577882 260.415865294518
13.0154118193416 29.4450866303622 4.39288577828982 7.83812868416985 5.17879640414846 8.50039810054333 395.88801746386 284.660971594019
12.660597692545 27.9505982912221 6.61373961710375 5.65483353520797 12.8360370465329 3.29088094297746 386.244584464864 340.767084133912
12.4152378290507 28.1959484062804 6.02403372853291 6.26787825135352 19.0290120472359 4.77166186551763 379.211499089012 313.671377776964
13.0144333503013 27.967691945576 5.17189633971095 6.72794986893344 15.147392901876 2.91653548031131 397.596843715229 197.164896727418
10.023687910068 29.0157689295334 5.46526428595489 6.13865856358624 9.92477061860655 7.47569623840791 387.886676314012 294.152308380297
12.1804555234853 27.4316171721492 5.3555307851558 6.03940753749425 11.435247856687 4.6940392202458 397.160175728805 317.428185369898
14.1660492663307 28.1280665534477 4.05929724650661 6.39579005704634 16.3015670382444 3.41411371680851 388.525350502478 282.8473520407
9.54914986718405 29.6697977594627 5.47535757583707 6.62893867629979 8.51771515205387 2.94413502454516 398.022971909359 172.413683819965
10.4827142657456 29.2465786046224 6.46822077839434 6.80791389971897 6.1389890100519 10.219781752153 389.845235708975 298.760222070421
8.66779151465772 29.8180667735104 5.37837016415696 6.7126240068987 25.2272477563961 4.73007476243039 401.111541552773 183.66293697489
15.7699090957471 28.5920838987289 5.0626232149724 6.63857901672029 9.49506782396532 6.71388113681551 391.686385507087 200.452724214764
13.8723788437096 25.9507580564402 7.55888097676829 5.99739498361302 5.17622021365364 7.18920032858308 385.998764900298 313.772630435216
12.921248368354 28.0344653353606 5.047745524785 6.67759546701071 6.21499223313078 3.11803706166729 391.845774323404 304.606451353048
18.336976833913 25.1939799039666 6.49543562264389 6.66761161044823 7.48836766682067 2.72732939492291 377.755883161152 389.545571880658
14.26300302358 26.7606124235501 3.8900981837609 6.95417946020246 11.8558586804209 8.96322462358194 387.162632004294 364.38651136584
12.2054630695016 29.191275565924 5.14956251786666 5.85542004379412 7.09924081529516 5.68103929934101 389.4603109433 148.678938884242
11.5149958247555 29.6985673028867 5.50685176761179 7.12095943109766 8.92077650619687 4.23526928217094 379.10994480628 319.82558500442
13.0410650006026 26.5666032608097 7.34461820772482 5.16463441679221 9.1521497547987 6.589689271908 384.46373724072 308.968349661279
