24.5441478216017 1.01073583638537 8.92713318513068 6.28936016884957 23.5402794440443 1.3225790758828 283.260604797952 27.3583487403666
22.0102131365423 0.987370744750417 11.047855171914 6.28584659627453 26.2674211191119 0.78036048181531 283.581722662856 77.1862834983896
22.7238871014975 1.09396452408183 7.95253913900726 7.79127142466989 20.1305616252132 1.40173502518315 286.990057378274 82.8774591075562
23.5661604358844 1.24069108720786 8.47676405535047 6.55952721133602 29.5258864131768 1.83120152281879 270.739162331355 44.3370447330794
25.5653559608869 1.07518761976054 9.75607190489665 6.84166299224901 24.4223720035398 1.00238183923957 256.146958247006 25.6577488145029
23.5897691297175 0.96333368471314 9.34231472509101 7.99566855351103 28.8373648270516 0.891577762783858 263.232522386978 42.2829471077399
23.4677922520197 0.935245928173335 9.67116725758579 8.00612435133426 23.3928652166832 1.59797151640208 285.44659202554 57.3513821484206
25.9724010505826 1.16956387276965 9.521615060411 8.22682262903947 25.7643848762235 2.71008812814148 289.974126830765 34.9080861656641
28.4775890599758 1.28436435232845 9.877281024421 7.87365980930945 24.4574287924503 1.71780788001262 284.741199852253 22.0735585249523
26.8613019656871 1.04147907559397 6.03133357283642 7.59871304971936 22.6817735765857 1.01674790971416 291.3015538383 48.1824102117878
23.7765006960389 1.26320578923732 9.01576702238531 9.0623915137595 26.7319223652528 1.97100091917162 287.563600624625 58.0429351579195
26.8587261330031 1.1733236457162 8.47465139908858 7.99294629384352 23.9106834438156 1.94959372619594 291.496466586127 37.6771743655545
22.9060718005883 1.14794019402543 9.4455664682261 7.2066025702323 18.17775232865 1.46737716594171 295.572975321076 67.4104626889413
24.9260023341689 1.38157163294586 8.96262816814161 6.98047758548531 28.5965248139956 1.66571842065705 298.885007326605 17.5591802591713
20.3409692401954 1.27825354445954 8.55776992349299 8.41850189571209 22.7393476647296 0.824983006763348 272.446342543146 81.7587285109144
27.8083558209075 1.07981909465181 8.54603750021083 9.77027729027208 17.8326082074528 2.0076848002257 275.977035917329 26.2492181195979
26.5512767472936 1.25375889222521 8.85865190163773 8.77131061498799 24.4142383950218 0.969056656064244 274.510643852175 73.3570779352354
24.1823837912582 1.43902241978251 9.6076574801852 7.16615587516 27.7184116485506 1.80698843607653 288.678604337373 29.3372177051873
22.4256633044807 1.15641032240175 9.82045051056312 6.25492883540893 25.7431563050833 1.05045263525561 263.198757858713 41.8959633289735
26.8416646366192 0.970176730619367 5.12988245104026 8.81368418248596 22.3686410384549 2.07962635650226 285.121582412164 65.8128565422806
22.7577038843238 1.17097860181221 7.54330669704864 8.7732901083641 18.043695786451 0.295568496359576 265.796830198584 120.112962836309
26.5071851851758 0.986421772079745 9.65469800022396 8.04148061609504 22.8032776914668 2.27116139587313 272.572041073541 48.8891420525075
24.7700479715697 0.901860348682556 8.15232723659184 8.26168030778197 22.713929444209 2.02147612786407 272.395387593819 97.0000834107867
27.4051550629097 1.20042370367207 7.5935658418981 7.74995495813379 26.3981661410932 1.20418092563015 268.993981954403 16.3153815511956
26.5793186254268 0.848096868554664 9.40742824657153 8.71430774140039 18.4363555945004 2.567729634716 281.240453277538 25.2811426050861
24.7242385379234 0.937802437702308 12.5847506252194 7.88371229821168 18.042387814768 0.90307422322521 272.589759419804 50.6784417518745
24.413695749018 0.922189589831651 10.0124573079613 7.204607365601 22.0909685051218 1.08019218486362 270.737691791113 43.698778154004
24.6521859568454 0.935231247041126 9.27475207838861 8.06938328414946 28.1070745489075 1.20397432533263 261.906173544508 44.4459325313121
29.9240488380994 1.02843855238616 6.67268422970383 6.21579437470581 27.2090796203355 0.762261661337914 258.301839018664 87.6723414732825
23.8502831022532 0.788105779310489 12.1291123871416 7.11648844323333 26.847298123907 0.937117303082316 274.675334288518 36.3201946157236
21.226345371764 0.595778983869157 14.7326002764377 6.73725106762812 21.5742190872211 3.25411565732616 304.200781215539 32.7744834717929
22.6767215922852 1.03572391620673 10.7706817165523 5.2115405826777 19.6036184749684 1.26487536531062 287.437321480096 26.2681273853296
23.0824019082726 1.2124420030668 9.98198812076324 7.68286961138575 26.3327310035525 0.727551488253793 291.764366366866 20.856486576641
22.5361308876537 1.27160865415451 8.9647351996884 8.13901820217272 18.3758490541285 1.10668103100861 267.241434726227 19.0673002258615
18.5937056449226 1.20827007034661 9.83004099901376 6.92488196452963 20.0310211468162 4.13154358386216 285.8562312207 31.9398983406604
21.1499364624881 0.949185566580954 2.65574007994381 8.9148432400419 16.5429748477332 0.922333168456423 282.926790265499 42.2395727118467
23.4884343992253 1.14305677387203 7.26961833993393 8.09493902869814 28.4850963392187 1.02984443334708 287.752311192382 88.7989136538255
27.8851056867723 1.24121383896314 9.63105043271467 8.33699595910405 25.8383863031056 1.24153234895806 284.249742007831 46.024686756376
22.0070995230797 1.0613968208428 10.0583462783658 7.00043788435962 28.3812690317601 1.48930920242445 290.577060426733 38.9688205326421
28.5546109514145 1.04867268018527 9.45744108447036 7.96943748198545 14.4101888118822 0.689238235419888 287.770939313753 63.5930726586058
23.8531545898441 0.98605433143195 8.93306480716508 7.04246320411395 23.298966741185 0.663978819662743 289.845218650087 32.1061812758754
22.8801709573389 1.58360283876101 8.70345075100731 6.87466875590195 19.5105104894767 2.984913648939 295.999930528431 57.9034084815114
23.4854222020211 0.930363888762931 8.26372080723003 8.20447442664651 28.9738613213012 3.85864938796499 294.01660443376 80.252827137116
24.2636171575901 1.16190448559722 9.60519135192989 8.01892172761215 27.3023067058442 1.39744011486449 290.99874523693 65.7476212344559
24.9040062909868 1.58649959131609 9.40617877430306 7.45595082022312 14.5993000268271 7.23248539152157 262.981271734286 57.1967318976886
22.2633212993604 1.21147816826593 10.7118344130232 6.80954137156174 23.9798094955654 2.91218469319042 292.702384979758 37.5748429694813
26.2876863035173 0.920498427750049 6.34652664074606 6.49007773561858 23.8257728664219 1.52840199917934 286.43654748812 70.2134356520387
25.0316885656808 0.892609602818459 8.57855362800286 8.12068059281362 29.7611295740565 0.578581142238554 251.154851058494 33.7966294652906
25.3194284304763 1.21599811528607 6.52836786991582 7.03852923805006 20.3856559255358 3.7613576699969 270.002031724838 38.9168668742478
28.5071310176455 0.782148825654841 10.2117515691502 7.26180876678846 23.5820516340713 1.18782800871292 248.346313781118 38.7660366657638
27.8302709829099 1.39738878520725 8.16508860589524 8.71020696339619 25.4983140127489 0.524972494142613 292.599602209863 31.3811500191615
25.7178505023361 1.31980201666551 9.35020660407154 7.74328260771689 13.1870907393313 1.55577385144515 275.175274438674 25.4507385194665
27.1921637210819 1.04491416451611 8.59911252099832 8.55932515620718 27.7393544779247 0.713532616077399 291.109926706402 61.1388857582948
27.9874459957973 1.1301287320145 4.83685307890021 9.51417229401466 25.1969395886028 1.15939771688936 264.18941907507 64.8206399411514
27.9205154935518 1.1783557117951 9.94678896714131 7.31349465747721 27.0079938893508 0.798028581630113 258.136546657821 32.8115253934445
24.6120191738332 1.40307595460341 8.83146818126954 7.21652168375172 29.3875559733807 1.11839137093442 281.694644225883 65.3943006929404
23.9990224050936 1.11584706859528 10.62661793462 5.90074885111399 18.7261410179862 2.73855440499237 288.080299774645 62.2261505664265
26.8097454188992 1.20574498761198 7.69393733976481 6.54163617702895 28.9538986085524 1.09018327723588 264.474024836029 17.982072077984
23.7215994150891 1.28288728895131 9.43634125950802 7.14562940541462 27.1503283736385 1.11455748064167 287.406194697941 67.5683809252323
26.33048558034 0.889674776782086 8.32700032368108 8.23727958877264 26.3174969280402 1.42143364856844 260.519720680154 77.6133361352834
27.0898008368233 1.2116639221914 6.9977419299918 8.35644110499392 28.0039555855952 1.32708786847509 269.467324683921 85.0740352896036
27.9817789167225 0.927879768185589 9.62172599642482 8.72869055267187 19.4652606512988 0.906931817785789 270.268984935331 42.1276505595262
20.382653334805 1.10290638259657 7.96729471148166 7.5217687545999 12.7671515318664 1.14713391285265 269.355454884372 29.8476185464297
23.9528257602437 1.0249891100716 8.12672613746799 8.08933909101654 25.0669858628265 2.11213552134687 270.592833217444 88.4655862652126
22.851618115578 1.06360039485167 7.70824653160527 6.72224180503698 26.7746846893068 0.712138977164316 253.507023165337 100.184931954085
25.5462211111703 1.05284398074033 8.37569236878044 6.38136023373643 28.2413836145155 5.01777440493453 261.018694083713 45.5829002898913
26.9398653506085 0.716799693752268 10.3124030800812 6.60609011826199 13.8596391615622 3.05702884008098 276.953869393765 36.7084092688363
26.7081429119258 1.41394900645394 9.48752498858593 7.24359677991821 27.220609670165 1.6430669915926 259.054330802874 50.15634080102
27.9499961466703 0.732758525689755 7.87051079529566 8.58988086472288 21.1182664833779 2.16962593169226 278.936182160788 86.4896499943802
26.6604318495207 0.895990269827256 8.10316069022543 8.43829722380701 23.7719969115235 0.938082596714693 253.644445393822 66.039194104394
26.049305310489 1.05566134392662 8.61144642008394 8.02919393017622 29.0272373712291 1.33079143854345 277.148669206647 101.790846718344
25.844404166024 1.09214069155993 7.95004799263149 6.86608071666142 16.3420856949276 0.666249987229419 264.509956318342 60.5281809222995
24.055868295953 1.46921257947409 9.87770322200624 6.85595270973387 26.0254270180359 1.66163342115458 258.216888854331 50.9776591212441
26.5090994125406 1.01063947028691 10.3458146065811 9.18133664058986 27.1380213847674 1.56522074803124 283.915887192893 76.1284347151107
26.4046523570606 0.943766064273142 8.3559158115165 7.18991397139267 28.0451806064397 0.894979099941544 286.068077918149 31.6157467842939
27.7874360734619 1.17620826426935 13.3068740968279 8.34948420141106 28.0484860378449 1.22460194862861 285.518083914894 58.2756589298941
23.9013962460039 1.30918044588582 10.1913588981927 6.94058784859983 12.7633934414179 1.27574849105817 289.872767638287 38.6265028170616
26.5941045228747 1.1526038106562 9.43237984338598 8.93558802328355 25.7389684160395 0.890515345376106 292.56195204024 79.9488021661002
25.2973351214315 1.01081741522078 9.38624373048371 6.93700751026885 27.5140695959281 0.687478750848857 284.729549632397 20.8443711002028
27.2466240625554 1.0592754833231 7.93218571670728 8.32579258822198 19.2827407815967 0.48885152521519 257.593745911179 93.1861057004776
26.3762361066778 1.27184007131366 8.777430611505 6.85948415231899 22.68588473424 1.26482289587371 257.163748862607 72.8474104400969
21.8589077687392 0.879504572974942 9.22431205840264 6.98152204676768 19.8228403105802 1.96294171048627 288.024077568444 30.641861193131
22.1644320308017 1.08815907874635 7.68400817011216 6.49350859280258 11.8413063630919 1.63800680202695 294.744356295941 46.9671455847444
27.2914837862605 1.26698245273936 9.34321116305901 8.17264329000402 11.1578908300939 1.70812981638593 286.621583735074 57.7943663749176
25.1426622992308 1.03783053031355 7.64189209569809 8.05149569199564 21.0140546142201 0.634638746580696 282.794679305123 125.089239491554
24.2339311664481 1.09115922481406 8.92457347018003 7.96003914830013 25.6856381929772 0.719292217413344 296.456271762511 94.6390616382143
27.1162175335762 1.2131927260449 6.61166307313202 8.64190904745821 25.2308798203346 1.86360545191583 288.395176549677 61.0290616371542
24.365334010024 1.19657489676867 10.1605695878081 8.74255408711116 19.4376422674618 1.10506531477111 298.306204824143 33.3149689041934
26.2318226438537 1.35901256589263 9.70268234883257 7.28586625781071 28.3372035167512 0.945922233191048 291.599920593384 53.0800904880915
23.1712291236576 1.28293679667458 8.48200628271867 7.7465627903635 25.4364548455531 1.59524135418919 287.470330113895 49.5834128678984
26.056652727128 1.27925464630926 9.13729284360152 8.61166168205588 26.6566033219343 1.24228228727188 282.510115897957 18.7396298961482
26.3578729719087 0.916366340085491 9.3790741980085 8.52631095220813 21.9582279254355 1.79694465766237 288.964223415595 53.8170886706232
26.8070063032401 0.835734262112894 9.75431957260361 7.34508422821445 22.7311198307573 0.911199621968431 266.129892064456 58.2066008625287
22.3352508566811 0.834125621994379 9.11868379439861 7.47457218306577 28.2025334520399 1.8087321883028 287.712989164413 39.0267945149533
25.6166695523068 1.05740693041299 10.2188196342769 7.99712553145191 21.3837341016382 0.76704082967801 289.829886418536 52.409414805888
27.3683270300764 1.21169047019865 9.90503951045272 8.70429971890976 25.0898933116486 0.479280515385982 286.477709394806 38.8121131990674
24.804682993707 1.07715167017975 9.71705432347586 6.80323933412531 16.8443443187547 1.52234097651636 299.647118147088 44.4478229754278
26.7282208562429 1.29322033038958 8.1076134180586 7.78238954845819 26.688584059988 1.77365489997759 289.863918094604 115.495800699192
21.1983474763899 1.29385473671311 10.5656102698458 6.44637056806255 21.3048597125724 0.732274943859685 267.229848995801 59.3491785584117
24.7454760236197 0.982269407851664 11.3561680402777 6.4734626368718 19.0387144605666 1.81486661192108 267.341268989544 38.7852418325074
22.9449842134463 1.31020604590333 10.6752249905757 6.86230699699868 29.2957841198128 2.00891742190858 295.388314749415 56.8884851651578
22.2837507839352 0.964968006535133 9.3539540604844 7.02736808748152 13.6631215194156 1.41972683566941 299.188692981865 28.3714566015051
29.3633805742701 1.10658725879269 8.49458356902215 6.95672476392107 25.615029651058 1.71759707377513 256.200231978232 56.9024020698732
23.6631039158864 1.29734343418317 8.05182118827296 7.00275136273748 26.7522737462627 1.43270229303955 249.02126205087 32.2072910224111
23.188953970087 0.920329502478887 10.0279600176917 7.00748227908585 22.8539970642728 2.5370814535061 299.415192591005 70.1250586391065
28.2145066412201 1.30167636457903 7.19325496610694 7.70523242774845 17.0275676917679 0.890255577570451 289.092305128154 35.6372826441601
24.0011287031431 1.19073204438901 8.01707587289474 6.3503030579434 23.5064232840269 0.586440004447273 263.637163447821 48.5238956837794
27.0253806316818 1.33870067824987 9.68612693137405 7.06772657346845 21.327707114991 1.29717869977375 286.207622879858 55.9877699406833
27.428382284343 1.10971243576037 8.40034297122286 9.28318338178534 28.7449129218652 0.820963770750355 278.435886390509 103.587070682559
26.2253408652412 1.13127390155838 9.53212101606065 6.90300227106526 21.833254523798 1.15596648708507 289.982837926888 10.4004849097242
23.2413317560444 1.10924325231927 7.56746298806437 7.21951122216399 21.6127003450405 1.82077935028086 281.0581531084 19.2607549212165
22.8015746130939 1.22627344578877 8.86949021731274 6.65164565701778 22.8153737720336 1.18319394931213 285.098355532117 60.5042772659982
28.8821029122216 0.938101073971624 9.85771713882654 9.31591232054965 18.6225439074837 0.78557726153209 265.021865272315 36.9634667814743
20.3974226660252 1.03278015634324 8.9305881552566 7.79651105247088 24.5390898119987 0.802051071876741 285.097862370949 64.2594906515994
28.662146676377 0.834360680201494 6.47820946648519 9.59179470641045 25.13307905339 0.96901076362729 292.507382781195 66.7851622205709
21.3960507380215 0.938729443708387 9.42381308172544 7.77355090674401 27.8724845787905 1.62404569487862 275.790850011596 50.8934999450764
29.9414784291819 1.15252154904868 7.88457634237661 7.59517197620356 29.0632941194535 0.300440330992113 288.561642904603 74.9176893261838
23.0243037441384 1.32109403110324 10.5221629934826 6.37151198373852 29.5057843318527 3.02578997244243 271.598000409524 24.3731052124904
24.0868347980418 1.07363980100149 9.04318525666971 6.11261535464742 22.2153952840682 1.73004918086644 290.08622987572 46.8879465729324
21.8956227052748 1.24933851547536 10.6978455303349 6.84064919166939 15.5213674418377 2.78330484117193 283.370478941152 33.3157008760976
27.4873497623935 0.974718244597947 8.69448733627589 8.22577779872749 19.6063541443221 0.72817215661862 275.05279264577 98.0670996906177
26.1561852094411 0.862081939817914 9.97141878633816 7.66845999207095 23.4739963429549 3.31985069162896 297.062231457482 56.2277890004458
24.6381099922102 1.19107171081776 6.14721560414329 5.85378532707243 21.7056142708985 7.58133048904545 268.125578644993 33.9196642791694
27.1898646634156 1.11065057039313 8.64436913795244 9.22040020733087 23.3383976160283 1.45381305023111 295.960654383517 34.695528900096
25.2653997763729 1.10360036641805 9.27712432543512 7.71722198707219 23.609511395119 2.68430372589206 292.223638947205 61.8986618423518
24.9248524789774 0.856681538027915 9.51676057514983 6.22193325743364 21.7358674099167 1.74272534208205 285.35970297289 36.6216472637333
24.8124190467619 1.02769971961753 7.26782225983474 6.84320740754892 26.9863788488599 1.63792431398766 266.056740196125 19.4218921744992
23.4146337366255 1.39451040258616 10.2067575362185 6.78830939517945 14.129323521417 2.26820137986019 276.295245875574 6.88141418408593
22.9475313130908 1.18030220499228 9.17822402181237 7.63738239194531 29.0858430925928 1.30791904405736 295.318408304005 75.5483034991542
24.9476073433606 0.907282940304568 6.69909247493846 9.43934549397036 17.1143408145691 3.11346506212728 271.276866909283 64.5676938644359
24.976338544004 0.938682437090333 8.07751687600375 7.26276131829015 24.7700466623325 2.64626724561376 293.574202661267 55.6996492095333
24.3276667831005 1.15783212913754 10.2805846679398 6.95226007352023 25.4617427272015 4.28919821568257 259.182225156268 56.7971063655248
27.8429160010713 1.23049790800498 8.79055399834553 6.95528722400055 24.3470434572853 2.10853891729405 289.825627952104 40.0288653345534
25.9818011566533 0.999479458035319 10.2398729423467 6.26559780855066 28.7822458195686 1.06837873658508 286.81820180962 93.6918757713637
26.6022847156827 0.894965095365451 8.08884282419813 6.8572314507279 20.0695030993707 1.68014581472662 277.014809296172 24.9476459637237
24.9759907684968 1.4298600361284 8.32202214751498 6.99024002470226 14.3653730040706 0.931487069948706 287.350583351469 17.1823968297826
23.0841154187771 0.860480709027207 8.72338869576349 7.3218529618193 25.2891413932601 1.56754517187061 252.026737248396 67.2029076794853
25.3040066952851 1.25860066009073 7.76023877781159 9.4396653148175 22.8459864473499 1.37836956637911 294.428774006096 36.2570270770783
22.5783473412596 1.1848423138205 10.537148543557 6.53118658777137 27.775368467867 0.897272374597865 272.014010837094 33.6544617810421
16.9785273021524 1.37861894438926 10.0254742540483 7.52486143607687 14.3501106594289 0.788069675183837 279.829016329969 50.5593198007098
23.8959126318324 1.17680487326454 10.3797206930915 6.97363767975869 24.0982303157137 1.17692519163871 292.377280212231 29.9538517952721
29.0639599193485 0.745692234684304 9.51420135682097 8.07469381736984 18.6039547340744 1.51544510691115 281.95870518228 48.2561468386786
25.0814718611312 0.982638207324981 6.42434426065794 8.44270054577063 18.212044581622 0.976912390893493 271.676154697509 28.9219106288635
27.7753050829592 0.925885037062023 8.36499613727919 8.76681050035699 25.2191481434667 0.853768843015026 284.273318028355 55.2407850917365
28.7447376879401 1.00528160227532 7.10266730175358 7.22541548613326 16.705219159834 0.726625924000384 286.756897119638 28.1190481319343
22.9923452848919 1.2291888417164 10.6982209067859 7.07183384592949 28.200736437655 0.707363104410171 284.393333585279 34.507395632334
29.4174997459686 1.05307634639601 10.6007598990123 7.87797476217894 22.6878060921217 2.34549079452421 275.647977997036 37.3426451708849
24.676466923789 1.2024046471666 6.0551217869216 8.71548334107417 26.9338228817721 0.789644617059263 282.681655627062 62.7937269942979
25.403570461185 1.54176322555609 9.53598875201973 9.05419049501319 16.4706581716812 1.05408651339358 293.400030896086 39.0143664680925
23.6250252730668 1.01880094917841 11.7716302072277 8.3784253604881 25.884171829885 0.101060239893546 271.655049289391 244.560323359693
27.619484133931 1.087874614757 9.88740376182932 7.71742669633279 14.8912536504585 1.8905880013372 274.301848690962 24.4864623594916
24.0803617126904 1.27728787343247 8.16985468794093 6.27372482787238 17.6767964848158 0.600050511990013 274.652836652255 44.1009490140487
22.3979527809111 0.945433969625493 9.53616261068608 7.8222322835018 21.4043125156218 1.040424931136 289.954202607484 20.0010444220324
25.6182027944406 1.29538083407587 10.0146165237549 7.91314765851538 20.8983199668945 3.5743369069503 298.559994158812 44.2353178646876
25.4870541750145 1.04795286166617 10.1477123446859 6.7695808518255 12.6956958580265 1.09159548927895 288.814479697783 22.6096057383913
25.1968723340748 0.972622151812578 9.30256585556424 7.82850329868393 19.0419671392019 1.71593645612439 291.051170306435 61.557500102326
26.4682767478961 1.23867317331614 11.1363225501589 6.08482273284516 28.5053805500294 1.48113736834146 266.222801117437 23.8270591433358
24.171425297385 1.43237553403067 11.0108134652428 7.63874228292166 29.5412182360994 0.907343438719445 285.285407551712 116.247936696536
25.9060607148286 1.15723359290917 7.13575876003382 6.64031067310232 24.8041718178944 1.41741430418184 281.887765383004 37.329333423073
28.2342444824112 1.00214298419655 5.47116096384778 7.56178113127958 22.5866248050739 1.3423390194969 263.887459919889 67.6509420291622
26.2641061156935 1.01057640110269 8.31578398564665 7.40282456125036 14.8216221294342 4.38946039549759 294.803599638521 44.0209182763118
26.4121765291387 0.881878479089768 7.64458051875684 8.43702875025656 19.728185478488 4.14550208343173 284.14423540709 35.9089115328065
25.2189771163584 0.922539913209267 6.25149744395758 7.40227106028884 24.8832232885285 3.24799068921997 288.229791972235 72.9517064435157
24.3539675653153 0.84166014179208 8.85314294068005 8.05502951721935 25.3080716649081 1.73677297456111 267.606037966675 81.0578856076783
21.1590223254437 1.2601940205247 9.76808710949894 6.28820054669066 23.2461564647361 1.63223635109086 277.492803258688 37.4795149523452
21.5231802218593 1.01624057166909 8.85502992101358 8.41357292941212 23.2722487999946 0.19981688893716 272.934675845588 26.5959562571106
24.1312277822665 1.10345674161324 9.68627202571441 6.46712797530743 18.3647723953646 1.3526437259442 282.545856636836 43.4082865756161
23.5059850793619 0.922373947955479 9.35996157413306 7.76145830418032 25.8813219494953 4.5180006563447 257.318363387112 44.3402971474763
24.0194779185976 0.989104970337591 7.22499362295042 7.37133250008074 20.9351156824555 0.845482702997472 294.177034373839 82.3547396091682
26.4378528504541 1.19858613841527 7.90882089642951 9.57030727730108 23.8855425713329 0.700747427649387 271.172490221121 188.496624422264
26.7291957679784 1.12208482505018 9.86687036787898 8.02984010697923 16.1085228373293 0.57026843847086 273.144724395171 63.227113070997
29.2315714122845 1.06815435655835 8.71700388329244 7.7238149263483 18.0069200164885 0.758788108372092 267.626915544278 44.2980300979932
26.6084157611522 0.983040331059061 10.0011059049944 7.00906262637681 25.4370700055193 0.889681486388021 270.780614760098 29.776173113137
26.157323845955 1.06533476411167 10.5878022437001 5.82480478970236 29.6200764756454 2.84096107433101 270.333037802568 3.98772816730857
23.4643007849883 0.986352273647098 15.7512229974731 6.55118935568569 23.9076535509671 1.79380454560158 290.46511327219 18.9487748415532
24.1409322657743 1.14760022731444 10.0722329203058 6.79208254535173 29.8122138795607 2.1056659874301 294.544446048586 24.578835744626
24.8448665469905 1.27097301205975 9.52707499134018 6.88460414288624 25.0840480183884 2.35869719695836 271.447925761926 17.1368911081873
21.1108346314558 0.978445234353611 9.89170160626573 6.51199226300227 26.5492223631235 1.38953904675825 290.477817744482 68.0579875494797
27.2728519330605 0.705351492605056 7.85347885325201 6.63385222737777 18.9913404919989 0.852176753708683 279.272266388777 68.2107016641069
24.8957730722489 1.17618589621226 8.0160403337402 8.35013179260087 26.8578459189491 0.740221931079249 282.196827999474 114.791564049221
25.1541627701181 1.18287650771278 8.22689455681974 7.94912858174338 25.4546834004803 0.554635762279438 258.79877720745 61.6921155988169
27.7853954472152 1.13143436061063 8.92582951805989 6.45221949434874 21.1737046779347 0.945454863188396 282.594482805364 60.1662070823911
24.7312737550341 0.913496256347848 7.26782592494068 8.42409050242469 20.3430742834917 1.18150026557644 296.73064813275 69.010902999815
27.3030097180996 1.2557617831532 9.08236108035904 8.36376442520849 27.8027963232886 1.17033242685604 284.891356243771 37.6583112900861
27.0758015891159 1.63230233605007 9.07349687910288 8.98737904793481 29.807320315774 0.978710146941887 257.620967624998 108.566875837831
25.1419015501217 1.20762357871064 11.6645437461122 6.81457751708458 18.1889610899559 1.17226669305403 294.270223138671 23.5433872832211
28.1718153562042 1.25002845217898 10.9724196824137 8.08087598896833 24.525492249753 0.731272699564514 283.092660666607 36.9158748742345
19.4154447292756 1.07434372332075 9.44111271183596 5.80625064087401 29.2057398572622 0.792807387008486 268.518415573856 11.1450615281453
26.1652573064146 1.23276489625582 9.24262943742915 6.86152496063725 25.6821928973746 0.861386519997026 258.745475551645 44.2447666187836
26.0824768061755 1.18593488750923 8.75811749060303 6.49534025283277 21.9331851404699 1.02062678415535 267.737869646716 39.6084311449261
27.0149862062328 1.21918916588395 9.09293276780214 6.41769693766309 23.1713741486147 0.778139070776165 282.898907598026 83.9384971306185
26.0912341075427 1.30460203121146 9.3272710454948 8.41023787641864 21.8191211966766 1.18587719069024 274.50099748932 63.5212130777447
27.8522663960343 1.13147503869904 5.57882294323969 9.63237913867987 11.5144519491009 0.638225926858548 262.543899603013 70.7716350750133
18.800966634067 1.1305468828929 9.29908859892677 5.93825261870572 29.3413598868693 1.41415129979239 289.755769555774 33.1697680290306
26.7319199284418 0.889544241474952 8.60791905182802 8.81668786335506 26.8304270408122 0.512926773613037 254.370455124376 79.0213120359718
23.539471610289 0.95090246233788 10.8809032575023 6.30967441777788 19.1601749288883 2.8190355350469 292.758073510148 56.4188538561391
28.9991083649973 1.4272178041832 9.3668658750764 8.23135578452694 16.3205169915932 2.54737910154875 273.671189506667 42.730853531168
27.199378134465 1.22206821731488 9.14618743172834 9.78467296880559 27.4989245940285 0.95168419184008 284.281668228758 27.7624196126099
23.701336700425 0.850397702702687 6.10532383681476 8.33342935687934 21.3695380617866 1.72084648521685 287.70147472033 73.3170358122572
21.6162143993695 0.890771539722947 6.03938009509626 7.75417423129501 12.6627519911571 2.51881766269266 305.617769152443 42.5984097686983
23.8516374218196 1.15690224915255 9.13816914169865 6.2201812944074 23.9075082671995 1.65981415572719 268.023079831918 44.0682268082234
23.7678717582853 1.20227715128474 8.48996915096926 7.8355445027119 14.1141107679183 1.83878316886139 275.21410629858 47.0240218961531
26.6624154649748 1.14646794469645 9.85565194690819 6.9815544437349 25.6355711256382 0.885222705083437 269.010354281509 59.7340595103578
23.5986009381771 1.20258724417949 10.3271590382246 7.81806342933522 17.2850433732514 1.35171734689591 296.232066530836 14.3707865700532
24.2853791914733 1.11637673681167 10.2347227554393 7.38561088752882 15.1695206479072 0.857895832431247 291.167809784622 17.1568492720634
28.0047951158689 1.1121992689195 9.18020699375517 8.45795633544603 26.3946317156725 1.40143035704542 265.941757438942 66.7913845360172
25.809568150571 0.907423511190928 8.27841086769513 6.53363400210081 25.3822908560445 1.77134109207758 277.869320154159 40.2961394649645
26.3094421177409 0.970896808250617 8.15343032513855 6.58532804102301 19.8265066854779 1.11033235359295 295.111326596181 55.8808952827094
23.8417037618092 1.10336710712852 10.2062176132562 6.51293593874905 23.5048657875282 0.727078707893521 264.357016702674 46.2481729122004
26.5130420045339 1.04408395461386 7.59129688464876 8.25669862975351 28.3539910529129 0.760166962136893 266.822160073004 24.3515586132941
21.6180734492681 1.27115757417051 10.9139163947521 6.5864622414782 26.3027744317566 0.773547074510411 289.922613367665 39.1019061859725
25.2545269875773 1.34873376541547 10.1589991103214 7.45012815302729 27.4135381630683 0.231223893623354 284.815332150837 214.384146595793
27.3929391493077 1.27583002283038 9.74009996971762 7.04912325836507 13.1904988475349 1.94212114576845 266.824451285834 27.4608958510691
27.9538678677941 1.15030814470998 9.06690308066344 6.5647278613299 29.3533090367721 1.89716593507292 265.006540021421 19.2674520836231
24.885766247297 0.975622072715322 9.68767702969852 6.42835385078318 28.5212725262832 4.43605602881409 268.677048758977 72.3167465279811
25.2087608747079 1.23643894944614 9.14054264544305 9.21514723962077 23.3037619189575 2.50736365070987 293.994401345228 30.2997990525551
24.1366126350838 1.21448799131681 10.1727776043014 7.205690328017 23.4163384840938 0.972307361499194 270.712802024975 57.2417507621408
27.4109391998064 0.919192642195088 8.50842412496929 8.38033682016518 22.5518994218523 0.337244788840413 289.212800467556 29.286411347736
26.8670886690371 1.09486300747642 10.6430610877889 7.68140744867094 27.8929771350846 0.850657162959731 265.275509464863 71.1686498785163
23.6120356330683 1.15560032852153 9.17318040002022 6.71795851790633 19.2435149353054 1.28088957687271 284.582920949805 148.98786282007
25.7965922598558 1.12274405508929 7.21967412795417 9.72429267991032 18.8891767821787 1.25424580648415 290.219343886793 39.0085386826898
27.5908554929907 1.20009111667019 9.89309232890584 8.01636067912506 27.6570290020501 1.76553752619775 278.619069836607 59.4660951759167
25.6006269522795 1.04876379275349 4.88122999590058 8.15496168231699 20.6984160683364 1.82269769890241 287.960476485681 37.0175217246072
25.9791664582218 1.01904930065417 8.39777589066945 7.07365093703579 26.1469294754187 0.612725740228926 288.814253523864 145.550614268316
20.8366405888387 1.02016719909065 9.69081986550555 8.76810305874909 17.7904211219357 1.56260382239376 290.125420272287 20.688795113967
19.6921509796896 1.43123403510729 10.3068308004364 7.47375868191888 26.2467392171157 1.61880975783863 291.847650491378 56.5499642765223
24.4649382675785 1.11955296889703 9.83972949341312 8.16836882709453 13.7926928166449 0.247947539155356 263.139353054772 149.460488475478
26.1232047603575 1.01128484388398 7.64223371279618 8.38905474478177 27.6883226141806 1.18491032330355 237.714380060587 88.2292499115145
28.1762530844316 1.32123828683922 9.91616945495413 7.1438886954373 23.9727473171971 0.867302021238353 291.362605501921 61.3159604239719
23.3313151128041 1.36415436975785 10.1527479702321 8.02181931795833 27.5227368395814 0.658492673488106 292.667217878444 53.5100248267206
27.7439073138075 0.844431920694238 8.04066146033265 9.06578782018569 26.7887740921206 1.06730980008312 269.388586972758 99.5074653383627
27.9958451181292 1.33492285832585 8.13651273524957 6.8230329550118 26.8107054801078 0.956189502289521 267.282298747366 37.9030117605904
27.9363391220921 1.20628929759611 10.2799952881121 7.63171107889922 17.9249802282292 1.62058948966494 284.023988746383 37.183145019138
23.9058340769444 0.868909266602261 8.85485091463995 7.2655369336545 21.8983086935817 2.6539590335267 274.264800783097 38.0993134647972
24.8639718759382 0.953179222719556 7.96496855707272 6.23002877082469 29.3346197903548 0.384414506931337 279.680312087155 54.1601313922816
17.9205931769614 1.1604080292381 10.8360180403532 7.32995633794822 20.2512998559212 3.61719623143578 292.918270806079 13.4840295690757
27.9391946048377 1.19591311580121 10.9390369720304 7.55985014262762 21.2797979430694 2.74162507597921 290.386170533494 29.9242546304392
28.7650030685114 1.30539172277325 7.86977744153901 7.00885176604941 24.5167367792061 0.987729816905472 268.141588027096 52.7214982879752
25.6925919249419 1.29739020570697 8.37595636546917 7.91726977165324 28.2017320289913 0.933257590314716 269.890445867026 48.2577289912802
25.310789342302 0.916910424150322 10.798559876609 6.15131324547395 12.7862755184503 3.17403598170738 292.906407203043 47.5377248611657
24.8188531945394 1.17417016080389 10.4917400321121 5.45290334630755 28.8554256937105 1.62682869604476 261.068635565146 31.6929773867902
22.5278340800846 1.00138918779465 8.47614305480858 6.58550987744619 23.5105183330816 0.434628133023779 279.009979205852 180.587720614102
24.5518460871299 1.36095889484128 11.239058974032 6.53412258357319 23.97148844025 3.1152182655501 290.89263711373 39.9534544768132
28.5900532373317 1.2599983904261 9.72654771151156 8.84750281931504 25.463828573637 1.4485711887474 292.49179352217 57.3726976756108
23.4644095575013 1.20294468645248 9.9218255863243 6.89772757023568 19.005590691699 1.59749531753148 291.866192469047 34.9640326706809
26.7656205258797 1.25041830572403 11.0372037563312 7.22699942652738 18.1744097322092 0.983107730433138 291.763231939863 42.3708719093161
27.9952626856867 1.05604108866536 10.0878258667981 9.19282521994068 22.1067880801543 1.40331418013045 293.932837618074 24.0777969549228
23.8354352527555 1.20618319984879 5.85089315671947 10.2147038422665 24.1476834046223 0.380999421779081 299.605137649216 156.053608081455
21.4974821350926 1.29598072550621 10.47988972864 7.05428358055467 22.0953904659757 0.798303354857952 286.618777520402 66.6727467878376
24.3184706805439 0.895867726140869 9.91278072604698 7.33549983457062 20.5904937322828 0.81025097988154 265.52012989752 35.3324525124645
22.440218582246 1.24653559984671 8.9331123441625 7.47390148055105 19.9798528903218 1.79839672364912 280.433232284705 31.5203398435843
26.134310879606 1.1212675792055 9.15904929815139 7.71633399091781 22.8374122450744 2.12680637092733 295.522247186645 32.4597398709158
24.6629168587385 1.45802940418975 10.2567239970045 7.3999229328386 26.7130229986964 4.56914601840464 297.804194129453 19.1798280849422
26.3416958831061 1.10861755723149 9.86161622962476 8.42301608946709 18.9604381287247 0.838337124942441 302.094816235514 61.633106758668
26.3959619740789 1.20919093018715 7.08726189923397 8.85195946374422 26.5399626868686 1.00860089956807 262.975940250332 67.3862402843607
26.4264892354397 1.19890942838004 7.91082448742977 8.61207496847281 23.6302992356521 2.2140541163422 260.181577865471 90.7438325003011
24.3327773678264 1.17771273425724 7.22096840546981 7.02076621749916 27.7545234630545 0.946899446414986 275.414832543751 111.478814483098
24.8234661490113 1.2452780088955 9.61881726688643 7.8044607427269 20.768430288435 0.551043740547969 286.616548791846 57.5873988977942
23.8488044140008 1.15798547604218 11.7128498271678 6.99390284386042 29.2943203878526 0.790267753340937 290.027770422586 24.2468302679451
29.4676739132218 1.06700408674617 7.73959627754246 9.38887800867754 23.6475973661166 1.82950021242787 293.90834457273 74.8117412716114
28.7424339262875 1.31039739366951 10.547454808835 8.64615312575099 24.1822786431631 3.34530374432302 293.31114608047 33.8780991802538
25.1999722885326 1.14676996337791 10.5052512592976 6.1289159097744 19.2203878822298 1.56048144456592 279.250866539328 32.8156275993695
22.336017396977 0.926761520685937 10.3620329279818 6.59158719845799 25.1093396562949 1.88819462105146 292.148384917665 44.4641424003969
23.6775437333498 1.25359845627202 10.4334142485774 6.34134084074995 25.6029094562709 0.708295124896134 269.708834377042 33.2806238171225
24.1319493846637 0.773411329470787 9.79481226787052 7.08142778656966 21.4195720780475 0.974408600136295 265.564878961505 69.5027012069163
25.8556083522154 0.868374600083999 10.308208276533 7.54768376515588 22.6359561498051 3.11438163192238 269.874121878168 29.4191033438374
28.0871730406536 0.956992456832295 7.08586716708536 6.42970964059428 20.1852614399514 0.447609956112828 270.667979869558 95.0520938373808
25.3259493766818 1.20878852826425 9.96450827326869 7.5842274792524 23.5162214694701 4.45081810166551 285.399344780939 32.9976767169185
23.8735272699274 1.23127754797027 9.08951375279355 6.70015638010648 27.9794840543272 3.57818452757372 275.212270975399 43.0503712376929
20.9385025372251 1.16010702494876 10.3599256088584 7.33083616500458 14.016552397875 1.02905220434137 268.037347064512 39.0518652165965
24.6053311378089 1.19321780315059 7.42791919209967 6.75450866140604 25.7527687799787 2.97696353648117 257.698753662756 77.5841439085869
24.0573340638389 1.62133905665252 6.49630434317804 6.72985894496336 24.5371761419025 2.79627910420116 287.572860583022 76.4145271269355
25.9958586052937 0.908619898824395 8.22940048205598 9.06790694426814 18.9808521011338 1.27750544903366 264.159430998731 56.3546039934766
25.9457734975487 0.713592048421225 8.86027801847328 7.98105886380442 20.4577824253023 3.04379450014409 262.439128157672 47.3769735921814
26.465384497201 0.958674414442909 6.43083519833563 8.45081463994023 21.5823530011827 2.44605991222364 259.74151329411 44.1905906221346
24.9887089759678 1.17282167082717 9.49796606528605 7.6031529928722 24.5805470299707 0.690143079516114 255.302767544623 215.511049129346
28.0589430772795 0.918155966541005 10.8681598590674 7.74449624085869 29.0595846239955 1.06496644003765 258.38219907255 50.7231843713286
27.5650447471232 1.10882216779432 7.35071300698319 7.19939682492564 28.0607115968723 1.21311756378225 260.915835695815 107.963378788991
27.3897012477396 1.07322560912563 2.59187119198873 8.92566572601344 21.9179121922655 1.09335763015387 265.140954832158 34.4561010824866
26.0935974679277 1.25279582956198 6.11290207418352 10.4836203867751 29.3491914844961 0.798181847644722 281.6998592672 84.6058532090958
26.2923857635111 1.20253655321711 9.2600561785324 7.54141157248245 19.9089213509133 0.797739771015034 265.382776139069 58.7186292087488
21.3044141351093 0.871366125006593 7.55004658972261 8.64593959470987 18.613525155201 2.28631340861782 278.967653225974 21.309043168564
26.8084648691653 1.40948754081795 10.4764350489222 8.43322097682359 15.9700663708039 0.610385473741344 263.732567820893 28.6347186483977
27.3998878811017 0.935719946108112 9.55053630511627 8.4169735254974 24.7741830092776 1.88818773592363 283.023302964055 70.1143104384062
22.094972263082 0.944139916797882 9.66084494371972 8.28201233285306 22.4493648455918 2.03734356004281 278.74128461766 58.9920342246261
28.1911648884006 1.04559929227484 9.68499160754448 7.03959265590172 19.4778320077922 1.34754280584512 279.046430724575 33.3961305193171
26.0692332997381 1.34970691251328 7.10997208755241 7.98136292974488 13.4293027975231 0.786153616734 294.943196697735 50.4729924948435
26.813905699037 1.18599592173506 10.2517694228207 6.75640373897059 23.357993331787 2.57632960631031 271.038293159196 13.8188032090917
23.7179759510879 1.41789156232297 10.9851746601252 7.21662480469485 28.6252047399184 1.9820256519361 288.798261581842 21.1800367063469
24.0761320629053 0.918046879773097 9.12006321137748 7.70979011649604 28.269312664593 1.102809881947 269.019998894065 61.9037900091727
21.5154643737253 1.12211419725475 9.81560057363649 8.24241739478006 29.6395350323869 0.770270917875296 279.989290515979 38.8672198416862
25.8935722292775 1.29343355069952 10.0244911736684 8.22352173562363 26.2275009883248 2.53853511035772 294.904770154435 28.3100082358917
27.3903139335868 0.982709326832204 8.10600870586302 8.70362288069594 17.008605763848 3.55617279738843 273.555995965744 69.3791803021615
28.6326278173461 1.57843941194256 10.8985838654763 6.99439935410833 28.1007656173551 1.24185658220463 266.097529663111 24.3137397286965
28.1618418860284 1.3128451641187 11.4013976361885 6.78076459790852 13.0123711083991 0.876805854584874 275.271457950487 37.4624795721422
27.7743647110777 1.47191429486749 8.97300577277006 7.84472628097253 29.373545390524 3.44733274038754 261.062943294337 24.6748779622572
29.0729325127346 1.21299427840415 10.3135528199045 8.03349952465577 23.5068593405172 1.33377666139825 281.749279875085 32.4956233761352
23.3911330061841 1.23046508204947 9.76397240069111 8.07563238982628 28.9333329249294 1.142337094028 293.717265970494 52.8963686822618
24.7570263808069 1.15882318627968 9.38794175461484 6.74307700352035 28.5859936154584 1.17748535143133 264.917773047148 30.0076715189234
28.0207789427642 1.58560092415718 9.86356328830298 7.69759419729479 28.2371117773202 1.08429446045641 263.325224967108 67.8971443376131
28.3847425407829 1.12648494216047 8.35438360029335 7.3516878902443 27.546895684501 3.95557070232217 270.405522867531 14.6636447951268
22.231211185571 1.21499405643854 10.0126687346859 5.76810188863917 23.4718646918369 2.69158863564756 269.768554646144 66.1945446351025
23.5705546152866 1.20135756783688 10.0834318796291 7.17803167357421 29.8631960513864 0.867746952416547 278.922506863976 76.8382441628761
27.4714679635148 0.941574843515674 8.54686509537538 7.14699896886415 25.553156767538 1.05568394511768 258.368857356429 28.8701630126761
18.6620734513658 1.11198146017132 7.35933963786135 5.99629026651644 26.4023865055804 0.431159800926424 264.66059589325 72.5175952526679
26.9771167839711 0.585309567044533 8.88418899902808 7.89339965016283 17.089852493323 1.76273978676388 294.302265484752 71.8452924242653
26.0106301958562 1.15047709294316 9.38526881548588 7.4110067971316 23.2099357593173 0.850647255697341 293.510895686729 20.5209634638065
25.5568406103137 1.45439440289867 8.52954215304386 8.30484832849167 15.6710383192202 1.59377289031213 267.491572529646 44.8333868497815
21.2693450115884 1.31720342413239 11.139148551389 6.98490255204927 16.1498756882155 0.679497210160947 291.876228762567 62.0038563853463
25.7602375797168 1.15579595051118 9.14505621405065 8.94588753269705 17.8510245805044 1.45859194361303 288.694930487282 31.0869388007229
24.2897222639658 1.19865058402093 13.8816483139548 6.43955811860282 27.8273732669636 1.17864533954893 290.369847444518 15.6440309163381
24.7674768269532 0.62525334037122 9.84800538375027 7.85365459965324 16.5177312065892 1.19616892205887 249.821846242033 250.193483540928
25.3681658157363 1.01373475587205 10.2269431152123 7.71218959123824 22.2628652621 1.3643240162191 298.687893277262 38.4807137336856
21.609885041459 0.933198782794973 8.3000671638294 6.44518054958455 20.4632411252036 1.96754077587296 257.948834915982 57.396922814709
24.1718551919757 1.12368004760211 10.0812374449763 6.9741717828081 24.4256961791316 1.34581647645457 292.007720651886 30.5370569375113
26.3946879873994 0.987184318781685 9.61247047570664 6.9573866088971 16.4992829431055 1.78261185556212 267.875052938226 24.8074044364722
24.223275536144 1.17602862835751 10.0498771034493 7.27629184663919 24.4700447055943 0.948239322870449 288.382825547537 35.0841776443204
20.1957469572 1.0408651044143 9.99554602148346 7.8023991197905 22.0199159874527 0.933689425201098 260.285973023301 99.5679472825289
26.034283906989 1.38791463410347 9.18188935607382 10.0267427218868 24.7842490004623 1.56571400175988 271.516635249764 29.1812576096399
23.5938441220133 1.11968418159396 8.8043166614463 7.98592632728741 25.6441936424224 0.982395805169051 285.354858763018 149.647084474903
27.7464056234911 1.02692921357716 9.88194725098738 6.74398174347407 27.9903718279622 0.916478887252948 254.600120707114 23.2797293072461
27.6430423149399 1.20754621630346 7.32030414080307 7.12203443856605 20.5845290734136 1.06526983734546 268.166860972571 15.4403326013148
23.3232972954027 1.29292623614276 10.4172730987961 7.45517843581751 26.8005168026144 1.06679532126856 291.819247780701 32.1676635994116
24.137027708735 1.04937121830516 10.1265965592863 8.01480506327045 21.8697792100679 1.77959723512785 270.91253376974 51.4040697124547
25.1486729508379 1.0971526757441 10.3247368262647 8.63305883758657 26.8187766342859 1.99399261671697 291.90367876684 38.4222715440983
26.4253160062256 0.817219883484426 9.01505239567569 8.0051077008094 29.6402510923024 1.89307397581457 265.694106317828 19.5041246729699
24.7775666632374 0.758335263950751 3.1134563084916 7.48622378461928 25.1194574094379 0.992558585847835 260.022512737256 52.3790834208699
28.8468072934532 1.59844561442575 11.1270893580407 7.07014823383891 28.3791489903769 2.10518542900092 272.263647557475 47.9971489899975
23.9655942973885 1.22322933538465 8.88973792919135 7.78336391923338 27.6782618772904 0.512868481570819 298.090312132664 92.5843980215567
27.3736177142546 1.24624358710502 9.82839675074145 7.88352971361268 26.9378258381726 0.993704558984961 282.377926566793 35.2855729539275
25.9989622455193 1.13698613508643 7.27680580775863 10.1545586291608 24.8883649205821 2.02758053656274 288.779357973271 49.9446649846851
24.5273793109789 0.891049818358423 8.28835655283308 7.83711856648562 19.366422895528 1.39045576779152 282.968360174489 61.4951790294006
23.6568341013952 0.983267604685852 3.79178157010385 6.64330112931983 29.4229919476443 5.01239604146108 287.91254499188 89.562735834042
29.3826464643846 1.14976195910121 7.23459782086477 6.67297887905668 19.7256744067181 0.764611068849698 278.603511585328 50.3312017161069
22.1664772498475 1.06145381743874 10.670994515312 6.49631342641877 29.3788441692862 0.822949988115918 276.253985011305 44.5603065975066
26.41675066076 1.20099523629735 9.61300996860346 8.71321366973216 25.0332811148093 1.13032332359258 298.477140215298 29.68292144116
21.2130026494001 1.21946943253563 9.42770536326527 5.93249185504471 16.9133068706968 1.61236180099882 286.345237712152 22.0178899068188
24.937763484322 0.865301795889892 7.93537601920165 7.7612985355609 23.0371638591749 3.65581554502446 293.564347438484 42.9879559512688
22.7980313361425 1.23667841562882 6.720270325886 9.46945406325839 27.1044720292507 1.64964618901716 297.159183214512 63.9585516049271
27.1730490642032 1.18964491267915 10.1617430860796 6.43706208296335 28.5838608444508 3.74658879478841 258.084033350954 66.0815944504215
22.9733773543757 1.12912161201193 8.18432670821941 6.85053971924082 18.411659482294 1.39528757969407 294.541968579654 26.4674526506903
24.22673855205 0.976957430123392 8.2253559408243 7.43127358163985 19.1886557008727 0.978228780517892 261.535708394223 69.5297579385938
24.8253751208607 1.28669541706169 10.0928621400429 8.22881609257944 19.5935208319357 0.638903355104566 278.760862863724 94.3968481593158
26.1693319847864 1.10688815712883 6.32326981872387 8.32513720273414 28.8159875129572 0.625029521505772 260.645426541101 90.2139910316536
24.7689126975356 1.1458573750678 8.84008562877542 6.77414614847847 26.9746926381011 0.280749940215573 268.959506922925 128.37604696505
22.6490568409382 1.23264066663391 7.79769098305805 6.98294753421614 28.2976507455281 0.622399531170348 268.550685196485 41.1949029536687
26.2443489621608 1.29883974066932 8.17198394844422 8.02702793655104 28.6792460302888 0.601276327135936 270.606193794222 29.5054220109535
22.10164294247 1.19032716233759 7.83452673394136 7.38607022189696 24.0763396134123 2.52685936847332 291.367368314549 29.8533348494317
28.0513779890951 1.06922530955026 5.52498636454864 7.98315182776446 26.4605720566206 0.727643781066919 261.105080536632 53.753519632297
26.3991023236905 0.837218854615876 3.072146373547 9.03008541872295 18.1747132194246 4.73409880352769 272.117272341311 87.3843148143282
25.0334813979989 0.860856915743865 7.53134568014579 6.98474410967044 26.3067492912736 1.43384736596651 298.227233566649 41.0080824692853
21.9478900090092 1.13689699378918 8.99929707519691 6.32116542630693 19.597338783634 2.40911461552883 268.629743922625 49.7064604323737
29.9925724206318 1.24997045154314 8.14403922098191 9.57822562058968 23.6410847258906 0.843777012880412 283.312691493622 43.8169319695448
22.2849123478197 0.885439049375674 10.3293106323574 7.63345000175178 23.3198913331011 1.62082674483696 290.36025477338 55.2819328472032
26.2609394619374 0.837574160490474 7.31258214761676 8.47271794237271 19.1544718705731 0.939542753579739 263.778049227755 59.7362696419816
24.2897541054434 0.967255485962481 8.53288967732396 7.83521597873046 20.4455209999579 0.653424057190827 288.078084729003 72.3883706190206
25.2546967962532 1.07343182280182 8.21871924985916 7.08626352555655 23.3276227314643 3.09521993143056 262.71847229974 66.6736355917951
27.4594381507912 1.19890824037636 7.23511459460697 7.6555016281586 26.5629597288316 2.79278030237593 271.293215544528 57.6664760566988
26.7095429647948 1.13873490965858 7.52842570655127 6.97973902179631 19.8511996180936 1.51844201346273 263.7242883719 32.9562326828067
23.4800718186527 1.24711292861464 9.07025666585546 6.80312383603505 25.0314509998966 0.24578766651125 274.738147026397 190.052631809421
25.3450596564464 1.15402095459869 10.6885904209359 8.3502170788203 27.3599157114303 1.06770405333274 276.450300262623 44.9582095959584
26.3430934563077 1.50375322832384 10.2566391014138 7.46066720132232 20.6897524414195 0.4856097491189 264.913786819303 55.6226155536127
24.7809130216043 1.27635582811824 11.2505578488822 7.20152600589148 10.0823049139621 1.33583243392289 293.146292404441 28.7365765391213
23.4246505822837 0.761323550477676 9.34348335315062 7.39630653637929 25.7468990599129 1.71344141769522 278.4908772041 40.5648674308761
21.6702711840651 1.24498306776053 10.2810770861442 6.19980934917404 25.8216911358059 2.79460564436994 267.513878861028 60.662210901653
22.7355704099959 1.03863476753208 10.0908391469296 6.90063291530686 23.170289042946 0.296121315893322 255.722212343794 129.826851553814
21.2242957240452 1.31305171454636 8.39781119623577 8.10137828544526 19.1116637504041 0.678157628977191 289.092642718792 57.8113429112767
27.4257636436662 0.974305260770144 8.09466708538024 8.30271004083873 18.0950398576409 0.868816356528197 281.340481986939 70.1244608926401
24.2575270872462 1.31729012414994 8.18363794041776 7.91995051771529 21.6264463262402 4.48593019371553 296.148981528715 53.6495133904189
18.384632908159 0.980979794598996 9.02821299742496 5.90242563857328 21.8403382617405 0.849119180090676 281.067524573206 32.8798478019006
29.0944660398404 1.15780351411938 10.3396637889681 6.4767595677803 26.1252946753853 1.09792304833964 253.071759854669 48.2613801113743
25.8434137518773 1.08980203125855 9.34153983702902 8.77666141947453 16.5067448899659 1.05528970890202 277.792589569852 65.8129699503092
25.2661903231724 1.23598075712257 10.9920692479623 6.91638871854159 27.9311115676736 1.55543408011801 289.535855354808 26.4314740065242
24.4220186393738 1.33713280966591 9.41233524842587 6.92452547427753 26.6724400419715 1.36260580915228 283.013656650939 50.565036179044
24.9997186446276 1.23104485285756 9.84764232334484 7.68682616623849 25.9931907761805 1.41267366704069 284.969366174342 38.4848156691136
29.3857825134114 1.40924969805138 8.94383858256209 7.16078251141034 23.2623177254828 12.9532326518106 273.34606032451 54.8252272887427
29.247235914745 1.308918115596 8.99621283244817 9.14093927743503 23.0036129660339 1.21501117599643 300.630677150198 23.3826619055221
27.371127495971 0.870844022363789 7.95638970490025 8.77159781089956 23.2801796578309 1.29047849925963 283.698585835927 56.8359805091614
27.4887799000351 0.880202960358973 9.03701296313835 8.57747816819052 28.5910728970959 6.36174095327142 262.558187673118 62.7282073993878
24.6052480566808 1.73301286263239 12.6814262642283 7.5921377809356 23.6180055395956 5.72955164646602 282.202903768065 26.8830617208666
24.5829820655876 1.00332580022688 8.1182777334159 6.70082408345545 26.8974851277049 2.17705507498556 289.581998337802 55.9569292944836
28.6524154699512 1.26806604968952 8.66372359582819 8.02013286838632 19.8335215438622 1.30175058192304 286.364305241499 40.3919511942924
24.4270440519372 1.69598168234643 10.1988795515117 6.76025563126699 29.4529822481857 0.81291534183629 274.676429156249 24.6464420502142
23.5084776035575 1.14678782523836 6.71201397335235 8.30370812950064 26.2780564678251 1.64751490183733 290.849891702573 28.2336419310078
25.7542419634737 1.17944856197289 8.60579775361187 7.97863184700218 28.9933683408473 1.70760986530647 271.250971000489 94.1963068032929
26.5751561846306 1.97861504336076 5.13533522128806 8.55641730341378 27.5361748778434 1.6192448839921 269.932438371146 53.0569154005978
27.0287890515505 1.25267152562154 9.62292473723642 7.00840627100083 26.7045774787731 1.3376257425629 265.357372472736 56.2749102961458
29.3565318965998 1.08017912100216 7.47368741637712 8.48889442923253 24.9412290709772 1.7714658920152 260.011394407196 122.778548066141
27.7136129149809 1.12115348383423 9.21325178399875 8.50990810895129 23.1179091705676 2.22546530823802 263.911753236979 87.0636296528899
19.8840601917905 0.929894099492479 8.97366523965255 6.18068794899712 26.5012874462701 0.237988253068407 287.142105107226 277.48586428233
26.6790990941288 0.917108550340336 9.1762885737912 7.65748356152583 22.4216794990917 2.84431773520074 270.741197108538 37.0109388344023
25.5925544920473 0.916283191633672 7.88653905219474 7.63294232427987 18.8091004249312 2.26917531060677 292.505423537061 48.3539200148078
22.6413356487833 0.915514722287759 8.72188256640602 6.52487270720913 22.3119926198673 1.44005866267088 289.853529263634 62.0576514121584
24.4434822592085 1.16755325187559 9.9513940074105 7.54029055770327 25.6398483944945 1.42193614851297 270.190328699262 24.2702122162444
23.5256825203868 1.15943930470583 7.82978260339573 6.88340173487138 25.0182652332755 0.996302800959722 263.88055024339 37.1527794573959
24.8456523818648 1.1508681505434 9.89704502298684 7.81283774186613 23.2260973525536 1.28477777638216 290.048689615057 26.4474031379118
24.024637244218 0.950488893301331 10.2712134804842 6.59824564978598 13.4843099908079 1.47235211476539 282.407638864766 46.5462308849583
25.2283185204303 1.20523966092197 7.16663997283552 8.3714216141772 16.7117522748457 1.90735819882865 304.231127816994 33.657589911057
24.0317675856738 0.934710976979882 9.83472407539085 7.09597913258349 24.3108032047648 2.8978544004419 291.546944606477 41.3497156466945
22.5956217140736 0.981222012026938 10.9550770879724 6.60751809233853 15.6463126891861 3.5181196250296 283.641323935516 19.2657141706954
25.7834124443666 1.33082298658783 9.62688776156347 8.13727908653817 18.5166711781476 4.96276899553126 260.837936827269 34.2601960738902
28.5101893962235 1.20397479730071 9.47327630945438 8.66115555735896 27.7398174238429 1.19057224864249 291.721264998061 24.643046102613
26.7013491906441 1.10157204242687 10.0082008597909 8.2594789502898 25.9083547274375 1.84154282514606 273.33509869916 29.9981996997496
25.6753412005082 0.993833559672958 9.56364315638704 6.66964677187175 20.2712108587104 0.648815223640183 265.553182442407 15.460873040875
28.4346445723832 2.01931676782815 9.04576577536811 7.04490185649962 19.1715375731786 0.33525272687437 254.356412627091 37.7609648182261
22.9880059106056 0.868741730122128 9.52608424173861 7.28777820852605 27.4961196650687 1.00131206510761 273.262209096164 60.8206956855806
26.0305555236953 1.15880347019769 10.3343214783615 7.68095702880144 27.4078962341934 3.4495384205233 297.624242320846 41.8095861373263
27.3550912758188 0.965651456333565 8.53072551083167 8.64391229300227 22.9500011766074 1.45441872576627 295.595130969924 47.5634879011365
24.2922941523865 0.946102634510137 10.0905156822781 7.96111771316576 23.5657727047926 0.826917719916365 286.111742695442 54.6326432087565
23.9511086620687 1.33895350858709 8.46941582700244 7.12209935814486 20.5346797480631 1.22447294881049 264.537775415434 23.9488942496275
26.1909786312606 1.16286995281719 8.30541398644905 7.97491910180474 26.0232466787969 1.30571413464263 268.770105627351 29.4711090542034
27.799536275182 0.716820778337349 9.18534651342308 7.80173480714662 22.7064754610845 1.22260961919719 267.10965430279 62.0732479536916
28.6926710226712 1.1779089478769 6.64036931509988 8.30599273695014 19.1952103323325 2.31250989400521 270.844785071717 51.9154494628082
28.1396751708062 1.2967909684642 10.8597221304341 6.96759437582819 25.2108745375279 0.872321628524312 256.376014841863 30.3651280780667
27.6270612266764 0.897103840327353 9.2425916645591 8.16908529351143 22.3242586049256 0.826842011479164 269.41772084399 51.9934984804731
24.5104560528213 1.29667175377553 8.30847251340098 7.94371577643942 28.6640415203182 3.11983874671719 292.597924118784 54.172621681935
23.1993673364414 0.96306771799613 9.45486168975847 7.03717810486328 28.5034597772398 1.06871861658118 281.6138911462 82.3739108468787
27.9841792016709 1.12156978077565 7.91021245789598 7.49362518739323 27.2405337085007 0.467629868545143 263.040702326436 18.956299064126
24.8522444679069 1.12269992311419 10.0482058631835 7.2986095710898 15.6573565671922 0.903779169765191 283.186231144521 57.13129449131
23.4907592817364 0.983417208084073 8.42660575602286 5.74604018916708 25.748176771233 1.83838829448355 288.252828049879 70.102435834119
28.5597823198677 1.13957792822812 10.2129305677996 8.85982584974827 19.6043802787607 10.7615786620277 283.70165404374 16.5833719760768
28.4468543725502 1.25871501514587 8.29045572085165 7.36647765383957 21.8269183719454 3.11486686692973 266.042053999583 13.6641122594669
23.6176843312816 1.33965384701217 9.16624103902444 6.71329578103637 25.3583542000625 1.21114651058344 285.500715808905 25.899493448571
15.8468011671844 1.02022460358002 9.4687010289262 7.56388706947911 18.2889231845483 0.625413689091629 281.628657279907 18.186315573935
23.736106942361 1.27510534952643 8.34999975844355 7.03108421705575 26.999067315313 1.7272633081305 271.146686050911 79.3857073204955
28.0899891570959 1.30122548208872 9.06291355174137 7.11097486800069 27.6814474483771 1.75752283284789 256.426065972038 57.6661034985684
25.7836754997821 1.26116620772713 8.35311668681271 6.58625386270923 20.0935006126242 0.933232805474419 288.293362321105 51.761071910466
22.9448866588208 1.56039989832213 11.6078387416084 7.62169673710367 25.2895313821076 1.91771484257709 287.834029551302 14.595189345887
26.6301469169556 0.943855118714457 6.51670438921478 9.57150623361941 24.7133642644818 1.69109506542847 284.495272026687 69.4340622124738
21.3445545549924 1.264278600591 10.6636408259271 7.22483637124738 29.7090711815134 1.11239179143428 286.566340764312 53.4041664291956
26.2669483142294 1.13111006767741 6.40376251072114 8.52788326681259 29.3052476658377 1.11794825620931 291.551564492404 50.8979571431752
24.992257097742 1.39717885795824 9.76573794131362 8.74016432941534 28.1623988910353 0.220516985519042 266.893033400528 122.651123901658
25.3875286361462 0.992834186163091 9.62038930778494 7.56904246599829 25.0065888752969 0.830739233534873 271.089174858833 65.0178149004098
25.5078719678278 1.2145557589618 7.96288565113485 7.11617161057091 23.8765376643897 1.91133886185858 284.613733383387 25.7042835074342
26.156436442577 1.17547394846545 10.1359158599618 7.53271287422749 19.7901608507464 2.06062740172313 294.624138738291 44.7078898236701
26.454282552457 1.2611455637736 6.60662378176725 7.10848786028635 29.755610409746 3.22796825549224 266.748691554004 27.5201883416455
23.3065750641651 1.23129676586784 10.7171841687321 7.46604003009021 21.2727573762051 2.62275005354051 283.162775961449 52.874787356175
24.5200687421606 1.19887284407947 8.71924528589282 8.73375001499248 26.2981770632813 1.32682240871443 270.667835951769 62.0687889060456
26.4026519646084 1.31899608399934 7.98923221111836 8.19286659225481 22.7582439221941 0.745180831505609 257.476438132267 121.923033628695
24.9717726498942 1.05893733942249 10.2155636643287 8.44891318300427 19.6136297408622 1.66591066346668 265.892027587679 51.1754050083438
22.7487731468031 0.904979079357271 8.21512665273598 6.94041960888339 24.4872887442795 0.97060582114861 295.278895274275 74.2781161090272
26.1025916746776 1.20431664069876 7.81347937695256 7.28391230073348 19.9639252199327 1.62113047209835 286.70791343936 53.0249249280084
28.5005452815468 0.803586502049982 8.05084274307659 8.73271049946486 18.3134847123227 3.78487505230688 272.428632135377 27.0498491028642
27.8354711630572 1.21257285314477 11.1446104432423 6.67014557713137 27.6693336662051 2.43037098307679 267.082265165369 30.949177185065
24.1321661066435 1.19224293658091 8.59425848037396 7.56285739738808 19.2287648696062 1.72488758582065 295.660691486035 33.0545643850512
28.3767339975177 1.26150392373024 7.31711890207996 7.32035118654862 29.2352095291242 0.543508591566786 267.385446408356 54.7109374694134
27.0096087510719 0.91000467689477 9.32025855171878 8.17408646494979 23.1100186770103 0.971207379969856 271.407959806046 52.4945961057231
19.4974651579995 1.16669591084754 11.363731299515 7.08667591498675 20.717730179685 1.11844895957523 279.603583456045 52.3108970189936
24.6648592213512 0.912780857337664 8.04148432129076 7.74664379860462 26.0954511147043 1.73835252747612 297.611701926978 48.1106609883471
26.8702385750994 1.22956686707637 3.64131045390531 6.67411616814719 21.0402840499182 0.940645513912513 268.317857983672 40.8057026342663
27.8826937817117 1.14442069786126 7.19897368670811 8.81130905088867 17.2103545276259 1.15600264393113 284.734639532951 30.1900931173795
22.4529255591573 1.04325279964485 8.73232767150058 7.55899211619501 16.4949667385437 3.50085306365862 293.464409391223 38.0283220500592
29.8452345907848 1.19686146167179 9.18531530389164 9.52345036940704 28.7244003235624 0.835820549866332 287.898129392933 26.8081539128455
19.5791517732449 1.01262226445779 7.45724216983746 6.50767467945958 17.3953559387692 3.25617327315215 282.730081261663 15.4919362168802
23.0839520201711 1.16836647558781 7.7301061991609 7.62763884177583 24.5116833931379 0.813524781081893 280.4198455833 145.482963807271
23.2955118475389 1.12001631972473 9.30607769373506 6.98233221608438 21.2124553970901 0.447886242707396 288.394513430811 287.622444846342
23.3011426952151 0.937578214041613 8.46053419978247 8.04517641404933 27.7703970297208 1.32572935243258 262.313570860592 17.009207612013
23.4269633307768 1.02425746455267 9.7907922516881 7.26473026097976 27.8522232801805 2.26007239470232 287.008269361754 40.5521420000611
28.5693630522772 1.24216285243646 3.84839056602013 14.6705194867979 29.6257288160385 0.150561031090236 281.568631708469 355.012041358911
27.7977109054037 1.15488885416924 9.20439177560236 9.32895008576531 22.436887684692 2.7443012386179 274.396287705024 40.6175199842238
17.7417311963124 1.02151683096831 9.74896032435164 7.96336863773844 22.7586459245282 1.13684822616682 299.851383562113 22.9075203563935
26.7454158775315 1.20590779640255 6.51369169879376 6.64464502699373 19.5467738814253 0.750927752240927 283.984522179661 52.9994771934443
26.9885312474561 1.47038363268446 9.05662571513341 8.18108558523924 23.9703592078291 1.48294279624333 281.822952282924 56.7724072069429
23.9835552329935 1.15448039103987 9.31607457929892 6.80308946195361 20.4220586365431 2.4085703127903 288.213342093244 51.1036062705327
24.6749962274764 1.10825583434586 10.558837277599 7.19411071917878 20.8168241148622 1.17194195657974 267.561014224738 53.6787411585727
27.6953919428458 1.36852168150486 10.7639618888932 7.17520405442417 21.2748251042084 1.76487695169488 286.946628008825 34.5837712415365
27.0105377271123 1.2007279967632 10.2740289023646 6.36187700386642 28.6084170594458 0.620208977010016 258.235701386839 62.1864892882962
26.2499091619461 1.10948889487412 9.7484220121584 6.9791733927259 21.1044651316322 1.66540107990212 280.145515365673 63.7074090941891
22.5501104600359 1.4727290718477 8.54875127312077 8.09477227581473 20.9425212535026 0.985597634257453 268.592682810639 86.9463117326311
24.6134005882462 1.16534439482791 8.32095447515068 9.12772451899423 25.7246954687026 0.962240120194557 282.616853641898 22.9776492892905
22.3086309300364 0.896929365975475 9.00961991292974 7.95864217455627 29.4817639203109 1.51591136741704 262.429079344345 32.1387031402614
25.0141956017697 0.965977126522088 10.3418283747265 6.83082726608603 19.5587899540021 0.65753060841767 295.325151724946 14.6806441181637
29.3155313902331 1.1944222487443 8.7432118946995 9.03322827458644 13.490947691006 1.68996974378093 292.484363914563 14.1928660853935
27.1169710451491 1.64339179554167 10.1057295382321 8.11595815230996 27.3904230091522 0.953175166560163 280.080091943945 43.317586549002
22.1621703392302 1.24847727380165 9.13946589636847 6.61759406326131 26.1677025097697 2.09100729844779 254.475205676581 47.2088426689018
25.3821090266033 1.39453371081351 8.68641494275415 8.07957328496447 27.7791729988233 2.59931660780249 294.235670733529 62.700694977352
23.5298361149934 1.30780763564052 9.33047832974887 8.36603588411081 27.6404563711895 0.900026074465108 282.711063970984 41.843289809891
24.808508762946 0.999715291708758 8.42688553324723 8.53057598117177 25.2482281089676 2.59407551403606 272.919378590103 28.3034016742973
21.3631555833958 1.1328265495009 10.0356919769289 8.70453052822341 27.3436613909511 1.44619843540963 271.742951173401 43.1186346764403
27.5026427274849 1.2376867663187 8.375416158787 8.09987607669477 28.560407383914 1.6885721927171 285.446918133417 103.609643644327
28.5557661086885 1.09915003897894 7.18760837921095 8.96345051447617 25.366974732562 1.0015947962583 294.061801935694 40.8851428883745
29.0687750447436 1.04360871175635 9.17441677623223 8.71989115592242 19.7008514924071 0.55621244761542 269.694899597015 32.9908044950899
22.6087432202925 0.909150376317603 9.60773860076946 6.69849623806213 23.4706730396564 1.69678749042364 287.139398031737 56.8722384396351
21.9632767894959 1.38716173152813 10.1399132666 7.59077313126834 28.2529533886134 0.45436030178884 288.704088632611 235.963655078153
29.0418534099137 1.13712190884095 8.29055995596181 10.0785109895781 26.7590480756375 0.984299699557242 265.126455460159 67.325235522749
24.5284377652998 0.958797010854782 8.96002760455863 7.22145315382061 26.7666334538945 1.91861934525524 272.829909008676 41.270449387246
27.6379241690949 1.22641972318036 9.5139609418003 8.44558929440677 24.0607391175791 1.09619366823423 296.870119413709 89.0636094884938
23.1242417830609 1.19072951994121 8.05278776214 6.65170864510095 22.3402465963655 0.77124949227686 267.026346949164 37.8679196474515
25.7800142176308 0.976343091234225 8.43485994134377 8.09002870814033 28.3660253374621 0.00325156202124307 297.138587734268 381.769933173307
23.6675945286919 1.07827600912474 8.85576206343963 6.73243919317778 29.7240444927968 1.48623655429077 251.660408604474 48.3442373338284
22.506457911946 1.18167758101044 9.09728600140255 8.24806600195071 27.2734621221269 2.28742355850431 289.036615701086 52.5696998852786
24.0195632545783 1.01808572456046 9.48652735291092 6.62127718282711 25.3993330824205 0.617875522404928 264.654545007795 72.9987211007315
21.1924676840869 0.9899716294944 10.3687817159741 6.59576267534627 27.8107844479228 0.797589741612403 268.82239572707 67.613241070761
27.5369753975577 0.975190885703411 10.3732601521397 5.87351634174712 26.0477764331376 0.84392977156981 276.423058039702 121.111725404304
27.6373306675852 0.989257639919937 6.88848151164095 8.74840488509357 14.5158866282085 1.85115148794299 261.649418262324 50.9197642986984
24.3363491375985 1.03512986538445 9.13764094976245 8.08798631432178 23.3146372435723 0.667991789615659 291.795303759377 27.3167567071457
24.9927009748817 1.13449600579852 10.1597364038339 6.72293761261857 19.2869857094334 0.98985587124076 257.262026812901 36.3267030217755
26.5219969945094 0.966115234394896 7.55269463847723 6.58447978020552 20.9808389413818 1.13610592323266 283.914005776811 96.8292739101407
25.854151599489 1.30977937701274 11.0054431673012 6.27162880909885 21.4785662809305 1.89926553130459 268.447436340442 30.5168639090768
22.5216396723718 0.924838705294509 7.82452222516637 7.13430333502581 20.8695376289203 1.64593163714681 265.690743867003 44.4836020108916
