14.6136263382297 6.41268645184503 29.7396423702523 0.230062826128663 10.0125688835889 13.0048252186472 139.187527825048 129.180343619523
23.7856312977428 16.5172948526676 28.9304701038597 0.241336360494389 13.5386613158702 12.2127727916009 201.022285979554 160.277762969113
17.8456845520368 26.0426555456892 29.8008753553331 0.220413890185896 2.94803803382501 6.99915258923901 93.3164838191721 164.097589642912
27.6623799066442 11.4364369321308 29.8645073608903 0.686373203085742 20.4045609206584 7.63140341097129 269.056610197322 221.307546011674
7.25702239059191 1.90428882640509 29.9455868127815 0.0965765777608962 10.7214730998452 13.9047511136585 205.604822098543 80.973600647578
16.5483305448686 14.7292571601812 29.8808270065327 0.775996910191467 4.65762676669565 4.99479210192246 250.252088541603 262.780451359212
20.4894562896471 9.2682633130242 29.5524411192843 1.07302420914643 19.7939952921242 7.60158588087823 302.553213281496 285.884798170039
26.8022776463788 14.6341122530565 29.4126790247034 0.973953133211979 19.1467700309844 10.4056413988155 299.75153842473 127.383280913191
14.5424913310782 18.124440010851 29.8154108897519 0.869660794309974 23.3715528621976 19.6073582909888 326.889403990767 160.199536623224
28.7404110165329 20.5317641118978 29.971035462965 1.39613700724216 6.97349439558724 0.582182482127959 374.815154288956 142.973706090159
21.3965144523521 9.42964390482729 29.6931492799412 0.394654516537346 5.46726451823222 6.65348370777312 310.330964393145 124.404478783065
21.5554865832047 14.6431493842341 29.5679415572665 0.368639477502462 3.63016145929217 18.8900232886939 237.262870372811 102.626333161278
28.5854862772351 1.85141217130528 29.5797404734526 0.222572397654048 8.15173485741003 25.4303237504895 448.092597161744 330.964447845814
29.9519935076607 13.9674519434745 29.0371171805174 0.501698576468093 23.9009882929635 24.4547881812647 230.738020497405 118.043864759624
26.3052827813582 27.3773028927948 29.0541267617121 0.544994020143493 1.54074115449755 27.4901377915978 209.062106964865 188.445030485635
15.6339179548468 15.6153204785495 29.1692151339447 0.301657009410689 7.87022506247604 22.752684770416 293.893551441755 182.249215462446
14.485620374357 13.9069607910591 29.5962941432013 0.311720028617067 11.5655272878688 16.5076491349195 73.2598368187707 227.878218388979
25.1504895534502 9.76170638357835 29.1916307538868 0.322119987302451 12.8425135319402 25.6030772109139 191.602525741958 174.733976275027
28.801366877572 10.5924518287931 29.6018876785375 0.381540111575026 3.88551594331085 6.47243090660492 484.970365683168 286.863904872198
20.6715285863814 19.985649628601 29.512008715899 0.29813724871538 5.82897005341739 10.5905357925102 228.540268691566 116.254622652267
8.76761473846714 19.5300672180202 29.1426849081419 2.24736492277992 21.9477290063885 3.34314868341603 468.634743224035 137.601964149846
19.277650016548 19.8234200193082 29.3216222718151 1.65786630281294 4.84492298083652 11.8207101378878 460.142260245171 254.011694890106
14.7399465329693 21.8208059851488 29.6041725311617 0.411679426823028 28.1771837036481 2.33292513596454 439.672869873987 129.395360433816
16.6885183545848 12.6003240563337 29.4195032730729 0.239738370536918 19.977305214784 26.2327235214853 110.627201240147 99.2728946365099
21.8716011103608 16.851116223745 29.7337469376646 0.336893230274925 19.9780064724627 18.5961203175357 98.7202784233517 177.647634378931
14.5631016712443 10.3354864600124 29.8496939963123 0.186547416470319 13.5291565995118 20.979995361059 104.987371856805 223.266318341501
11.0758808644539 25.5729018386622 29.9609614792593 0.675707301270869 4.40068445069679 13.8089890505502 418.144788069928 111.157525322567
23.9289814947231 18.5995718698238 29.1175242243729 0.249204245951814 25.7281842743696 23.324734831965 138.118578534424 111.261800123932
13.1163746605626 10.3485147922335 29.5119199178582 0.111089244783912 15.8410971022852 6.75618437197853 186.925404663878 131.805582667783
12.4129758759241 5.70947169534901 29.7573003226538 0.0975719187155278 28.0599965095057 5.06371660232321 47.784704204814 219.300336127519
26.1143796703485 13.7920756081296 29.9936015782 0.567890998779903 26.2222898852378 8.47213897674866 270.808863848087 73.4302267876464
24.7505255088254 15.3236950347402 29.2977477729207 0.322437321912687 9.63529197304816 5.46921790969878 264.995831147325 141.857399116081
26.1832124838909 10.0363862119633 29.1481477401281 1.05655675019225 12.5079193859731 10.6528368109132 179.083794054284 399.056400718999
20.8134973262585 15.9458691847948 29.3278336170899 0.895391037072876 9.98045288825532 6.42251108294984 111.48682791344 256.630540095997
5.72639495118291 19.0748309057768 29.3672652937948 0.13966196343767 25.6045780578426 7.71505265981182 16.8218696857907 252.836830221064
14.1864950022485 18.2952421578085 29.2507136600334 0.391780092882974 7.06222426613418 9.9869733031936 330.373396113218 121.421313095313
23.7185136647533 9.13225502827132 29.6589075432245 0.827081216748136 23.5268703114079 28.5945073008646 121.001588739708 270.448544490517
22.6224379215671 7.02574637073967 29.2049187222318 2.81503138865991 15.5007209694681 23.2741306024936 333.600705397125 279.761877724175
10.8884407687907 4.25893891923175 28.8175171133285 0.156483081798854 11.3632873096662 6.01794504497447 172.486429210059 266.017580618806
23.4876668594242 13.1584210452906 29.382595908469 0.515456652727308 8.56742293767507 15.8396512006078 330.842282494781 112.167354651127
13.8999986015618 11.3564848373275 29.7559305159839 0.430497968264042 12.3609885188616 22.9599742069064 87.2229275819088 231.071327970779
18.2363510160978 8.48836078815116 29.6463281751532 0.305224883644936 23.1663339790332 23.3865104144811 332.415655476503 200.199440455153
28.2929782214532 10.0269232026645 29.2238396858661 0.20163807407274 18.2611717272957 6.56613616158211 74.2801168505996 93.0975104200404
27.3101896961252 12.4488543398648 29.3877202812077 0.260836539485538 24.0559137578212 15.2531579251213 155.687882261915 64.8246686254563
15.3783984351621 15.3481920882888 29.7185991361611 0.158642839789324 11.8467284484224 6.18399298859017 173.439507007208 108.476331324653
13.8223292831387 17.9536546856212 29.874446616911 0.253204478847329 16.5829511169257 14.8596639084501 52.9839378466678 39.4350365636167
18.3322290352477 19.7881862031051 29.8582735619757 0.32930851365962 23.131745865641 10.5427235025651 73.1284224165202 255.270000652961
27.2285481446947 7.78398997283018 29.5125256856208 0.333815430419018 25.9329074480961 28.7006287421565 471.490374273105 259.434123192658
26.0842333118475 21.4674330086197 29.2513833757761 0.422359873093405 4.72116741855003 9.14119900446881 360.827844083264 60.3702413894634
27.9628183727219 18.6899046672963 29.345368926699 1.01305562814238 28.4976776072016 24.0081243174665 272.645043318639 79.7259325998931
7.26734507892111 29.348242441849 28.918518803074 0.450751259877989 27.8280203037228 9.48816720022572 292.816713677571 126.65783261057
27.3652022588198 4.05486763035448 29.1825666204382 0.80808696455133 21.183258040576 2.02863973846495 31.4658932737341 450.032858933884
24.7945423589235 19.1765168465085 29.0869480876345 0.198565392464124 15.9885733176267 12.4463824205097 102.679572638408 183.685843755888
25.70337142527 5.22643035557406 29.4460655023922 0.295194596771024 15.9941765277533 20.4067978156328 338.821180953489 114.108696329186
28.5341807234871 24.0274018744401 29.1868725946964 0.739951520293499 21.5244235387222 19.9007759176578 155.713014974685 53.539454334109
19.3102227385749 6.77301709819503 29.1900277345503 0.495668607019 20.7276760493081 13.4483983694692 275.720060263725 167.604895247752
19.6576427903494 15.3515061696182 29.157724622629 0.172417717109998 23.1224220306109 13.1510221024407 359.01791024752 209.555406101489
19.7685220466503 15.8928786385323 29.692220544332 0.694288516494391 8.3706177535576 26.6367560560084 110.057497922523 307.07132036436
24.569197264523 5.85726838178977 29.3872634150313 1.40172174521478 16.0374527223649 8.89172660500524 176.668055797014 472.598882840811
18.3129808349617 26.5997929195168 29.3897146261949 0.329945813431723 25.6481834123875 19.211373817188 132.578354497504 198.791439884263
16.7658631410458 23.3254915919 29.4420517211359 1.6678625913404 11.8536767571775 12.4576104884676 298.395902033015 321.756501387363
26.4419441550795 18.1061984346416 29.7719621236205 0.960149197978299 10.2477498800271 4.77879272065119 272.219625199272 138.731295697331
13.4614591038568 21.2196196762325 29.8555426611196 0.195234500899093 13.4864007309374 7.68126233748429 271.336379355322 100.997214905596
28.5235806656393 8.44508829795543 28.9029065549679 1.01254880664175 27.7844495867856 15.0875005465082 142.131489953145 243.465333394332
26.8589472844488 12.0489936455345 29.541823053989 0.752281460942993 5.39534307030422 18.0851074428923 89.0980540812293 287.848437892011
26.3904035925769 15.5299211771685 29.3670556984843 0.867718203629761 6.45998381888427 6.84991190661483 301.89958937657 116.787400314755
19.0948805120719 13.3639815040894 29.3064764781301 0.147615101279442 22.5325414122543 19.1672536969862 158.738908009703 115.408853276586
28.4742897829743 12.1049544288447 28.9584835638237 1.15130196446656 14.1166189195336 2.35259702943757 208.578075377429 168.021728830704
26.5795290048174 16.1402424309304 29.0605647296738 1.29712937791578 6.02468946199972 6.81879153522104 521.971673878061 138.572588404744
22.8446591806737 12.3242849153291 29.0781706218947 1.61683219007695 16.4480899943046 2.63937061832608 205.926951335226 277.639757847523
22.8004612033423 17.6731791393655 29.2152934847734 0.197855284635612 3.92566147101284 14.4313862908479 203.501805142478 129.227653037242
28.7769643354686 6.40289225671557 27.4035147443263 5.60022361150077 19.0740927601552 11.2931593325423 201.710260124375 316.577543851539
26.5359469398927 1.55136761120595 29.0108648215022 1.23514481953198 1.1905976933755 8.44091373352258 194.428759049608 321.1767281807
28.8701714741758 5.29968543622918 29.3561028361964 0.317138835021886 13.8484696339356 4.42852368806704 170.629259370462 135.089422619752
16.2343886193689 12.2376500939146 28.8277601618423 0.41584001778927 28.3749522725415 8.05506578733599 236.132460083322 152.24950500459
29.6238558604765 18.3573623106033 29.8841189073894 0.496346656582066 22.4871414623084 4.53419027166286 390.526557264285 14.5863181451274
28.5320473771365 7.01714299394377 29.1334099153131 0.356837729069223 7.70007786759088 19.6330167717875 284.867753302584 115.340725377806
27.0577131017939 9.07336031471123 29.3355381300089 0.610920064338524 22.1810552844405 12.1159419906512 407.732519364418 159.266846483513
17.3350159879723 8.01784090542921 29.8316805277971 0.305809676518131 9.31495135516422 5.13638894646265 223.926206478677 126.75775224891
24.1269736619522 27.377004420855 29.94825502556 0.537212788228008 9.29131285253666 17.6565911093274 357.232095769956 41.534617067105
15.196824973236 15.4271433512377 29.8689455580653 0.622057076844919 25.0261520006812 4.57206035436271 328.174727900083 184.884719568755
25.1974963760908 5.15380028027984 29.2544618610327 0.250005471963099 5.71006211745967 1.90184376695413 73.969903288133 258.483947351498
26.20400510983 17.2042833966196 29.6170699842723 0.728463246084968 20.8861890644106 24.2644721649282 298.910431015258 94.4583481838971
29.086525019206 6.41873725522405 28.8639139699032 1.63630072061289 22.0094548696615 14.5261951634448 97.6900894452261 474.664478259266
25.0091345381546 19.1077500003744 29.5678186246119 2.38927636039395 29.3476283417336 4.70943679074283 411.294535174889 299.996534607461
14.3898061449138 9.09962997089282 28.4335041054687 0.226806954107737 27.6512592273483 11.0333465986801 265.833770411091 229.620983421882
27.8511378375185 8.73230450440725 28.7763555657871 0.170027670459201 18.727328765295 23.7631509117381 10.5544931776607 337.812804032069
23.2731559186098 4.59661559713909 29.308464552412 0.0532239038391711 24.1259490832432 12.4491407322009 210.478910823616 142.578580200225
25.8805614212836 17.4469357602193 28.8594513299346 0.635497649915089 18.1198338557542 10.4609265767972 35.772432560836 251.331716130526
8.43354702504849 20.0040225655277 29.4130044765774 6.89490991253167 22.7255663403277 6.90238948719577 460.586903115229 333.122475163397
21.5877653731143 16.2115701025092 29.4488943597068 0.520853694144698 16.9370745308158 4.6419260416279 230.504766272022 107.19849516332
23.82695825046 9.28707328028961 29.7166019065176 0.171198319415765 0.670171273107557 4.87169586690875 288.355547577193 418.239708143595
4.06066122305114 24.6606082363462 29.8393155839241 0.560652647626902 15.2617088498035 0.423315402058629 474.631866463436 41.5122272229628
9.41212318008285 16.044636688687 28.2663594315342 9.68805488926652 9.3911975999144 1.2808452820363 397.93955240603 86.2009456024586
20.5135149737714 6.67407131129472 29.4194684827576 0.654100507175983 11.5698443707843 17.3430826169917 114.875767656917 297.279687612717
25.5821309567159 11.5713050051387 29.9662454780212 0.56057973636207 26.5355125818437 15.3496779060832 155.930724396781 354.557626046077
18.2655465388262 12.3083758935511 29.6399025146867 0.539608679380461 28.1546472473215 19.1828148740241 156.006585245285 354.237883429196
15.9134393706172 13.4638064052747 29.243255889925 0.468603441078581 25.0059037162656 3.72851563844283 455.384832813154 167.798538567736
29.0148715260106 15.1991865588794 29.895101854204 0.228591441865596 6.73168226310456 14.2598185566252 159.79355533204 149.294810177146
18.2718445164243 14.5507405060005 29.2233352256007 0.770552366577644 7.69431454347161 24.3666196274187 149.233969849517 271.909004471675
21.5166478305578 12.1007689472541 29.5801644774524 0.367889983327111 6.05481899564105 10.955764741098 407.866007052317 65.3323947415856
25.8373822157948 6.85255962791433 29.293942321523 0.8167388987419 21.1615678628885 7.10429387210282 279.198849976749 292.158280025265
16.4108333895555 18.5566697253783 29.2488428187946 0.620953534838752 13.2164674539909 4.85713318363892 267.188407349921 183.367119413556
23.4174886694923 9.90521329434197 28.8837636297878 0.246563000987106 1.27754946604733 14.9340782577902 242.473577326943 100.910592891427
10.1938370752634 9.44186091909069 28.4501428379078 0.194358979926786 25.2166184583267 23.2005873713721 260.249186482035 355.661238856388
24.9467169892651 19.7679628919134 29.7194475950432 1.50206479637615 26.9408860835035 4.27893693656153 439.691101448824 126.876360950677
24.275192891692 10.0567439407116 29.2903090262483 0.681916713855269 8.86675239419048 3.09728558623097 224.078995838727 237.270264762966
11.3162331313223 19.3827156199879 29.1224310425679 0.434362715296914 17.0328500931899 17.4048648830062 51.0907777026516 193.621380771232
27.2388817838133 8.36291105568038 29.3263021906516 0.986466086730152 25.2343270756226 11.230849906709 55.6801121932273 416.14577868864
22.0578590053758 11.4837397415706 28.6088023655999 1.00147126711714 18.9431481151803 17.0727859637068 276.269240780245 118.345942230596
14.1481819801565 13.8503817881518 29.1988995400627 0.701738887115059 26.2486844735052 27.6068218194517 353.571211493094 181.93251020709
16.561551589387 22.1589767987415 29.9460949107961 0.218556159419868 19.5779635396248 0.940680623892792 197.225826249227 165.060561315387
28.2137381437407 6.06406298564694 29.4387466612155 0.805333250963001 9.78386193663644 8.59496010386148 174.81100420632 345.259998022474
20.7651618691196 8.65650689040057 29.4590374760601 0.643385129886078 20.9529763588034 16.074837865003 280.303814808238 179.322872864742
11.2553093840804 7.85196160113234 29.8718916539149 0.343984413335722 12.8661565413495 26.9067261705241 239.265283208705 134.657298919689
13.7670317808843 11.5652914837845 29.6686161079765 0.216195768957342 21.5896510078055 10.7886951671601 88.4675459343861 176.532081575264
24.1186781353998 13.5474762976695 28.0707932899347 3.23593598389327 26.0325978385865 10.524330014152 437.45397283764 224.357589777704
26.964787709185 3.36429613776872 28.6744827665155 0.995766019130424 12.5707428285671 25.2253320176899 150.206383351806 319.68451990505
23.9812015501894 12.3748424454189 29.9818199113449 0.522601266146936 17.4530484798435 24.0210818927263 160.000527007147 290.364540495053
15.6476041464757 13.0652707427149 29.6986153568508 0.612774669496884 3.68040790710185 6.36227592199729 255.019808360996 203.731394565792
21.3101907535306 27.1990098248226 29.0554770199655 0.384070731208076 16.6024108031704 9.80932627616167 227.145438766009 14.8058522133127
15.8779836695463 10.5728711515761 29.1277557414221 1.08626137174073 3.86577990587817 4.06977739994814 435.314451175153 272.850151978853
26.8851641751814 17.7903630977015 29.1553749149522 1.31318158159989 28.2406641725359 4.02610651039586 362.965948016446 132.39722750296
17.3997622770722 19.3855235955776 29.4306097301523 0.312540704569747 14.9188490185604 4.63313436653154 236.501121771255 110.496878845502
19.7212993554256 14.8610003739509 29.6495375625159 1.04072505707877 18.4430744459055 1.08839196280633 322.557984959587 250.751636490452
18.9765777753125 14.3685771805025 29.7437776087453 0.472157700907191 24.2263397561585 19.776095703395 43.2780010164975 160.403620113696
4.66619299699333 10.9897880895199 28.5494980961213 0.772314169795402 22.657256769859 15.5786777961346 307.998828775986 219.864281741224
24.0052242458369 22.0610478554357 29.6452111262976 0.378244971352002 26.6710678660141 16.9900855437542 221.172948574247 167.672345883716
24.7258028047706 11.0162839359507 29.4518774671208 0.767220775745741 20.734484200781 15.5151361470417 284.269272634507 166.654850574479
13.9439935027321 9.33740659161752 28.7324105345104 0.413276920390466 24.7370524897275 11.083893959115 217.322140180926 122.912731139963
8.6566077849857 15.1618088674291 29.6921380435726 0.366107157148848 25.1001713425568 10.6153395448078 325.14790867583 57.6964236442035
28.9655098677506 2.0220081780245 29.6270020885264 2.07624829102722 3.33441497239151 27.0029972067512 203.516702606 461.432539999489
17.2881143439068 10.9805539136199 29.8836925420628 0.669806347428955 10.0597391349463 4.90543091168385 251.842921833021 130.133657379294
17.5983164998694 9.2392608685629 29.088670087555 0.806071477001283 2.5302248096927 12.6635457459148 447.746992974323 147.389689040167
18.8466107094587 14.1516589888837 29.7919674114989 0.557932261270341 19.5533881973637 11.4678106892986 345.288592352694 130.461434456823
20.8019784297924 11.536671109017 29.5998486605648 0.913156239118195 17.7824892834671 24.7097234767228 256.385933155722 301.186819400019
19.7719640171906 14.8184865143212 29.150663500699 0.512442966637748 14.7548574293872 23.3223512621321 334.642712716571 126.08065499665
27.1725358550931 4.7487593365426 29.4663483144635 0.353442031090185 22.053300352816 20.1655779659281 153.922780171558 265.221175230545
26.6269060112211 18.9836038388172 28.5834309769889 0.825322040762713 13.4032665139208 14.8727720580937 184.081472270253 163.038314416039
21.4206383756984 12.4079127533035 29.3711268089724 0.549526774745387 23.056730109384 5.37512435662775 90.5798116105789 268.433300292793
24.5479391398751 21.7235634238639 29.7293892869303 1.19693863601408 29.7748465422012 2.33355372565716 285.117257117962 129.069601820908
20.3374495581482 10.6560516338118 29.9673869735378 0.339452315401449 2.91906813332624 1.52220749099188 45.3524552017843 249.681949201039
24.7811760366765 9.16120201792176 29.8642515940723 0.709793544927605 24.6243560141626 7.5962509446052 285.641731885153 174.094276991371
23.679658263261 19.1196074460261 29.097887543179 0.761437684851282 29.9383562545901 20.6318552898106 311.372490673812 140.702304765415
16.490772470594 27.8156619179304 29.1686711984392 0.344039009662979 15.7152977775862 16.3233134355604 258.581971672252 370.381220070246
12.2325392524543 10.2936839645979 29.7482860463349 0.322364829741962 23.4145273064633 0.481491782677289 277.633735736333 132.866637548527
15.0053379046829 10.5274385558228 29.7291560222237 0.235696101014878 22.9179185214953 18.5223455400215 103.911921251613 181.175643574265
15.585222424154 17.8326758963864 29.2551482165125 1.1152464704407 26.1762212542303 5.63327377104041 179.64157616918 253.696357545396
16.7203049551574 25.2330230151174 29.9997205641165 0.068461148943509 17.2433129197275 1.29807997782419 333.331138081114 51.4690689047243
26.5540279237189 10.6632781930319 29.4111477293273 1.29338769237761 7.92676908448779 25.2795064428047 104.906207396792 364.021347226515
15.0405325523062 26.7910525407548 29.4457194628309 0.613362224779753 29.4219191036198 5.73551666841363 252.415334780309 277.07327285504
23.2646981072348 15.5906462775345 29.1131102815961 0.48197319281799 14.3372522032244 23.5379226513209 217.749802513698 90.0578787126297
22.8597912393715 8.81523550414758 29.4082155307423 1.0416523024036 3.29234624621623 2.49993454353495 288.78583674891 262.675174028735
22.9833628894603 17.7747891992375 29.6396514556799 0.54823137408076 14.901380031966 7.00385493282124 132.184528789339 378.029772554358
24.4948201777774 13.8955443545933 29.7424635534795 0.679514775186452 22.4244145414135 11.8813248921945 173.748360252604 114.263031922034
24.0201021271158 11.3629425312845 29.6770805661153 1.02028213304586 25.3850386424423 23.6239316917088 169.748951674523 286.125955774213
26.4445777832171 14.6057804276598 29.3957831051792 0.772185885932787 22.5509325170545 19.6441563246377 25.8954103026774 455.83726366061
27.1026496196894 13.1366677521513 29.5625768228525 0.298641473270955 3.95917244465796 19.9554301003461 443.14756489217 227.422150332874
19.9710174022037 12.1960675210467 29.9010321829774 0.745346908523774 9.14814303935037 4.11525557194771 392.128760161914 475.663351831266
16.2121922875575 18.0261885958748 29.4753150848087 0.785488896048132 26.5848603838127 25.6552589382956 394.563986361856 83.8183772040556
25.987385587052 23.9934549904612 29.1019670914748 1.32217060780364 1.21434236462247 26.4842952463861 185.369086087495 294.02345996227
24.464965295318 9.98659306181659 29.3105912645479 0.625474867603723 3.17122839940511 25.2245685032571 293.022478384871 114.432420099354
13.8925826523806 13.6116096133861 29.8953668814341 0.495766785820735 27.5667029355101 7.82364977501909 247.038731304565 261.228098792338
23.3481777745991 23.1840732598818 29.7439033038796 1.19739091030021 9.31937121212946 0.191121999742825 395.590113998406 352.369656674653
29.939263434822 16.5468738445318 28.9877652933508 0.668137802850736 26.3147094300306 10.5676389491301 340.901047326763 89.0319627744229
22.9787993946009 9.94185158828774 29.3930031344208 0.401492317753269 14.9471995549129 28.0177973318904 66.2391885079696 176.953262980554
29.4174476491464 6.98452107480877 29.7186704341725 0.586101434477371 26.8738368148821 7.62836605800338 216.122964904072 396.578438523031
26.8840546664132 8.20474722685439 29.7357192359193 0.604715279319158 27.7848363738125 22.6692371471062 308.830592945801 128.560973621191
24.5915268986311 12.504576177733 29.223718888684 1.4342178448491 16.4251300794634 13.1512434096872 294.850493138555 182.183804695913
10.8179526157137 11.2681664733323 29.3600201045004 0.576328615178271 24.3590697816725 18.1774032910187 343.007547844486 216.623552605644
18.2358927418651 19.3160937777513 29.1772680945914 0.679499112092904 17.7247694182683 12.7596948639144 163.565259937996 363.335266618836
28.7897600420022 14.1793974860466 29.9824266660694 1.00073268756839 23.9084829208027 2.2927569654248 217.68404422677 233.399866403467
15.993820315694 21.8813588201565 29.567600779725 0.170158425318922 3.0055731570907 21.4975519930983 119.084405379164 97.5293214840192
14.4700694465046 22.6482860883873 29.0145834181083 0.889856169373986 22.6224166303413 15.090133735578 243.220601501539 136.981414229172
18.9716716794991 20.5615852708379 29.9152817113867 0.566002219095468 23.3268905642857 3.74277030831232 309.356712962028 265.615673223035
27.3398919708043 8.04656831035915 29.8900374595778 0.322022036620444 14.6014519189571 19.123556380189 245.843130894623 151.005884433939
23.4660207784985 24.7535641801323 29.0944751252207 0.675689652449083 8.42102336539243 13.3473065345651 175.329267211181 318.543365122243
20.0373200454564 16.0895030426294 29.5288003015904 0.429594918671384 5.2602033075615 22.9067736951745 219.451551562222 236.083557771169
25.9777389482278 13.8256094998857 28.6954719539504 1.99944752829601 16.0396817549906 22.1033690590956 339.545738199192 258.968067755678
22.0371633860823 17.8147644145779 29.6750101025634 0.690538396356829 14.5602739658108 13.2864244862807 76.5086891398617 397.971639319154
26.2958043958437 18.8762754022534 29.9972741703481 0.91508992097846 2.96673491340325 24.8110042807221 205.793315016819 200.318727090378
25.4693400432267 14.1369135500254 29.5374014626724 1.58407188585054 21.6856566038676 4.91017431454688 187.328550800402 328.578679791763
15.0622368836467 9.327884578871 29.769235510536 0.374224591672925 20.7221895612789 15.8007961044962 356.949725869097 182.310149299608
29.4453425344576 1.56590934681354 29.8704418431841 0.437816632093184 3.29071693912324 5.7004736091955 325.34903966917 341.052658938783
24.0811345160721 11.3048594927069 29.7734271616582 0.860836721965339 5.34489730816758 9.92257526609235 299.508401436137 260.517090648284
28.8771719879609 15.6237109578319 29.7283280510263 0.0804546096089715 9.81238133193095 14.0689605948509 208.147169482176 102.829332384889
18.8117821234228 6.90179603115854 29.6791385174259 0.621149594641326 5.75700840270978 8.48375826299305 234.070763919713 178.854286354932
17.4955871854669 13.2756670599423 29.3612102946707 0.677202942255397 4.37217561109994 26.3776366418213 131.183621581735 304.441306907127
20.5613053690568 17.4682549457194 29.7072118768696 0.353508572034545 3.39165564135981 4.60551482071307 202.878752182187 184.632216099185
24.2082438229062 5.97726092411967 28.518212930674 1.38674695597704 12.4001208091855 17.6939582488292 181.499445165694 348.871382965277
13.6119455051344 16.7940871934902 29.3999405322967 0.882529421833269 20.6059155299801 9.6081148308266 112.759867592699 266.669768344353
18.0277992584846 16.1358084099472 29.8257283345052 0.669245381171148 29.3130177080802 18.354589680684 285.408942694097 303.319500577123
24.8474650957135 7.54657766480798 29.9071175921759 0.325063048742151 9.82050443951398 21.1999082306987 232.759645169987 230.534930336335
17.2759350944771 10.8292219761382 29.8562481921243 0.126657991441316 20.9328793506621 19.54547840767 208.964104620675 107.102959386704
14.9389520103119 12.7616106921498 29.8363090822893 0.441424752426779 2.92324229393927 3.59382794710383 263.843129982133 192.682112056392
27.6319571279487 14.511730743824 29.7595599039596 0.681393779917235 18.0897659719392 3.43041072762127 116.619943770836 292.035139604307
27.5600588233524 13.917368076476 29.7593898228135 0.612705118099508 16.30693745911 22.3210964147861 119.626770470533 350.192501841038
24.7684574955747 24.001891997536 29.2258678915182 1.61464413183542 12.8077597171732 23.4156947994153 143.036904812705 382.482096166951
10.2026343195894 24.5448810663079 29.3068586254544 0.380540478708041 7.82655961613515 5.63909261082139 289.051546887983 218.444406451304
14.1802733840934 20.3721902973288 29.590491927355 0.440958562027108 9.32795065817813 26.5051072522346 122.471486538828 301.525561377095
22.929854372843 7.49870466755581 29.8612135690021 0.43671157364566 18.592624129105 15.5380751928357 149.388523962833 76.0389972084315
23.9164154867136 8.92149953170018 28.8497871771108 0.901856351991268 22.8230428251442 19.7916708034531 197.239897704007 258.562399371089
25.3084824369862 8.64724645193887 29.8557514571482 0.528657509913757 11.2066818504665 17.9664524799941 267.603638760126 276.779804123366
23.1658434435122 12.024606043344 29.8667357173267 0.341772443746175 20.5560315084947 5.4107684387728 160.878911325017 271.188728859646
18.6231807394506 14.224575619816 29.8713759027643 0.803890122897575 25.7471315980941 6.13561726011359 373.953034142071 132.127292661161
26.248983572876 5.63393852726609 29.5281294465164 0.660139262409992 3.22888734851506 6.40405787325257 77.7654862730091 400.835891706732
17.209071693409 18.4454172538846 29.1680851144559 0.497035486602885 17.4747196428606 18.4807777443006 191.553586333263 286.74682497337
15.7946640307896 15.4284304948214 29.3068267967536 0.702639711209124 14.1241236973604 8.23542154675549 345.695644299452 165.447166320929
27.8031030626645 10.7650989400745 29.8623039375816 0.749189260345003 28.1556079948927 7.59092978759413 102.50733636644 370.21016087841
21.0284341109726 10.3591458900148 29.7562050616798 0.570814746010296 2.69512676079858 20.2685256136571 115.636046930048 325.080277457962
17.9651621895818 15.6320286962938 29.1628857858493 0.491580604903659 21.0574472695451 22.6884318284194 263.416868262384 85.7331841652096
28.7133948987546 18.0569610498752 29.4713432680572 0.906777593658574 19.7458576875393 4.94118345153523 463.563591208534 73.5334553568893
10.2120174314034 13.5764876388611 29.3952380806135 4.79083265669295 24.007566731052 7.5646137245694 429.866616563652 346.730499324711
24.0193403896848 12.2824475844207 28.2711829708422 0.656676581917089 8.75745820049771 7.29566511905847 152.314788012249 282.954588753591
26.4147157427614 26.8918636737422 29.3356247681718 0.470993395482546 14.3462305757739 2.23381934397232 251.04320309512 174.678440181943
26.8771254954607 11.531021769861 28.9345970188632 0.407914261633677 28.8833093547598 18.9940083769683 125.844387058305 393.848644093897
21.9036741839262 16.5305080008492 29.7769077303996 0.800196119373957 18.0236540924327 18.620584314968 249.911865330811 221.515997055284
14.6229809213544 19.0727534243304 29.6497140719435 0.303792161315797 11.3509444068152 5.36904210866904 215.273803015384 300.223344409557
29.6028134683574 17.402834662748 29.6710073315587 0.569986947207567 20.2071454516756 11.4971749709921 484.731363651038 30.4761047405061
24.5799341513219 13.4051364697407 29.1103174064046 0.21877577756239 14.1041133280411 7.33550897795755 159.244349863987 164.620083358136
24.1995622353586 6.03125195836115 29.6236445483878 0.752196361032216 12.6495122661349 10.1029401943458 130.631687066961 340.17467972628
25.3494148401643 18.7418850933378 28.9932097673474 0.456419923498194 29.3574787251944 7.57811273521584 259.753092941276 169.699326295118
18.2374695400664 16.565147393839 29.4402822855808 0.166432325017582 25.3087635294716 15.0464931077833 96.0190125444882 85.6746208069396
21.0283812734797 12.6084865815508 29.077581544991 0.405542024599522 12.048495469952 12.5956708387501 193.021127711125 114.606497151095
23.7712860184453 8.1436991000154 29.801314584333 0.32541949884323 14.2521577719638 5.02916683199959 198.519335244749 154.793722825145
9.5721664714881 19.5033572024598 28.4808028290581 0.320767059525835 22.426322432744 6.38454542946088 216.777121320416 79.0445106677157
24.4921463469185 20.3091900680053 29.5404485735252 1.41076093709838 28.2770097160582 14.765689904939 295.998488273727 130.225448906038
24.6777529814258 10.1454013748308 29.8140368276488 0.399326766646484 28.3081703001662 25.0486979711286 117.086446961983 190.432065617369
27.1043687213452 18.3538463130463 29.6252129417882 0.632987859964382 21.4998049168652 0.823828081642745 220.165301971407 167.397178072983
18.1150654944077 11.4470809992985 29.5017783287259 0.206489784737592 16.9957391437732 9.27953454276306 91.0486950228139 281.415798082407
16.3884594205727 13.9592929971 27.1674098753698 0.715531792205339 9.97396518495049 22.7470906592616 297.610348662198 177.235424231292
26.8263379489843 5.21056603863181 29.6768594388348 0.365639962637114 16.5631108567856 9.87735174363405 175.007863893108 237.780491462148
22.9992188472969 21.8757716518291 29.7566060357064 0.352044669992059 8.37747558840499 15.7889811570064 449.366421267198 172.141674027147
26.5081985030097 14.4592546481116 28.9829740174225 0.898166070276233 19.8139427718996 19.6088919007252 281.987200702526 161.480259942427
24.2320458515509 6.82433132595053 29.8522746614708 0.437010732466406 24.2159684705958 0.0301394012004331 274.617304882096 382.950425716144
25.7985673375467 15.0502242492767 29.257007972446 0.152602070590676 8.92478171485598 27.0567365285659 300.189451586215 295.615828729491
18.5634291756483 14.377759369839 29.6425352481108 1.51335002600387 12.6458437150593 10.8983247008762 354.88092381927 249.2010043379
27.6397565246175 23.1342049554302 29.7044483356676 0.364150222446535 7.13499888382585 16.8663487351287 221.222677382496 192.043848208828
23.6333781339429 16.662962891824 29.8562036019003 0.969640148584885 15.5201510065916 4.5234038766276 232.544178324275 286.61228123946
17.3938492867272 17.2144796486825 29.4731961850923 0.489120827719394 16.6770972135131 19.7931126963984 384.091978043195 223.006601421071
26.2910273531311 11.4166849417579 29.4303455005396 0.44261334161505 1.55266319974645 17.4918351566373 175.647085292498 281.494401655695
29.1416194838522 9.96207357430146 29.3279900221904 0.386258813519359 8.01142645961777 24.4029573485936 217.434666722258 112.620889539512
14.1827524528319 6.21293991369311 29.0107177402481 0.460642956647176 3.79375783425797 20.1053865723265 340.101483526725 259.102404341467
25.585065433443 8.72488391283541 29.0957763707895 0.991405721141854 25.2699160804444 20.3023440478199 26.225707457913 318.112292780782
23.5211588706192 17.0040380083865 29.062989159595 0.832131783581309 15.2050627344978 17.5841837850552 126.192286275773 289.193958860481
24.3608275458561 9.94854086050507 28.179149127392 0.48640041006604 27.0684993255534 19.6091813292422 4.97268862186459 272.342689427879
18.3618069143583 16.5145674924413 29.0914824936673 1.23020090055333 10.4112826113453 23.6617187624371 341.549706551375 69.1583585320228
22.0529869143995 15.7663844147399 29.4093546740124 0.723112217843447 28.3486106506196 4.01958968138736 289.222082868414 301.956009226103
23.8598533288014 19.8827099656826 29.9036542263602 1.49048315093811 20.907606407907 3.47589867218085 340.773690298362 59.1181435009941
8.76043172136181 8.83783629839248 29.6962876019178 0.295095216035753 25.0990965993581 7.05772538630943 169.872226308262 246.598790205059
22.849007505067 12.0604076781731 28.9338613469376 0.829288382971719 20.3203554696999 16.8827860720878 364.900098197412 195.190763568412
22.7997766270824 15.1667209692024 29.5213246902549 0.297297329212136 28.3149868290101 11.7622703380649 325.265274986737 383.990513864929
25.9203384647015 9.76496819522953 29.9206189374237 0.468936375228572 22.4529162676006 9.07727126241356 64.3419884926067 311.520564811139
14.0685330993431 6.75949374350751 29.3992378575752 0.404299401380548 10.6065548452052 9.99929161547775 250.843823082378 103.739685979688
19.9843623868267 11.3448131345371 29.5213651635887 0.239106234377827 9.07110685943445 14.8848774672199 19.0678585030398 197.0114817848
24.2651175437681 13.7613133565292 29.8195719242952 0.46059875955665 15.3144857706989 17.3193907686053 270.062642182573 161.650115081389
23.9265315418892 9.7143369489388 29.5932378349774 1.03317486060566 27.9251872544816 8.70790690933443 185.912585053763 427.656251569869
28.5695470436182 12.2033532595003 29.5501430963325 0.469536150260944 9.44589846223188 23.8051806766846 200.47979723449 402.210655448224
20.2619243154328 14.6643675929667 29.6380167106133 0.433011555107335 11.4102844599304 5.88773670341208 209.794104266122 405.278211378665
23.2520517586305 21.3409913658677 29.7731852176465 0.458380304515208 27.9250207801601 11.9632661643893 87.3872800839997 342.348180274433
23.8220040905853 12.6005274519749 29.1890823876616 0.47797746773343 12.5478015654839 10.5851244023142 168.233177504279 129.90535918722
18.1621001491752 11.1104611183138 29.1298574624613 0.335034068885037 5.75583727107078 7.25286781864547 113.044404908537 234.005259309383
21.9063123727991 12.0277240572531 29.6490214879324 0.621244219042277 9.48851182136013 20.2195772720634 217.358991652732 225.219934111888
16.8991562708986 22.471711658614 29.2341535974664 2.01424965431717 7.70297737798288 7.29232885028191 430.826597206948 120.92904647742
21.5775720082842 12.5476496990815 29.7375513873332 1.33241345684396 20.7763442867427 17.3639682851051 253.79794852374 93.9395364246447
20.6796945772245 11.7823788403587 29.3059199539427 0.491965972998773 25.8749060471667 11.2091648767649 100.27414929103 331.669322819787
17.9366150459059 14.7328300492823 29.8170873851644 0.880704817925845 20.9350395858477 3.94768794983523 447.337279034878 446.604912881879
15.4447008973207 16.1323148147239 29.5674522972888 0.497312539111939 13.9800305757842 19.9187094871304 342.107629242927 319.018808300529
20.1201179033178 24.9304434584093 29.8453823492484 0.544569973370416 6.26272316071292 7.02513047614305 248.158261291961 52.5963485595596
22.1090594082904 9.83290973501754 29.8822569278661 0.312099510503513 3.93260575497761 0.354214252156518 382.071055992112 402.143731332361
26.2300278289601 10.3891537703571 29.317265870888 0.555595350954893 6.47689650563598 12.2115710493951 276.772626089409 161.6027267474
21.4684299582172 8.24742069768466 29.9824406920926 0.568872252094638 16.9959093959824 23.5548094875458 213.200913289723 250.688902290533
23.7001014888365 21.410083842397 28.9844913317538 0.88320174710348 23.1989568379375 15.4886845755253 96.9973109692242 313.566205723082
21.7344937203881 8.76627030250138 29.9732813738246 0.235602590484068 4.42289598134464 7.19303494177628 224.584775380865 185.617084792057
21.0714016544613 13.8229577009472 29.6894402407501 0.625931203299743 22.4996629373523 29.3032563543534 387.818819313021 223.940717558856
23.7522939662225 13.1915164918045 29.8839167427109 1.32968393189973 26.0087068019499 21.8394952860992 340.221216859717 135.168553509632
24.8377585922924 7.23754936390692 29.6454365678561 0.194003800885304 17.0786350063087 3.03748524876966 221.490506900297 203.128746379024
28.0679684887341 9.89094202141213 28.8572784250037 1.24220473260027 15.937625863817 8.18259481828951 265.16570279413 239.118080530976
26.5835747730963 10.7528134829241 29.2133795574171 0.712556529352514 24.6353959772656 6.60492583406776 191.166511400326 250.33292137013
17.60945703407 7.26480736461096 29.4164484102609 2.44744575483209 11.5392211605404 13.6642449831361 459.998725372499 466.926137306422
21.6954112870255 10.6146886490308 29.5258668031087 0.226363307995634 5.26460617287052 7.75768380050057 302.929829749317 39.9859248389911
22.5323773849526 17.9087743161988 29.9274584157784 1.36133803337218 7.0618165197055 21.0733243390109 136.897832188223 242.810070218771
25.55479090139 24.1239258126768 29.4003890254396 0.316674148945039 5.90306606958425 13.5697242424574 318.964664501072 63.6704672240364
25.088153898215 8.5397491393908 29.9074460679311 3.49259366289282 4.70383067232633 5.15940471494418 325.55640887511 434.570045623897
17.1464945711367 11.6868646994938 29.8683835424291 1.56897795868494 9.08286220495271 25.552685659566 177.712532407829 240.476363727568
21.0740277117348 20.1852791277281 27.2155274571358 5.53523251832214 24.5708513939432 2.35591613306095 334.072264067295 352.356146080637
19.7814496855437 9.60224347759215 29.8283437424474 0.66780604157345 14.5445370526226 5.17609172746476 454.374829055154 262.09258354362
24.4011626021394 15.5383651882169 29.4280524377371 0.651385595426119 22.0740393086822 22.7358983636925 177.57174366187 232.969006458655
25.183238975688 14.0283097183479 29.5968983741314 0.806135677253494 18.0628213847358 9.72551225881862 330.501719255199 110.036152137338
15.0855468433009 8.41597350350299 29.5755123657626 0.0845645845515501 11.8409346858273 1.70400828324839 157.552138216474 96.5828965940599
8.49961268690238 16.7457439744889 29.4349690292653 0.0445178792704062 1.13757423955899 10.9824800598644 40.5029666783173 29.7738746360479
25.1956230523116 12.3173261879265 29.6869265969873 0.914699523933392 18.65838307244 16.7944839609549 334.580895535679 154.553883475411
19.731979567279 22.4330067207102 29.5179749660449 0.314353516749354 20.6033344281673 3.8791032027266 211.624173143123 79.0665699727895
27.1942164808582 3.23847634738595 29.4552333066606 0.114693085278698 10.9756940738853 9.96318661248041 45.1634642384192 388.5093927381
13.7825175612734 19.9012349480042 29.3503234253442 0.196545653903027 21.2155104982055 2.21114818941437 268.414816591065 186.805972865387
6.68453447228762 24.8381669865382 29.9669631274287 0.113189850802084 15.9931900360445 13.242142912813 384.352930075413 46.0908209177895
23.8495609602776 12.8956331558609 29.279999074673 1.01820067441352 11.0973891099928 24.3924225826998 274.332563459774 281.804445928495
27.0078754278255 13.4301893224517 29.9745361450875 1.06533404521211 27.671572620084 5.83619828923327 277.698634878348 269.932840185406
26.3225999159597 9.29701805185179 28.9041375017175 0.75465109958149 10.4142554721555 19.762205006499 142.577605771807 186.744325215502
10.1429346272207 13.0565867480768 28.8553627710237 0.521156730724159 28.0304011147988 25.4314091723702 353.604338841568 124.166462773873
19.9812210476975 11.1964031699134 29.7987997563573 0.76166455698562 5.22236950556971 2.59866320845651 218.056136247882 326.753555603509
28.0751716406431 2.97303136686388 29.3435693509705 0.199790741009993 26.0777545190394 25.2255683639569 525.193057633275 271.76853326665
27.2782197631323 22.9004772704703 29.4520556724556 1.1413794701068 7.76312199169689 18.7814377455609 55.072270233746 492.43322725526
23.6694340110318 8.37452597742669 29.1364261122831 0.866630663064551 29.9991324278495 21.8359008417838 288.185839704314 376.94065591031
27.3237281784707 10.7438766118592 29.2173039864478 0.292972181532639 25.8933717682534 1.87413490193452 132.899969582247 306.489127903553
29.9557342599429 3.27037881670708 28.8231372600064 0.900734067016823 7.3409945175866 28.4423626211821 83.4828742597476 370.570931421844
16.9877605584577 18.4721087002862 29.4947131082778 0.935491476908454 23.5930331173937 11.0958554772816 374.516459709394 116.051966776635
21.8623280161805 10.8331825273105 28.5411549755085 1.01811419207688 18.2483175800546 13.8622435853606 83.3455698470204 299.148977109105
13.0612595318182 17.8528681053739 29.539927932927 0.423745728282052 8.802550711283 27.4885975193738 297.440935819315 166.984806186671
21.8733747042255 6.19069922840807 29.5433034692796 0.288782722470236 4.25966323605039 12.9332121741503 218.053114310876 122.071802891861
9.35053234957723 4.52104694197824 29.0727000337401 0.260887441065081 14.2906177596424 28.3433844970744 369.394720839806 57.2904424459815
28.9525723184627 11.4782795242097 29.5262133443007 0.985356160619309 21.4758607046839 9.71263894784032 245.337169855812 228.245085282197
11.6406069938739 23.8661354561714 28.0378227377689 1.17003524494091 17.1770717567271 14.4308840944237 406.253963705132 132.91000503909
16.4187297451791 10.115882484022 29.2364665161241 0.179293216835679 17.4842130189043 0.617700478527972 303.189447170398 174.59161879964
15.8928338757427 11.1025821869987 29.8546881149767 0.760235127187273 21.194173090475 18.6597296625127 310.996691309392 186.440179565448
21.4091730180339 9.25380965265195 29.4060878047935 0.518020129337666 26.9726269738933 11.9765523802849 158.922939104925 246.926568642608
22.0670971586768 8.64565615844001 29.9164537913818 0.311398694715571 25.8179357741687 8.44970965747848 134.340729577949 235.117341723385
14.3367631052392 16.6393563564269 29.9647578406039 1.25559623183811 22.5147784322861 14.808756964701 323.004200223461 301.025611078931
25.418593628788 12.7433708575408 29.5960975917851 0.930368605132047 6.9192561954518 8.62445953555318 298.640689301225 86.5219783746057
24.7700112880998 14.0229022278448 29.8382234160247 0.257702154536495 19.4626652574382 24.9170297849889 154.555004824223 259.025595635065
19.1678035109943 6.48774317766489 29.8665125893426 0.968575795140287 26.3385627919763 17.7894742993667 448.990077508942 305.853096381283
25.5960908579876 6.08577770328197 29.5747952992606 0.141906438926558 4.0483006574341 13.6403299054803 311.544509201728 137.858602241419
27.5377480500918 8.36451094822792 29.8420312067945 0.928856097312386 21.884470333457 5.34337673605342 312.262094038053 182.705917701207
26.3467549658539 11.4773726550268 29.2983116815746 0.56856454624254 19.6597337269206 8.90841684150449 107.267752924964 277.016152590894
13.0018999597906 19.1282044271879 29.8180507833068 0.357912306031915 6.25445649099398 8.12258087106227 177.404465287663 239.568277577248
23.2211320158504 10.7383857091101 29.935967109008 0.592589556177473 24.738145146263 8.15961830041784 121.100645134953 254.263061767522
15.0879655222869 7.29892474911378 29.0448702755724 0.647450263300919 4.92279810507431 25.2380248189622 109.272336489261 160.393745667547
26.0876924168027 7.40746821380925 29.9979188895717 0.882400718733408 11.4599185704772 29.5309381728173 83.9972383321355 416.670863764611
20.9440911003366 15.2717101322875 29.7256077672303 0.700629023862894 10.4781132099696 3.29115740734192 141.501430413934 283.116624860432
18.4909662320638 19.2403611394527 29.6822729443667 0.364700847304621 23.1424071855217 20.8138239542149 270.7379059733 284.032183262415
24.3534997263432 24.5042344070695 29.6388660229206 1.04263547026108 1.19826371982519 6.51867294784326 353.181838853195 297.403501179185
4.53949493537657 13.9633988439678 29.2562438159674 0.149575523913703 10.3348226587831 11.4659539462761 181.617791381347 151.625384132244
18.2022955685504 20.4748647610447 29.094647714341 0.288619924789746 11.315403294306 26.1220123019225 301.40447753565 137.973208300407
22.9739832621755 10.5975311566275 29.958161712908 0.883206845601759 12.1569272467627 26.2415296880102 207.706411100169 157.284078760102
18.290492539519 17.3275260250898 29.7166037431697 0.846679624458996 22.9327010239017 2.58904500930167 373.906288908148 152.667528195551
18.7009680297104 18.3015039026527 29.7644232066315 0.91401275771045 22.1521244805498 10.5982201355687 105.637133624665 286.265038228238
27.8170249650214 26.3302375353277 28.8303513773349 4.64747258124358 4.42653169356429 13.5707713354439 447.784550545085 28.2328430432963
19.1352990770315 15.9795571342369 29.8661451295608 0.672311692805352 10.5094437855177 24.6925253820189 216.633415617079 243.576287083093
27.6662900662092 7.9078408832108 29.2688165298285 0.729303951394759 12.0226423854474 18.5624901172677 139.194703748601 303.594521779066
16.3296592533934 22.5611283396795 29.2550170340744 0.445884567288042 23.6093224978859 13.3739309396107 309.752313586856 108.690537860654
17.7156218641938 15.8800772483121 29.9570050427043 0.35506254858599 10.7543955259515 29.8036810935117 347.657938564651 42.7089279933406
12.331714355086 7.11118399483282 28.6750331354484 0.208673739483694 5.16849914735386 26.1538179152891 85.5316645716455 99.0607183039236
19.6754984632214 11.5687837844944 29.3530527242595 0.586184442986831 6.83693968999493 18.8745974964988 277.259778397455 185.965512039715
25.570011292741 23.5245314477715 29.529340448169 0.261715726875625 26.8889024047021 21.5780883624071 408.69575158562 201.811476506265
23.0685794167296 9.41867379997218 29.2228585032992 0.412092823007099 19.5771649359196 9.48752079430818 145.046811242843 195.114305858155
17.7974007434901 15.9271330686435 29.6762263064931 1.11918252863748 23.8802941466528 1.89930119234483 372.534438528522 64.8956237622647
14.6504601507315 27.3074200964435 29.1795261923399 0.573824144614714 24.1192525091924 12.9312161016301 206.765356801137 206.378934157856
23.3109910728328 15.9206714220673 29.102991457895 1.10929860853761 22.4635817839527 5.0807125807957 300.210646976076 321.97041431216
18.3553308514704 11.9344894554542 29.6969594699928 0.457542599136027 19.8885936377458 21.2808207142279 232.486559924682 231.613987859702
28.972033181526 11.3786069692059 29.8701492276561 0.452328256588239 21.6052794117926 4.00037059321362 248.008102024257 148.356648317004
14.8762045594076 18.9091324067422 26.6171846689284 7.45998810865674 15.740856921723 15.1259877764711 313.132559507811 282.677993334366
23.0983824108701 24.0769976639541 29.5884272112426 0.263445695968733 23.6668522453714 5.39357221426258 292.330616127453 41.4914400990699
26.9921982376418 16.3942974369314 29.6617597829232 0.836826643819462 4.54641590525164 16.8332395776308 131.558389241779 337.292222484086
23.8371901959611 9.07371258816609 29.53618817501 0.739143632462053 16.8199073375367 14.1757866410291 202.466660786856 354.135030750887
15.1720949091254 22.9124702462024 29.5515001955389 0.497668962116761 29.5291740484261 7.22955091330711 300.037629126228 217.737836125489
28.989590997371 2.71320621620372 28.9955667828958 0.969034877836937 6.00341698139258 14.5421631413357 185.244745224817 288.735715333809
19.7791850851085 4.67755465826216 29.7354835524883 0.344389779264322 17.6196146681844 20.164367379825 303.907272029298 354.006857852196
14.4065647802273 14.7820813805055 29.3933458482643 0.365559625245108 22.9410084915954 20.9233546680612 292.721433221557 89.1150757586877
22.5920467424054 17.1216575518993 29.7665179643514 0.225727086897119 8.6958381652559 12.3072497614321 235.556683581746 111.620347354454
21.1777755698111 14.4514444825006 29.6833846229223 1.48714889013324 24.0887780015552 5.27842111928602 427.663908609912 178.942852554226
20.2210110250783 8.49455557499541 29.5288754574786 0.967158335980769 9.44635301696834 10.8925984133891 182.892532287863 243.985802328755
6.88177465399243 1.48856856972297 29.3902060800103 0.118811341995222 10.4526828197741 4.12788865210242 168.749880464075 226.906143987306
19.597935571239 14.8767947856905 29.7937443825012 0.925110825705611 18.1047078290042 11.5610442049016 120.926699333001 287.038032891116
19.022098838824 20.3093342614689 29.8724740467794 0.493463458843809 14.6345041710189 7.23534699465675 172.361891478765 261.054135819058
29.7060309351376 12.3127479271155 29.1226015288925 0.62570667445847 27.372610431771 6.95848713317832 79.4015285030678 246.83722726993
20.7650745760522 21.9919769882907 29.4111144183775 0.497639155217893 16.7753339531651 2.38467723201573 145.77950403507 137.509058824389
21.782356171116 12.0524673422048 29.7616094192207 0.501361636811134 22.8619553341755 1.73854360199352 260.816060332367 303.135244776704
26.005073420495 11.0746722759166 29.569751716793 0.369771001520589 27.9891413598561 14.5022665678201 206.708673247189 248.591721342705
21.4206303403796 23.5592198800169 29.4118165895569 0.452821118543376 14.4468961644857 8.67709717909076 345.250985566999 81.0400921174786
7.93605509521078 16.4181918031753 29.5835040690418 0.341386107995473 17.9483558741507 10.2398655939208 136.485424500422 73.6547757667671
20.3882981788814 10.421440567186 29.8464873168597 0.659979835794797 25.5659817505656 4.34329888061353 218.917639250572 178.302520882706
22.7400996855886 6.96924419886443 29.3717146455567 0.157268491416051 6.05482313176331 27.0233897246555 158.41794740632 86.0572496566596
28.0286031388297 11.9258089891838 29.3854744426073 0.566901653641665 29.0857639052086 1.91685365223316 40.6161240690711 213.265900578971
21.1686345907998 11.0613306205618 29.6978768288098 1.88849284464938 3.43605413654918 7.11772873902059 379.597647818588 378.955987236704
27.1843798598346 10.3840188706203 29.7293424112551 0.618172035495349 15.7124185709227 0.858080082845337 257.442725236117 89.8711766552758
13.1288018747292 15.6943972337306 29.5828176890372 0.55687982924246 27.6921134926818 11.9269442942478 226.475812821981 168.385324931457
24.0266281902177 12.351843063743 29.3441680406935 0.51058349991611 9.10305009411496 18.4302680986812 326.736404327275 106.269010447541
25.0993208467752 16.1117748926743 26.8996795123017 6.13114232368551 4.31448006639985 26.2795027402299 331.7255356367 124.448812730477
20.7674825700681 11.9266555885257 29.9596599398554 0.404397444590949 15.5108842506036 9.08876673325467 83.3276983858619 215.716632365808
29.4928922546506 15.1548341738423 29.7932571953055 0.457071701185702 12.0161922641643 18.7777053266445 176.345236520491 186.674626916782
23.9128375073255 10.2640141506937 29.9508179927645 1.46490378126892 8.8754192886188 4.47384039613177 325.437296362039 324.724557930256
12.2034660006171 17.9506781243142 29.7803315544375 0.439438079820234 15.849860816737 14.5183222311933 272.337611008587 65.8019526718311
18.0136831157114 20.5105030928462 29.0770766452191 0.795137117379327 2.92311336606986 25.1858999812711 152.563655221356 315.126070862458
26.8139748349844 9.65638272341642 29.9739907115484 0.072846115994405 26.1984218691894 3.98881578173789 298.105302411352 306.657801457007
24.4649966597456 6.14920634346143 29.4236594047615 0.635147844549459 2.15709125815966 22.5183344093173 117.149771466539 269.015207884685
22.1218446169557 22.1875829465452 29.101975167549 0.678554741547849 12.0222787138487 17.8887686998061 181.703577960905 231.441009906674
22.9691421661263 17.1844756750049 28.9886415676947 0.392142529085325 28.7350994872947 18.71597313508 202.332998318194 230.352391967617
12.5566284843041 7.76891804849659 28.8791422789852 0.811396825028252 24.582222152318 22.8469172213738 416.40086648643 345.7882475487
16.6220007463866 5.62714540894434 29.9062343142626 0.173556077564577 9.95108637760343 3.94432015015607 253.112185952063 153.634971221526
19.4196096029904 16.1408427069261 29.6817136450285 0.876726746804663 29.8930603630504 0.247366460080312 397.562273929159 146.068147499391
22.6423893518609 5.90214162978432 29.7243173184057 0.31123442935319 7.71963850977488 0.869096203213468 277.725012341653 460.989756608801
28.4234489771266 14.7771838848339 29.8931021159167 0.508473455487354 28.7080805219957 23.1553224141163 295.109694349549 202.233414946496
20.9375059327733 4.22964453573089 29.4804812452135 0.612061899176957 14.562084540122 9.31634539724279 165.170129521959 181.193049686747
21.7971712219321 15.7385185385326 29.3224670520945 0.76728534161778 27.0718420122453 16.7443964642955 106.612455038127 285.129447544529
28.7942129261107 4.09633232545633 29.3414643790047 0.302462337142054 0.286860595237472 5.81212146015815 135.445131021756 354.103093707797
14.5959788970606 9.16668847260746 29.7968590720047 0.414113509859623 21.9250823585574 7.00597837514758 169.276677390489 326.2997875442
26.2600025539868 23.6108813445675 29.6784358664487 0.671668633514513 22.0963650278575 6.86828359856031 279.227512206091 275.329437086961
22.5430868970902 19.4952022422872 29.6234040064441 1.52691927624418 27.5222299313381 10.8656180889179 198.216942609121 245.890469064108
25.0811555613373 13.5819935223768 29.5823245237385 2.00033246710203 2.26509122681578 8.47438771599827 200.428115807704 404.427139977645
10.6326214072528 17.3905770848511 29.5165274879375 0.230626951089721 25.312298038251 14.8562249414265 232.159491805592 174.358083669833
27.6898218476137 7.73961295007618 28.9488498761868 0.706811258979354 9.05948938800192 19.7056320948337 74.016299617185 292.084609595689
26.0823238291673 10.5296417600913 29.3728505429546 1.03988735558758 21.8423404351902 8.98418193091796 264.821169535454 125.686099977528
21.7830213587955 20.0539907028198 29.2750357774621 0.680614302805896 19.6332717791756 11.1548985028136 294.921281426284 252.650545994073
18.935543761324 10.4020370598689 29.6816085704169 0.489181746364728 24.505159476109 16.2032006470261 211.450577155772 162.367684191056
26.8619740597183 5.32507730590025 29.5490498344897 0.139392191926545 19.6673169519123 12.3391280265984 157.609175666895 208.018714093674
9.0190787596946 6.31629654455464 29.9065070332373 0.290757091231717 14.0420401336148 5.06130631788592 295.555344928508 242.735829678792
29.1288465244587 16.0684864659595 29.4899421805322 0.495981813432064 19.1376741366274 3.20111993746958 82.2999922406164 321.617165387479
21.1923425840356 10.1207751384908 29.8935261348857 0.647699810527757 22.9759489072553 13.6074711309225 153.859488580261 348.624491181328
28.4864160610877 6.18312055223142 27.1937536757345 0.831783322084868 3.45557861100138 22.3071958791106 79.0218406434024 295.823556511961
17.2974867705396 20.4212553551089 29.3648829430584 0.154372403685684 3.811426144577 13.9684918763033 120.226198083101 36.1979379865704
23.0449145194782 25.1365708048878 29.5008985961481 0.651997196326249 7.91571711632383 5.18097980836214 95.4968366885425 269.412273076907
20.3558482511023 13.743754721428 29.3822057475171 1.03599494700138 3.35898629923933 2.35303250769174 263.361453891281 222.774463378985
26.9246478543286 21.6315754112815 29.7776317619173 0.592241394859255 25.848610562423 3.6041710132538 298.627671539339 158.394854531757
19.8992375346068 10.071142365201 29.8366516429235 0.576724069208343 19.1332321340701 19.6208520213008 133.479373456903 272.294863802216
25.535412238453 15.230937255915 28.9198627146514 1.80644395605317 0.407231331415026 22.0590605897809 425.933111237234 348.003903248517
21.8086395105183 20.2555195753695 29.4575147993019 2.62429756835375 22.5596027571733 9.30149028032656 271.137360864996 528.783045550836
23.0387074050071 14.8870474191275 29.9174017778068 0.661105678208799 13.769929489825 14.7219752942834 146.137187678445 261.1825455512
9.3327698998781 11.394260036525 29.7583792070741 0.189896377217039 16.0185287004015 18.1818692435064 289.298379072346 111.188858881657
20.3752585968972 2.98085992893282 29.2392915819122 0.400562872950977 9.00439905108147 15.3332911672418 105.868855735391 302.908316906566
18.4917124322821 24.4354058704049 29.8232996042503 0.898176277945805 4.25756304077562 16.1960705806437 386.993952125033 149.255645774756
19.6159468328114 14.4169533778772 29.2165943213781 1.2695476643687 13.262111463219 27.6871572233017 285.315093523436 270.847872630479
19.5165369278647 12.4433259942807 29.4527269284257 0.456934682311879 29.7338270978738 4.8209603145057 96.4930393081487 162.738968125513
14.7717592950811 11.6486454074157 28.9704328375658 0.509650053739307 19.3300497698809 22.9221959143921 65.3723704767134 43.2172115743082
24.985495163785 5.7903728046134 29.3866428524772 0.264737887206437 24.6656102135367 24.7115526367248 225.457302195696 194.923990563167
16.9401815839315 10.5456483022992 29.9898449553022 0.884637722499392 27.5380396986489 10.6653104897815 137.252737481324 213.37262448475
19.3898476734438 15.5317284208537 29.8748486336648 0.838160445942087 4.51539555654979 7.55857156553085 25.8028172052764 236.30416018268
22.5424509731059 6.7191970983645 29.1763328641477 0.410057860600741 3.0200789894684 23.4361103413171 149.582383104099 188.435651407374
26.44163343221 14.2639791895638 29.9070827268441 1.4740056236231 19.285631345571 8.59942522840693 127.122518962451 275.900420196238
23.5424656677147 19.2503366646992 29.7433471251509 0.672074083724738 23.5632894160137 8.89665197174759 119.059714662884 332.124745292092
27.8553678050626 14.6361829172392 29.9670087933859 1.15814623846237 21.1669049395222 10.6357659241108 355.998215085898 137.950204700018
25.2756255137878 6.65556645408736 29.2723736659689 0.354754310806997 13.3598357738674 8.54665176444604 198.725468577136 155.974553874196
23.8476059322198 7.30151696223026 29.2472952687824 0.294893101324102 12.6712164869611 9.07191626862735 110.330124788379 106.609684147963
23.7846344208397 9.21456034101696 29.2853461785969 0.414887220629697 22.5341097793257 4.12987882826371 112.423370425638 331.413350166828
23.1620993668799 12.5148145508785 29.5935155390226 1.23836919774722 12.9465858532949 4.31458100380659 359.137856781058 168.720129554353
24.0728984657449 4.86590663853267 29.7921900097589 0.374480331103156 10.0898875850257 16.4336174431307 243.833593445131 187.299678348693
28.6585041322395 3.01789145740223 29.7283553633434 0.400920955180157 9.7615411883065 25.9404934365222 35.6416738743204 403.666277027748
17.1855620494191 18.6030566038865 29.3751817398748 0.124238535945115 12.2217312681905 10.9343426896221 203.519088114434 121.902329851914
26.560579652815 19.490210209303 29.6438947009912 1.31356249889643 21.6899150562887 12.4066399864252 119.786431955431 374.928598163512
20.5552275960373 13.8655323716189 29.3953369869051 0.83024601900925 26.890435529485 13.2496459251409 201.34536366589 299.752683324453
28.2454645971554 19.0521959161216 29.7874269164058 0.905684851135074 6.02377148672369 21.4813238297663 351.201055259426 106.706386235258
16.5306257709305 11.7801094681225 29.3222003693469 0.342700013032326 8.19141574621108 24.8013404459325 275.744142999515 150.828365125866
22.4122447252567 15.4188373251342 29.5534227400875 0.636949173486044 5.28618282294553 25.9538835041695 342.004109596455 118.380544559747
10.2245427518644 12.8707380685721 29.7545339720004 0.691508752727111 6.41389836534759 4.70701732624025 308.965070747191 180.960372681431
12.4488704353991 12.8710333771518 29.5760092687322 0.391653842151224 3.80064938940563 4.90862774179206 162.890814694197 163.690729479355
22.6087669819723 25.3261620660999 28.5746249680088 0.40144223619713 3.53189610101785 23.0478551764977 169.860217078234 501.186105690306
29.7116635521653 17.3404249461865 29.7060453499399 1.29869052013623 7.79755008120036 17.9071925543502 383.436850805996 53.3287216538436
29.2830466925112 6.68029373128861 29.7375772416055 0.568068264656063 11.0275167807246 6.48773545067198 379.972407318762 358.356878130093
25.1453965504745 12.7486579773134 29.6262795716965 0.535867950535853 27.1900228081803 0.553244566914384 250.153418420879 84.1677942565324
20.3291267966456 10.5602155835076 29.7450642426781 1.09481605132127 17.3146105009305 21.3764662862755 289.082711910285 332.032870327904
27.0909408996855 11.887666065352 28.63182976429 0.56139911260109 2.16860019962071 11.7088560453289 75.5351233464515 327.568787029203
17.1193381649841 17.3329914325866 29.1099152544158 0.492145442491598 29.5906323829045 24.377890145131 107.225748152366 161.937082570903
9.23572629107689 3.88811191062537 28.9979144550385 0.0520921023457681 1.83980500592387 14.8272476304786 382.236272604213 234.975951820552
22.4968576646156 10.3258369867802 29.9656401630105 0.317575624710658 18.0632193628726 6.1957291736517 152.368289317127 236.661868215981
25.3778838824775 10.5925189358871 29.9623786622727 0.207450657822534 23.4847985726995 8.70512965200412 219.58266249217 358.359703531251
13.5418998422821 22.7627516238043 29.6075621246217 0.739715555958199 27.2571479325492 22.5656153801413 283.707019314061 185.402350002084
11.8652287255819 5.25762265552674 29.0803461155303 0.316865761126866 2.16612137703906 16.8453681911543 258.007704323971 381.660153596573
11.6270633928589 8.69286569884012 29.6889920273918 0.251650683720996 5.5340630671316 6.73094250030051 277.916273044988 192.500053920871
17.2398109067012 20.637577154789 29.8195482971253 0.361918598955963 13.4657864146661 2.78528804642315 266.259933187491 262.221860037075
22.1626777282375 13.0178373981218 29.6988417855078 0.32139270007045 3.27132621326391 9.93278509075663 395.532681715629 42.8910781068091
23.4032169568889 8.23557430578428 29.7329922375461 0.366813699314387 3.05994307511711 8.72050200109553 231.662071133273 147.428985870147
27.1423947647871 28.7844078519939 29.1948607752615 0.467308773068112 28.2206765819133 13.9464752665626 104.266044341348 64.4448140377644
15.1026562763202 13.5815376663226 29.887306693378 0.730927955976243 20.889536715722 19.611242730822 372.304215320628 221.567484960187
26.5360370248779 8.49720195726463 29.8701828033271 0.884898485369465 14.4786842544194 26.7846985362466 274.191898976458 172.396855902735
23.8640291211351 2.47384934948851 29.5238622161748 0.230705139887891 5.4109247349056 23.3008331851524 202.85431394219 224.165411254149
20.9223555051751 19.2030008555603 29.7215927077043 0.372216404348155 23.0911976904719 2.86804275450932 113.977976588612 271.727085725253
28.5896578950401 14.895742832159 29.5331410176916 0.399981009790507 25.5469315844964 14.8226420958864 271.36904617983 157.211045613614
20.564313712725 15.4119692820165 29.5354759468057 0.528617017239148 29.2574989286798 7.04536828691704 40.955935401914 343.734830931242
29.6079465828957 14.4233998813144 28.7326228104897 0.297484552118797 9.31009222113792 4.0589056132741 222.657756849091 274.844265578967
24.3938465418025 9.68499741503466 28.6696339858583 0.378609294257498 26.5938139470078 11.0592037837031 121.387724362277 271.511699118541
16.8895568767459 21.6863245530883 29.8590521185836 0.279147443315202 22.5817829418863 13.5029539421798 288.059121297418 56.4277296848447
14.4948135699223 13.5661808137685 29.5086220375577 0.962334861764034 10.7373251775149 4.42954947140493 302.777240866578 169.202176091817
26.5422465742999 11.7908465421067 29.7351542193584 0.860821992122256 27.4111022996989 16.1857837642203 205.610025079809 345.873236963567
26.7166156465834 8.29394665098499 29.6997480462186 0.730084602093991 3.86662135388016 24.0601559328569 289.58759391993 278.055908171715
23.0252574969887 18.9690160912127 29.9475746057084 0.34218618362204 13.1974830094877 16.8250179784328 113.277163751565 163.403908380636
26.0615228747891 10.5143022088362 29.5771369964867 0.466023508785287 20.0978182096858 7.23665550140755 381.84905449026 264.227245134024
23.9114774296837 14.4409734941368 29.6808946775801 0.390396373153008 24.5881478717516 12.0392106851175 350.468853291395 168.171048994512
18.2726164691082 18.6526830193449 29.3514927370918 0.338406741285418 15.4332195459067 9.27196046313611 170.827271568029 290.762284980556
14.3985467127615 4.8744898722059 29.3083173336093 0.164054877890897 9.7536749631796 28.7899674389939 67.6967352200561 243.532236893672
13.7949452368817 21.8817786263355 29.6121090354681 0.290542539106309 19.91560188592 15.2254338163899 174.240468326657 193.596004720601
15.9770250023461 21.2358588975844 29.715541269321 0.444723686534414 11.3288396171901 12.4362047506616 255.402486095203 355.553233592306
18.7281536879325 9.0973404688742 29.7463274241696 0.360051600871273 11.5570762327851 12.6177530657897 76.4178090105482 183.956656557391
27.7970527370203 25.4859982346024 29.5233249727411 0.0989369440580728 9.07399824593087 16.3547447584296 199.118221928424 60.1943703053671
25.3158196350042 19.3233441931379 29.9453209507865 0.60865607091617 2.67284754215734 3.58280362297265 14.0650062258859 306.91165518758
25.8051472124213 20.8882166763762 29.2332766343231 0.424700785687066 22.4738592938354 28.919156272493 131.520935205182 107.944096232355
21.6129006210168 15.4357229212961 29.3422439916358 0.773067470465943 4.43553769807641 8.49250247835625 198.98612415298 367.54773125059
15.7046086042324 17.5727914225059 29.7047701453106 0.924655638233218 8.83797618503733 17.0920255246741 242.220242871255 262.208426218185
9.57341327374967 24.0511451084017 29.6373699538496 0.357286176757435 12.3678849986386 14.9474740283114 205.062009803116 241.932547904245
20.5776562943401 11.188253397796 29.8554839212311 0.524703561907076 3.70327499048961 21.4166301554334 162.504704918624 230.237785208279
22.6749189579378 10.8583797931337 29.3729580748772 0.405428947480006 1.7845980299474 22.3354946970249 241.968212150851 194.221743634027
16.1445936164904 13.9321406758275 28.670310375686 1.30188070416993 20.7819630734682 9.0020447805704 373.985513335859 332.524108254627
26.3781355779327 6.3224652901513 29.6672493063746 0.99190897966902 17.8084484096292 15.7325768092239 134.54908521258 445.678288221316
25.3405853942204 18.7895743967364 28.8498304219922 0.867561396968931 15.4936519031435 8.32946861611949 412.730267473722 24.5316535933397
21.2998299494006 15.3351064575553 29.9981584855248 0.569261510141075 18.1553194733421 12.8461987813955 218.338794754007 168.577228622405
13.4593757484675 24.775517237269 29.8995838863267 1.42785122789742 24.1375992385993 7.03539263171108 296.848558120256 228.273892592326
27.4322479537754 13.7735881513205 29.1799212046575 0.398235231252066 18.0509666426137 20.7428978394106 44.3761004811414 185.01024294138
19.7773084573474 18.3770099252349 29.4392400409031 0.613814314422975 21.7064309101152 1.93103912813539 324.610730229687 313.88835026843
17.0869116337299 21.5981964740263 29.273182613191 0.602598524692701 6.87648271072544 3.44567256699739 352.801535395914 106.447529383858
27.2803073150092 15.0133136888119 29.719523129361 0.94833793879848 29.4513544436681 1.39970146517207 291.601079607234 237.743870014357
26.164960642417 7.43213207705549 29.4087311631543 0.596901062200423 5.76649887159119 14.2003389458054 291.776596413296 301.98937345479
26.5674646785976 10.6067180831519 29.1427842035374 0.945505739141983 19.0571642820482 4.76970601896334 463.46036528515 280.65646254977
