9.02193007706699 8.78264111170223 21.1730835124974 5.03274441186633 1.37400335786829 10.9151149989815 409.934230148305 31.9204201595281
4.4663734166843 6.94266087187309 22.3214845304711 4.42709404466133 0.959492776838853 10.518317200241 407.486388966713 118.261471697644
5.31620691398454 8.25944344326381 21.5841980067887 5.06910524931651 1.23387119776685 5.73446604118898 414.76934124816 87.3743874305005
6.44738263120012 6.64128503562932 21.5008769425403 4.55858159680336 2.92824027378079 21.517108042668 255.596534071796 9.41577227424791
7.22770901956869 7.59405472865079 21.9586488136557 5.27300197641641 1.4526856454547 18.2847335593576 385.361665202876 209.787655011033
5.33381567783971 6.67630524960459 22.3393443485651 3.98284444389758 4.66259594286372 12.4213863705591 407.496924773502 68.8087468663174
5.19896839605478 6.73896872782595 24.6377217517646 4.77242750171674 0.776180922328133 15.3131575498265 390.919537483009 42.6960621808426
6.0332562997043 8.35936228532328 21.7393544110924 5.45290828438728 2.1346022376042 15.8530918688006 403.343724824523 71.0576138674514
9.94139800309531 7.38654131773298 22.8749375255112 4.64735118529394 4.65625261733193 16.7992946941007 354.517891380506 100.937056483874
3.71729070859299 8.69669296855544 21.6776706856706 5.67172868245253 2.09150486031965 7.61697547994645 441.901011350435 45.9725243043764
7.23042219541935 7.88148853433616 19.7951771273648 5.13065049627475 1.75488177031736 26.3035619428871 385.04560278135 87.6310981726537
8.39342719643517 8.29867464213454 22.4851004753164 5.3116012290786 1.06080550792917 14.5877458531841 425.169593467157 23.3961261429508
5.8563367348655 7.87752548823904 22.0725974742354 4.21727290734806 1.21676875538906 9.24617535011214 373.067662451317 106.671763508425
11.7206398004194 7.25516381975756 22.5592750080624 7.28114135141598 2.78493080193035 3.48288170586975 354.50472610914 176.375575623681
5.23381829274228 8.67585848100646 20.7113492625517 5.62777962617421 0.668300852540052 8.7549096434685 397.780412612598 140.231856920262
6.45771050424213 8.33593628054852 23.8303865220788 5.98882409349403 2.86292046586298 6.20342499813955 356.273907295923 167.969149114881
7.30157017594858 7.367632617894 23.6026468979776 4.6905016532477 1.65249201414123 12.5390229282892 333.689107006627 160.450038366419
7.49088319385751 8.23249965506097 22.2804966290325 4.89104190995885 1.81180153032311 10.37587711263 406.5481381294 95.4504187345502
6.61021715346948 8.25813089890431 22.5057604259962 5.483302003723 2.05086605861089 13.2499628255465 280.479257494564 152.085847525754
3.46436201156798 9.02248293522869 21.8316733628353 4.15396927445432 0.952235366455616 9.19859987833141 378.635648574054 145.887846771219
4.14797184148008 9.21449660929185 20.1219670545892 6.54806548484734 4.82711719336194 1.65469974321341 364.539821082536 326.99063585327
6.34685476287788 8.93302043867288 19.9982209534169 6.36606884631196 1.14608203889974 25.6952004488618 320.392511922085 165.206309191667
7.86377161912786 8.47273852326697 21.4670804190125 6.29791480702803 1.77548182940349 8.83898300450613 448.569361642798 63.4155867912842
4.46796646284365 9.28432731607989 25.1329200133089 5.06606758824006 2.3641789617739 11.1515314303447 398.242170226148 128.987900220426
7.23418793353988 6.91521488875242 20.220220739336 5.82132833199488 4.27195184490877 13.4109252075566 339.224310733306 83.2669048974302
4.71169489037095 9.08767966974726 21.3624078411783 5.81668870216147 0.469677223970025 17.7317288707304 467.404969488145 84.118594217289
5.13858799583295 8.73081421528319 21.4979865808467 5.41419983039153 1.00936801469317 7.90136050810249 393.010201598003 94.7231953769199
6.04713669584833 7.72174932949657 23.4837053468499 4.58152425308345 2.40513593720775 11.5932186550041 162.960313878921 167.59816192681
4.94760129818734 7.27711840452146 21.163189711458 4.61076955713868 5.01744089202957 11.0508639090151 369.984703139837 145.971458135127
5.11918635658076 7.73644143957951 20.7609884930955 4.27070104853418 1.23796214542276 15.1533122235767 399.335602626817 107.066262025412
4.38087065466229 8.1138637084024 23.0611498643365 4.94884803674199 1.78786703495005 26.8893941329662 414.583773118308 147.773938330799
6.70468224225074 8.22119179863988 21.2717482059222 6.14868644371642 1.31694416915958 19.3236459357475 307.989636565481 200.734193224813
4.52493571544828 8.69441522492704 22.3518767940411 5.95097154237851 1.14503549163563 12.8546829141013 406.810986437415 137.856632563076
4.98411786804009 9.76762479273294 22.8085899318586 5.34819209877483 1.99739802760176 28.495834377622 416.637735110247 81.4664205311918
7.07926257350654 8.85926193317537 20.1665753269595 5.53838149907952 2.21242380081797 11.2231787826705 368.180576273257 56.9826624588754
6.11991409511422 7.37001367801843 21.8907009725248 4.77184745538923 1.53270753963441 13.0609765784768 414.441859786845 23.4986352018313
7.11754812067126 9.21357513828828 23.1091823139688 5.67755415260877 3.14276011235137 17.9944105697131 309.427876417586 102.943493734582
7.7336018540201 8.56002460366255 19.8039325271895 6.1286402720675 2.41783387285448 5.86037910317849 376.947178211576 131.662479209882
6.85955238921221 9.56446111007587 21.7892308558522 6.3440245663961 2.15053054156964 8.84391280398009 396.258894554257 121.322318008918
6.58442967391177 7.62174589738657 22.6748116162031 4.68972876249174 1.96259079254338 11.2820074520491 142.983243257889 217.027795523899
7.2016867308379 7.50623609848619 23.279463037291 5.82140675099965 2.78220385982244 10.0873253009127 316.323628163911 150.705428443912
5.97501138282068 8.05705071845625 23.964176471089 4.1565385171135 2.49585705838498 4.31979364921191 413.180227043394 62.4460690329269
4.65644039693746 8.47825867416404 25.4701166034808 5.48550455274437 3.325569730943 2.54431512611785 426.411946039026 79.0361065198466
7.6833481753874 8.29669116618411 21.4552708281582 5.06758883692045 1.30116451754178 17.0253738858789 353.708424332919 43.3123793593999
5.23710567921877 7.30563669463712 22.6692742062254 5.00339785905225 1.64430451768107 8.12800162536116 256.177274412467 212.666515177692
6.81861323073286 6.69014526175644 20.7818689525121 5.63833682355753 3.83858700421018 23.1278893055688 394.92048470109 60.2865309361549
7.36391493593414 8.63862800536849 24.5471754196483 5.34121738456196 2.60070299891168 21.4879788443404 121.834610122713 225.538905448971
3.90823328276828 7.01913281155035 23.0753350347549 4.02090926808172 1.00543660844153 6.76026715350125 440.596633547688 17.1715801398996
7.0284626338714 9.25944108894394 23.1961849950934 6.13993650685494 1.18175122176136 12.2429025452767 402.831086943592 118.069811160898
5.63064160436098 7.01958260711813 20.2824635046015 5.66515435770081 1.33657871655141 19.5928773746784 198.222311716861 155.990327489132
6.23865582636914 7.1727147802522 25.4996784881325 5.37316862012028 0.511262155244407 16.610795172199 259.163742059004 221.875444529407
5.4146943942115 8.83428474238929 22.3042235868313 5.97988233198191 1.2745114691915 14.4122560959026 401.247326275457 88.5495796718849
5.02243515989985 7.41603198350504 22.0908897173718 4.27788802427334 2.56583295762157 17.5496188668956 409.722977015174 69.8134920949811
9.08249148896561 7.22143968377426 20.4067970236832 4.75748570113063 2.46218955221555 3.33694156424044 322.472349357801 169.71453992433
6.97583296346719 8.38180149682705 19.7428139370475 4.67145605845964 2.65157066052183 4.94258487691256 325.943562649345 175.818188707078
6.19775131494887 9.3058395028839 20.3060111410773 5.58193582851858 0.405321403655643 15.8123596239639 351.280077510476 166.65128392712
8.06831345246978 7.75100597459236 26.0905321439194 5.71231764065454 2.07107328930019 3.09143237115975 408.622722413682 70.7673042267464
5.27409967409611 8.83208199834881 22.2023152609534 4.85458059015062 1.07408283531123 21.6723019625337 421.947966649689 66.6631923392121
7.63905498671495 7.25273857937254 22.2671763529229 4.59152152396371 1.70719858855564 8.98920420849295 360.193194722202 144.932433016007
5.95226918055211 9.12122566972151 20.3782253883442 5.61449425104545 1.77304793425781 19.482945442123 344.962903849094 103.219972018875
5.49374596520592 7.42643730214908 26.0228720109354 4.43854033567614 1.47210431130428 8.77381907980999 310.060964982474 2.66747744489008
6.62853932797867 6.49063857694911 23.2944688501528 5.10324807823318 3.91886492973539 5.0198049593635 354.132013450187 161.088080633139
4.80280681264226 8.3914492168116 23.826897604093 5.03842431837186 2.58408142391817 6.58088629442854 330.623940632037 164.652001595044
5.29866330200692 8.62112926137918 25.4706259202375 5.34413365028287 0.974852345093115 13.7857613464893 337.184941912572 154.470324333393
5.0215295155585 9.55456958868869 22.3107568675661 5.19304617369117 2.61844159899279 6.79911688754576 363.953598697797 96.2377036534322
6.47316695431499 7.07813340879252 23.4598158757638 4.65701032019218 2.72831740929847 3.36270374018615 399.69331447641 101.75380639078
6.73566420394737 7.45407665388577 21.4422083939544 5.68597530177537 1.84654927387626 15.6351784471981 312.622968087445 167.775051816539
6.07915693723266 7.44680778076574 24.4102706989049 5.12575368870553 1.60039213046474 9.75332599089368 370.548248965933 20.3987569466029
7.97521769021581 7.1577470019414 24.0492167124488 5.19435527842282 2.39126217577375 12.5770955905607 312.745026803287 75.6445336881088
2.9877598567637 8.75435221037706 21.1350527094562 5.63893969157009 3.91007721506248 20.5747939539376 419.404740772181 67.4252443014345
7.05239437579825 6.78415152546575 22.4013939315352 5.4065144112507 2.60881759220694 8.59297411506573 346.657939579945 152.276380602103
5.31164188040803 7.70473385376316 23.0767557106418 5.33434715199006 2.37862091343516 25.710431201192 445.20619316024 64.5142102931344
5.040910260296 7.50527631881349 23.4654979299754 4.90819643002642 1.36345010698972 22.5454758339231 397.020686250766 78.3855953863735
5.05959007265315 8.06571347720844 24.0568734383728 4.74681083657193 5.54642292139785 9.48930603711539 272.556575001862 118.663866725696
6.99308420188895 7.65345678370835 22.337495765204 4.6183535360322 3.22944203751065 14.3978069236352 285.822965892891 164.695938509135
6.84956118285128 8.49897916045127 21.3175275939276 5.18734643076251 2.38740514672767 11.9620673058368 387.360563637348 65.9716590084356
5.15973972965875 9.03810923721085 22.3582552210219 5.31954372141077 1.13829167699224 16.3605533784622 399.625279780433 160.072542472805
6.67390003391767 7.12564354513844 22.9076016365445 5.33936123305937 0.839171820196266 21.4146192493194 350.140894659119 18.5738046056575
5.33186939263136 7.60730704246226 24.1058137920223 4.60508196718521 2.72025358585089 14.1644381358162 400.138777399062 106.462420079443
5.17271582359581 7.27527589020947 23.0868571907341 4.32162549473554 2.46888300533552 26.9901774043582 340.528235165125 142.80758261342
6.09607779886832 9.24632727366552 21.1179627914144 5.3187152919603 0.530520879776992 16.9361416939431 441.21744102807 140.064869012043
5.30031905903115 7.13369108473536 22.4224558604547 4.87808905649691 1.97669377916174 12.9379306790686 376.53596390733 191.982803649378
5.4207519582972 8.40725326035077 23.8343846633397 4.61234470143709 1.18633635893724 13.282794564562 404.519513340375 111.673097187502
5.35294922464509 8.81165732563369 24.5567053065789 5.80501613264286 0.583620041332954 10.2049161794359 411.832764533509 115.430098250559
7.57609184484301 7.37100483449045 24.8975560953135 4.89033866163877 5.19878663156851 4.03514789820449 304.038013261422 177.380896598491
7.04427434724088 7.33610192914831 20.9437758828532 6.00588185225997 0.808244849262061 10.5174254782388 407.678583147048 134.579404147635
5.47752874720863 8.38519690701056 20.624836969885 4.69804528302347 1.21911779254354 13.0076380991739 347.962161576522 96.2468586716049
4.98620781721045 7.1024742565425 21.0343008085337 3.86025636741352 1.57359127181987 8.13299535722823 231.626275008695 178.430732352872
5.54779736824658 9.83314611913725 20.3446851730611 4.4455491743528 1.96363564217518 22.9963804070204 423.994033729788 25.4953381889125
6.34967131800949 7.18855650820628 23.0162828247781 6.46266979075013 1.11174377344192 12.4952170022296 420.931779555894 64.5084338578011
6.40782271481395 8.73378891141483 18.7965002426977 5.27169008168314 2.96790196861822 23.8999367978279 340.871170702312 132.815790777988
6.889700380764 8.84936928142488 24.6141568235087 5.8699648020642 1.68488652269279 28.2450860968238 400.64433934545 34.8176840044421
4.63438314187064 7.79758310509397 22.9173872593333 4.54515438703561 1.22071460555747 6.58233560579089 350.123324916987 165.61963004684
6.84851220497777 7.51997124146784 20.3028399952242 5.17983819277808 1.1818179830497 9.87253794687494 363.158786896485 200.895866555973
7.24915505451142 7.59505799442319 21.6962526279143 5.0080717111923 1.4600185394107 7.69089978955688 375.515977381198 126.906783336832
3.26231723435812 9.37605258149392 20.8442453095393 5.93743122793561 0.753700540587656 18.0019856871258 440.272180089809 40.8704500358669
5.40529947065627 7.17779773978605 24.9799981758119 5.04305633057027 2.35919340641538 5.48266186211173 413.919724168358 118.925188072254
5.75457362212293 7.92669038284318 23.1446787722934 5.8405270687792 1.53548792752503 11.0200273493976 431.454460137582 47.3703088231375
6.13183236780838 7.49379384451208 22.2439622852012 5.03334217329652 3.56516949108295 11.7331011840914 336.912000261198 168.551786853719
5.5669602983556 8.67644403990392 24.2347946313656 4.36510813786502 1.39800385418987 10.2315792720007 355.107839967449 50.6864678874717
4.87274461182388 7.37067650586104 21.2825372860052 5.14187495147289 1.80681193072817 8.49211269433045 420.54207081281 43.9434648532503
6.69355497926201 8.4337093987627 23.8482165702685 4.97739187653432 1.9443461324684 15.1987801740098 434.346425398514 91.7804509657225
6.60572160596108 8.52475272750714 22.4452736841151 4.79534912427092 2.68975921333654 13.2509787474059 435.687246382215 38.3939368330852
4.90056977287141 5.54659383846999 23.3437326465625 5.13322852489488 0.706090162155482 15.7320067118158 327.53115702198 138.549688003671
5.22519609250745 6.51704536692487 22.8759255278822 4.29857257375524 2.22921574270967 8.86842645271706 350.032206846759 173.31023825351
6.41103666655597 7.3185279980781 23.0164179204746 4.43879249089086 2.45650305053569 9.07589948957215 390.646576568809 102.94270318915
5.81802541388058 8.35631474185583 24.1838012109591 6.51156161270195 1.3860470601527 8.51386251653722 421.64465509289 78.9736326789317
6.65783577040133 9.63997517709015 22.9462033481154 6.01296963763993 0.87166894917148 10.2698681453278 392.62403024288 155.093303186758
7.48396097417528 7.30790753749621 19.375865927522 6.38188004580925 1.64886071751858 11.5893081443769 335.469183051911 277.551330270795
6.42337326711521 8.62427350667211 21.9862230887517 4.58872069296876 2.77766656576499 24.6427717208024 387.975185305179 115.047833944631
5.36921774488428 7.3731002806524 23.7351828317046 5.08895494494644 1.70806078490906 14.9994918518133 388.766812352469 120.338895835194
6.24602482557051 6.75174041225636 22.519380131683 4.97412540842745 4.46954180131817 6.84929690124583 414.616084447706 104.625240113446
6.98337282173291 8.91788135184404 27.4814429070108 5.54904333636004 6.86530219148212 0.628790576633479 429.563019849482 98.5179926058702
2.60836185663028 7.72087011335358 23.9379637693778 3.70700693807281 1.22609613443411 8.97535246058472 460.518181371411 42.3791198246293
6.55560147844612 8.1535162915168 23.1537751425849 5.33091062701008 10.6633745118213 29.2566198081171 462.332744323642 39.5088089473332
6.65296665280024 8.71942195502021 21.8267382559605 5.54342507328926 1.82506535885384 20.0253295790803 277.456716972833 178.725300776645
5.84154549677565 6.68678833944476 26.2487642446478 4.67852229545072 1.16017232632221 4.46129579439867 410.22771481361 51.6188711785688
7.9914521590743 7.79589033983683 23.4882020517265 6.44832786153727 2.40274743051832 9.63838763797844 438.779900333713 66.1535153452176
4.82205572346937 9.19805430240286 23.3550331218138 4.97087900182679 0.702728913567067 27.4451420666712 352.948194335068 126.996979110144
6.35287116130315 9.6388393559687 24.3250901814633 6.06937464127389 3.78766546264943 7.12052326934296 379.680963596757 130.410312800102
6.73926961140099 8.97397128231363 23.6964072342646 6.42058888481205 2.46091985822217 1.57197744048148 387.164494130932 45.7649850521404
5.36597825203935 6.04664619336144 22.2604396853581 5.07919452529441 1.70072499218185 22.981437804169 387.057592902306 114.670361581545
8.18238744244356 8.0956829239497 19.2497138062409 3.84120444254307 1.59341640858507 7.79705761522126 311.195267121412 118.776016004174
7.19273644346941 7.49009664024313 20.2998991862549 5.37380404262765 4.33221458243287 7.15984733239287 333.666344502047 135.145633534271
4.94074402870251 7.45296370496163 21.5940118317978 4.59583304942516 1.67128128757352 12.8206423237204 411.880041935905 70.9342332183597
4.1928757264794 8.50428551230119 22.8223357190505 4.51669138808342 0.741463739158439 19.4500222827925 336.853423699647 139.747284496203
5.30610844061651 8.08168187402171 22.5031073873732 4.31319412688132 3.305066671477 9.1507404866254 287.616512351539 105.822642517122
4.18445529565056 8.43029412039561 25.8851094278703 5.23835455180357 1.72617069040395 10.0466704522571 320.291781012265 176.086314309756
6.60897680866931 8.35524837737352 22.0808852281696 5.56629210459003 0.647514654713712 14.677406806873 171.122612281736 187.427739660436
6.36923968799532 9.16136135821379 23.988082411716 5.41362877932006 1.36428036275048 10.4134903981982 325.142988252631 136.404234040775
5.14531698619826 8.51433485256273 25.9783636085568 5.74251052070891 1.21061059017163 14.3324193107327 432.686705208799 87.4763018203312
6.29942739466407 6.80814104438631 25.0026609293163 5.09068191181272 1.21699750428135 10.14797926306 340.418555648642 167.842998138766
7.1393854187774 7.10336762142605 19.9483959378673 5.81016870454277 1.36945330159902 8.83338082016246 352.764888774623 128.954165701581
5.02281456194854 9.91625321226201 24.2007969091905 4.58162294709647 1.19979840440946 9.54766023133959 446.334971206867 73.0143186821878
6.1042941785595 9.15417605361028 20.9442605907063 5.36441774311785 1.76414155479377 8.0644746550015 434.111246760054 44.8905654952127
9.41217524435156 8.05210300545104 20.8632903347657 4.88065537660664 1.0389546017694 8.07601631067654 427.111873508789 60.6685812885208
6.59208399229273 8.02254631600044 21.9272735658691 6.67536421922794 3.16058849371183 21.4518256608569 335.179019227662 123.02954116241
6.4834880033311 7.59837930981883 21.539687540362 4.5509001593843 1.6123933936906 5.00844057935165 353.306389376212 161.209162966288
7.04246838144813 8.50840305202731 20.5291039302806 5.12200654874615 2.19231802300585 7.76543515558102 338.881958154188 124.335257427326
4.00908224258409 8.39774370210557 17.2638511397769 3.97954945986438 1.99154442291663 20.1105418309878 413.329083857903 41.5153294529572
4.33134022295032 8.59259977425405 21.5758710837524 4.74762479878747 3.33606705265075 18.1079710985488 401.090237471069 118.362331394
6.67212438485716 8.48147348101483 21.9175054056343 5.71991419763584 2.9858931321958 8.73781354896673 404.976559346693 30.4244493412087
8.0772779443469 8.01204716582698 22.5189103270341 6.57639906818993 1.22012226172342 8.738084654067 437.809080978563 5.45773780267774
6.54621644038761 8.31767048634028 20.6920546462845 6.1916240300016 2.10704381748542 9.26862042862161 242.653718249566 156.609651825117
4.4353407865367 7.77831408164182 23.1130155817339 5.34833732186052 2.78030421569961 14.6900480142483 410.745164622395 108.534248999808
4.51102213385183 6.73313156926307 21.8518276408088 4.57566049073709 2.35063792504911 8.70339960703269 381.099747971214 147.904469598945
5.41686287436643 8.58017206424544 24.0178110208697 5.34191301041872 1.46594238681266 20.4342949211403 409.265735753129 59.5691841128042
8.52216451685297 6.54926524733982 20.3345660085573 6.10530528717267 2.77256810385426 17.55011710667 441.197982259956 56.4965481000553
5.47472997654507 8.85265307803301 23.6406217388087 5.37264278145081 1.22726113158288 7.44395772181172 317.695533231624 120.671132054277
9.47670888365037 8.03913182792559 20.0207231761703 5.48149224617831 3.27403210253832 9.46027277736199 395.771225769724 121.775053963777
5.71520384772784 12.0120888493048 22.7849789296796 7.64087544647539 0.421871980514888 14.7568387021525 405.804640202722 168.935118051578
5.01014133724106 7.81704235355934 22.5500205917344 5.52934793393026 0.144879012712977 0.406674379387392 498.620529769762 12.9191822545406
3.61958691348957 9.55177783308277 24.0052503534004 5.47917414631891 2.77655818791346 3.77175415655922 454.477650587363 3.3426038081837
9.95265512819365 7.35770705418821 22.8156521359408 5.577056772355 1.74519574282403 6.23473063541786 365.580844325324 174.053884044809
5.27291235806527 6.37091754816281 21.9216881873334 4.97389073400625 1.46125475395457 9.84260063080919 372.077133387682 168.420462722811
5.30699676279204 7.61873626935854 23.8872821043786 5.48135600880616 2.08259173640383 8.6926786285947 311.298294287826 157.689986194794
5.18719970113764 9.50818374878722 23.9585847266146 4.92353623949417 2.81216989450169 18.7850765318165 385.03072945896 92.3853565384341
6.7087099906756 10.0445726652092 24.9287706386621 5.06545061016896 4.13299082429195 10.0319473998699 314.777699598921 105.723841844661
6.0115090808181 9.51399675752626 19.4738351151013 5.4131239802244 1.78393754415831 10.0918555365007 408.082952440796 57.2107110026032
6.26091979432114 8.17851366810249 25.249704226153 5.66891287877822 1.79554615468377 9.30468768380419 363.300368363057 69.5105181242201
5.26528647031156 8.26616202144861 21.1914920073643 5.46923158731849 3.42405855748782 11.5970940753949 360.816485077145 113.240486682582
7.9773701534339 6.67668659067051 22.8996252240078 5.32425927310031 1.87953517307243 15.1832744326429 390.49585123106 70.1962891101538
5.90138050666364 11.0085075668989 23.7967105671248 5.21507013137209 1.00726572768318 7.43263901805565 397.923295985125 76.7012522755284
5.64845318699305 9.17210885246174 20.7824208674473 4.66900332070867 1.77728158248292 15.5416126013188 388.763342461012 155.28228784555
5.26638047302199 7.87082669390115 24.4068529513992 5.37717933151648 0.619440550758838 21.6533335592657 300.608684543561 189.338246236592
6.43472052136996 7.31736376912178 21.8819223808007 4.89944566772027 1.23634599393591 9.70152250164734 351.217374872824 159.94905193958
6.40173360079944 7.49171043706529 22.1057824754489 5.31888117314782 0.99199355533261 12.1065076919192 352.497057698625 217.592412370011
7.21620267305056 8.51695393483483 22.9992492731864 5.13640888855273 1.52246878268945 4.5067527008127 389.790579662782 74.1884476811497
7.5733358894824 6.69188168598163 19.9580616785238 5.97040450124501 2.30804564045204 5.1832817989549 251.326104657377 338.671935947768
4.73551194120977 9.85167156964075 21.4741764981715 6.3982722483995 2.33660964522119 20.369890054909 394.749196798145 194.341747227122
7.27675708776673 8.90567303280585 21.9119039347071 5.79765354637128 1.62024215347498 8.62466202838764 401.768036367339 10.6742996610549
4.42542559210502 7.27151140814813 23.9388133584813 5.76900043709552 1.91456673973415 28.3185356805743 140.946418519437 144.770965825492
3.67909828451252 9.66602603767261 22.4783127512606 5.24366946434065 1.12853931974769 11.1238001703567 410.75893106139 48.3926233572728
7.32644810733264 9.43563613515999 23.4123544479329 5.49128953638789 1.10265946180928 9.91425849008422 187.853551487306 171.362674891393
6.96847279664061 7.73289840977815 20.642828831476 6.26154852589449 2.79972816996803 15.3186313854237 360.593297544512 0.311960911559827
6.09796069824636 8.43631723792868 20.9905988361112 5.16839506189331 1.16228901135366 10.1324391197481 358.056147158015 115.812468318911
4.9275615855225 7.06725913842423 23.5687334671024 4.63460169142923 4.18501874182067 13.6152308665205 437.836837210452 30.8707984391357
10.3600152919994 7.50580648007464 23.067724267645 5.92245649646848 3.71096164915056 6.84133594107853 49.1358230639793 239.280568483831
6.49999490117421 8.26049973556822 21.1206925810263 5.36547463995707 1.28627661106322 2.48519582705362 452.756101793339 20.9685392423272
8.17707050815486 10.203746397501 20.7032575064011 6.55313861972699 1.35649144623616 17.2841369944588 398.739252096476 111.328338843865
7.20339326890612 8.63215706648709 21.4256706257826 6.10799843338941 1.1376786206681 22.2380311179644 271.381074339657 153.706558883029
6.97035841170569 7.58411889484499 21.9266417452673 5.73050642197802 1.57968909019321 5.08004240929393 433.536492366328 70.3930685544764
5.24909346305267 8.48258196220137 21.1024622241764 6.74219249702209 1.42949842507717 11.9774923142682 394.080079903639 179.079165908512
7.07015339981328 8.32795625854759 22.0000986839861 5.47367469635416 1.23781013854118 2.71498258365794 339.27088055911 134.3537150598
6.69367032824929 7.3799997526263 22.2264794554349 5.67325679486836 1.31784718088471 13.0917588565679 404.575443765683 72.8108049586434
5.65845506250131 8.88672843515435 23.748289083795 5.67102583316897 1.24214824358896 13.8454953666635 271.887369585193 108.797092623547
8.2280138839201 9.3630425617545 20.8369403547318 5.53500265572953 3.15191395748034 26.8585341282494 488.727539117618 28.9095537515853
6.25750487216342 7.6405063995981 20.7248238030552 5.08000050186487 1.18549564822896 24.5181452107468 324.253198765047 145.035640356882
7.07862917123497 8.65530644910645 22.447720844563 6.20642247416381 2.21380772020276 23.6077965089915 344.438980121736 195.932691916595
5.87904570072606 8.74554255893147 20.1328852466342 5.18671358033292 1.70738173224727 17.6852130382537 392.92892268138 126.208157354375
7.64214785764131 7.83944052581953 21.1150896871832 8.15641731115345 1.68093207481493 7.73303419178605 354.94733158088 191.808890092457
5.62215398405005 8.31376977733198 24.1459443379865 5.20775164574907 1.46889543895566 11.3522084834611 422.445396974524 21.0718188562994
7.01419701323097 8.04849239304176 21.5788572710569 4.59301699875591 0.867938744220579 26.8082998532803 448.345796421985 44.6626206688875
4.83075286753358 7.51108952930694 24.3536756958684 5.1476191136701 1.92619765281008 10.8687768078186 333.808828083525 170.802952055849
6.23746701033256 7.4335583580717 22.1114158172325 6.41992590041568 1.69576309160575 7.79565242699329 329.101642728457 182.186274060004
5.51180500394652 7.5458322485514 24.6311250687032 5.73767148463041 1.60814860443882 14.3789987496641 382.859998992642 68.8126144597402
6.59745265622559 6.94893570326395 21.0023450730828 5.60470838960071 3.36126932777235 16.3003555019373 375.79894113829 85.1087699588038
4.66023060905398 7.7421690462064 21.3492385702693 5.42847387209373 1.62961809157589 9.27780130405235 421.089810655611 54.4102362205028
5.68765674607 8.08319670906758 25.4558794292572 4.43699449351034 4.19905775098305 2.83730813311263 372.355358047347 66.1765882977899
6.55521546944178 8.89388798691346 20.5077673515286 4.81744910195163 1.24010414828831 10.1981949950361 359.355753576259 126.746439416345
5.74707430754762 10.6548538055145 23.0254430289283 5.30526566099744 2.29227182051599 6.29163412407761 363.439807835576 104.605770073249
7.9730143774077 7.51356576402381 22.1070236599105 5.26406632615315 2.06275938143931 15.4278560347599 405.616372664066 52.7346338300959
4.84783107508451 7.87198320788803 21.1636858716931 4.77269413655326 1.64649012313204 14.9556780859344 415.264523859272 35.7011652885581
7.91668168103031 8.37971177236004 21.5063690231071 7.48415521908736 1.79222855292476 10.3523036425381 322.720405119913 240.098253576271
4.07486673194708 8.12343411423467 21.927659668781 5.62573065455875 5.49355537425495 11.2445923688895 386.181106629945 222.811930881026
7.30659410698157 9.02236823949209 23.5939278973583 5.71316504892149 2.17868674552437 14.4383577941263 404.404973465298 67.0239190128645
4.49967850194941 8.46218733268537 21.7473103707579 5.09615209113833 4.57199654089754 24.2645684742152 413.675865361365 54.6921309920892
6.6430526687394 8.05195690149676 20.6423086863392 5.26163770055797 2.40950719923579 7.88702223958728 351.483025774481 178.83190228057
5.92842760192113 9.80012561694591 26.9686700712493 5.61678710516149 1.05149639044746 18.904042057924 425.914264676344 70.5979101006369
4.01786148396557 8.98723522429978 21.136382971311 5.74508999772404 2.11630812616092 8.77312349442685 412.682202243293 104.807988641573
6.57122380640584 8.26095878735774 20.7213624170067 4.21041365139744 1.30083590223538 18.6265141434263 278.406473446 111.247815388442
5.26540351561677 7.19573543113204 22.5788178784626 4.92428751556122 1.19210725227257 12.5795186266272 439.370191556967 32.4904901589741
5.19762574213446 8.39642583854746 23.4710848498651 4.7533593061467 2.23561733482246 6.5922182612805 362.987789153085 70.6773403612065
7.82276754057988 8.18798881437311 23.8270675139761 5.7054373174079 0.835182348634151 23.8639896623537 454.18764735313 33.9933857882839
4.52790288586334 7.67688721644174 21.6917933718814 4.8107018058524 2.68115441269217 14.247452147348 391.26982489827 133.972461672033
4.76616758243909 8.30755667324068 24.2976064725417 5.08613711537804 5.25015479134908 7.28093447839943 365.211524504655 145.49254242605
5.76060359000129 7.55159581684171 21.3172603602878 5.02057074010848 1.02296001180703 16.331329512272 415.562697670399 47.7426307700324
5.83497968596344 8.93252675157389 23.6404643461392 5.04707676159586 1.11664285638948 15.9615942078357 368.949186155537 71.3053216404796
8.12773138906469 7.51163449487213 19.8203798488132 5.64419341361821 0.795961639911095 6.42937884066646 464.10655449399 59.3404661394381
6.76596538859913 9.01880350886199 21.1838606510645 6.0106978723126 0.579385078963415 8.62006681480032 366.517834239841 135.292834493112
5.52162880789361 8.26114127076405 22.8514567767867 4.9537947431421 3.06363721660434 14.3587369056695 372.874581528998 138.366035362438
4.24708313416132 8.29890054060337 21.4878765651848 4.47620357988427 2.3963057579716 9.19117516458256 400.640465734369 71.9803577536839
4.2756752404127 8.98815757588574 22.7932475590335 4.77091112166442 1.04607416038293 4.85225189908847 163.431862459951 60.2953303029625
6.8821441248903 8.36707295608733 23.7088600539526 5.82474426419587 3.59998286104336 17.5180309242865 415.480761901126 18.5016692346173
5.6968879416052 7.09263958688929 21.9928416716858 4.4366531772556 1.08036146588842 15.417221594556 391.935339942997 95.7338941786879
6.74408521337126 9.35138364010534 22.6539136174936 5.31658171920872 1.97434054675563 24.6406975452213 362.147110042791 161.443544332651
9.03609954407017 7.96977419392496 20.1260516260294 6.29263485713334 1.5973650091429 15.2059950246971 439.65580444596 89.390148280117
4.25598232902045 11.3191505027447 17.2767035353068 6.40842953146327 1.08357152329968 21.0070997897375 425.118665061833 133.198097618812
4.98355355143721 9.34737652350486 19.8808557005142 5.26549967251835 1.77330333695724 6.35168897754677 462.400954338268 28.1662721272155
4.20791018205681 7.76808193368486 24.1744672566611 4.41379708334241 0.615567307432988 23.8948899213697 367.079354809513 147.623626774562
5.00764313148276 9.28156319369024 22.8129459299969 6.10785219274239 1.18451155687345 22.257540959258 347.659743582497 144.895820705455
8.10753852916652 8.76681962756653 19.01501815511 4.35500438570726 2.2259455429252 9.50921484086366 317.061188839681 174.076051144763
5.57290779789424 6.96764638727808 21.0777522106099 5.40011636845842 2.18975776554397 6.56573279056883 338.999403838467 139.813744703519
4.89070795964868 8.9423369681707 24.13803895654 5.4095345469365 2.07448217440423 5.21183159109627 325.127442350822 116.954979680644
5.88991666434726 8.17481333475665 22.372396761929 4.93288689388402 1.14524047315098 5.04315362970957 367.316951134418 112.082398473115
8.3100725303211 7.74474193494423 25.862751438065 5.26516199278045 2.66378983636894 13.7552819432231 193.566544091219 266.797221817287
7.91620596843638 8.49893330576647 21.7986637258228 5.55728481456165 3.13024288953974 10.5418438437566 409.957711600468 16.5054464023254
6.9295344826757 7.3831464688832 24.259101143737 5.93525884752018 2.44292292337818 4.24855478911047 355.871093192583 159.72079725808
6.32157271378378 7.33481885111761 23.3852593434796 5.81558189690717 2.38576161840113 11.5912915969023 329.944167912406 43.0351946589195
5.19890314956823 8.59055279054394 25.1280159620622 4.61210445263248 1.46293791395134 14.3130212172855 391.130328808034 25.0387174071631
7.81800598863129 8.14505825545626 20.1487005144791 5.2338780318214 2.61603739804047 14.5232024299894 396.900239068661 105.875412998981
8.01057684851441 9.96409395498274 22.6341515386183 5.46070611454037 2.04571608078715 3.60115481671077 412.55224282111 72.5297698017181
9.11452191332409 7.81929611727726 21.3739435104254 5.06711601771021 1.12608640907581 18.0481571742309 407.219738551527 73.7788309921969
5.12265730759529 8.31558746518321 24.1863470115391 4.41509941145839 2.43580100453503 19.603499681551 418.098357062421 63.9388097224038
5.81997779556992 9.69579270513307 22.8001272759127 4.81991041203946 5.29825885895832 13.0428643831249 429.766822792327 68.4692033754907
5.7165802265811 11.3287367931836 19.7902928638576 5.71369808054306 4.13612405011665 14.0884597386477 307.404669226592 112.649494234257
4.98532734915164 9.43107754607517 19.5076125276746 5.72907043046815 1.27442514788066 4.91317045133775 355.693095414215 135.382350095762
6.15088394081235 7.49186029447924 21.0475860444871 4.53577088997942 5.06120545182905 4.15372463712392 311.843681869846 203.888999464857
7.35333214651692 8.52108159277172 25.7694921893431 5.5381514113284 1.84417939053846 15.1557114731268 436.956018166717 90.9622247126352
5.87821321989633 7.94950435175085 20.720403589903 5.00738970638231 0.810690169568327 15.0928788194006 295.193922634758 152.663120983521
5.86304898088104 8.54310591783988 22.3887787529308 5.55208651601039 2.62729535009417 12.9491378747582 408.902656187226 58.1310080463559
6.32570186928051 8.62027015572095 21.3621727240493 5.266391060264 1.52594275131662 6.76354787943085 425.037561842268 61.7727548971944
5.08664056480456 7.34732271038108 23.4811343220432 4.70040021475331 2.51542060700382 10.5343882926601 405.553677798862 76.8665242208791
4.75131608744356 7.31101006053922 21.9784819620634 4.5229762149094 1.0705902909127 6.74455169528331 279.453064052159 159.194508319307
5.68956122130745 7.65741461020833 21.6600419525028 4.71703116181075 0.67312793490056 8.97058591438516 373.292675445088 80.7210836014546
5.49809099775526 8.4886082987225 25.5762142163333 6.13983228966705 1.36335143294965 5.45528041638328 425.680109720972 31.9788337682701
6.22162496005205 9.87005605658499 24.3692999188224 4.8186059074378 1.84449981973907 14.5173665076278 357.054779908198 87.8896430891365
6.76111744013434 6.03788336593299 22.3616910107877 4.78225685603912 2.27052622291581 10.9662903399583 347.678118940286 49.2578424143464
5.39879924427754 7.66490786593655 23.4324530491097 5.06949211711683 2.74606523745133 12.9953763207039 411.79595054878 134.672359838294
4.66483816147037 9.34059565301599 19.9557880141566 4.62830744562284 1.30411514502037 27.7705972578939 159.767441837534 221.103221673176
5.60293097207736 7.63332406612694 21.8129529467044 5.3823173481039 0.809868503788468 9.02051604212324 372.073426296365 97.7014227841869
6.55764211310173 7.39166436202178 24.1913740420628 5.73221755026372 1.70026479145403 9.42392880208739 213.173868182528 183.155599191333
6.38950402025935 7.57863930438751 24.226613785354 5.88158451719318 0.786242074444413 10.3396674808591 279.241952863444 260.92116657298
7.39178763266272 9.34183674199356 20.9352446778139 5.20321412724201 0.659495214986118 23.8141796471645 469.614899743231 38.3351720567617
6.07329409859428 9.17273867570793 21.2057375317045 5.66737134233202 1.22794965647519 14.7192607698154 414.877036607809 106.958489157432
3.91197501327373 8.81920398086296 21.8990734332713 5.57504929247446 3.98245285343816 8.58405513206001 412.488410078309 66.4980075252392
4.94839197595481 7.29144939387729 23.2060996807756 4.66017789768789 1.26459157609897 9.75462016558888 313.351860829872 86.9107812448059
5.06506487154091 7.56427856638303 22.4247239151522 5.41614234004569 2.14676033419463 7.72987790322213 422.806991489372 82.1951447623845
6.26488905319743 7.54229198039536 21.181972737473 5.36311192556167 1.0040097308024 10.2726237681237 307.01283256806 175.264673966049
2.4142901633409 8.68746012815961 22.3835740209979 7.15959215813886 2.957974106091 24.6761204903742 447.271445226206 1.12537025003309
5.79829730918887 6.76990508308289 22.3685818588448 3.89349762630068 1.43685308708236 12.4290875469085 313.671292718067 37.0019389736236
4.38900941192176 7.596924280815 22.2965874996567 4.26792333972487 1.30929289178451 21.8860197611944 357.472390111787 62.9308472055548
7.23976254925262 5.93827440617334 21.2049290425006 5.43169665804546 1.21072659738966 22.8675100757806 386.647789667408 151.027715312002
7.59760314423404 7.78938050861164 18.7138489341337 5.55233005004645 1.42703565156527 23.352000316124 420.463195259071 56.1336994644758
5.76664231653611 9.09760759618022 20.1571689674897 4.82919063753706 1.70577763342781 10.6629823659465 450.13394308145 25.1750325518626
4.99243585355043 7.05046512483688 24.5844101999977 5.85665508642744 1.591881618989 2.66813285315227 453.559633259003 38.139638389287
8.56436500188111 7.8764511039837 22.8102773944396 5.88208339177238 1.97149152132142 15.8498918943748 352.784522965686 130.376229886242
5.06810784842268 7.52083221305842 23.9142646938435 5.60655449183276 0.976072498707952 8.03470184968814 373.457660205954 152.944843604444
4.10155380152935 8.48197554914407 22.5001277256437 4.9900742358813 1.14786878448993 19.1806587149905 417.97346444099 103.6138149972
7.94798290215771 7.4455816166604 24.1938348082765 5.25793943610599 1.15518794797375 6.01663383624996 391.186723304206 90.1406238526548
6.34949740383186 8.93307949827559 22.1425908858728 6.2434176875899 2.10202203402489 8.92662221918215 272.213846427259 365.008037097434
6.54820977867618 7.62270414843714 21.4579427269659 5.90024201465298 2.91115538513241 7.76757551791325 348.334860345875 245.808901259067
9.63834427950981 6.60752467252279 19.6755850842264 5.66877754047828 2.30852251758519 11.3569450348009 398.576739447803 192.062036935697
4.61145127262885 9.37033375396017 21.9646139433122 6.11657651960325 1.27498249801713 12.7819159687218 427.991279943294 100.088870132801
7.39713992476077 7.4857839849638 21.9507999073016 5.90358993947056 1.07350842272513 7.57840657419309 385.196472840837 122.317909436276
5.80973860946512 6.19965081639113 23.6741584983655 5.72722416087733 3.40753402223183 22.3489300618477 375.337937946437 77.8207163511593
5.43009898011949 6.7184142960349 24.1646724397623 4.84424536178769 7.52972796903263 3.55435013328292 330.792263893083 107.852314912621
3.96598985125414 9.46103157657016 20.5925995723154 6.4441503307036 2.56930398658037 16.0987961694058 373.140588734835 248.496961783022
6.1997949013635 7.81411680076058 24.1177416303719 4.56985306660904 2.34348392123856 8.06047782241914 360.218038264863 129.929660267068
6.41541630111337 8.5366489172244 22.4493524826533 6.26683450209293 2.06475759819943 5.79323255224335 371.416608379552 149.62340236844
4.53614850174653 6.17004069752737 23.4343551209321 3.73523341804913 2.14032707254456 3.94228538451995 394.437859204578 66.0466546878158
5.74621719994225 9.7087166231281 19.3520871822099 6.2323865994243 0.963517154287309 25.0615382410393 426.112225343033 65.5007843640411
6.31148826375067 7.84192661201289 21.2268730268497 4.69594884637486 2.03350936855329 6.65978591199984 340.834995675139 100.366944440415
6.83699680987651 7.52589707596373 21.4347985586135 5.00586469176347 8.84752626855723 14.0530959450139 373.347985852079 167.478146415825
5.66987552442433 9.10623144708231 23.7096780523941 5.62951445111626 2.28448574242201 15.6968086217879 369.120060484564 111.137452254296
6.24961073214472 7.19787055093469 17.8095306925548 6.52555804879811 1.08959877477144 10.5441220624629 390.196078716644 117.181087996762
6.05891058992975 9.33795342124866 18.9225534973042 5.18649699317781 0.781248586351724 20.6096546557694 428.348697209149 27.7450812477563
5.87621650174914 6.88831812458239 21.8686585784311 5.98723968738638 1.89152061230995 11.0238281613854 350.762150212414 116.458609216631
5.64591040309383 8.54921558078523 23.46732861832 4.90827367535455 1.67649240485691 7.96819879338888 406.497280938286 111.219519715514
6.95892361215439 7.92769446363331 20.8354216841704 5.61092912964702 0.948446628780954 11.8377525634981 427.224342362473 83.9935135238198
6.2559157866791 9.02215801295052 24.3513616990402 5.19259756792974 1.93242869881723 6.30515634206412 431.727759960039 82.8641224517531
9.23434438751672 9.01468666939652 23.4730858029557 5.7805715107188 2.74331847241317 21.4010143781365 362.149132594953 81.6905471281622
4.92419782583218 6.91256316898239 24.431623199478 5.01436095885536 1.15872278231144 6.26735134720486 415.212246096496 128.383492234729
6.17846479483415 7.27054681925231 23.7265511331485 4.63111295580043 1.42280426820959 11.1258116102181 353.713874272381 120.781573314996
10.3208554173671 9.40300895642443 19.6057225031063 5.72723988906215 1.35863846422029 12.8441596698907 414.601780911436 82.6373058550569
5.75807991951521 7.50805994080631 21.3802941922954 6.04538942256991 2.58218805155324 16.5267555929925 353.20779961045 162.76279976821
6.507733586777 6.89766229560594 23.5135714425403 5.47125681284407 1.64530967557898 17.416172910147 320.412854407184 210.680062404088
5.04154529192751 6.78042270828964 21.7928608543252 4.98548063160995 1.88622318031068 11.8993498965104 288.060495416099 232.085231926632
6.59848471088163 8.03117446137004 22.7882225051429 5.76043851748137 1.58627121191423 19.5341753088318 339.338347356373 165.096504973526
6.06146682723295 7.23758041467526 20.8231935670805 4.48569537397006 1.7103836308823 8.63499722321974 321.315469131195 175.564810508827
8.52466648924444 9.71268132997572 20.7360646284234 7.0151841364291 0.811895045187533 18.2435039872165 277.051324898385 143.632462610931
6.00510876268086 7.67373817495309 22.6984844679813 4.26479977114383 2.55022445094947 11.9914443452611 196.410018945947 194.031284822394
4.46552769829848 7.53126511401329 23.3775924482192 5.04686396333563 0.807361356185371 12.1483777369198 396.903037669895 47.5648177806588
6.84172167621905 8.58512270938193 21.1325476439328 5.36585219675885 0.596208015376912 20.8203162877073 408.915413497449 86.0467996739721
4.54931673859702 8.54299129047614 21.7988796685227 5.81944446344486 2.45068293668896 14.4487128548831 432.065228913354 121.977861375405
6.42877003102349 9.33660538432559 26.5208889964678 5.21281958749783 2.30949764317648 3.0603813083018 422.920847764966 51.4774942837411
6.39075161778756 8.85288332918029 21.3991540476278 5.60721368992103 0.610415749008561 18.575106945898 418.263239938217 94.5934555300732
7.26849357088729 8.18278413390137 23.3305573193049 4.94241638899143 2.10079758999128 7.01794546725016 440.665348400365 77.4314948550913
4.60387390346035 8.51016141226351 23.6599195575956 6.88003067148585 1.47686196039803 12.6107580301988 387.574805736907 1.34800089669441
5.18419312541546 7.99033387445628 23.2326256420922 4.1373127156553 2.91657879941913 13.935226570364 430.837580908631 51.2672275143946
6.84763933725064 8.36667480995701 23.9609676080072 5.75815114249777 0.850527903363121 23.9055442323798 380.431264410149 147.677409594149
5.22971220713807 8.30650662799613 22.1809917406616 4.77668361894662 0.452249678497262 7.96948977120835 477.452530843005 21.610286842735
8.38390826167931 6.7515665414149 21.9923267678871 5.0460074456121 2.95116760799045 3.52133787292976 405.153188050851 294.97743381956
9.17359492175569 8.1574575507896 20.1297146834734 4.47182133749843 0.967410518015648 27.2048293869983 402.652892973827 39.2363256266168
8.04788094888137 8.46597490169927 22.0182469295661 5.62220016673136 1.39578097577585 5.99364429971907 426.436807360942 86.4343970732929
5.72854168589731 8.9349660106073 21.5997649247381 6.09700911707766 1.86568318480604 4.37648534486472 368.836211758229 188.548331416712
5.0604197043992 7.47448129956374 21.9051282734461 4.92026814044276 1.2943839722377 12.7984737258666 173.686778029837 226.134708765929
6.22238320509862 7.85345484896731 20.3572541770043 5.32318296118601 1.70686402100576 3.31568172301349 372.452392563799 108.657620699884
7.05014143072934 8.32563878911457 22.4192659721696 5.57988462936767 0.815878897380914 12.6035252189916 419.076308335679 53.8877790388389
4.39873933286246 8.05169608023258 22.9690005961531 4.53465107858482 2.00330558048136 11.218313996984 193.050442691545 106.278092354458
6.48261685299154 7.51685532746709 21.8978146415129 5.46577404814234 1.34782979111633 20.7431278543927 283.107371161507 151.521499312189
4.62900193286427 8.28669112695238 23.3828750421046 4.4824586150579 2.44223309415967 15.3939032805466 417.515950687554 55.5884972121204
3.40197142472428 6.80900131559325 21.3175417430779 5.28757716329473 1.35714102374903 6.13723203607994 474.229439733208 35.717247427943
6.53163942852156 7.73738209254407 26.2310384921378 5.11469448322698 2.39636797396559 5.4561617247033 462.442124223943 71.2642340456937
5.17354601311276 7.22288739093915 21.8990032912575 4.86667935827451 0.823708802319625 9.96952517988932 379.718460686195 75.6305054054696
5.9597335443027 7.50625071466296 21.2611659173953 4.35668775099177 1.01291264970472 19.3919348855143 472.711171490884 144.716803963521
5.66036937892754 7.83053012526744 25.9898071370454 6.7769496264109 3.35552571004594 7.08021635058827 201.07187665893 210.589212164591
6.92280168718859 7.43156249692426 24.0707533130017 4.76509091338256 2.08732344152461 10.8529881030398 247.300491237919 213.221714474798
4.93700415066562 8.15804943325664 20.169781421244 5.52758408469463 3.42370845895363 4.07288808307516 418.387579823387 128.787287995427
5.91286126542747 7.46213179790862 20.5739364833343 4.52642497614251 3.02108539637568 8.49836706333159 403.023021153852 128.884875856016
3.8324249612905 7.86060927528246 21.3883836560624 4.61620513324348 1.07045885867852 7.31659981491059 431.120924107052 19.9528840125109
4.51614848932658 6.90680275151774 23.4904815951328 5.58054655985333 1.19512877637933 12.4178817972044 436.912425290721 37.2109654889952
6.58542949298619 8.43647113646822 19.7392376825758 5.67008759690336 2.16735627048488 13.8690864320128 382.553684383631 193.701629294529
4.65127878747416 8.57789753973238 22.931772661553 5.39062404344341 1.51748951138575 7.83394124550897 421.351161882564 132.649108000429
4.96074561041738 9.17424301750896 23.7931902515581 5.62594019884592 2.89864852492254 3.5555761720174 451.56426134941 79.785936718139
10.8712359463265 7.54798926286318 21.5413250707158 6.73867492729152 3.44372996499465 20.4251667858913 265.71137208425 209.867496667732
7.46866980005723 8.14764130446006 20.7859102518474 5.70451170951925 1.3125994181453 14.8459384720683 224.841197965964 181.865152715583
4.51079864617696 8.87949854890936 21.7174297226546 5.74136128027624 4.20223622195493 26.2039046879976 341.688372190211 16.8847576859405
5.00260417660453 9.16376406868642 20.8142004540694 4.65539288960311 2.05839440906734 15.8650182349333 385.518436836963 87.6209479276849
5.28320720343 7.72064197491416 23.654757511186 5.86862107309853 0.605824334336061 16.4091566418241 449.600833704396 38.7158038815857
6.95178864157222 8.96455053108466 23.057135847729 6.27329159004199 1.42104130925142 5.3353203120378 425.150319430562 78.5512723431832
4.34298613515571 8.85546332776322 24.4788905495548 5.10977341964251 2.88435006119873 9.82841133947384 449.163103926256 15.1584565160953
5.39491765490026 7.83706334146327 23.1217050833515 5.13316294455367 1.09565012646633 7.01213691669299 412.564825837345 79.7081190773426
7.05135064681931 7.62179942642944 23.9518168806597 5.04517067394464 1.05869132374178 9.37387905568137 359.884373489604 131.912654768365
3.48367050373127 9.61929954807358 23.923947144422 4.9228654009106 1.05841560047097 27.8539628632972 436.434963245486 22.8560882835242
9.27924212107529 7.59753436113065 19.9830663427589 5.8027548769141 2.64800846248375 9.208094890832 289.120360444462 238.293775034909
7.22210123844082 7.60471273569166 19.40396811717 6.30288625006523 0.796755902173001 6.27088546795961 402.04871553808 101.132041544578
10.3451426785586 8.07112871077066 23.8990312362357 6.44999498970366 1.95571820413533 9.1974126531682 398.092439055047 173.388618372991
2.97880021382242 10.0900966136908 22.6131591048206 6.92422863188173 1.22824381593679 12.3666815299093 478.327609852186 14.1592539627335
5.62518867293387 9.82010688807951 23.9280807282844 6.13265564069656 1.63251914050023 12.4775250614093 227.512905413649 97.2503377926566
5.60507272974938 8.47604666626581 23.6429843734506 6.00224598806522 1.31571003689175 18.1028560586266 400.694667120638 124.286286558152
6.01273282191766 8.06925614294215 21.1033435467775 5.85969106228651 6.28048941978889 12.6550595047418 352.008162760241 172.95005411985
6.94916100674719 8.12016836075578 19.5723703179905 4.67278907261294 2.36407594081326 11.7380411519923 426.742769794825 80.0825268302811
5.03837951896757 8.35024356420579 24.9295967109533 5.54248845596523 4.77519629517345 10.6521495437746 322.212838521642 39.3078898138329
3.87631138925513 6.86471059268883 22.8309917882953 3.73152158400216 2.89452182384308 21.8438311238179 314.48709372669 148.596189027354
7.48009074319581 7.72966995864408 19.3391181584199 5.58811288000439 2.63724792479604 18.0452018293131 425.004581933919 43.7148683160088
7.22302968489136 8.16472614044352 24.2996581007749 4.81697104452618 9.45087184711417 13.821359344438 347.706700688642 31.7557633600587
4.56449204017686 6.914822941822 22.5434757992868 4.50598554624148 1.85195257946238 22.285995560263 450.054525738887 28.8527767366887
3.99043197238562 9.15407416550903 22.7749171919439 6.31480831231116 1.16309414281171 23.6254702080002 455.00304165072 63.4900788462171
7.35229234178283 8.17963684251156 19.5598629817021 5.06740513066318 0.336729100627145 16.0421045083806 344.562231129407 167.449676394114
7.03314126090055 7.90883098877382 20.0684070860233 5.89093544707837 0.842627852565925 7.48255007173969 418.869327853226 60.4465176256491
4.32008518930545 10.6833612059585 20.8407181806904 5.77456847026576 0.787771751621454 20.6992510734171 388.535213497621 29.0572130533749
6.94288397676371 7.187902455552 21.931724996277 5.51167271539126 2.61624849121468 11.2901119964439 425.887992377055 114.028492475331
7.96219796467654 8.77953256254951 21.6474412816417 6.17520079124807 1.26445546788078 20.5021848209897 417.701886704489 28.9336300723145
5.8553002154663 7.74443269542553 23.8790561811921 5.91817308637658 1.30843340603622 5.73383024387069 349.318076942734 76.4000005474251
7.43163619760928 8.51607875551904 19.0241092494679 6.82939180711807 2.32579045407512 22.4011384522714 312.621054942856 120.002150806839
7.46806322753849 7.26401550286335 21.8461218892948 5.46029425747442 1.73815831963051 4.18368045867528 401.327408769504 21.2339079375917
4.47899532700474 8.16488927808178 24.9925269535289 5.43814216849634 1.24255188332194 15.351933199924 415.406038113831 76.4059886523608
6.07351647628246 8.90465619655744 22.4813096583462 6.74542984161025 1.14880063521489 15.3952819175322 346.56335270129 168.272607915868
6.44441794766041 7.56698106936393 24.8717465201239 5.63291872771984 0.976607886423302 20.3120863701968 343.580613814882 145.260051119789
4.83114730238076 9.00853343700753 22.006445108967 4.99877626441525 0.601297142768705 8.27400358142749 433.485418341902 120.414035557218
7.8377019373679 7.26540875630932 21.5918113218598 4.6970859135425 1.3383315572367 3.58602690857622 339.35968565861 62.351297880354
4.19465608791236 7.28295390465234 23.8462076973143 4.8777541803091 2.56508022555147 4.30278444451013 419.147500171672 62.9122227531767
5.49915754167446 7.43711895143582 20.3067249261076 4.77189841237057 1.14205797934983 24.8146980766102 294.88648497179 151.556388548732
6.81071559776437 6.13755368800502 21.2815565322183 4.9171869496188 1.176368859692 5.77002728223026 277.67979218081 247.346231746116
5.83493274405996 8.95920720446051 23.184466863629 5.05838610358874 1.61829886204684 13.4588567055338 349.652555739517 176.80504503682
6.43724905669545 8.14062245676702 22.2491534874901 6.62152204055957 1.02876280217159 17.9886127874253 426.52835382679 64.0524513307235
6.3692199979884 10.2743036865809 23.642235546874 6.85151044160187 1.09825339350873 14.087973748265 447.766070817052 69.8375234242915
5.93428598047732 6.67323979643784 20.287871281611 5.43329727722112 1.76855933228744 9.43326080726477 391.999159840666 77.7697431474001
4.89427504147317 8.88853025078947 23.4052445543974 5.65865113793898 0.894011391842931 16.4646018184436 411.789207959108 88.2512122669493
7.63190805502565 9.00681464101445 22.3791966331053 5.59197440878939 3.37821247542496 14.602784692958 364.629364109813 59.4806573740477
7.52062094438494 9.28488588094887 22.4897338724498 5.90997944542839 1.30065679968449 5.90534902320931 292.475609849701 91.1068051826524
3.81623323539479 8.08212323661856 21.7688183632142 4.84955937969477 0.403802928516713 13.1175871226269 482.215555032147 80.9549491305353
6.07434158722321 7.84833402720094 23.1048651312322 4.08458843838361 2.69603948430037 6.09438268722255 405.333766328911 79.3299671025773
5.04750186277359 8.5169210328071 22.4179349195015 4.79973027552024 3.9879198576167 10.9372235372404 259.270660367346 71.8192337836816
6.43763561931738 7.26183232064036 23.4146388053884 4.82742552537317 2.43102894112164 7.84334198065788 385.01895471647 115.671033704946
7.52084257747043 7.53167240048847 22.6001890940314 4.54350380486581 2.42029925795838 10.0649792504567 413.804402239197 58.4748540546866
6.19674227193956 8.80568677760956 22.1477896487592 4.74004297424895 1.82404261844479 6.411934635732 441.353083334682 62.4507976504014
8.5199508525952 7.68360667249594 23.143015965765 6.380093183517 2.0653936555395 8.89047026798321 377.093046120059 186.949628003302
7.69592973943817 10.8305807973647 21.7867725370172 6.00141666700939 0.295228047986082 18.7239359403184 375.840798179272 123.206240344602
5.13658470447813 6.98605118281808 25.9514562110192 5.760625004758 0.977271831957113 3.70959340777212 382.952164572285 57.0462962434843
8.1433121006067 7.76218203255061 20.4681709002167 4.70550647974695 1.21093261158386 10.4328661218594 449.249834980896 28.6860174114997
5.49278044581558 8.68862939735334 23.9677269384588 4.85412315471546 1.6200301536388 1.91339559903259 400.727495827588 96.3734784796849
18.3429293962771 8.06762071061466 21.2689392369488 5.68127070681445 1.0881266599221 11.7555893931263 411.806949489855 106.385644580046
6.19344260004642 8.36441101700017 22.1218262362292 5.46691987244222 2.90142285114878 4.69999914050179 424.805223597847 87.4110560175739
4.90545898797699 8.45481732960076 23.0375783472398 5.39742861091153 1.51256676228932 14.4366402064551 278.525657613672 147.662040321268
6.4954451427641 7.60535258931393 21.7129070058939 6.12772828583692 0.829438528019506 10.0808641721639 366.859539624021 24.5699971907931
6.20870325679389 7.61863477208472 23.9906133209979 6.4560515457604 2.2258724760091 10.4764774318364 433.580732054858 33.3710152870759
7.05155547501455 8.1249985863666 23.426837171141 6.17736628792312 1.88901359492872 12.5137128984549 418.205316907794 109.677768821866
4.2927231242027 8.77059822730154 21.4189499406321 4.73419227103126 1.31130120807141 27.94453719193 408.374727281596 109.200177771718
7.0186997884107 8.37988173206696 24.5756095490798 4.77422976391039 2.31059365394276 10.6667807900793 410.941181704556 10.4187295088776
6.36396716978284 8.52403287510566 23.0972577140182 4.99763384148503 2.22176203465414 9.9001337220313 338.078046963719 122.148223706879
4.37166960340735 6.48206281739327 22.9684623728138 4.01996444522516 2.44948601800964 3.88519073209887 294.788739863929 134.40145784456
7.51912051425699 7.19657679581135 23.2594398882588 4.98541530766529 1.71936629172688 3.77322537858223 419.389110807759 70.7782350319596
5.58179781893789 8.97834981298254 25.7298167925796 5.35399517536348 2.32959763766495 6.77036088474519 271.048562710155 126.814178097549
5.88129283897055 6.92915066785538 22.6980146079756 5.95352348589709 0.199240612481557 12.069005961769 161.362119844134 240.392336894693
6.663607986309 7.88157610198246 23.6676278923601 5.38292651399648 3.57841806533826 5.58912597668239 386.495398731954 93.5967983774432
4.29582196388919 9.53164410311933 20.5296291590321 7.97247818877215 2.01691174527203 1.56353123366714 421.297638652131 166.736138726579
6.19387558757004 7.41413171215008 23.6212617728071 5.66835585413236 3.1377287852176 14.572321179759 327.061367539563 124.47621818779
8.33123451480208 8.41655724922908 19.9572127381766 6.33163092980183 1.15367596359482 11.9915731080311 407.423151616043 96.782265791056
5.97986079567601 7.87759859705047 20.1902028457557 6.80106438390156 0.864204648300328 20.6180777368312 432.974976578554 86.8931874290864
6.28850686885854 8.74842536014915 21.292341300249 4.99029654400158 1.75720573041961 15.6661420829173 424.092871910196 69.7999327464229
6.51239256675676 8.02063873071802 25.8703726930443 5.63945132691126 4.3634835383864 9.01923119735405 350.621484609503 188.489523603103
6.69866385320358 9.81859077602887 25.3851386027817 6.80138043236823 2.37663478276601 7.41139381571916 108.350971744863 146.396965050725
4.88262518706366 6.81263332260511 24.0232882240398 4.98065386086008 3.03794670796373 8.82342963512729 391.255730396798 129.502653007367
6.67780737085331 8.43663301657898 20.18286796414 5.31879427056409 0.438419828320091 3.32409120647845 358.290884630075 165.144422829363
5.13154064157341 8.53704342075668 23.2076515111039 5.76899773035813 1.50936439319151 16.3430327203678 422.360774809134 67.8267404143223
6.91249191751225 6.78312328579555 21.7786587517032 5.7383853609023 1.4011301440444 5.99400598954143 389.384063624306 57.3739125360996
2.90524687424571 8.7921410360918 20.8387082437415 5.40688209546493 1.21730672438757 2.54110438284092 432.011484469608 51.1713782812166
4.52526631547697 6.55139712061833 23.7158417095114 4.76110987279892 0.967560853215775 5.31638389947065 275.688167835607 105.912783294045
4.6816177759045 7.55927371493914 21.7510241928416 5.08260696235548 1.02487206705526 10.7875209257027 408.858009087826 134.070183822195
5.23953522698936 8.56177434050101 22.2265577188446 4.87740306970052 1.17123578853243 13.1605137955221 300.382252044131 171.48902624843
7.63463650680096 7.99463480673595 22.5377192592827 5.99138180881126 1.30587696717703 15.2516556715017 404.16140386365 48.3929999723283
3.4984435152722 8.28945526706522 23.5646841771915 5.44319768965546 1.37459484523966 8.50399594204571 418.60188989422 106.939587188823
4.74369340945272 6.94519901814033 21.8248103989613 4.43239162285557 0.772894166611951 23.5744968942934 345.77747858106 114.238232446336
10.0193958159096 8.70936804877377 21.9932960276441 6.55377939692141 5.73930454922853 5.43306547872061 462.880642317702 48.8612694874016
6.63609332518211 9.95466159953092 23.209854853869 5.28559658744726 1.85941589497333 7.79496290332869 245.831508750949 178.579410925629
6.03076396546349 8.22893305521473 24.339079305312 6.43508070403114 0.319657928211006 7.1101069613088 448.871436597396 67.3696479855359
5.8345100929516 7.63288954741244 22.1813743632471 3.77764866238887 2.05488658856604 6.17222348616979 319.710304937022 120.215858895301
5.26946670687931 7.68189606349428 21.3434361171528 5.19647361029272 1.03694412198764 4.85582525614885 400.235585452357 66.8692340106836
7.85595474161529 8.78326441190328 24.0403359793813 6.22872940397385 1.08746776286247 7.51136379950275 269.696680474919 241.442199384093
6.34204232872742 5.12629175612723 23.2084170717903 5.12877740000139 1.00814409435349 12.1533507538958 251.925851522121 78.0944761517556
4.83508575141429 7.53910487590873 23.7118006807848 5.29076881191516 0.906699691817482 9.06079540429882 396.757105220222 73.7655550875968
6.92149133487467 8.80428619700417 21.9254776864755 4.77257157967149 1.28205215030429 7.15033028758476 334.705489696205 151.462808295809
5.69151209038149 7.27831977063339 22.6816768983892 5.23208201088766 1.30761382730189 15.2739782651921 383.157259258837 35.3681446412691
5.51345728808716 7.26335600372644 21.7782759106215 3.98112813491892 2.86949269762411 21.7378495241295 285.417101472847 10.7557966930614
6.49444447385125 7.39866019488835 20.8966232703686 4.4350831001412 4.019737095084 8.63505447497852 367.030765064046 122.691043584576
4.80619529463009 8.34023084266673 24.3194275590888 4.6710792262607 0.537384622466458 16.3521169751291 414.592424963247 84.5262451245914
8.15158304886978 8.14232309382323 19.0597079501024 6.58085747509359 1.64458396355156 7.9275700378558 425.151831554105 106.202238908797
5.48698146205163 7.91777478039782 21.657169695215 5.81281530693639 0.436353823731756 11.1105211669714 354.538413760039 194.808007726509
7.65638868746228 7.12218803287074 22.9110372427297 6.81698084429047 2.30217527234355 11.2915851151064 341.597043971808 130.516513357371
6.75975434596519 8.89814322170364 22.2271106221444 5.5325985754022 1.21206575187858 5.85305001588378 383.789521790183 137.69230774235
7.49205364961004 8.17484696423143 22.6450061995833 6.53065550346644 3.06166439330361 8.77231848193907 379.82383487113 87.4433198269188
8.91964140465171 8.41543812213276 22.4423669653176 5.64904269856438 0.406348066859185 5.79128596652807 155.159854416131 168.226785800598
6.92415144669906 7.89584147218404 23.4188310849081 4.73717027552179 1.36539092260159 8.98444612002676 409.002045666446 120.792548857651
6.40685826114264 7.27430489032971 24.8718230827988 5.3228887170709 2.19271045046067 17.2439696532041 240.172857817756 134.763104306208
7.1466425897495 8.24602716051678 24.015836942386 5.52123907856879 2.32544672368524 7.21550856394212 185.509541339806 136.477294378747
7.48138399192783 7.24245115818675 22.9665078962484 5.4664102377955 1.29639458344845 7.191840679857 326.686829457135 26.002100350912
6.54091656107186 7.76672715135952 24.1823544907795 5.49769797107755 1.16838183028705 11.3462869240049 308.958073994589 147.839315704076
6.96973388891603 7.72718004288038 23.655928620422 5.7195391816317 2.74746645315817 9.39377774089904 323.699523693638 101.773305438672
7.53018286318627 9.08905218450756 22.7097892959918 5.34042256124787 2.84858372183175 16.49688365024 400.246657923447 46.9577312491098
7.86965095184284 8.55486531300156 22.6519547646795 5.83258318237858 0.945975697370171 23.3345979577158 389.406682929192 51.5726540702094
10.0099487607574 8.92741816123877 21.3536833472153 5.12668753129379 1.20271753144985 14.2653506287569 357.945364520804 110.254712573181
6.43126542995841 9.11004784894235 27.7726646461082 5.95333550674573 2.01831184193241 7.69195570784743 302.670771357312 166.687166928562
6.29556561339019 8.72511177644527 21.5021493355348 6.00501133203923 1.64286675011214 10.8639775518319 260.850874291442 120.236253699208
4.70356560216048 9.40937242174443 22.5758372374708 5.61398532368965 1.95873580889734 13.5234831297619 292.591510609822 55.3778590997821
6.95382149381091 9.11322621578441 24.2835334685578 7.44787653816008 0.814210540139897 3.63734795763714 187.923861651802 142.130139922575
5.24112850776983 8.90830907670454 20.5920119538812 5.38721153974356 1.21482461510531 21.7139237692066 389.314602652752 124.944656720831
6.81422082330898 7.60902705503089 23.3155003149778 5.60868238780965 1.65673214160524 13.6641967900055 458.638523916764 59.7038421029918
8.92566753506336 9.53124241852894 20.5414236262036 4.97680616568703 2.69486803269959 13.157176817673 375.278676209 112.132528345762
6.54586940523168 9.32285555564543 23.9256385414302 5.12791611601535 2.6031471530037 8.88043256616142 393.417932258487 56.075924215686
4.98329141288106 8.71977253771993 22.3316160237576 5.96700088731744 2.05372297566989 14.8236717009898 412.375769053025 37.4328337596436
5.10874611327914 7.48427867269841 22.0827104653125 4.63358648904808 1.32843877222528 20.7925733198029 315.678292565232 191.483138621686
7.08045759009005 8.27076306122442 22.442975450266 5.39548143487511 1.59320121211279 3.39673515702726 399.656149718993 110.910808686231
7.13767756833821 8.42314791987475 22.3529347889669 6.48966792315218 1.68736651621311 6.81103552221072 312.015088469432 154.512007836519
5.71951451027168 8.44084573062338 22.9447103046438 5.04897506977367 1.53045141935663 8.31654158636595 414.678814067867 80.61541740091
9.41817056149334 6.96681569962646 18.3176488720189 5.16929020059201 1.41056747300198 12.1041732637577 384.965598131576 141.979607974613
4.79510874534408 7.70711835171648 22.2738098187043 5.11186913875344 0.764360213461337 9.33689803502495 282.568258478434 171.056690383074
7.24178996257129 7.04125705636262 20.3859430645942 4.6420056065941 2.79398500820672 10.679324287471 327.143153879547 164.289672436425
6.26001205229652 8.04603264351232 23.8687433056206 5.03874793314883 2.48049558216811 6.85808754789998 390.603164823327 108.376542181326
3.63848023025525 10.3198309887785 18.3723351418835 5.41187778462004 0.794605229568373 21.207583741976 481.413449699729 21.5518253577182
5.02055537306071 9.44427331769215 25.4653694583009 6.08525308680825 1.66170881004727 10.1781735446709 392.898406268719 115.9284412027
7.45410165233579 7.35269269700879 21.3427690819687 4.88386995666294 2.62384705210092 16.6055002032002 370.021129417194 73.7856088453063
4.45733184836873 8.29411285180326 19.3229417746964 5.33051345285171 1.34880541116212 10.0920411062994 421.883884160869 111.40718224836
4.31522633106705 9.4923254602401 20.8145788932103 5.28376246081444 1.91372077758717 10.0178714710407 390.587562196103 96.1359954877943
7.82500011887565 7.80052112378775 22.2365269747925 4.4616974254071 1.19312015570402 3.54385271516666 402.928011225283 108.196124928696
7.91191111509316 7.47948218281048 21.6381388288919 4.61326041568445 2.59402941128892 7.96598659801529 408.800405560426 27.121661813646
7.88622203267564 8.4299244947345 23.198511215011 5.6168966228523 2.80114221907989 9.88712724746507 368.517365362717 125.474439713898
5.47177651078458 7.93638721727351 23.8441122402524 5.81973795948344 0.764902954108659 16.1495297415441 380.541280277418 118.858820807972
6.62795906837921 7.56314432425344 23.9614214683137 5.1118287574546 1.16974326287999 6.67629301919463 413.908356020835 36.8483045533875
6.24400419048649 7.4694080298724 22.6691419047811 4.32987175328324 2.5680006314959 9.64910251952606 401.48465106981 100.756508146522
5.05665095638633 6.90843957141327 23.7984495657933 4.55971029400222 0.799663282857674 8.74556655803504 387.987792195565 170.012246831691
7.32004800349842 7.36333934233476 23.5990808023851 5.40707793217767 2.44092543147908 5.53256259395336 431.01427863234 46.4399645712173
4.86490641259445 8.31324721792076 24.9823240589809 5.63709506311303 1.36717263721359 12.8587693525157 322.047587778196 66.8754276583675
8.07909500840613 6.80303654114598 24.1741602009319 5.08053328186005 3.65930420832764 11.3327664550598 394.473157424517 219.445907093201
7.1817419202603 6.68282128937841 21.2581637604668 4.92015745995436 2.47492977568718 6.73131189543022 352.739335416541 240.973578053711
6.87015735331567 8.39033703691763 22.1149542477368 5.3867617487229 3.68005818981463 25.5120462856113 397.843512657081 65.3920418582946
5.40334300826257 6.93384543822944 21.8132973818903 4.97201195335362 1.0776550966618 5.37200368702435 401.32582157288 152.106730410617
6.11451910401536 8.45113706074042 20.8546033334663 5.52579570576307 0.72216044359236 4.63593892451983 406.031884588617 60.7871722927245
5.60118488540914 6.59418316137279 22.0762437943585 4.58679300470135 1.10244475487422 5.02320944684138 342.802133267333 114.282115537133
