27.7050343149982 4.48215838115278 10.9193762055186 21.9671728719629 1.65568789666776 12.4501198288026 133.81418323012 323.440813593178
29.1669584675449 5.02029732420192 6.99319999230261 23.7047203307853 0.152980564861714 11.5774536786698 118.016043772044 316.006392155833
28.5332523126825 3.30749888117464 8.27730917204126 21.78836218689 0.605747355669762 20.5662011778604 213.126713696772 313.452596501538
27.4611441287154 2.18568542278428 13.9648277581479 20.6119145662377 0.401159940251551 22.4756709304699 163.092738980011 318.206046951139
27.1258149198193 4.21447909621485 12.9605746961798 20.1758641656521 0.838986934060481 10.3184665256565 190.05075156757 317.872183467447
27.0823272079739 5.13741530342988 13.5951856101725 20.0354071031156 1.30523017505008 12.168212793973 185.948634992045 318.754745851487
26.6083610479729 4.23891907357242 6.70862787909982 21.8275925088927 0.775375897983798 23.9304956246539 192.224894377464 307.93281138038
27.7350016959977 5.4229146992016 16.8225705278562 16.8506784704193 0.268076424945308 12.7717034307119 218.65122359077 331.590174472469
27.0619551094095 4.47525301029499 13.4681970557126 19.0932407945015 0.647200857004206 10.3372119463572 295.381252892391 320.585571938989
29.7705762190804 4.17809865642983 4.400495440345 22.5897307529481 0.471950906856418 23.3418285972244 168.022625517588 307.664867133035
27.3687632791307 4.39072871437613 8.60910344004616 21.7506624960333 0.100027586561568 16.9773560581922 249.233553746869 275.712328413078
28.3460687632707 5.72395172300393 15.1615628271818 18.7982132435723 3.29686149730802 21.3400110021178 212.265081062688 310.346169056526
29.264147929986 6.30826669509344 0.549905003723136 27.3161376949792 0.754115251733862 14.4345925090089 184.396712979517 308.683212792683
28.8098621451939 4.93335334148612 10.4887748765591 22.197045423834 0.0917302661565982 8.47490403492726 237.950963426268 285.129905039754
26.7783471557514 5.8438538497439 12.2750035439646 19.5907595638134 0.107816887555217 16.4167038146563 206.061991348183 290.287069917233
27.200847546743 4.89170349604717 6.62193954174865 22.8144597740322 0.451677412160831 17.5186906136288 206.920711991283 313.521046788881
27.3022767125045 4.3986990826552 12.3152832689842 20.2586673214432 0.840824705171073 8.4035715220661 155.124533304294 336.787537162801
27.5759022850357 4.34390391586121 12.1468831314111 19.9941419621907 0.603334280201839 8.47061599503586 183.990415293378 313.982289543335
26.4567532158928 5.23753162444895 7.85886801860981 20.2661478810989 1.30218926872678 8.21329640858986 230.570656533487 291.700740534395
28.5314080868113 4.17210175456963 7.75379369711927 22.1301474945979 0.784983920488063 2.54552015010345 142.606642754048 343.182156374347
28.2015082124439 4.33430252697131 13.2941242354457 22.3734097603234 0.71072353641709 10.8261867888666 173.083725972442 325.432387760867
28.2503861201225 4.38242821066078 10.3758036568349 21.1329755940982 0.493739683638751 17.9148222341137 240.806580597712 314.22428217488
28.2787250680259 4.42277973508603 11.2629777471404 20.1316290926137 1.16773639511259 16.3756403326674 194.614075479138 323.455032216716
27.8758374721262 4.15166313830969 6.41383232383213 15.9488895370829 0.615936701007673 20.2067041633062 198.751868109508 299.846638195631
28.005604545751 4.61526291577226 7.77297377853812 23.8851314109274 0.700952227920953 13.7956895738019 119.297382878999 334.143070903071
29.5140882261421 3.91184785822771 0.851121747864308 29.2292855023491 0.320967376943851 20.8308663061205 183.718985569623 284.70689806647
27.3252368182168 4.93534652219293 8.1935150624888 22.0531520969109 0.405644995650459 19.8615899044897 155.742653350399 316.884933062315
28.6035758442284 5.33081065156254 12.9126927424174 19.6412458698293 1.23757333088487 5.79087009868136 191.655220031055 305.814514104404
28.4790343325396 4.51880447656568 12.611993725447 20.365354336301 1.73836367820656 17.1626158145924 131.871533410225 328.174600796962
27.2942238163759 3.54621777738711 7.44208829775443 18.8992669196665 0.399658600997231 16.7705386762659 215.322174343205 293.371548653416
28.438606002819 4.6014455575765 12.5832509615237 19.1973045016252 0.187486514570472 16.8419109185737 153.711493790322 321.275582626617
26.1478053879608 3.67954777428417 9.46107579189069 22.2565222457437 0.676994767317969 5.82289012658954 97.2292877042558 339.90985692955
29.8404192782983 4.52770587340211 23.7629293323729 21.9692252548752 0.128452534558444 14.1677537460943 208.557437627137 253.703490039967
26.5121469369443 4.48387894209452 6.63107319919838 23.2220046069755 0.225698056101478 11.8579530989275 147.026547811898 311.245822854017
28.1299493776663 4.45995403994751 13.3799915633144 18.4788443833675 1.04530948181157 23.9738141725726 154.95846092526 299.649612769106
28.9830668185246 4.61834932870325 8.53630799707037 19.2152940274934 1.26945452867768 12.881808800347 196.802212525252 346.023853648952
26.7897109197359 4.88779067157369 13.1182108331673 18.3580464075867 1.12709602503643 13.164761823519 182.494643474644 337.261119680925
28.0095997298614 4.03346925076027 11.1691856568483 17.9022216498359 1.45018193132848 10.6102767290608 144.106359047795 351.670583580671
28.0734551374943 3.73038958283808 19.260813966135 20.7860116399127 1.74288261574291 6.86002837811706 185.126033688523 311.221869299662
27.2619013807479 6.30956948035423 16.179940829868 22.7903326344434 3.56827865691543 10.9054357896148 192.345784675292 327.971044415012
28.8071504193647 4.55120906711129 10.3261617585755 23.3110058803367 1.25433490441194 8.89017472132669 123.145446855441 339.736070962595
26.3051324195419 3.67306313053287 11.658702142776 19.8628386218244 0.60539637825358 9.609224994636 139.280316446706 354.725140405308
29.6568551597595 6.00011966081559 14.9452315998762 17.4549939546898 2.05301022549149 23.1776772360417 202.042527521805 307.785182835778
27.2857587269899 4.59235499161161 9.32771130871057 19.5874367625247 0.43102683434473 17.18946354561 208.879201757376 289.719999947313
27.6810094551852 3.725639636438 7.51287331828603 23.0265561794926 0.346038133172721 13.2263415575836 220.058261490721 308.678267539495
28.3109199150361 4.97971459291537 4.27517791997387 23.1503597808347 1.13775310426929 16.4215621935521 184.157847622117 310.94591811653
26.2691013643941 5.5141605531954 6.76525654307972 19.5203117864185 1.52426487587333 18.8446963094358 183.543218066488 335.072637149187
29.5922475100569 4.08817657726703 3.63718480263084 28.0363751724592 0.497554917952095 13.3625503948151 114.862314250176 351.906287497668
27.8503900880727 3.55697571297494 7.2725672686767 22.2091093592707 0.364053150555574 7.96066780212992 176.435933054249 331.750283940901
25.9542117505264 3.48827966067995 11.0840294781736 19.8011138229634 0.12406034745561 8.03188925408091 108.11329783029 298.17759934788
28.1564506922494 4.52287559584925 7.40754399373806 20.3500091904921 0.329325479440664 7.95678125628177 199.038270865558 320.124373577969
28.957226630906 3.33578038130103 6.96687667987424 21.9107495772127 0.463588270769934 5.48564428307193 167.797618496081 336.807401580874
27.5446875082914 5.68012001264334 4.32669101366932 20.9250057753075 1.10478672763947 11.234450457127 184.172612938955 277.501997623665
28.466100821076 4.14636820365789 4.17502589758103 22.7473476199897 0.738749431806669 19.8928049457576 198.807562534857 299.334067386014
27.1917779474956 4.1566293642924 10.5629131053836 22.7054516066597 2.74657789355028 12.9364955800967 166.900427923942 342.790177817073
27.4486472305853 4.70603963797696 11.7703031301237 21.2714480851392 0.504748781576624 20.3418785981658 207.586275482237 319.587620587662
26.8940634366984 4.86480365324795 8.39136342608993 19.6612067036875 0.722330238859429 7.45757291573657 127.495688897336 341.339349663824
27.760445663218 3.62465779909845 5.41878983067565 20.7746462871109 0.460674236010809 10.7128748292516 159.103950841008 351.534463738046
27.2929575280175 4.25010929052063 5.53470395155453 23.4285589831348 0.17704879195362 16.3531321827728 157.407442352024 308.280169884455
28.2233187512061 3.85695414735561 7.78537533579015 20.7421327707776 8.74767103751265 26.7327252846717 155.536915626193 334.222390225295
29.2350285090544 4.32377750643048 5.34378770863908 24.2692538914777 0.246516462892548 12.0049025552647 228.789463437708 289.437561655563
27.5280487881888 2.50300819758095 13.8321679539056 15.9121358817739 2.0505970549013 14.899765394756 102.35839068594 349.918457212589
27.0109520989362 4.61846893340537 11.3642484665087 18.6555560395012 1.74501875104333 14.0321097645935 204.396110250616 319.184589184
28.0570759683153 5.02173458828284 7.18491424670998 22.242783383978 0.632816992358409 21.0036201768565 255.616852069703 323.865069783003
28.0007055915314 2.78946719703138 10.5481045249401 19.8464480305424 1.03637013178811 7.96737059082932 96.2333969012421 350.153844006687
27.5512012146177 4.34530398064983 0.925692679462389 28.742438699899 4.37394707898875 23.1049665678037 146.906694377637 317.45723258526
28.2063156153679 5.05746322523721 12.4042030914417 20.2443733326851 0.624209260751224 7.67057971731795 142.997466750013 304.519116355753
26.5633234118538 3.5856452685162 7.23403729840732 22.5324428819555 0.946882266569808 13.5576795214687 120.964569469729 341.873899640868
27.9500273784767 4.48038459305313 4.16572971050531 21.9261282183536 0.163679442388505 19.2802836708569 188.245122116981 321.051437851233
27.2741411708307 3.97361768814022 5.85601936268354 22.5003654430098 0.798903916112678 11.9684853012737 137.093149667694 316.290132831887
27.8720214230566 3.76459825972091 4.22804907282882 20.8647897751087 0.622182376988818 11.6128175591049 191.499923402855 305.825877521524
25.8021372415112 4.78470517097623 11.8410890085416 19.2843001604589 0.791069539681079 14.4830628417624 189.441749197245 330.069718541836
27.5640660483992 5.80917194555384 9.30942566076585 19.5327992565815 0.232201759787056 8.55260153397744 244.968802154487 284.824640140747
27.9814497855148 3.69409071354363 8.64999991036724 19.8391709411723 1.16839077984673 7.01542277550161 150.173445908026 338.283260277711
28.9844375747529 4.19336435139977 5.11363554645053 26.0876509793032 0.716925977265729 19.0152157261027 105.691987041351 314.568649743759
27.4736157159618 5.38521432960459 11.7094797875355 22.1175065792863 0.465466007802443 18.5515805640634 176.721171114214 312.175208079261
27.3041792203324 3.8643418789571 5.82182214581451 21.3698270776643 1.04423406513178 18.8271914780837 148.665359066347 333.142250540411
29.4040635261141 3.94219859651015 11.5717467784802 21.7756242246283 0.193791780694758 9.71253640040927 181.122074055472 298.818953567002
28.0862926903156 3.96075479098008 10.7121214125078 17.5949761982816 0.946274350699853 11.1982248686605 194.576453596833 335.430036629137
27.2205935830334 3.60581804069139 8.99601043626192 18.0353336284978 0.511866388918762 14.9921159841025 219.76380997292 296.676261214688
29.553182560897 3.64885190855268 5.05880951305849 23.3409449559649 5.61530285802676 19.7705224190731 204.64859279409 313.844698828143
28.2748182633528 3.21395383763525 4.61969403494557 23.2885032096595 2.9701424462993 13.7323957160192 129.70224054252 365.145653229012
27.0143115547068 4.54678181486644 6.16256143497662 24.6503159568503 0.226589320286012 8.12648014544243 148.679041535836 343.020443387819
26.7421216154878 4.33708276761791 9.77713776846512 17.0905879905694 0.278806802453459 21.6354793746407 205.38242475334 294.618531090224
26.5737643269012 5.44863878408087 12.3699287495052 21.0591049190494 0.660480223385355 13.6040915219887 284.035253912665 293.757297467516
27.2534776141783 4.80763112729237 13.253169573593 17.1637617728992 0.426735793998457 12.6064048460771 175.401379522513 303.748107714238
27.2994288812002 4.41145404829746 6.56603083958361 23.59711011365 0.541440022499102 8.68227086503898 178.89732678161 316.629673824929
27.1529134278927 5.11563495822583 7.3689898747941 18.8655985111714 0.341964121797283 11.6388803555504 165.430418687344 317.187138200392
27.9122081349883 4.90114778202813 18.7178857703398 18.2834679491444 0.246019592345376 8.08948392454152 153.357245317836 342.10844255328
25.7176428885099 4.91667782505175 22.5704449601345 19.8879322410474 0.137394902511897 13.5571889316861 194.88480912015 294.196091340464
28.2666879191153 3.64134842819477 7.54744550040035 22.8294120861808 1.44700148309296 6.07364996051976 164.344318504167 316.282668371852
27.2975341392035 3.99151541605956 10.2546610187313 18.9929223967687 2.01211428267605 14.4406537100347 147.691838241435 318.107658044985
28.4585965473516 4.15459424960427 4.10139556183774 24.5098295447427 1.08393425539279 9.78345700301391 138.996127181291 355.263525435505
26.1238105721524 4.35605764747153 6.0136234881459 21.7253661864865 0.298024387671699 16.0691011587458 192.489886943512 312.942185608962
28.244138722671 4.80970114967313 12.2378477298991 19.9896187732413 0.214537365023908 13.3401079419106 181.171495952292 310.143669039588
27.6273613637073 4.9252858965451 6.87956702397884 24.4231372821104 0.46955115964609 21.3978231311827 190.23718477867 292.415869606993
28.2256814378063 4.031793130822 8.83974982789687 16.9121729054149 4.13918995919627 10.9009229703561 143.742345020367 336.310697645868
27.7684297787174 4.37636887986895 5.98913827796513 21.9066258021191 0.703599343316363 16.199218554338 192.558151790406 317.233360324443
28.5036714018618 5.08982424315838 4.62807149016522 20.3292706672477 10.6590147241995 19.3353415883724 123.11307196269 338.995973226783
26.6876145888529 2.49230578089054 4.02595671372896 24.4823175974368 0.144725216426378 9.30813345728509 208.922374189341 346.347659901537
26.8979476430172 3.75643326471713 5.54335430781543 23.9056113930644 0.270423395405353 10.6524562885151 177.881285596004 335.149822519944
28.0651410019428 4.30511467158124 10.737701474054 21.3467210947199 0.394608553625665 14.7381164306036 177.020874471093 347.263978432658
26.5347316364431 4.14688882674867 7.78893523736518 19.5301400514008 0.367068250219951 7.92214450872882 198.590258210716 324.172843451733
27.655997882904 3.96594164508812 9.81655630596216 20.2111696049489 1.03451043649814 12.5479229350903 146.855387720289 329.774084341078
28.01039983017 4.51598534651793 12.0183921346186 18.7038718052733 2.25114200371693 4.66645397980927 111.095582007387 336.850674303204
26.0974411517431 4.911297590309 12.2093741897835 18.2882252895589 0.502778117566281 10.7185714360599 175.561122342464 301.432965097932
24.4697203279842 3.41304668629878 8.40261266574063 20.6655342263699 1.83782325825217 17.1820711020226 176.159175526032 306.21691071661
27.4589563379281 3.99498758489279 10.9978549257423 17.6870384411706 1.46410862840488 13.8218057005173 162.070727056862 308.96334099156
27.0966349230387 4.51393501698213 10.5749728960864 25.2109731839781 0.926365778218648 16.1443186448046 122.669531616693 330.086767630183
27.5458068785029 3.3910306709675 7.50902757953359 19.9469637354235 0.452251739100563 12.2892964079908 206.197771221857 327.697746174449
28.1351094694095 5.15597088806803 11.6945804247766 18.8381337718283 0.80755045639035 8.72027698362711 147.075414952459 338.133527913288
28.1939174793336 4.97199545791371 8.04794249016198 21.7218342648249 0.525105984788112 10.6094186412413 161.899819062336 342.946476403373
27.0791738185353 6.05061742930069 7.11826379030877 21.8251270052227 1.0191972014747 19.1006073767606 199.624948119348 315.498085846213
27.1072625813447 5.36832001192442 18.2148055260877 20.212081374122 2.0807622401613 15.1314242467452 81.5457632695169 304.006972846753
28.051125830014 3.95079158893356 3.95531289620631 24.0272145260428 0.421509023760474 10.7663284678425 198.870863327398 317.042039314201
27.6833835401146 2.51101063362006 13.6946764423362 17.9969398708622 0.358792872586031 24.9149834802607 204.151962531261 320.949193743622
25.1394279514655 5.12875189029527 10.1473049307961 21.5562908654438 0.507868716867241 13.9750188416775 155.913435801394 318.635557736176
27.4082489187059 4.33189277656341 20.5398847529429 21.1954106869407 2.30868043251133 14.0306159195851 154.096799468435 328.576587419602
28.3495338590546 3.81439865753894 7.07575017571565 22.4793971673475 0.894441571634451 14.141381068224 206.695752823464 308.751833599849
28.9086366902701 4.36614917426248 7.01974489346112 19.0534292376248 0.454040882628387 16.9341150871373 189.256334532194 330.036386541016
27.5578177204012 4.40920631710795 9.30570935882462 22.2997134270033 0.944414436541347 13.3356037053686 206.302345181135 313.989550609982
27.1595608859993 3.86793091541851 9.86006305056163 21.73005091216 0.270352426089311 15.5814859498103 168.054719468209 304.949282706919
27.8850964376771 3.70155891659819 8.44834904256351 18.0943731933707 2.81652790448333 7.11096879357148 129.299639526728 351.79728099847
26.9973511650172 4.54977381587539 2.21937543563139 22.0824593559514 1.9271494974544 10.294052400791 153.549152393272 285.169938299936
24.7570921557134 3.91614749295857 10.7330759915646 22.1449051166469 0.288032622838483 11.2000252997954 288.659586451849 318.939198397993
27.4915011127004 3.63175186655453 14.0727572826464 21.8022359596077 1.72292407708588 10.432364643925 191.110298923877 316.125044357181
27.3308728513038 5.37607528143543 6.86676787037473 22.8305348590119 0.622682408886526 25.6452687766862 156.110453912147 314.546571845786
27.7934953739532 3.04055915289696 6.63729278647277 21.8464302412927 1.31992668535409 11.0842978398581 118.43406447529 341.488272275857
28.4848325002519 4.8959057905074 9.93432350881718 16.9518985943595 1.05243610876603 17.1839918797089 216.853831961277 340.662065007987
26.2770377878906 3.43005226953857 9.03102507245567 19.0542753822829 0.497955008170484 10.7600405885929 137.726421132116 313.93122414267
28.1928789034117 4.49304507592196 9.81024933976369 20.5236646295829 0.575402927072669 22.0338924463967 149.566839358233 312.946566461917
25.950387750364 4.67900632167108 6.6543387158315 20.7548270761551 0.257535465794333 21.5194300867229 233.756899996386 317.086970176057
29.7137685817205 3.09044193015186 6.25359416011962 22.7779017907076 1.29212064291973 12.5401282315615 146.229568086012 334.010049839808
25.8617191456369 3.93650003815244 12.557811918699 19.6161757274276 0.126718535188491 12.2764084845106 212.397775074529 331.421862406883
28.2503207382648 5.08422365619422 11.5796465510048 22.2613715483294 0.542066046768473 7.91663304923581 136.726610954379 325.907418009487
26.5690636360072 4.51832139671802 8.11291544550665 20.0131348995776 0.246344713238159 9.17978367199376 222.346611582425 320.323820377893
28.3476520163877 2.86893151678449 6.66871837796492 23.4569519961018 1.90393683097117 15.5942347054137 179.784725505846 298.724204881664
29.2329576709014 3.38750279829639 5.6210213991104 22.2188697335209 0.837358194033077 17.2900131043222 145.439576697865 342.220009559559
28.2678186855011 4.0477563810241 14.0647682259047 22.1064778204822 3.82384558320388 21.4687268855074 237.443259511683 290.981506911004
27.5842854600047 4.39036596453531 4.57110453647072 24.9918147179565 0.143475642759702 8.66349723150995 110.704148524763 338.243469813426
28.3083913361614 5.43326540433375 11.5773699839969 29.416511958346 0.457843523853899 10.1555688591945 147.657245716457 326.505061112184
29.3331522506224 4.79109292559146 9.00079911841615 22.827052665616 0.394497194381932 5.64583796873335 171.339388124504 343.250814892475
28.9449466622953 3.44387412571655 11.8223843939897 18.4403532076007 0.316344255668178 9.90842328891253 212.474313232794 316.440620025823
29.8902074002289 4.94171258107988 2.42242706107509 27.7696936780835 10.6585070865725 15.7250472711332 201.265504394627 316.512227796881
26.2776657333829 4.92646493845724 8.35129168573314 19.7621442531338 0.338423247698482 11.1088698398926 186.453869445949 329.659321667368
28.8084540955776 3.69296003687574 3.91497404903504 21.6900789740005 0.375141899056776 7.90251992078617 143.946423722872 343.024419669981
28.1753435590606 3.22440258347643 7.70845063664412 18.8804361366471 0.797168783939808 11.7676994223858 146.105623467472 312.948641424506
28.4215644642774 4.8528612208948 26.44842894548 21.6166040975345 0.478849183682117 20.5495851109476 196.759928790141 314.003044706928
26.6413522193935 4.02792015401947 13.2316793675433 20.0525200511557 0.476773244797084 15.2024964594362 186.418862341042 331.767390617545
27.5066821907964 5.19399108308993 13.1261701719959 16.7879619556639 0.243575108228617 15.7520027877769 187.312510800703 332.433672085593
27.1215364673646 4.4941025635816 6.31260748035166 22.7798661636344 1.25633507963268 15.7439017829436 193.419251680723 304.020882010596
26.6189583583964 4.09751494514683 23.2073441414066 19.8291950645912 0.445613795991498 13.2196994048132 196.433852641092 287.05953523058
29.1467979572802 5.28936045143634 20.3544374289464 19.2718913900852 0.121890714246494 18.3864801064714 232.946252720806 260.89029883365
29.1382387271726 3.84793405989412 6.87389618935027 23.675135578318 0.553978132818466 20.4963769379211 153.000048842221 335.574158599461
27.2780463909705 3.87663351767169 9.75408584362223 22.0588459678566 0.356047985359949 12.7286290174332 193.294445588887 334.960547809183
27.9142949754112 4.07055287741854 12.4037921123709 19.3959847433659 0.370822422576771 10.986003179869 193.997603817672 309.010948668376
27.6732007418456 4.68756244534782 13.5659220448571 19.7537478671279 1.75258259744801 10.4872942843259 130.522953819135 324.015780994185
28.682262192856 4.99843083625428 11.7315809701819 20.023940228357 1.05907918439271 8.8186550702482 142.432075509314 332.322472051745
27.3390509320392 4.45074594656017 6.37056960035942 20.4771855810626 0.69695667208021 21.5646485199512 214.669575636046 299.94905937707
28.4272112517275 2.60567234322584 6.09907240168746 21.8763799673746 0.464859112955342 16.7005281317747 193.035359533413 315.049941222676
26.5211340560635 5.07776361481329 16.9174455410738 16.7739298842556 0.176159850243107 8.86431850458336 128.239131905437 313.395270382034
29.6114836560071 4.49923855779887 12.4758176296377 20.1806135067983 0.617757319422004 25.2885169002981 228.61242645391 280.057815387537
26.7463720481996 3.81226357451721 14.8289356253509 20.0985534464166 0.264129189532775 5.66358306787374 198.35284350041 306.380731385887
28.2409488093549 3.76877778356182 14.5491783236669 16.7075426152497 0.427401999405646 8.49737529218789 205.377738713362 308.141853545302
25.6520393790641 4.57666530218391 13.0847703862017 17.5144767578894 0.677721315574241 27.5498382152395 179.991659245291 320.964503493201
26.2453152076178 3.31313806656452 12.3768460011916 17.3647939593781 0.699439755903852 11.3152685521255 140.578703305624 348.854097875692
25.4871592248227 5.23350186135794 11.2439805278647 19.1895612844834 0.230404539261509 12.3149233738724 133.82258682311 337.903174882003
25.6617050252784 3.83468890554955 29.5593592282179 19.139971436021 0.129161808870694 16.7354404289123 192.760178029535 310.212434580542
26.9335649253196 5.61116329024538 7.726481129448 20.821474037498 0.438642021440551 13.2771974345722 146.301226740552 330.176337290968
28.2817114139095 4.04758503642968 6.95578157149316 21.6170291536051 0.541094174436885 19.535945694946 192.88280255909 314.230200937751
28.163425830666 4.14285325657547 10.1214862947846 19.2251164229976 1.37755774323682 11.0310379872131 155.351445931683 323.009694072899
27.6329496171063 4.39478087707728 7.20177571583517 21.8626402540324 2.27386638457028 21.2861394408518 188.275665441827 320.058217982991
27.6629786151382 4.14183079719859 7.332453602098 20.4364626509309 0.486178479827114 9.81324071665062 227.370982743306 285.890660154096
28.9462302131634 4.20633717202175 6.11198997608854 21.3283437601191 0.840030459279325 26.5212999244611 269.995089055891 336.944860298372
24.3865596920959 4.36738405445586 9.12668073706024 22.0546870417018 0.0680434831727531 5.70904791245636 181.523732303068 323.112512287633
28.415206076035 4.64709738448272 7.56097776714862 21.8606870779347 0.131030077038868 8.31456559037948 276.677959378325 324.055105611406
27.180362102209 3.94432925854172 9.19712036157438 19.2111925652533 0.10861730440516 12.7607344792686 231.156865425356 308.567974606056
28.7781768747615 3.36176455024061 7.96633848851569 21.8111623778088 0.510557512139258 10.1154718608583 180.011821959009 331.18879837446
27.2599301760476 4.47123649947297 15.6353976191283 16.6416765370136 0.214948581528203 11.7752960608955 192.117265778874 320.96259290918
28.4430315602353 5.1831717300373 7.72625212026637 22.5090694070726 0.653683119283717 11.426369301159 113.645259228355 358.394027430679
28.2188015637454 3.48712488049557 3.7646695156366 26.8170375252109 0.202040441350145 7.26650625553742 148.346010052778 362.619280047021
26.1775643428657 4.86694942291598 9.70019025246735 19.3363111696561 0.500140409018386 20.1957837329921 225.735080299473 317.272804107037
28.1913851064239 3.37845378687508 7.81755434354455 22.08769394296 0.570562585613824 16.8071893179146 114.76374871456 326.237632172835
26.6950138642514 3.7663625916935 10.7625323578076 18.6139251596961 0.140733770750094 11.7348808441227 170.049850644642 346.896282417262
25.21069190076 5.93330549471714 28.551990719211 22.0630446467358 0.387504714085654 14.8760775351962 258.72119200499 278.992360436624
27.9839768929144 1.73806449711582 3.13139212452898 29.771908869197 8.28582247637187 27.183792332676 63.3011011656904 356.913650667314
27.3096688634633 5.08161377636191 7.12609649073457 21.6007699984168 0.288180510868434 9.36127614279935 170.703969993343 349.737617746181
28.5306634950416 3.95607988302657 8.85218395165549 23.6824460731544 0.292675356971498 11.245561933317 199.046932818182 302.869652035971
27.7865846196043 3.48721042563554 5.45946079092134 22.5798361486453 0.728912320793225 9.95116990820778 203.455257629089 331.743586641345
25.5261043255805 4.72935784511079 12.4840931166183 20.2029523435427 0.499028052351095 9.117979319104 197.811974630139 304.179541431072
27.7689999826028 4.03109838657877 6.99667628387096 21.0645892143674 0.619511200217733 16.070593147838 171.316060820537 340.32060177096
27.6878294829955 3.20798920464427 6.30771526370287 23.4496907041946 0.531144327254904 11.8309068897406 163.186466073183 312.862097162095
26.7893156190311 4.4184205114931 13.6631973614357 19.2921436608106 0.569791318779026 17.693762024243 241.309016840479 304.281913199558
28.0893265801246 4.816321762492 7.72987868108185 22.6404907421467 0.619546689799428 9.70300671091586 119.138710324357 331.843687135777
28.8097005357991 5.55738953855059 8.39906703563509 23.1141045880869 0.591355628422623 18.8756085133967 33.8256184524921 345.069206678309
26.8655861363154 4.01951160135106 3.45970787244284 22.8407529736516 0.387889490770308 14.3002399583756 193.637941807102 312.401776856716
26.7564464903385 4.54624680106155 4.48773632071062 24.2633567542652 0.140799231807443 20.5780244469144 145.249896967604 350.141986470424
27.3891509450237 3.78221655151522 7.45813525699466 22.355250828737 0.569954845478103 14.3192902074294 156.112055349086 313.442328308592
28.8203006591573 4.03604752947726 7.59386010833019 22.9517831271923 1.06407323653301 9.21193936006402 203.516339160776 316.76987783758
29.0733482183582 4.76111139744216 5.28661074573498 20.8881185604611 0.493657081941187 7.82719275776277 196.624211184837 311.909760100198
27.6163332565628 3.3259029581053 5.49892368291733 23.005246720437 0.0914467677275999 5.78420398254145 177.812125908471 329.975426960095
28.6018095773177 3.86375257783086 5.53597264951613 24.3293352611936 0.83911898055833 13.5550895637455 162.095212797329 300.188050479481
27.4434889810613 4.71064749041864 15.4030097669439 20.0380319197208 1.75941957602261 19.5476622967175 170.220495572451 331.25422384115
27.3200741963099 3.86333983376575 8.0642179195556 23.2105546036061 0.356953594740858 10.8640776390859 220.322260491253 333.495105045859
27.131864811867 3.70498835311474 4.2501237837617 24.8128036850923 0.201204915455366 10.3668519941887 118.511547745631 306.844525136708
28.0124127500612 5.07065870022157 6.43343304255587 23.1559808163896 0.800524569754822 11.4401360237014 142.42474297553 344.805472164548
27.0007525748146 4.85685785448103 5.75125609252598 22.5665260561787 0.321699827848328 11.3619003910112 215.52397204596 312.565608270967
27.1447744561956 5.19720225237854 6.22504218781122 22.5026399883284 0.560162926567783 10.7314740296766 155.117851172646 317.535124322317
27.9322085583363 4.79814013050474 5.76610691760304 25.2721916612119 0.629610847516964 22.7737928818677 168.392004355905 310.265598613262
28.7332709146078 3.23187490954367 12.61135263937 20.0803823466316 0.447531778589179 27.7656250644582 152.956652952695 298.224543793515
27.9194058220876 5.43505898428078 12.4024551537746 19.9325399393639 0.384907539545935 7.77282111960326 193.374679140832 290.682855973402
27.60045720825 4.53133227914523 9.42269478124248 23.715349020703 1.50672619222984 14.7097366575173 165.505065503889 280.947988848594
28.5679953823859 4.34881813668012 10.0887704155717 17.3754902822715 0.502906294826841 16.1016626415325 173.219252915711 301.273782755705
27.2269838066158 4.33944336000274 10.1207006268319 19.6395128594344 3.9643110997188 6.0326817078174 171.376681408938 344.777974710484
29.5461990484194 5.26941090557855 13.0193805187011 22.1942001125919 0.742008582349878 7.85839529887471 157.872253612027 334.987240623376
28.7557984292667 3.19475751155217 5.57814537522504 21.4410285287007 0.289147642958537 10.9720180527135 238.490039626396 318.709632128131
26.0257363912585 5.39437676331833 13.7134891163969 18.9149313712766 0.435919681788637 16.9133381964209 176.484894241591 305.052954252406
26.6637631179097 5.72403432703148 5.55317784908734 24.0183061648054 1.02690796740492 10.0804093581017 93.6932167223631 332.946098430575
28.5732103679637 4.50864975614032 14.172793706134 22.6844941291223 0.981020109405431 12.2291302241151 208.748395054298 303.535151666441
27.6944167697366 4.17855129386771 5.6766119493199 21.5420507412385 0.400816541277541 15.577731478393 246.666323948709 305.339060651973
28.5187673146071 5.03720672171829 12.2649494564864 22.2537538345371 1.30503744782281 7.60173239031785 107.551493008512 341.155943589402
27.7815063466514 3.95995491478538 11.0825979480349 19.439860485331 0.949529305871436 22.0863206384425 148.344249815581 346.318840630035
26.9846652443107 5.13758235534535 11.4811817444733 24.3682448728036 0.461840863963624 12.7543278873589 195.783485355197 332.250008477767
27.3449992161736 4.70910417950381 9.89859642530841 18.92650851049 0.543213470358008 16.6798538498993 198.316345649874 318.624676937206
29.2057201950197 4.64258706920321 5.74963330980412 23.0283279791742 2.42096253907141 12.0644471854398 164.373068292216 317.549899054295
28.7349840976561 3.84047782775664 7.86858386900403 21.3962358052359 0.323946683592376 6.49967501117489 228.18449555063 335.765967020997
26.6662860148413 5.72268362057913 4.12307506995789 23.0481801631269 0.11389878746899 5.64083347769762 222.449700693828 304.431792758144
29.4809869441 4.48919942734379 14.9306960722205 19.197629831266 2.55283869261677 15.2769167575833 144.844743659179 339.369737884717
29.0895302082622 5.97995872313372 10.7049945637366 23.2139693709651 1.51769262112506 24.541089977013 137.304596499721 329.745323226197
28.0296118373129 3.94863920932435 11.7695300922653 24.1170083820866 4.30742113751456 18.866645915867 157.162869426103 304.824157675212
28.7189869618704 5.1467871509879 12.3254771122148 15.2921784168147 0.222518278195333 9.52890044360066 206.611341839773 317.652330696871
27.3599898616372 5.07559978365885 11.5909610995257 19.6171077883523 2.21916916970781 5.12145921364103 117.933145502769 339.882213047097
28.0887754661572 3.66244981603734 10.9756464760275 21.2967165533892 0.184230968435033 11.7466211736786 221.888919800848 314.559261808334
28.0220350747927 2.90121866112332 3.61835467409961 22.2114676160368 0.46626700402091 11.4741154723827 200.426649679676 338.103205292733
27.5465640636995 5.39734512409914 14.8206146845159 20.9091295006895 0.635422586420556 8.1889123817167 122.955925322479 338.275952233485
28.9133528741823 3.60697940720152 4.09413236849027 26.7370642714108 1.05328985485507 8.76929463583029 150.16548780461 326.7376489196
26.842164629382 4.9013998657671 11.4049276981296 19.4831993537187 1.11766721224369 9.48385558117271 109.010252802875 336.746615782826
28.0624238336931 4.34832455988646 17.5200221692345 20.3104616572529 0.20251265181851 6.83052140518599 236.194775030291 311.377789293001
25.8960526060336 5.21372336924591 12.251209884341 19.1354216342043 0.814683133540146 7.13131223708743 209.254763008922 299.575275265773
26.2741567992506 4.45075199300425 9.64502092150268 21.9841885980939 0.225414865079505 9.4692296086019 182.354965116119 330.94935999129
27.8257013645796 4.81703982475616 6.18370617197819 24.4676259699577 1.69628361316867 25.8801418186384 177.491957784388 326.096681367197
27.4841424004143 3.93835927758898 13.0478257022504 21.9619261256215 0.275541764041847 10.7938739930751 237.107748089621 322.880956984279
27.1988207441143 5.54943124812076 11.8134473349332 22.9280223599301 0.305470299213039 21.1124250682932 208.432582598765 298.526132003981
28.2057767588578 4.99408007024321 7.3848998230852 21.9467654996293 0.721342348206074 14.5074620092172 179.054248661983 336.186112525344
28.158811347269 5.2259838045336 10.7430943907389 22.9750622713197 0.276208751312009 8.92485282379247 186.016474057205 301.367866590726
26.1466815227809 3.64789837525358 10.5064151976766 19.9703166623267 0.391864348336781 11.194818421304 186.773319537632 332.365445719145
26.4162217457696 5.19808632681289 11.9970055538513 17.2747717639864 0.169231240750414 14.8706631331561 180.62248370749 315.669770124204
26.2125025621943 4.09371378898436 8.60932504610984 20.3104559236098 0.0514786682933979 6.4494628098991 206.492417990088 325.707747949178
27.2032952092532 4.4741007923716 11.2053411121021 19.2273147472916 3.31607112515174 6.57294169252126 112.178830841872 355.369376717709
26.6451050990981 4.80990943795258 3.34421882119544 23.6644634745494 2.06657011609765 25.794853258344 217.511959552918 327.755822496483
28.4513990920937 4.77631537720931 7.9142624764128 21.4287206598749 0.937226395215882 8.23406679935591 117.437868396634 351.817746437265
28.8795029306047 5.00388877959407 13.5066530817236 21.7762970655942 0.806375201218589 15.2897273271148 150.229823689411 337.910013769569
27.2152686527204 4.71386862174611 10.592764105263 19.1162932494662 0.313033654797563 13.7777702264832 167.931022351592 343.67249401172
28.6295297428464 5.02865450070747 10.3089710113279 20.4686899687079 1.1909394687497 13.5804453486277 154.962258683823 309.153176972543
28.7736402092298 4.94882863280766 10.3528027820378 20.1733072706276 0.242640730715515 14.7566958683183 157.861711156598 320.744683926912
29.2186982595502 4.04827806645796 5.93108999599927 22.8597064762876 0.967872346492353 9.70486965827997 136.900782437463 340.466373983968
28.2100782310099 5.88285855351124 9.65228258644134 21.4303509493585 0.36571573698282 18.9090364099324 264.700653404044 323.477808059836
26.8121233871658 2.77733543307518 9.57137267316062 22.511559161157 0.773557460049995 22.3881349520917 174.385791295967 325.658664733991
26.7334987230387 3.75088458235829 5.84919986788838 23.9509040338285 0.332988394113966 22.5220915523306 135.456266464431 316.368226362963
28.4417395216976 4.10215121433428 5.42415957647427 22.0574073912996 0.104943004898973 7.26475208736619 207.97021579962 334.321289393512
28.4079852397228 4.6690337313204 10.2546484091279 21.5840818756762 0.825464102399297 8.43784961865815 147.324726560396 333.747375423172
27.9026517097464 3.86658906439406 11.3414310529649 24.6924223056257 0.538167679890832 11.545082568373 127.737247640301 324.614163533587
28.5416771739436 4.17576770853334 4.62424544618258 22.835495050214 0.605806644154147 9.10042638087392 129.5630157491 347.036362815739
28.1761694276579 3.2481777051269 12.0038948394768 19.7378186500741 1.13503368491086 16.485699848148 141.423393229991 333.334176194319
26.7150238488092 5.44834914775627 13.9511870303421 19.9220970681997 0.293946577499324 11.2309517820213 182.38289439861 319.650227398363
26.6824571732123 3.74470414146043 11.8658464354076 19.1494494655509 0.315164541632209 16.816921644674 212.927842107245 304.263896291661
28.5590216452712 4.75426470823678 17.0945138832634 22.8683108394556 0.948662198701102 14.4665695707779 224.484559734568 318.779707764707
28.4539308949316 3.64277976868509 5.38847735905652 20.6007893035255 9.00452331267069 17.6789964171223 191.534644169425 283.420571742447
27.6255954765695 4.29798555988672 10.5504000737914 20.5958389233721 0.806137756240383 24.1953702990954 210.19542370398 342.608730767596
29.4006109353182 5.11498404615914 13.7161569058724 21.2079185719251 0.311306408979449 6.76562005978141 175.917475109818 339.024201459782
27.5470957634003 5.27276228840086 13.6466878959249 22.1672604482202 0.525718409746801 20.2207862608728 206.77086597028 273.455130828849
29.140470137872 4.35378041911353 4.73253698347389 23.8230090512894 0.469108663293593 16.7039384212402 162.421765167899 309.647688094847
27.0664874801881 4.42292904186287 5.75550113137791 20.1340027191426 0.332135491214843 11.8395573375497 183.181459845689 337.878108418706
27.4415082797914 4.11240163851854 8.80435631320652 22.3338658889943 0.696444753779672 15.559229586111 157.428157547892 316.525212759732
29.1670262661549 5.16369373405209 7.99254388226525 24.5038013479993 0.36274932286779 16.5023133061113 236.527458281942 281.361991242573
26.664314267544 5.34658313994727 8.34044625478833 21.9953407472522 0.454220060084878 12.9829481544016 30.6451726755856 329.971281291351
28.3013506504724 3.77948862896877 9.33217590251076 22.3942075581869 0.271524103943851 6.37461973669544 126.960987913845 340.097272141358
28.2578536423619 4.80162902791369 2.66747116066899 27.3063713848996 0.807912495586247 29.0543021893822 243.286953359593 289.217636703399
27.0378442397741 4.14706613929852 10.8221608575216 17.9594540113281 0.368672620783381 11.9306538157773 191.794663198166 332.190243888405
27.5933177368833 4.82114044130495 10.7134032279052 21.0150911484689 4.06239528697632 14.1297817348925 126.715523848911 335.56982924296
27.9778961883946 4.44003027961261 5.61864518193847 21.9322366851104 1.21914306539856 14.1905561560234 194.226466560824 309.944726816155
29.2060745402606 3.29391959402774 5.6403335158076 24.4519491293436 0.874378032655688 6.0546969407047 141.844370356351 343.277739573869
27.6762581670233 4.40778318514167 7.44467361112998 22.7550267948417 0.880232388218511 23.3077704420577 256.087614731585 329.101020214074
27.6725000590543 3.17043230227891 15.8711939882342 18.1767096683839 0.896990028861575 19.9493403914701 60.1243672313854 311.725390346428
26.3929763469511 4.16541845971611 10.2391174220925 17.8550690462002 1.17922059877256 13.5927065929678 223.259197604554 301.522089885079
27.867447543798 6.06431914571571 8.68426414782453 21.6838682861462 0.541354046110237 21.7874935867158 241.114792495993 308.364243923768
29.3302461894759 4.14030308347972 9.39226918753551 21.4290381284895 0.304681598311709 7.37628215018645 144.329724624003 322.951165714856
29.1183171309092 4.52801013121361 12.9916842240712 18.5440514256121 0.216090633336426 16.2118648636696 213.765950195083 311.174844196984
28.24021027837 4.21171203133106 14.7193044775907 21.2346794205711 15.8037540444806 6.26104899446377 130.583620273742 325.542042295811
28.0930272972896 3.31011093674848 4.49005567449564 21.9830110588767 0.961998856552041 12.6725890865292 169.891659087646 304.974960463383
28.3898891056277 3.18953122733811 7.27891813144029 21.9449412407101 0.675530903353575 9.7529436475176 178.805439641203 328.909582226513
28.6560784013713 4.29251294189081 4.13748579846533 22.9328789141525 0.393671474042696 17.1764661994405 209.222092729055 320.977967315632
26.5393927575762 4.1658546922202 13.676136201485 17.8530029318914 0.412849365300227 12.0209221966137 197.625201022747 303.956003851176
27.6218730118739 3.8993263034634 12.568166074803 17.1444961639204 3.6687219024594 11.3628033499509 127.09914734234 335.127585290607
28.347700130577 4.40061762008074 6.75406706321651 20.4245268945769 0.157812364505146 16.2716011804549 226.09269659461 309.425276694147
26.9446209807865 3.75022429116156 12.1893340032475 20.6232986852015 0.367751095401577 13.144902366164 154.909170702399 329.716408858899
27.5670451179318 4.7675130881668 6.2929345004062 19.9308238945688 0.554482402679629 14.9865122601064 230.324333316832 331.322600348058
28.3839189664759 3.15104676741553 8.28036142366959 22.4341675808569 9.99303593420502 24.9371622377309 126.145077755683 310.485306972362
27.9373274311918 4.92105647164886 12.0344086507169 19.5944028910855 0.600075759552514 15.1985843818903 211.348105699712 313.248497134667
29.9257234424151 4.01440963553406 11.396944547995 22.4113590334977 0.865424923240067 17.0431986212983 206.402146099489 338.022952458651
28.282152970001 4.52936316519916 7.3156658518421 22.4454857460433 3.93677597001126 7.14330063978513 93.0914948949807 351.56809035861
28.7717392159092 4.6521571200875 5.7487913819217 23.7075456834617 0.549870113231485 12.0238436297998 228.391955127258 326.191971397938
28.5148792600366 2.50769232162497 8.0204335206841 24.0448889407403 0.267413526974719 18.9226757108867 197.530158887198 317.623163020717
27.638116873522 4.07976110105522 12.2448141153117 21.9597729053288 0.345133009272061 11.2167520672773 217.577002496635 341.560552250461
28.0347333723768 4.78226023844653 6.00058399090005 22.9922660610058 0.517793828094081 3.69210646959839 129.325848072608 313.373355496935
27.1815963221316 5.23260403260718 10.1942635322963 28.3902459893755 0.405109459854819 13.0241654555961 182.400270241517 326.074201711565
26.1367350597572 4.51108788885085 14.1238795696118 18.2473496778913 4.74294552612835 9.72222414011415 111.432060327009 338.159548487522
26.455549597344 4.84368736271657 12.2477257547879 17.4067637033304 0.576589639709498 11.1610483363011 222.394854332595 317.885045398961
25.6502339337938 4.99482478638148 13.1681296452148 19.649473547006 0.481176677656442 12.3243274378749 178.826426377673 300.839881038938
27.7448087200375 4.90734545142759 18.1281140698757 21.6242906230954 1.53740664419826 9.99589391879356 218.529428499376 296.090606852178
27.5149645844772 3.92057448570531 6.55798731941024 20.9270093096608 0.262428070727395 9.34743285346419 165.038471179187 348.6506803025
27.6278747554557 4.53402617647519 6.55240632589059 23.0387637449257 0.777379432953292 12.4835238538241 204.405911148722 302.475164649219
27.35146575759 4.89165482989563 6.96548186995927 18.6869972300774 0.974765688251131 22.627584094736 210.029711811888 302.828729463514
26.5526566781299 5.12091233572217 16.2310559212049 17.1635552792477 0.954110937364261 12.6549530937011 164.318886426851 324.612631201064
27.3530714665251 4.00184530152242 6.3768294882116 22.5948814396871 0.662380705258245 11.3348147207001 171.530756352124 305.325394202171
27.2055026746415 4.55387489860485 9.89391489311885 20.627832125312 5.72208254527752 15.2809507886641 223.848835698783 298.638542252009
28.1472843247587 4.83804107743702 10.0926642247402 22.8099205907946 1.90307513313299 23.1800996713163 172.695988288623 316.911561905648
26.325689502005 4.07459503467042 13.0142437231807 20.7159021349606 0.226698115163709 12.5564779841615 196.073558807323 327.488967062277
27.5043536427276 4.23236470314027 5.06314460805033 21.9018080989444 1.72462536505163 24.2096736289762 190.857063729362 295.909355053022
26.8096581515457 3.87208177372173 11.9264168076398 20.151169529191 0.566246312892639 12.3637518219761 189.785419534384 331.047127805083
28.6147530215389 4.61783968521994 1.10125925771287 29.1879922358144 1.04509920893851 8.56403968377365 138.194109387844 338.211606852927
28.5470557183096 4.13818087686969 13.313476777944 18.7295780559855 0.965856619709065 18.7567512810392 143.596012872739 333.069829880108
27.7917252797686 5.14770611174709 14.0176712958868 19.1496419010876 2.31214821551531 14.7728105523105 129.238772458589 350.116008293273
27.8618280074099 4.97808776827196 6.2002518745093 22.4020315752839 0.118591129670202 15.7849635198134 181.225630263647 318.02801666282
27.0132077392817 4.13306900200992 6.06894944137998 23.0977599454635 0.231914586242259 10.8841161473687 158.576147104169 298.44607616065
28.3310746728843 4.70002100477054 14.3860193155491 19.1448227495088 1.06325248038513 14.5183499965173 156.037200574253 315.733642675302
27.5564361284053 4.30319165567565 6.86072076543158 22.427612235689 0.482682061290278 16.83116912617 193.420924474971 340.741331448528
27.1736645984906 5.1088930613987 9.30502076257381 20.0607176667386 0.380366699662621 13.3535648418764 161.568409520776 344.149698221656
26.1323187746407 3.78546142704878 7.09251243483723 22.6411171881504 0.252081529395965 8.79284938264173 199.675018456387 334.161101194329
28.596869479102 3.40937549121195 7.22789392880268 23.709939763831 0.510954996303011 8.74430431565209 168.618078960858 329.42628833708
28.3670525156672 4.26462601427122 8.36202050540334 24.899140893985 6.73644640169895 14.0760623952807 171.512224564979 337.448007146681
27.1035920691733 2.52179731568993 5.50246668575592 22.4527936784752 0.770007489686856 12.7764533679498 115.51453755769 343.016512526838
28.182231000508 4.98375577500104 7.92820188720322 23.436612417083 0.171593686964637 20.8239762626069 140.459135131825 335.300084721108
28.5861007976753 3.52858508982773 12.8978251988533 20.4061684665341 0.72639642838074 8.59555164359506 137.890815790794 342.61793615254
27.2323595122045 3.46798102416985 13.045669390568 19.1505068080993 0.402345072909936 5.71467191684539 178.973777115618 325.441403415154
27.6433098776913 4.12901668089434 9.6230556695102 17.5269828888174 0.527746101467137 18.5011968751423 251.744304532657 335.287453274642
28.7948415476695 4.83513964162302 19.6573087085292 21.756176625627 0.192447717832977 8.93893473948122 170.178109845956 299.303043478381
27.8059431280512 5.11831022339283 18.1860591660406 19.8687305041779 1.46902916738542 6.49112289084979 163.035933089236 348.049819872912
27.6580411590368 3.0307909337037 4.05653717470625 24.8533592905234 0.609819650516518 8.14514210761289 129.087063427048 346.852686617627
27.710504984025 4.11726068047913 10.085070247295 21.6986249188905 0.506196820775184 13.0000180519041 218.311268782668 291.261235862669
28.073501108978 3.53201275138119 6.86375083257585 22.3005952312344 0.357312796853149 9.03176704549121 155.465417597164 308.190027608354
27.1863616774482 4.42168430115782 12.2037658324229 19.4349263301033 0.947970422796465 29.6101075208918 128.176081038821 338.680987025843
26.9787969226085 3.54624359171244 5.26427595952351 21.4501517738703 3.81818472262841 15.8846109226146 152.929471378176 349.365287041774
29.6989933789722 3.59848894366033 6.90295791705075 22.7823568041599 0.732437352305069 13.3094342354345 158.67342538802 334.79669428465
25.6352929870221 5.70072351304361 18.8055089893228 17.9910055909772 1.46742946819935 20.8360907142911 209.095610936879 335.004715840629
26.9528831260961 4.44865123778201 18.0253693450337 17.9404729899464 0.271673955354564 7.02556396315326 154.667640701771 324.502689603163
27.7333750777785 3.41776149248083 9.98635078219244 20.3050393943345 0.442318032749653 22.75489486003 225.464393328747 327.350899309136
27.0993126283326 6.39374585564471 13.4779400214031 19.6296837877669 0.194905453360399 13.5153390063321 207.73673341614 309.587043388102
27.4900782136198 4.44977520043174 6.45196500056307 19.3688035141545 2.02643621246087 17.7308529086308 161.167509412686 341.046545803013
26.3368106955197 4.72575022737357 14.3615021740913 19.6798871040316 0.930654997125657 9.84179452223595 145.1860617564 343.681778918417
27.3572279357023 3.66999629199737 7.75385927265628 23.8522651261714 0.556356210609392 6.79747186478213 96.4166265899809 344.064297843455
26.7799938828765 3.28210391202363 18.1892792819257 22.0815000881718 0.238223886918839 9.59088593048393 169.646772156294 334.622330657298
27.4838846834091 5.26545931996362 8.44988547828018 25.1181662667368 0.804194777833978 14.1224210848326 240.786862705466 287.07368095218
29.1666526228637 5.29498884769448 9.1189446740376 23.2840037537159 2.41674752460861 17.8555223976016 115.826789654648 328.16093904331
28.970118363477 3.57241114367322 6.3214495365789 23.4693795183811 0.532118218136664 3.22664032974723 51.5301199369485 325.45499355448
27.8706459601471 4.04627324457769 14.9472661715274 18.3215141205282 7.49007868835744 9.32833234390452 196.337099415475 307.297795140204
26.8395723797593 3.43264099347211 6.96492101533319 21.1493904417951 0.249217227888312 9.95525196554948 157.889617959999 335.821020420184
27.1468399463877 4.15212674230296 10.7659826392276 20.0804487950826 0.301448314836587 12.5029034779295 196.09311497117 317.688837053128
29.3109321100862 4.23163386846044 6.74948720088963 21.6577306300733 0.895946957069029 14.3550311806447 121.756171374891 364.141346934058
28.0858223423234 5.72065865802732 2.73066573617723 23.3618983094756 0.601919494405071 26.6345999778986 199.385222950911 317.799623482947
26.9932697956102 4.2526265024156 6.50205620448775 23.93516540856 0.694512426321183 12.737002386766 113.173561812519 337.752088107206
27.9318289467627 4.70212903596582 14.1476009477213 18.4956998544679 0.549904430169863 19.686449593326 211.620011131865 312.872947080186
28.7634103504057 2.16573922539597 3.64910150083687 23.4257211923009 4.68614087781963 22.53803678813 171.060442757803 349.633651333635
27.1902745352538 4.55148934576841 12.1657982347196 19.5063081309172 0.942713517422909 4.56643682842026 112.08535704376 372.990909716303
26.3342431064675 3.78277370300873 12.5843274162362 18.7796205387485 1.63967917529208 10.9716873380172 161.506324963053 345.324073418031
27.6099933253374 3.90490396935546 7.79480360111807 20.0309527531372 0.308776070351325 17.0280017182706 210.619390489344 340.258636630791
29.7483148957779 3.43255056050733 8.23152720534286 21.3606473727959 0.266321183448358 8.55875334531172 179.801250580145 343.805985977335
26.4622946075854 3.46482366350388 9.67242075539405 22.6661813545393 1.65802973905148 15.9874088704847 152.127755211931 300.990683321109
28.9271950988935 4.55456107530289 6.81925910759366 23.2220700620662 0.2829283579635 13.0999669751258 226.706553071992 303.51750405867
26.8979399116937 4.64405235961102 10.7444477014872 20.184960151365 0.539801460743797 22.3779277844241 176.662879742505 315.224127970932
28.2609118787589 3.60825712689653 13.0436317285138 21.0043910376047 0.821402745811347 8.66824734168605 130.724622230445 353.618463798198
27.4835457884139 4.50766695460389 13.3914077222316 18.2921388316198 0.43997959776878 8.13051055289913 137.944652294329 322.094227570841
27.0800533006096 6.1391435399875 13.1724943848172 21.5939587830961 0.186904105370111 17.9285350939863 162.881537688787 335.804512486436
27.0945659187259 4.03889611091861 5.75632847643275 21.5693918306715 0.969134582245403 10.2198413319326 151.988369981932 347.8810463455
28.1529830693381 3.42105963174778 8.65833255341094 22.422496309897 0.907414240308458 22.8900841078038 213.427056836784 326.117907087195
27.8332722237555 4.50335857257418 7.59691828246718 21.7711169030378 0.787486053399231 13.7804752259884 159.984194598289 358.288192694146
27.9161757194955 5.49427925543751 9.31192459126592 20.9804999682188 15.6819817875009 16.5993346703118 227.692357784436 315.679303320149
25.9613387978645 4.31709925422785 10.8678231408299 19.4336794391081 0.468432027056837 12.4422702203881 190.9964543784 317.407978734159
28.7515037642493 4.42400588248302 7.12061792654442 21.714633836116 4.65067102112596 4.14083311019508 95.7284847560273 345.646879167555
27.1756322575386 5.71741009891227 18.4321316510367 19.7016510386776 1.56153615763459 7.372686936759 222.408052301416 313.217560435633
28.9224930322011 5.26811585098496 15.6035354746439 18.0535520833238 0.482836928900118 15.0268020039896 214.702030659873 314.297710287616
27.2935797265277 4.06547057367624 12.5375582807788 18.4587678305563 0.46857983957461 11.1048935428812 180.355796751943 338.812408806486
26.5096420981278 4.42582515548404 15.5098050523247 19.6418975934105 7.81002399294866 17.3144481165671 190.817750168699 317.297608636608
27.3273337821744 2.99699198769836 6.385914389274 22.4594841382703 0.632816483953672 14.6085939924449 173.507475418262 342.215844739806
28.9233561880186 5.08145886163649 14.0845534974778 21.4648914808513 0.906437550059435 14.9888751048341 140.223148672349 304.722155760495
28.2264019140706 4.04717023093662 5.87892735653526 21.0425954202125 0.534255506542834 10.2688834938213 219.73120871306 321.049759275965
28.7036861537465 4.18565603206201 12.9341648361399 18.3778319852804 1.00169762803379 9.13514589998147 125.905314260295 347.109601533013
27.7637798422176 5.23362710813021 11.4060086470742 22.9908170579797 0.734483740623484 8.4592501103306 174.732441620151 299.833894868731
27.6716100002959 3.82121110927354 9.44243510450063 22.6453225138734 0.832757918106716 13.8233490028205 135.692750476658 362.978965254585
28.6002818444439 4.3549526527115 6.44629619829944 19.7454386364243 3.654502999359 14.1213698070947 128.488386492708 331.808029638371
27.3624992960493 4.45925140417054 12.0132872497852 19.7366980832575 2.27642209714659 8.7720833524241 230.517950887187 316.134275308445
28.0042552434043 3.71245512892697 13.0844295353234 20.8392617162281 0.47802161116862 12.290995122237 127.129155679636 306.517839748109
28.5536176184306 4.94027052067792 13.7322888515268 18.0888443558701 0.403361962609092 27.9853448066911 130.070570591495 337.99376268825
28.3865203240865 4.74943658532698 14.443400440615 17.4315129606094 4.42431269363055 17.1127647645662 152.984204320653 342.596942715066
28.884908728977 4.53640317119732 7.35847468737305 21.8694361538889 0.374720229352415 8.60908304377682 204.605854029102 324.477218797422
26.8066856739125 2.683037348714 9.23761754455536 20.5496969306324 0.442183572096518 7.56164824942717 137.458366121204 339.451933350408
27.1905222242646 4.89555137355628 7.81100103698125 22.1802592568017 1.13076246255286 12.996121662825 262.496691166882 293.76653095817
26.5011314300129 3.71519928413684 11.9822690072985 21.929191553331 2.4578433061089 13.7743582575869 187.086682690957 324.095049602104
27.2390107902769 3.94678574471748 8.06270467732157 19.9371230868664 2.38535516421768 12.9960012225173 122.169836580141 347.168424681792
28.1224249920391 4.67374627605345 5.437972503083 19.2432557624256 1.19827261451978 9.54054483179642 147.419929029373 325.924354638274
27.0562351570628 2.9355586199273 8.70888794682372 23.4713220274971 0.135989205710525 21.1800863552475 177.227022308407 317.842038853701
26.7331509530215 4.32241263292204 10.123731346875 16.7633649193676 0.3759466877012 18.025184880689 235.118805765928 302.968644667301
26.2433771848488 4.40545533978329 10.9225112336844 23.0764530619132 0.272034605799578 14.3464214492884 201.426280253614 329.444183762992
29.0239534177135 3.85947644264109 15.6861219909032 13.7158958922522 2.35092489405743 20.3238625828485 168.694535648193 305.510100985706
27.5479899806726 3.64418061007822 9.76541327927844 18.7754859027802 0.7513282144744 17.9932149209531 218.426660608883 294.225549593496
25.2646609143669 4.20205532041559 16.7112241493431 18.1025688225835 0.340842665195324 9.03998627238594 199.844884970683 317.853124174999
27.5766504023509 4.7913040262519 9.13407088741743 19.0924555026249 0.0834941507840273 8.19349636237246 204.425775966998 339.056165524634
26.9539951208655 4.04072353314975 6.99554130163373 22.3300994672309 1.26445603047768 21.3397585848832 160.644033751053 342.113166673467
27.9654085575908 3.58952501195463 8.64698537000327 21.7494734887171 0.0485694529604973 26.3986690958199 191.071348882009 273.281444268888
25.8674679800139 5.287045583189 18.0988031203644 18.1534368945807 0.0859856863634128 12.854077468155 239.911274737658 314.652608963517
28.3536353770004 3.56166206049359 2.71740791866796 23.3086337256657 0.277904474185719 12.810874559925 174.105961051024 312.613559508007
27.2193388468929 4.74453635752218 9.6378816763318 16.7927966836402 0.418974537230573 13.6889979233493 167.755381584769 342.401531119782
26.8403161585832 3.84227293831235 11.9378168885958 19.8691637242676 0.974386808301779 19.5438095648987 146.410787353956 315.100666111803
27.7355183369982 4.44227484220962 12.7759143019883 18.2886930877415 2.18219944679828 17.5263006549063 180.296537825979 317.904337317209
27.2482600558155 3.16666664426217 20.8954106902094 23.5383443600003 0.416846949085481 9.23108754833928 176.759399831783 328.095970245411
28.8064941069836 6.19138521671837 21.069827662749 21.4292292572047 1.4454853436936 8.52995081240667 25.9147812543524 324.208705470051
28.7879919011531 3.71975262974646 5.09776436809262 20.9763827113732 0.575261826604084 13.587611215552 143.924915668418 342.715692614709
28.9350771210102 3.65902514900639 8.02410849476514 22.2791987753254 2.06318906418726 11.7633503125231 121.046439980797 346.854499042208
27.8872213099023 3.6022122937726 7.76598395507579 22.1338958223359 0.723559868666444 14.1786677146522 182.443163572867 312.469906020055
27.516290570335 3.96737442205741 8.01887527517362 23.4377465475955 0.396981655374037 16.6479051278954 131.907179242567 334.04848321145
27.7843130878729 4.57388291918492 10.7583742865026 20.5671174157329 0.678519732997883 8.86108042266038 89.8228815207753 326.742015885241
28.087219522001 3.7716995041576 8.9724917866875 22.5603762687765 0.331253982821705 9.15156440290339 179.14877219075 344.675435043161
29.1414123003705 6.19604720471516 9.86943080835323 19.7483379068191 1.03067881866332 11.2965582218506 200.802871266226 309.255649483191
28.2658011248848 5.15826908668004 4.44733645555611 24.0033846068207 0.437648454818292 14.5632027786065 180.517377219698 326.935046303417
25.9315926231568 5.00910043101006 12.1188953517152 17.0885998002058 0.78629776239766 20.9348886732922 256.251129048742 304.629057313909
28.4489542615894 2.71340890007523 4.74325627078827 22.7662446793444 0.112023163848828 4.35658398365926 173.062740907874 325.463636378348
27.2741654676821 4.28346078797915 9.93979311432124 18.7633336401139 0.34054777677903 15.8769056550087 220.680476060667 316.158151202557
28.3099375777758 4.30845189063544 13.3660897846826 19.7680059970384 0.619795004146921 14.4858087955538 198.537830540808 322.799011900998
24.9845552943923 5.7149598431328 11.799871001756 18.0593539286835 1.45253900922766 5.46825861166916 151.167394615185 318.18475787322
27.1024541288233 4.12373703375822 12.1328776661853 18.0437458536931 0.605005670680988 16.9341326243937 232.979281868738 313.212217867572
26.4538636375177 4.47945082645911 12.094453458356 18.7759425116474 1.03988823199536 19.7001311663684 148.753277970536 320.501187996946
26.8268145111209 4.09493153842072 20.8025773698699 20.2467365701195 1.92888873814331 12.0888126176737 166.646600047196 353.91554450722
26.576795642543 3.54371735209438 13.6647172633071 18.7594010982873 0.816915560865621 15.4075723633749 178.133396252624 317.382550168364
26.0930100933697 4.69325784745016 19.239628964578 18.4786076115833 0.463764439865361 14.5891719993254 202.300587762612 335.035841952391
27.6190584026972 5.62241884171873 16.7594587641609 17.9671339344154 1.18770126235166 13.6021157428233 156.971255777384 301.559031117865
28.8151193662224 3.80871622344462 8.41285625164739 20.7793593697902 0.586166078528129 11.7200878968064 181.857966801208 321.75373474438
27.1693941136936 4.61243745372138 11.2939246604078 20.500317757621 0.297262796701558 18.4133339436667 133.999115012791 328.212515143789
27.0518891308173 4.99099647415617 12.3645669239103 18.427300748797 0.458831193317714 11.3612380931755 158.110412110024 306.799110050519
26.8745364751892 4.93663785398182 8.52605278068259 22.0271072608103 0.466658714402349 17.5022385646735 202.366454355026 329.188212069601
28.1376058157087 3.8564843133166 10.1796108271659 19.7405468582647 0.301011027303088 17.8921896554477 232.964236360653 299.667787681984
27.6791139315862 4.41365068688157 7.47414274777961 23.0355909434824 0.244318088600541 4.78334130979773 150.901334099502 341.535709628166
26.0207602969812 3.52791309742974 4.64115436279549 22.4008881558672 0.0683373005628259 12.1606535279934 217.959336583791 334.468210192293
26.4948355912721 5.06157357646779 13.1407852755002 15.369215680463 0.350028991645341 9.84812849365098 227.161002563909 336.000642030881
27.0255874585325 4.59211063050521 11.2076509635625 19.4271920958865 0.520462346105045 15.2872965285993 174.539025103851 336.526754337967
27.377281626687 3.01521202112212 6.41194082114742 20.3814843389333 1.47994894089166 15.4222945070562 139.168376609739 317.217729965254
27.3760686103321 4.98646871177155 9.74163022293546 20.4927424926419 0.380152559565254 9.64095767628831 132.07896590204 326.899751383575
27.9617987263625 3.87970254227306 5.04255706951638 23.2700663360032 0.531102842681362 11.7980359762272 189.478087696688 286.065404085641
26.7861306573362 4.02257613766978 12.8528435094315 18.4238841733938 0.357480548385753 24.2591963643305 154.042522047282 306.431852995674
26.4442426118508 4.58761597850562 8.86818391460472 22.3245241123896 0.437444296287129 10.8156062875728 176.136667922191 313.123912485333
27.8822261109062 3.80820577562893 7.33021214616989 20.5004925888083 0.428412047430444 16.9773345964272 200.451353683123 316.462007791905
28.5819054521581 5.3599441161751 15.6641247018021 25.9822179306735 0.39085843056585 23.502630303056 249.696363781446 313.496359623326
27.9127674112452 4.92711807008738 15.0354738339831 21.0318305077106 0.284066191569865 19.5515962809555 159.232168749794 326.554696365278
27.7978258945956 5.08209221673892 2.02127609060027 24.935557585806 1.29726213490653 21.7552452190144 149.050954066521 267.978825541262
29.005575088139 4.36609075020585 25.9779302165358 19.8238729527588 0.88231723002821 4.21768288958682 190.000846846867 305.603913900883
28.6737239219305 5.5516865547328 5.52065755201031 22.0743906592972 0.721898156919438 11.2294452689434 141.453812291925 303.480680181195
26.4709717119026 4.25084932940032 10.9965377043426 16.2705895859535 0.486865725735991 11.5809749986666 115.520696435234 343.746151886437
26.6171304548128 5.74375887818093 12.7217494562219 22.5210186646989 0.316008785723308 8.65175632966476 161.048780381386 311.682918114527
27.3313839805938 4.96901651676767 7.48115740339181 22.0905240125556 0.777778390330005 7.83114566368576 131.633026197904 342.086267377549
27.1880967223512 4.58134624012828 5.74666891730979 20.9155980589353 0.403270591597643 16.7923470744147 208.241808382013 331.767835250221
27.0219376452937 4.07697111765974 8.92495348851083 20.7331842515747 1.38592231562407 20.8721581340574 193.935866603585 335.879138882702
27.9392015096499 3.81888141689039 9.02524581314424 23.6567777937184 0.379995403868092 8.54239995607536 168.309172714116 347.13788089257
28.5048818060593 4.10982828309131 5.73788979622465 23.9190250293833 1.09954443005311 7.97674999482436 144.563371861606 335.061367053901
28.4032820318729 2.94205334783415 8.0363834008141 19.3799497808023 0.486220803138861 11.2798888704463 167.168187047392 325.0190490067
28.0061632795536 4.52015855596774 9.45577720191534 20.437172962147 0.831087189535363 9.96337335568125 208.078615903152 314.459916262478
26.5992300355136 4.91841659752331 8.34904145529599 22.4984655968443 0.284971793185242 8.62208468136923 218.777769468378 298.518128689858
26.9587404389941 3.97244595496403 10.4446417849478 18.7330551852508 0.441208600617044 10.3437602054968 182.906037709128 313.430396881506
28.7386258238778 3.40754148114862 10.6939371202438 20.5421574872388 0.228815044202401 7.94467313495357 204.172279135045 321.866587630287
27.7854994535357 4.82844094925855 14.186289825862 22.6915636426103 0.888104708794942 9.17156375136465 211.651159658906 313.792862387405
29.6318517996449 3.54750660502304 6.33779291782686 23.6624465505114 0.297890070806023 12.1199041492295 184.234378667185 349.795613250911
26.8983000454068 4.0459004836548 13.3625345505988 18.1018900967217 0.653760231683207 12.0090782693791 151.568938187229 331.792848862728
28.3697083745006 4.63900271320677 8.97640063372614 22.3654221499137 12.8752928492829 4.21166950918249 66.8304744678613 363.984979773199
28.2100326755981 4.93233750547179 7.00829722288948 23.669739981056 0.325097146426561 9.61496492123822 212.837439362725 301.264452476754
29.4836726899633 5.02843769443492 15.5146424542411 20.3130898461535 5.1712501952942 9.09626858871017 121.950136343007 344.40998755752
29.2983557622162 5.38441442986564 6.4121589326734 24.2712333982511 0.829653056389293 11.6137667773448 196.635008501047 318.675197423423
28.7520508410968 5.04275360839094 6.54950555504793 22.3278059736936 2.07341396839083 24.6050682010538 184.346670139895 320.328575100435
27.9124563284393 6.66364349254786 10.7279679496792 20.0439004930013 0.128281867417373 24.4208552026112 233.730886619695 295.769425653199
25.4280302701379 3.59997898294303 9.05692142660143 22.3680328222349 0.733180518659683 15.0839476554252 158.776001728924 323.90206333955
25.6191767825846 4.62418829778961 11.0703722845507 18.8192348152121 0.170270346534507 13.0544401284041 269.003579380932 315.218766720606
28.0064805128757 4.41216307647361 7.79188790700491 20.8352445238921 0.39126852251145 13.5667210916179 199.019592375691 347.129460935161
26.1706376919836 3.57194448295453 9.45519312508917 19.6351492460553 0.20683829032261 16.4049582652361 177.633847981327 302.267083305864
28.6386839357829 5.07822351601842 8.44128811102595 23.5236419141776 0.394005858425276 16.5994026450603 202.865444715425 318.347790052673
26.1318324713525 4.38475950163404 12.477889629603 20.7094754899746 2.41987900555273 17.1878547635584 86.7304913865685 357.880897384352
27.7120197532804 5.095345150215 14.7367805612204 20.1665884415157 0.129533681155126 18.1307449826077 107.645191692148 317.967521148943
27.2307152885058 4.10858307084718 5.42699967061786 19.5473064721004 0.296831147035488 20.1749718413501 208.611089808118 311.9772888149
28.636305612408 5.10595433878539 12.426464375042 18.4688446441975 0.564421743481745 22.6161192170678 175.355180693864 301.292543142763
27.0285313656647 4.52584798219952 13.9033816727969 19.7387539889312 0.080386050795293 12.6909923956686 207.661244885355 285.129836495897
28.2372255557937 4.84060248939899 9.86013762808919 22.1370856226986 0.7275555524236 13.8492186854407 99.3304359163657 359.024996950584
27.2650682408863 3.91309040802405 10.3123203521065 22.2207646898646 0.402961919000551 20.6213162442026 160.123444831526 336.180487148922
27.2752498459272 4.09219850616022 17.2607144070944 19.745075447782 2.36243231663242 11.5723639223317 106.321927186321 357.221377126932
27.2468608976575 4.82517097936045 9.48786936226283 22.2372672100343 0.258038206410305 10.274784859519 88.8570661432749 311.367623077368
27.0277169002313 5.30354900921353 7.60563769182933 20.9130067514472 0.635771856541531 13.540441915469 151.001566188826 335.612920823861
28.9542197065549 4.72307640409634 8.97259389537275 22.4601759136652 0.122520587342229 11.97848423473 172.814061971285 313.944570119833
26.8070484077799 4.39235201546258 8.66802405535271 19.5655077540285 0.7370318197754 10.4998087691242 149.148778931399 341.133714006762
28.1937294313219 4.70487780670537 11.7299013272287 20.1947237576721 0.59485259217988 8.57881147825244 157.168305486376 346.673980138816
25.9524400821335 4.70327073397652 11.452743046342 20.0988649457222 0.598927972510155 10.1006996636403 154.461359931725 319.902771208227
27.3525581852467 4.64121265846767 8.04707093192576 21.3124449582474 1.41041068203965 11.2590686382075 168.02857301013 319.428562558063
27.9110838276764 5.06032965529441 8.73390870047362 18.3454157469737 0.637964413841776 8.18576334474901 100.655777150512 340.892962802984
27.3297822294521 3.77883527526373 6.68941381375617 22.3288290085802 0.430839829072427 19.0134334714596 200.456160607169 314.2497417709
28.0879915430292 3.26934531164094 6.94679060722059 24.2589821394896 1.32083840444976 11.9929128396493 115.738249909077 344.703947674101
25.9827348516636 4.31599989880159 14.8028760365284 17.1676880857296 0.993516212538557 13.4257213601065 197.150392892712 351.442561736965
