11.6544271215253 28.8916607335478 21.6733861085498 2.81816830818674 10.3797818681402 0.543614899315576 372.034385020767 440.809731096491
13.9520382689155 26.3711473455629 22.3061879922606 2.16782416775013 4.89606627130139 2.09480701642696 392.057380392996 278.568964752494
12.7572233425967 27.1490192971133 17.7640161796733 24.2279767816343 9.37768089557982 1.5319355218838 512.772790267352 257.694041869939
15.9644387600442 27.4112797358918 21.5961400021106 24.2217870628836 14.923024829042 1.1183088372273 476.739508273223 424.792667203242
2.47280052169725 27.8956610134946 11.2903201552235 29.9617006916592 20.4876270901165 1.00043171074031 477.496843760561 329.67126386706
10.5497253483051 29.1992600038215 22.8964586117827 5.12057697317797 5.38932033522535 2.69683571670408 388.889264782875 489.478034495856
5.33095569876204 28.0372012133442 21.7040633724739 15.5543392552571 27.6797647472457 0.803613630913794 494.176753256303 267.297290842687
9.56869583283634 26.9815156898126 12.8274318676279 16.6414548064159 15.8333722103075 3.11242067276312 500.955204408405 384.484602830986
11.8924998628923 27.1720509951219 22.9727648472605 6.81549582356378 15.5712401146362 2.43640791127239 287.902241222627 505.882755556949
17.2849919340205 27.2508487887942 9.14923146784767 13.5121455626999 10.5431886727024 1.99819565254387 485.890964599809 142.129733127967
18.4816933800582 27.9652530743769 13.972769228505 16.8072211735871 11.8645191992899 4.4789090885613 501.724874819848 355.098998222679
10.0678997079233 25.3798197578678 22.8370224953354 2.28557786343427 13.4909082074711 1.53647088531225 427.303938811773 389.669027870142
9.47849618760046 28.8426042247183 23.4688386891627 22.7626708904249 16.4861615764817 0.341643428178109 419.361366204844 473.120030219027
7.06176834866069 28.2515996426726 20.5035120764415 1.51614189775693 28.71068998683 3.50111859591607 436.930265550895 375.834812647577
16.0608191664197 28.8281251057215 12.6233888299489 28.6330938955951 21.5596870685055 1.03575282738771 278.404372018534 524.122649390014
12.7119081358321 28.1702009940226 21.3972055725504 13.1230074665275 6.75727501857381 2.84472455338296 526.962104966297 360.878484384526
7.52286080361958 28.3122660736715 21.5881332961163 8.98469584254193 21.7036030901151 4.10581408623048 454.798406543704 509.236664787825
7.74068896035405 27.6375189337136 18.8241534799274 7.90909475161502 22.7750689209663 3.07769262990271 464.464122851115 210.251721412461
7.51888176682095 28.1851772797235 14.2332016955951 18.7661083270291 17.2285744028506 4.0536226508058 497.013300142315 384.551549978533
5.1459750324441 28.6190105146868 21.0237253096395 4.50777439126188 25.0327365824828 1.63513594225435 476.178085788021 436.367149888999
8.89820637405422 26.8220128084735 17.65467051452 25.8930920741452 21.1921297003745 1.78335835653282 494.79656079207 496.391886791542
11.6313179328318 28.093024502008 20.258795703342 11.6277246617184 20.4450755011439 0.569170115203839 419.572518581865 493.499134869351
11.3540583651116 27.0537437258289 22.3143163624191 3.27962832163733 7.98643014552183 1.31331325262703 457.577137462921 284.271193065707
4.76672576653754 27.9609116019601 22.7928401524668 9.31014568706058 9.66915444160867 0.505602025425233 465.244899821546 503.092170776144
10.1350390386481 29.8554425537542 22.0395429910502 1.99488029904895 17.1586141857531 4.31596726575908 358.140500865923 364.872198832918
4.2218040826928 28.6762109517823 19.2635305943486 5.0607999299007 21.8779550037633 1.91511954057681 468.580763269601 391.305701183841
7.32018776926335 28.6151209087114 22.1075262771879 5.69563343137805 8.05526270000509 2.07017917133072 474.995524114788 231.441420026527
8.23917628135727 29.3007773908405 12.1812788919418 11.4271748802185 9.54153441057172 3.05641705409919 328.596695437721 423.046883068155
7.36340966413043 28.1723075666195 21.1152888275164 20.0758657935573 12.3970659709809 4.1386964584485 505.394674007849 173.318881497315
16.8547989558465 27.3123995114673 15.0944767951268 17.7461697865012 17.8210101401336 2.11464958884472 504.997711210142 2.58851290206179
15.6982310726066 24.5076921512405 17.8694935510918 14.3325009981791 8.53055307641976 1.52235426995021 440.593473180507 469.036741060119
8.11217383452344 27.2969624558722 15.5082082919942 3.27239638327603 15.9689415093437 4.74220322843565 110.563799994271 371.531864835865
9.95510412982915 28.3095677962288 21.8930761290424 3.84376294859355 20.4695419197353 2.84749903261662 306.010612448695 375.480574517104
7.34835528254289 28.7513991329831 12.4502733554252 20.0271400631231 15.3807950134541 14.4588144429429 442.711847230855 463.640360999516
29.9447707426344 26.0340050077109 19.2687603078685 8.04601423898047 11.4557682973843 1.15720492826233 446.436551560358 324.488785837014
14.3692416795268 28.8814439066401 15.4103270851154 7.74900441060143 28.7900699045472 3.95754402485889 334.854294664146 420.376043313311
9.2384082501237 28.8732970161792 23.0172497671077 1.71391498662683 26.1835792306437 0.924803114754361 392.294945251993 377.56323955223
15.1345207694819 26.4739971041494 27.1212855649454 15.9742975755095 10.0467594776241 1.11185412394982 458.658573810216 455.766807733953
21.1308985979193 23.9479289550071 17.9629456723535 3.06721997483867 23.0776024345678 3.78307745815872 448.826828744041 504.645502305549
12.1155827052492 28.807032207551 15.2275905016458 5.67263188083137 13.8592136925484 1.8309332213421 449.491459193997 178.603303880373
15.100293856597 29.5479037834966 24.2765058473378 1.13732238263524 23.2989836505613 0.305017341008282 247.524950415444 523.832983988527
6.05074786445756 28.8975713713633 17.818738727809 2.25138415375493 10.1606922345673 6.7853185783249 411.683378007212 266.346518912469
12.9608560414711 26.1226025871051 24.0274758355424 12.3122675564555 23.1583776883378 3.18233280581628 483.194541704629 410.206078622795
10.4967032118942 28.0614907122631 9.1191220055964 11.363284256629 24.8166938513166 3.49683122197973 277.326455563403 394.712454368907
16.613357848455 27.4750192387998 19.7793532466635 6.79407780685429 24.1611568996706 0.583199235134919 403.864847158385 467.135446294308
6.57435497947522 28.6938965894302 18.3261872985457 4.93007105299985 12.9496089366867 1.9605505810651 458.60710410975 269.02509996612
10.8687508599454 25.5988980351604 11.5626706666473 7.75924880642866 1.83309818286944 3.52294269129059 460.365330028845 443.903774121938
9.78718356828715 26.9742686025778 22.4596458184733 0.680753160736486 7.47948036564397 0.984921418244393 409.946757054041 375.96632857458
6.0623278219449 27.5302945465963 17.6246584926014 15.1650303053568 24.5456530633668 1.08308087784244 467.218394560297 428.19206665818
11.9448388915119 29.4256718445313 20.7537741330694 24.0821686039244 4.99784693120897 2.06236559737185 493.052997107556 425.305131175286
10.3012816973015 29.3189954190293 16.4456814097178 13.0035381743924 6.24503406692957 4.38798262079245 260.517537526153 466.189378001254
21.1433060323442 26.3777066503167 15.8252253111052 20.0982596119248 7.02995210699174 0.418758260232498 511.467073539389 232.089720556238
8.55257963360552 28.123819721516 24.2393551192806 7.42694463976733 8.42627459077081 4.16899809290114 439.101904339492 504.487483473894
8.25687637991876 27.4494074145975 21.5880509136575 3.05107002097759 11.6607538031799 2.11774815592167 477.550819521554 259.165021253354
12.7427936239982 27.0602474505905 17.9651919914393 11.8425661939445 12.6318190259626 13.8494138402377 450.735543037606 439.428371835535
9.25683602889594 27.9105895231178 25.4153469066641 1.85370057843419 18.3453027343326 1.23454302397544 444.942250814326 350.576213014717
10.9100619237184 26.923884147659 19.9190509587304 11.4132790810095 16.4910178755729 0.54274511812986 379.31603089967 376.545551209838
20.5782425249398 28.3421469386368 21.2053075175039 0.852159197565881 7.76931700874753 6.45587382221674 485.30855087942 405.563972279866
2.76836417737904 29.2209590737538 19.2212992027155 5.9672526464212 16.8921711143129 2.39138346844796 484.194308136452 142.53967076911
7.86423854209721 26.4916856662804 16.359711710683 22.0609227254134 12.9923159582023 0.93271486479756 417.385888897778 383.95875833107
6.44671347683003 28.3454882997909 18.5661470553165 1.56465239539233 13.717100372419 5.48153128332923 370.641491462116 365.486795333187
4.06857611768643 28.4402786722383 16.3227258929554 15.3171224782358 13.5642901927454 2.05638793862999 486.257126697722 389.245487872659
16.5087245998496 22.6680560868809 16.7337456764805 28.1653548319474 7.79059692012469 1.13693515493762 354.825775503218 536.056249728529
11.7398194704865 23.2979559471319 7.46594245725956 14.324183791161 5.65514104295734 1.02263503718252 513.253115397103 345.020056336358
14.1521806904537 25.3863740143827 17.0962322561226 18.3136177495785 10.8924432886174 4.03926940026527 381.597508755192 518.757656761901
9.13925060857867 27.9793038589079 22.7250573469334 14.622911981242 24.5339319051705 1.0824158068353 512.192459246779 230.56605273758
15.3554061440642 27.1817137134826 17.8356699174766 3.61714965454571 3.08942491093032 4.40450343405488 457.284768185112 449.184834351221
16.6613686547958 26.8711586889686 20.2778656363326 2.75219710083163 4.59439958770035 5.86281255231115 342.281941900572 439.685585676459
8.21250629680811 29.9527679690757 22.1470393706816 2.31508541665524 10.9984307865532 3.97920308070444 448.810407574491 366.146957256813
11.8417273813245 29.4418356975029 15.5603601384201 18.8530805782315 13.0883657911884 7.81599178515472 361.392947643639 505.391461667994
6.47649857071401 27.2149662326109 17.7604321293301 17.5015352460677 14.143709595685 8.7158808258188 451.682961956482 503.683334646908
2.01307128523845 29.0386438656656 20.2405494070065 15.7987485572317 8.55726083866793 0.759338900489547 523.193514175895 363.796187493852
11.3452297488688 28.0887005845729 21.6812097287184 3.12866237712246 10.3055877782232 1.403671588487 378.720051321594 484.617137539626
12.5141099585108 29.9516407583889 26.1667263590105 15.3559204015969 12.1188211009299 10.9601435256103 381.38879226888 430.154767231247
10.4088750172251 28.3767481513586 15.8669311613018 6.24772779231267 19.7870298425533 4.21333229531411 464.310876665469 456.225779083448
13.1315197445452 26.5219284255211 21.6484959908036 3.97752447215185 24.179899450564 2.45203741631813 499.435647192008 258.620723998318
8.5851750903518 24.4403783366518 16.7126749351924 20.6650148602661 23.2832545789804 6.93527224148416 519.806430224422 439.368477044214
6.88295999895824 27.8435571261302 15.5010865594375 19.8074185461693 8.70780446906205 1.64840289939521 509.402937834325 317.497828721976
19.2875021894045 24.3264974124905 25.1382982784041 17.3276515362956 13.7097619378637 1.76252410252461 312.508912530854 482.479605594707
12.1832863890435 27.2937475095726 25.8568937739125 3.6500804695735 14.4861691655118 4.26772670664725 346.409632304749 394.528575540224
14.2567164731957 27.2841696794809 16.4640448423074 17.7217797327183 11.1168141272464 1.112008378276 423.883390301867 485.460849843084
26.8876556414862 25.8493940136958 18.017832786424 4.18932751897309 9.70808950499052 1.17031807369325 435.333636874485 389.717972606004
16.4316790932074 25.5995490531837 23.7307584293713 8.74793488036733 10.71051491126 1.689594406219 88.5290246954293 515.643199670179
7.09656387022072 28.5083310020378 21.221384267999 23.2431205062777 10.2156757907732 13.1560068877099 502.12199627366 447.896836799031
16.0577807311211 22.2735575925381 18.5114038785021 15.6409689905676 9.06822222598164 2.21965008618976 395.508943180803 462.169483754404
13.4363782111625 25.4761990099546 21.7771533648896 0.0210466079769133 18.4158207549487 2.15289200634887 511.480795866894 147.075082509606
11.1319891455718 28.227131717123 14.47835701739 7.74374105556064 6.19589197113002 4.7203367907941 487.775568776977 463.29511823771
8.46373518947676 27.676387329172 12.2028065816813 16.5013146323172 14.5331647456106 2.00699546981772 437.26236948747 384.487222334679
14.3421617919038 28.7176245451327 24.080106426684 1.7429144532358 11.7391915334876 5.01091514999845 247.210826015725 492.24169654695
8.97813183109457 27.0493735298193 16.9741548422883 4.5904766513882 11.3453736093679 2.34928460073408 438.442885065851 208.558440053209
14.3012044509311 25.6734357326462 5.35657841160755 10.1662477660246 23.183256901353 7.09074144838146 381.068059998763 434.467307352563
17.1996712962704 29.2316157952487 18.9004919019776 12.9080567677117 11.02744594289 5.15431262648624 209.924164298907 508.149943729405
5.35254129507724 24.4398389269645 16.3379017902326 2.92219369283859 17.354450476677 0.716533275712877 458.438502845061 465.792524498336
4.17842610095582 28.1873883944196 21.3384670793139 6.29655852142044 22.7404245042666 1.76795795080404 499.547493379222 387.936097497223
19.7071429739903 27.1881703479609 19.7777837874151 14.9806700235431 22.7143173596337 1.52288105887835 282.743142637585 484.902408890158
7.23050419793503 29.6790034341104 20.0240380328585 4.53540310508334 28.7322385103114 15.372357740153 449.045655817783 295.769105352491
11.0058162910603 24.9568736948019 14.0275053800763 11.8336046317048 3.42941479758251 1.46877369086047 416.397798286825 466.880864603952
12.4988576498279 26.9133993813679 24.1669264453084 9.82880468685454 20.0545305356225 3.11541958344079 294.625465746154 473.403295302014
12.1949152338676 27.3292092612855 16.8630207343137 23.77581796847 21.9860691126193 1.87655747910322 519.302351284304 303.26436394504
9.16583754418257 27.45275565194 19.3349604300981 11.4150562805229 9.304437694661 1.85919228426393 505.706552523619 329.637957503547
16.2648561334491 27.8437214571498 21.760593732352 6.1985935293033 12.013418036965 2.2840500596295 277.463633013437 483.333465977051
15.7593072619734 27.5488868946814 15.9146329313163 28.0838423537266 4.18103452279242 0.919304725773197 400.536066753303 520.352269896891
8.66389077996887 29.1209136929624 15.5843062611182 23.6805360559889 8.38246454835642 2.69084103300389 404.644103243565 508.616263136014
12.0997827467686 26.7488279951606 17.152384356991 6.82535687927042 22.6395989799465 13.921722629131 229.40278553773 426.416554898467
8.0778701525155 24.9168018902003 18.9187478004388 4.73056130330644 20.6252729702785 4.48603088502358 392.727237585412 456.532828714019
10.7337130715562 26.8264148556794 20.4868557119121 6.68411375960703 8.46720643979253 3.64669173666925 474.73819400613 241.023679863164
15.283694474817 28.9064297937342 23.4377084294482 11.9024011209752 7.34019382253661 1.91975016875481 442.124469948944 440.491671659645
21.9914135261374 29.0929487750183 22.9769663757077 0.626323917381003 24.9536772444051 5.66752844007891 414.271285910469 153.898488106864
6.01280114293623 29.0956514264632 20.751176905699 6.42959780089947 25.7253585929573 1.91232127034146 422.729587355052 470.154473278283
12.9792620548038 25.32111087923 15.9889851954218 18.8168808960723 6.72462073897128 1.04564610463695 354.451724896047 520.272939542896
18.0450810249278 29.6308508966184 21.0071098262072 11.3736264270884 23.6632445106176 0.995891602640013 243.020401721746 503.364888060997
14.3850300633536 26.1281745806646 22.6701985095217 6.68931143142582 17.1404580686948 1.14043198920675 479.356887957056 387.012179989975
9.52205333210037 27.9259291683377 20.5732084527726 11.4444509170663 17.3318431163444 1.27498499473933 349.894451489402 457.286503722462
10.4437504390292 28.8388569778211 19.3079209550886 4.95465543202675 7.78354635903797 4.70246759405851 377.519595318581 489.134952818389
12.9282869505392 26.5165433971925 16.562859687941 23.9926074310435 18.9261163794281 3.69091955521267 235.137596618993 518.911722749598
6.98562041258083 27.9165003893921 19.5447852290253 4.43550795127937 17.587387518073 1.57946993176993 498.574109948653 375.352255129571
14.2711390036491 28.2145079236813 13.2600930386699 11.1372438987335 4.93391394581575 0.997553627480575 428.022354182818 380.784989812103
6.866014016577 28.4473387884778 20.6227143937914 7.31014090986326 16.5849731510739 0.510796331957953 425.716575485617 412.015354706288
8.20456524694699 25.5296118016002 14.3414180687607 13.7176540447559 13.9937146957941 4.75029229725268 461.460119173562 437.929731768045
14.5617095163683 24.1120413375395 21.6206910449126 5.30622653637095 21.6219429257108 3.64037653203071 416.004048844412 419.888175979771
14.4213256900378 25.5895047131678 18.5254116274341 6.7935201011497 8.93157368996582 7.21115211745104 272.038293759867 455.764356920313
7.55643366195232 27.7597988412245 21.0502653373512 3.64513771393157 23.7174268448107 1.6588929459013 441.823495316956 296.844776086307
11.6550840948509 28.19217104829 18.577258186992 14.4009288715026 25.5838857868313 0.696274941006893 511.898782941149 230.601723392778
9.95142689158839 26.6331278348511 21.7929455682705 2.83231585899952 12.2316549929204 1.7633702693233 450.967590275635 345.181494649954
12.9236950558096 27.9337597263139 13.1012459521151 27.7632459977647 14.7857139951642 1.03667228389555 427.450501065742 512.297706607817
16.3003125387836 26.4691398162092 18.9791363070009 18.0193946792705 22.5119424876009 1.48903059762214 454.09138269138 415.87549657794
13.142546446223 29.1316181392027 16.3309954515678 14.8816634319907 10.4993706239788 2.84627231343254 226.761116626701 455.938699242558
22.6186944176598 26.2393148071065 20.9215246596778 10.8385534930685 5.22571856413068 3.02742814494373 176.987830575406 503.565752260523
15.3628607716432 27.0576776464982 18.5637131810171 5.35422170228125 16.8992176956532 2.79749773992066 522.718627626229 38.5611840858464
8.58211739835766 27.7017306488179 14.5188544517473 1.66368895978711 20.8150956478474 0.0814633501771318 408.643341142233 377.309216370099
4.84303608093423 28.4441195761487 21.9953090718561 0.11149093579036 14.476706070248 0.231098074247035 253.330542280461 108.131903332619
7.48166006475356 28.4076801449733 19.7291424154391 3.76253417758329 3.88217157066072 3.67634379316774 487.855176475088 352.731388741456
7.45923251730489 28.3571316252655 24.0915363935222 17.4402554210746 5.09470773629392 1.5665187029647 253.998047536557 439.076812209549
7.8360343992518 26.9433370590043 16.9699857285763 8.06000230600075 19.9257113565954 1.25521845712149 479.46753015571 338.998170387038
13.0442647377257 27.6224737256733 13.601715437838 8.64841767845643 11.5463923027578 14.4779967391555 384.902299200859 452.754426669562
5.05181215584818 26.5872749984242 19.1958791460466 6.45302732967125 10.3342322112551 1.29361235625461 492.408137741867 199.15420829832
14.3005372319014 29.5366327129991 10.4292520105693 14.0991846078566 17.1353044925786 3.02673399443012 275.46849573779 442.564715153518
5.81921444448794 26.8417771316008 14.4830466155122 17.1598951152694 10.8168979040513 0.870705760863939 492.813764705413 494.679673780297
8.67755170924395 28.2786153376633 10.4282419994251 21.1037378206244 9.51761359253948 4.15975344584303 496.663820906552 338.731509275234
12.9338305332048 27.9273123574349 21.350687030656 3.12541384375329 11.4276858863078 2.74780371496072 472.015087558675 264.02885595523
6.20040819315848 29.314129091585 21.0155569718682 22.8103370010463 12.8517767300147 2.2307829150914 496.741892906042 428.659640380963
4.88080838134674 28.3111069381312 23.4064124898854 2.91501044883945 17.8500653063273 6.72884151223862 427.430660707861 431.391601171562
7.89329633097424 28.2398804016663 17.1462890280004 16.2972333163542 11.29889917131 1.78653760954178 514.184047531817 136.428109294729
12.4458983649522 29.8274830437532 23.0461244988026 7.95704532991802 7.23099756764122 4.4688065659536 369.112197972437 502.695197718466
11.8753131044267 28.2147355662755 22.0431777538779 1.79329244327034 17.9023774791442 7.53112956325688 386.621118703077 401.390360951236
8.58151925177359 28.2632729199866 12.9835776205145 25.9232194705964 9.31698987614153 8.10809407072675 455.006183385574 406.558150902903
7.12861224125014 27.5832171565557 24.922375192638 5.75002102176386 16.1765527556933 1.39397316647683 463.308618232586 357.858373166274
5.09338974507767 26.6692823644177 18.4778708312355 0.0517018736894182 5.51166305607363 2.31576412112401 396.426840385583 109.482592087668
16.7189532749224 24.4559783769082 24.2540272273668 2.29074109356501 28.3137354709155 11.2265689385975 204.128963978689 473.161212691063
6.45078687293818 28.4302455198757 22.9778926298909 1.89858866338949 27.5417541834638 1.0080697788878 418.016291950032 448.696437967379
10.7872077551969 27.5036447597449 23.1334675978042 5.11152669442924 6.33348198724322 2.05852782826473 402.808843352142 455.276268901209
13.6450430200004 28.3910472886184 13.8500209208735 2.86284213406241 14.906499255547 1.49774169899568 267.081769404138 475.934588938189
7.31953114952436 29.0577211286597 21.4990697317142 1.85929654905781 11.2347117945275 2.27204131531788 336.147184844773 481.494600321468
12.2004224577724 23.042124804686 20.3724016398252 13.5768061919583 6.25337145721446 1.67987022411208 355.36933714523 521.471713178246
22.7224185637346 26.9636194321178 22.5449571299862 1.67256287173827 16.831247782723 3.77098367417739 442.876638429611 340.380686913495
11.2533204363657 26.0862169008892 17.1089659440392 1.55975795869815 10.9549610248072 3.41094507584112 328.679047319146 400.02304286724
6.84842542279858 28.0889746874922 12.8098007961331 7.7031528124563 24.4286862416661 3.34493459983238 445.936539509879 393.42761873363
9.47412738267698 27.6625187329529 20.1269775894381 5.6660292122287 14.8470655556975 1.78455081317775 500.489414830032 21.2102540736258
5.58457502371866 27.8666079426273 20.6675278113349 6.88899893991293 10.1325354359004 0.958348888397587 514.297064967707 311.282442460961
3.02902091265135 23.8140690386919 15.64159033327 0.647299104944573 13.3906328340694 0.820793245179399 443.15487022576 392.322578534531
8.84538077019252 26.3190888583521 13.2692229746456 10.1502087019634 3.61054844323076 2.20191619178294 402.293603113548 365.860336491656
8.40512438065725 28.5730855903817 8.17010478603522 17.9941776235825 11.9280307286873 3.05970505065374 392.046965544018 471.266420562887
1.7410854623118 27.4389897520904 19.9517915003533 25.1772877947555 12.6147980070725 0.929700855518719 536.898812155908 244.693208244106
13.8477125606692 25.3807143772375 21.8821306463183 3.12304683618059 10.6050567877073 5.22719847401116 474.320525000053 329.882072967622
10.8699585431286 28.7675324359185 12.6269617840054 19.0330913196503 22.5875344650086 2.6062502132703 354.135180415787 473.776010167448
20.1547672010751 27.0277809359055 24.5885645577659 1.37214447509958 19.3169823555857 5.31600490630624 409.314669634141 283.101929895916
11.1986617340842 29.0775006521073 20.4901003472709 8.01590909471798 16.0004362250462 2.66464638668502 296.796728915198 474.993225748361
9.2524333467902 25.6261077660556 21.9202675475992 1.55000525514069 15.6222689998719 1.11714045004508 422.225567150467 339.248026856781
7.8306829400701 28.5782607584279 16.2175259962666 14.461981412976 10.3945241152005 1.41504790666029 451.373572066058 383.772211638055
4.28948553343583 28.788522853482 21.0774022830576 1.66696926203306 10.3993153333704 1.73068999909253 492.535625557328 40.9022128157658
15.4199757103549 29.2810073832171 21.2115341623194 9.28948811706182 3.87996169824553 2.28791764674981 241.456042354301 515.043430578309
5.49478491719466 24.3597224717454 16.3432815565415 2.39927509205452 5.78291562476224 2.25213268191139 442.132905753586 165.804733854695
5.30793692871271 28.0213756790649 20.9185975234329 7.11321185226763 8.32680083730149 1.8186330125151 526.007987711322 175.625646928249
7.83800950767329 29.555148263878 21.404914937104 4.13848743755553 8.49684106139362 6.13295179531552 476.652804425181 156.322182283801
19.0038477028288 23.4119834489758 22.3495846073094 26.628377469963 21.4422788196888 8.7838194484328 63.7840889388169 531.763048291004
8.01178777882916 26.4191215547366 23.3467366107572 20.1893459248003 9.92918889908948 0.480617656334486 376.178527712823 510.964970251836
11.1141495037769 28.8855423959725 16.5592990409159 2.73255539611189 15.6730989821403 2.20653433195586 215.749358172533 273.295342227018
7.00791142379779 27.5381157334869 21.0678528455491 4.93838613506537 10.7321974980423 1.19971887993539 427.230064588931 465.99354880055
11.8609479523379 26.0479734234066 21.7307598373439 23.8787808939085 7.14184046109214 8.78501171453276 504.124497282249 422.81257596457
10.0253196816885 28.7585701756052 24.3329554498659 7.15253759656049 12.865958270599 6.28969865280819 320.736450533038 461.333675951042
11.3633196671245 23.5270541817116 17.0147080302613 4.1020537730397 19.2617454477195 1.12644884923911 183.712019540911 460.64239808745
5.90768476225774 27.8156971662215 18.8947177124656 10.1899924331333 6.42100873785995 1.29379048454847 481.939563114219 290.399753565274
2.19562776251986 28.3201598821124 18.6127703525275 5.18672220276552 11.0126552199848 9.61605740132298 532.267774890166 33.8111111810567
19.0924765715117 25.3364141315424 16.518910311077 3.05629769005956 4.22945476405394 9.94404447419537 432.642147687136 322.232778478212
6.37064942735408 28.096586780911 12.0435499189961 20.2870475645175 25.2645794831572 11.0573942733741 491.908702860071 408.09835581042
9.56426175281426 29.5909237059936 22.3579616036729 2.53495098400116 13.6961103965795 3.40843393990365 449.822620216381 400.392973504622
20.5506236310016 25.5313687213366 18.8967959040739 14.2855249898831 8.6603160817141 2.62966155579823 235.712390167867 513.208943534109
11.2153447027844 23.5782315650284 14.3407522053986 19.5514521976494 7.93458155062046 1.61621986070663 480.419088557041 465.61953843819
7.40419662405661 29.1723235633756 19.7039191374613 25.2574768750468 25.1309367608128 6.53236195871181 492.813190484613 369.545485270853
10.3699765791108 27.9495674730478 22.0011623290512 5.79316752967742 17.4861661038782 2.08540185588534 462.613708441928 496.16050625847
14.8188171286264 28.7899498323823 22.2545925593915 5.06891360280637 28.5056743682385 3.45267437166223 427.299639488236 270.76296138071
15.3254908195551 28.8247170138249 17.9916706131627 23.9479554496532 3.45251797944754 4.88681018269041 69.6610889814988 485.534239835002
9.49055988996223 27.6696646685032 27.7841963053673 26.7214770643909 11.7016752374695 4.68204936055699 444.029108564759 495.538099365923
10.8808748218797 26.7822448265791 23.63623756382 1.24060454494315 6.64698790575028 2.20307309711319 476.439945964702 223.909203855096
17.0519762035716 27.9985215237426 19.3392206253304 1.73474990052466 19.9086889416226 1.78261962020853 269.363624237503 433.81266232578
11.2969504502454 27.1793853698855 5.39926985007452 16.5526236746754 6.56160488261795 2.19982570783785 366.534926042867 469.502304573698
8.92333448528754 26.75019139573 20.7576937387336 3.4892712357956 12.1433527804257 1.5573673804818 349.948499071926 461.483081123276
24.9239276062969 23.330610060451 14.7888495461335 15.1350956175895 13.1938419207424 1.36523085103091 236.065668091217 526.981305326935
11.8296440965531 21.7834661158616 21.5018320592608 12.7294989063519 7.04981103098276 3.67605507707715 453.899032824549 509.06769652316
20.8022208923615 28.3279226037673 18.4073481883104 5.34304282475351 18.2563345860863 0.612466804854706 447.470475896258 490.342571699543
17.9371429693551 28.8192106540642 20.8212876443242 2.17602977530138 21.1262778491234 0.714500282057896 404.305698544056 178.008776817434
14.4758190894203 26.0084199339183 14.8069980582319 22.8629901401385 18.9430238690452 3.73327017138791 498.157457677379 409.53711128673
12.0911774475407 26.1651884092127 15.5058085204695 13.4622375449683 19.2986432418735 5.10770258364448 487.238184338151 311.517557663739
12.6515986399187 29.7661511684205 10.2067776530127 24.0362994371723 11.8570105522068 22.5493236986086 211.342630631928 533.028929803609
13.0235406335078 27.3559622051383 21.1929072997207 15.8094591150941 17.8193846232846 1.47079771637348 358.639776644175 512.254980409012
8.34494706155693 26.4137892628155 14.4488561650045 17.057537730814 12.5423970588921 10.9035784151955 392.267021982185 500.151746629901
7.34191271577541 27.3405195525382 20.0394878581567 10.1754352494253 11.2090871737459 2.23666823652177 464.401899136473 279.271677111703
10.7375255013942 26.1844561902296 20.7011469642892 3.2852953838159 9.89519927000855 1.68669916946942 404.294794620952 388.939512222682
9.56825866177062 26.5372575139058 22.0374022014652 2.53194655486226 21.9862011977376 4.40677465648031 380.583045082577 444.028725238308
16.6898957904789 28.1428390018089 21.1556149494017 11.3447192640664 7.74803215295067 2.39478808796461 296.271430074763 494.315264420755
16.8270787482418 28.3756820513453 22.4233949121896 6.42108743601157 6.47269549368018 2.67622165837025 64.9588814527815 493.522127303435
15.2053163546259 27.9082774482605 23.3482965436625 4.59159049734946 16.4399589723275 2.45464124737957 389.666554473554 340.405638660018
23.8282547593362 28.7491913697737 21.3838479940511 9.3514712098279 16.0207953815696 2.20850070070497 388.58805858653 470.088088392402
13.5141703653741 26.1587674035113 16.1255085843999 17.0614374923963 11.9611649880846 3.29945803881735 493.360247101661 469.828593861748
4.68871996131315 27.6207903585572 18.1244381548815 12.3374957222802 20.8442000315191 1.65211130532692 459.479080933214 461.520508251277
17.3249800639977 28.7037269690022 22.4912443540635 2.24661438990155 5.22520250061803 1.43558172925862 415.595769689165 294.476481989945
6.8982450216399 27.4208964964324 22.4978085426533 2.15865275563219 12.3672610115289 2.94589698715076 377.864122960917 378.748089345257
10.4526520818616 28.5066025028276 21.803422260904 13.8397925780171 25.4791453630148 0.629327076917882 508.295338299509 238.284190181946
8.27104917413264 27.1422045751872 15.4402455008964 22.9516264450119 26.677688589402 2.30014811848182 485.932664344173 294.367664583796
7.58698068528973 28.5410786543495 25.4039876610867 25.0310382256394 4.04157854692613 6.68874743713031 508.708726716142 458.744469529909
13.78626549809 23.6079183676024 20.3521216977421 10.6707377290058 8.64758917611992 4.61266922129375 475.499319992061 472.881668103651
8.55682539948985 28.2021693799511 24.1257016114709 8.41993288673804 20.2210107409665 17.210074103253 336.222871835994 478.943526016921
9.21752320682061 27.3014829311369 23.4137874107799 5.18399529883638 13.1193696273144 1.23783344401084 460.404496572251 325.680658067463
12.3361840978952 27.5309088407833 23.914210863492 12.0354390807954 7.5205978019985 3.48370619310835 521.035559070292 331.94810064513
8.86200135901231 28.3207369542118 16.9963780766711 13.1141254622795 11.1214733006199 2.46643343377711 464.084834875507 459.863815536257
4.79827942763551 29.1881332568346 16.4104294183215 12.8146443018149 9.99359482497286 1.54322047922488 502.055399654023 409.883406667476
13.2498195194343 27.7034567849537 19.8868273607439 5.4726516885437 16.9999897134478 4.22751398436406 302.679682856452 460.381063900462
17.7712854211831 28.6941710939138 20.9056959750621 3.70020793799082 2.38700873112412 6.79316929589938 444.68627735378 454.504153016682
11.1441841914852 27.3342954067832 23.1248219871717 6.76196963030214 12.1777606454523 20.0547686213702 490.39375627591 228.136539925042
29.2321168110155 29.7842835241515 21.6392098654873 1.99130554452849 7.26242289553085 4.2024847158088 378.076806010133 493.298949712548
5.35473892743849 26.9651770368015 22.9138213855905 0.624890399115871 13.1113227306864 2.37301465157132 322.396307326368 211.87627740501
13.1286514656207 26.7211661562782 21.6928049011674 6.90049668151301 12.1935244237583 2.15813486774137 489.61386281278 276.999753369327
28.0942353376151 23.4502143065937 15.1117015396642 20.2413305073492 26.4113528664802 3.37707754843135 379.182206614548 479.90489184551
13.5501084404827 27.8146715963187 20.1737977509956 15.552745974903 7.06543735054706 3.14082652205161 271.680938064188 467.97747156151
11.75217801465 27.3105534460447 16.8004945481859 22.0877162361252 17.6990187932331 0.706362189251712 464.85499257766 258.687350774845
11.9980172429127 26.8549858585584 16.9237155852301 8.4798215989437 15.9427480420849 2.6853970230761 483.109483844379 352.558882690283
8.81773727171763 29.2490508457721 15.7633270413968 10.2084772866682 5.36964190685594 2.13999667804428 482.465141029266 373.03653312267
8.78818352113248 25.9034753227028 19.6915811457798 3.12008048956398 9.34119398852789 0.608766762301971 472.205209679087 431.707072682149
8.60857247826168 25.8481132152998 26.1510883582175 21.6848813440682 13.5544809687627 2.64603359376522 501.843069960446 465.846632073198
7.31314629291048 27.8970316351343 22.3589009750317 6.11097640594059 15.1336469589648 1.35438207361484 489.725997483633 247.815800017373
2.79364311248698 28.3904142919237 20.9705167998741 1.4908093551292 5.19409807609953 0.475769745160801 495.588837264205 254.030774963008
14.1319100839116 26.101633435568 24.9848259274746 7.47989253052634 18.7582684480826 1.71016478922582 419.30839078046 467.930816309519
8.98203582919741 28.9051779120935 18.5026839115986 0.348570816323618 28.9437613199653 2.93672954685512 375.029572068632 274.612741576966
9.08251376439152 27.9116226055091 21.7755366710036 6.44376056860874 15.6161278038758 5.4903067865215 502.358431313071 125.377943622069
9.66003619056744 26.7596934713679 19.9870209169217 18.6377206964686 8.288088058404 4.25227607838962 494.009608672905 247.19587430305
7.65544469704869 29.293167191482 18.532315753783 2.8233631638205 12.0760002268392 1.32604726563005 443.926429457556 464.984893683915
6.76957424099781 26.006294376912 19.652425151992 0.0982389416691666 3.66557369941184 2.34789545258545 413.973765340245 272.319727497779
5.85038117540581 28.9670414140383 19.7287309641942 0.00389448626454895 19.7586156904556 1.27085589547462 298.376303730019 206.080714241009
12.7330969128985 29.0646577516797 21.7697342873403 3.56261740587405 8.99300642223166 4.27658459626738 382.880553953342 455.527820713592
8.75037571700249 28.91350984887 12.2410570208993 10.3050339714861 17.5922504197455 4.45290238592965 340.207648671255 152.844861202035
16.0073714233078 26.4214777214902 15.6785206745476 1.64288181124583 19.528093992805 0.649512970145406 309.284370548909 353.92377866878
2.82035467442038 29.2822070389724 11.9782229352323 8.44203180228795 24.1367271239512 0.81272913152775 488.457241386155 487.850504702824
8.01590646709772 27.2403682288447 20.7493438606911 2.08443687811504 24.76587263589 2.85762858396148 465.620230134732 355.295127669448
3.34838661944486 29.6245438093801 19.8019483273764 7.56875346911612 5.94934843844128 1.12871534023101 501.67502465574 265.730518608942
9.72780818423147 26.9848022992882 23.0598645927817 5.36787397209306 20.5641839274727 2.68881559108684 484.720395030701 273.372037985425
6.91015130284261 28.9180855374039 20.8800296723507 7.47970154334695 23.148121185051 4.75936857566734 422.108507832674 447.383523809651
7.63975517153216 26.7019263144138 16.9502472404127 26.6563345212223 20.4424321875973 0.988792572663956 482.533514862638 470.875290696935
10.7087223139155 28.477023532879 22.1321009836067 4.48408913859892 7.93423493915788 14.6703919835664 444.521273811545 310.154447433039
12.7670257052363 27.3517639186547 17.6370716123534 7.48569202900416 12.9324389307476 0.247965801246138 451.236696589508 474.985427144123
9.69824189118268 27.2447920609923 20.0695174383449 3.20235316066055 14.1130323494608 1.42512448098055 421.101155066548 362.372574200171
8.28660173983497 26.8937042888586 23.7350200666437 5.14739158093423 15.8267415352908 1.37287248663585 461.026497884539 365.392139852961
18.106027106029 28.1563995030358 21.2586630931786 5.30432325484162 7.68794858107056 9.83473298443548 240.533672265005 444.855326292422
15.9942304303982 26.4176994548182 21.516092784064 1.34600239321071 5.06940538560923 1.10548968804956 309.39513914053 360.383607670936
9.39952105314932 27.7091538846174 18.6853552912449 16.802194793998 4.55304080056346 1.19943237159847 385.550814640494 456.005296579258
13.5162029027728 27.449360752735 12.0579710746497 5.41634058967129 24.1987845441602 14.6018907711395 432.60353259328 204.712909660767
10.2872013487919 29.5590796225379 19.0652298427903 1.10390309079812 9.76225217089574 8.06088085448271 433.758474368157 251.784354010339
12.602400031251 28.3552512735227 22.5946770043994 13.1304756377495 19.4318303685434 4.37426768777438 412.496990683755 432.208329552399
17.2807761639754 27.3688110128582 22.3871743142504 1.05277617602843 3.32395514314207 9.65493997014688 256.525995942669 314.824658356896
24.94382138797 27.8498368138368 23.0029860143205 2.33083593696083 22.353276048724 2.03722830708898 394.390984327992 487.803295805153
9.03537608483434 28.1195375919365 21.0125553258001 8.51409389549201 26.793566594572 1.28857181755438 422.834681819638 405.574192739247
14.7057909390341 25.7502718051045 24.3818911137669 1.48061975475301 13.1290647836433 0.887685692281911 361.826974934801 515.336704932379
6.12524450959898 27.7945568270374 22.404816964268 2.25751960533517 9.79108675878517 1.14051795876762 417.832893724281 435.029280710204
10.2783432597938 29.1310365209696 15.8437946291732 2.76203729184811 24.4034867043567 2.09718582445075 342.012946344538 333.260191375859
8.80586551033979 28.648993583814 24.3814635271715 11.3523283186581 20.5438536899449 2.11940154131987 469.28003537213 324.393453984432
13.7565003925897 28.4080871634185 11.7654700593235 20.2098442041327 1.78101625388441 0.896065995345956 321.619844669781 471.243555785609
19.495534876003 23.7828023125984 19.6788699834328 2.36738605585611 6.48585129116359 2.62668787484261 452.689521996316 305.07437759877
13.8743220604186 27.738420102847 17.3032235769506 19.0613882781866 14.8652320662781 1.10559471776579 481.041717084564 306.080039491936
6.42090645576503 27.2772746831237 15.7653129395362 6.60729145898232 11.3992447499524 1.95838778055859 472.209066265111 261.822308990261
13.0259836988641 24.6347235904799 9.40335313659227 14.0313956571852 13.5488081498975 3.80709208316347 512.224387544793 234.922780376218
7.71286868117746 26.9298734725667 16.6307511374631 10.2070203434537 11.4765279293451 3.56664925517231 496.11076269538 535.453901833899
10.1365849449606 28.7000455180679 21.3589000882919 0.722035630369011 10.9099404851354 3.74113043360495 326.847873425381 277.977260390216
5.87068604488325 27.1246074628876 18.8587922086142 13.7934668237046 11.5134714458801 2.52860691798075 494.245161559854 455.417427679937
18.1594235328248 27.4518195336954 20.9814797384493 8.17581963957713 2.62925899266037 1.22123286624432 382.317836212346 498.810781755747
8.42492428549818 28.4850598910256 19.9349655823192 6.37966655843676 17.054631203212 10.8872505251861 460.545560764285 177.996657466606
3.23433994086702 29.1437660048945 22.2572145442363 6.30117962332222 2.60847186018574 1.27997416437163 527.767210406532 24.275107487684
14.4672598097383 24.5992077591834 20.5249152378405 8.31044126248552 23.406541568731 3.32545543077028 496.72097813547 427.645945892941
5.26080173373815 26.7320156461528 16.0861633859691 20.2558072053281 6.71677203955668 1.98328418880559 488.984602951776 516.645092303383
3.26122019699915 28.074760792728 15.6848526310211 12.2527457157873 13.4093156005254 0.876894070667116 471.40838696909 362.751656461335
7.5563494392454 28.6141852242641 20.7686773982632 1.72351637889034 10.7903438954986 1.64948676431724 394.576347980476 312.071147109827
11.1143068334051 27.9893984025654 8.886460873048 29.9267105252494 0.368760541241141 2.52020600019123 531.193649372869 500.11929419169
15.1343434099826 28.8089666228998 21.3174157055372 1.18488569423439 1.97976336784785 5.06984451242905 275.959938696973 413.840897388674
13.9685814811833 23.2697334371657 21.5328591378348 9.69903198986973 2.28310519644884 3.98813750113321 356.861669061464 464.181129746735
14.043408669919 27.4943838739937 17.9225429347704 6.19148376560515 25.1219989155173 9.50987436401024 442.859355800451 342.741376000609
13.9009076292912 28.8747264627137 14.6586057906094 5.63579059849251 25.3349289504363 4.04215432398623 356.556832426313 297.63483084914
9.779409952792 27.2759247526298 19.5368831696732 8.54195906666548 10.5349947376274 3.45103837915383 395.745135496985 479.557152764665
4.49506919733069 29.4468495739378 23.0848157182918 7.70749863795876 16.5625566285662 1.99713494644503 514.519724203067 339.497880173216
12.5367864730939 28.4941979835669 21.0247779490038 14.7639116561804 8.75060840085586 1.27573007569867 400.95564711584 343.146377693644
12.6259514162995 23.1917879703911 22.8965350888282 0.0637040587198614 22.6556442860969 5.73053420704324 519.744309035199 405.662028262796
17.0017613655965 29.1337175652981 18.6533892698202 2.75972910692016 26.8458451557848 2.36764828719839 492.341308452496 185.645626124055
19.2788802970774 24.6261925794186 16.1263462309728 14.0398927813503 19.7151909670865 1.77048622320753 453.559197127538 475.543979093518
9.82405915867618 28.2422431894073 19.7825853356614 8.19694686028383 11.2838381126716 3.66621029638865 278.704107656832 448.709398301654
13.7380091239318 26.5322268154144 21.4101452924935 2.40109020604943 26.73918665423 4.95709772593394 333.549779674369 491.663822350604
10.3564346964693 26.7369595610228 15.551257698341 13.8156973400219 19.7649199767995 12.1989316389869 386.341792330222 506.940787302106
16.0344955825112 28.5763617483908 16.2288310618357 24.1218499558233 17.7960400249369 1.98300362895626 358.544731213005 439.844101090936
8.95359879392039 25.063896120697 18.4657595661851 8.74858811511105 14.6808898664874 3.67624743197388 449.623999953273 446.524699628835
21.6556790532861 27.0564325648713 22.3497538534857 3.32798904157971 4.46649551614595 1.11468561801433 345.419317335497 468.167890566549
8.13730233272138 28.2862279189844 14.718887827373 3.09497689871632 20.9451124655557 1.06163117131355 417.603703783536 337.914022894325
13.2018696548305 28.6220769991688 18.5130855791108 20.372176844077 13.5747163633441 1.11153884964323 318.425364353806 497.238464528081
17.9269114770888 26.7749532213794 17.1014068397961 10.7281850708558 20.5959000795833 1.17422780488871 446.434584144039 308.461377062054
10.5813299679811 28.7393930844256 20.7852514483481 6.90124738167414 16.0445789247944 5.35449628526513 342.095608372422 499.513982697148
11.203473380815 27.7019067874555 19.483562080691 22.3982958623566 19.6805715420728 1.45575271861055 303.619275886858 512.135725195631
10.0602594700197 29.3459035743184 20.8419183369682 17.9093277495021 8.65076507779002 19.1975461177206 437.057158369727 443.520723328189
13.0789653064909 29.3547528397524 24.2735143386922 10.5693964767713 5.87426051957402 4.38290883343259 458.73122757111 390.139156714886
12.3137010118246 26.1578678626061 22.9219537811592 4.196227589153 26.3974224495768 3.25997822101817 356.280585939752 472.371613652644
20.1115309933396 27.3102879086703 13.8720791698336 18.0621003659292 15.2057517720458 9.61144315577294 319.817161487982 375.248047955912
6.13863734999903 26.9584902568399 17.1175247498375 13.3498892235025 16.7136468511907 1.92171126340079 407.351333415106 363.95867562431
2.58810887587968 29.5898284939938 12.5941033059232 13.1231971913039 28.229472518836 17.3989719047029 506.646066978557 241.553660480789
17.1555580078922 25.7837759472527 21.8123441905561 5.37088223504671 5.30796452248 0.498780738247731 323.676038283653 476.043311194949
7.4461606491433 27.5434639982068 10.4191212663468 12.7954527697785 29.3133429829493 2.16486232833633 482.910552179528 465.379106291245
25.5557045685081 23.4557808343181 22.8479003355256 4.89152157692651 21.464738652138 3.10297575319863 498.546861125513 195.659230822811
11.0165564033877 26.2756480301165 16.1123531900373 7.97790216761067 11.921080174933 1.57489165474089 476.614013552296 289.58577026092
5.00666074331296 27.6981050183854 11.5171463721292 23.5268066054144 9.15572195000879 0.915469015590915 482.23922771301 481.113756551224
13.0767338946222 28.2664937345369 21.385669299275 2.18347433094519 3.16025040218859 11.9328614488091 360.922021254174 455.021453883327
18.6309285573264 28.9727002392096 22.5044684961338 21.7314830554773 28.8473923683384 2.66788044805159 277.95257199182 474.871906536158
14.6785906315574 25.6723390141867 17.6353809639487 7.67479308508146 8.33227804699956 2.13076949328387 364.035927749993 519.734494386902
4.12244101980492 29.2451298355999 17.0858714802927 12.9678244437611 21.8973412492652 2.15662896997497 493.940788731302 421.289139768116
7.48340420499301 27.1930289872701 20.9388376309678 12.9094394384468 25.5495784364865 2.62549762480614 460.784416797077 437.535570753631
4.80105736692752 28.6034074682998 20.1294819498869 4.18603502608462 18.4033742785385 1.59373635426836 466.84124471284 340.229703545346
10.4824327925065 29.7580771304989 23.4452543353415 5.68542328564106 16.2660944357802 0.994341895999658 455.342171294696 451.896627422347
14.9419595648467 22.1283967332581 23.4288346407135 3.56159464826275 20.0336039619789 10.8608253211647 357.261732009779 475.758720563458
7.17108737659002 28.4675818417012 22.0940680309333 2.60425457372659 20.5704077456773 4.36170437216003 463.621859351704 387.119835886391
22.6187842861209 29.1015526864232 22.9343495705772 1.63069003749661 1.75201117936039 3.37234760745564 409.134908264493 373.419310190879
15.4772666698142 24.3315455020884 20.6237847770394 19.4551884109821 6.25522947271863 3.66508846235499 507.188293781681 330.567740192251
8.92792859374294 28.0805113998856 14.2281033632148 12.6534151155294 1.05156889110177 12.3816110375007 249.618914875562 423.303940259887
7.83706830130024 28.4041965537443 21.3628100350642 5.48751743526316 12.993849861299 1.71060934809898 486.129629271448 236.700234325701
6.32838317622639 28.2606214353748 13.6982277392933 24.356860909918 16.3987586105615 0.488842332784351 485.283227151108 486.563642035478
12.7965715980611 28.4304445906665 18.8265341139686 2.61065855062394 20.8711329793954 2.20679447701996 425.288163937513 79.3625324086888
6.00189885697686 28.1192560690201 24.0714986419599 19.9434719247679 20.6250013207356 1.95808960687539 512.080343748412 256.547378921971
18.9587359928701 27.7901957718144 15.860050297222 2.80668235950126 3.62996926011548 0.822531703852288 435.990108109073 294.760803315646
4.34436696382625 28.9763344148645 23.0690997132029 7.22038186038559 17.9776176368802 4.12387697474265 454.018133085989 459.120883429009
12.1228171149361 28.482608511389 22.1529828201285 2.06515256814908 3.4670748329559 9.46773492785672 444.861345559144 332.513549093435
10.4998202437615 27.9138319694581 22.3014260057571 3.84829677941086 16.9992378136129 2.00665204327134 469.635068753385 302.033302970336
5.98401854384955 28.4177604101702 20.3245246807623 0.0762845382446555 11.1330079215563 3.02407029356781 338.521585696926 431.050302295298
7.65626603636383 29.5662457689636 16.3697360137763 21.0806906033621 13.1836369020716 4.34909465524489 395.461709560089 431.567508674417
15.8304330048359 29.3758916728009 14.3529168423313 16.4513973169375 20.2122398232731 1.10761734295707 223.863169198664 510.305785315707
12.7020424927565 27.6337790851759 22.7609354299581 12.952445930586 21.235807711435 2.13816170485768 482.169773643554 470.745696329723
6.81171977337926 27.6203292688686 24.4721794711585 12.1247799763732 15.8168110380007 2.65994628471847 480.135996491211 349.005972194585
10.2081221727944 28.1406160680096 16.6621211102898 1.79449358877687 17.9306525865678 2.22291794817623 206.722459326645 366.466619354202
15.3518497844479 29.0406734400633 14.6943795569058 8.02460670938659 29.2285523966352 4.6848302603401 188.406096609547 429.597430618327
8.3164437308982 27.3743124135428 18.1380552104823 13.7417700771226 13.4682060189239 2.03113556498806 450.514991458486 462.528378535568
17.737491611674 27.6875849553352 22.6835653263131 2.60271375887103 27.8943958791459 3.79003059774545 268.221215357343 398.357745117466
7.25077201768417 27.9161782136819 15.1183843405194 3.77426956645515 22.4956926674248 0.964988106387018 433.059248082222 502.330772144085
14.0731899120149 28.3459327754517 19.5958488810249 1.41633022341822 4.04482857333335 4.16858268904531 455.815691871428 245.692555473269
4.46071940010268 29.5004992440501 20.4284986663678 5.94964753560208 25.6927550753126 1.14496689184754 454.478408342426 480.552060101713
8.01694307524085 29.1246048586218 3.7922689154182 28.127939293361 7.2544901364127 2.17506437403468 364.696540641556 531.809918011402
8.79837323816938 29.537143457562 23.1273580148315 0.546567816083395 8.95458896823112 1.54747733923766 314.229958940252 376.974743991428
15.8723839552644 24.7275267357539 23.4145879416555 2.85039278625361 5.03566499717745 1.49268464190722 457.182587983913 382.258141532017
14.0048414229934 26.8971662899885 7.86347649443599 20.2535308576771 21.0455072208132 0.566593904890767 223.937835475677 505.703765770734
13.1295750514173 28.1199110875436 16.6493065321946 26.7942074911275 10.379659916489 4.12808771920194 451.632311305367 373.481527145119
4.65438416249068 29.6929818444489 23.4527157577482 16.1072841897335 21.8293545413044 3.29784638159629 491.084488492548 350.729118677491
18.9535582215392 29.867136056356 22.4860896993362 0.69872973018788 13.3587314498039 2.23951312899148 283.106437932027 330.318902982313
6.05070471828201 29.0314000290578 18.8142321044332 3.11973937075084 11.9512923183648 1.20350501845002 477.116654140002 456.941726470297
11.4930534111744 26.3394388193329 20.8899875622844 6.14668095514627 6.27086423610637 3.01979167854657 362.11301559861 529.437198543223
8.34210785295778 26.0026665479798 17.8665206255977 12.8143867884119 12.9713055972591 2.36488004676906 385.334910693588 378.455814193262
7.58257460991694 28.3445292723554 22.815524763194 12.5350145273541 8.46901809720739 1.66585941239307 333.934889890125 491.980521408125
19.6964961912345 26.5565654288522 16.1810126395096 4.59112346602681 7.67377545423074 2.53968761089965 345.330280927538 346.117220089798
16.4632110784996 26.3942595511463 15.5857686390146 18.7964474611245 19.0398994340876 1.97643112431763 462.801960484249 378.283813381794
5.66253274298566 27.4074892931713 20.3009971895523 4.16543656450903 22.4946148578359 2.14073751032057 333.416563711024 274.192660746063
16.2640703739845 27.2715566506875 22.512931886357 2.36121980121391 12.6239715792135 2.35761633817426 314.62539499651 442.182841764502
12.8795739586238 28.4797565273537 15.3083562153099 19.8460084064948 5.8860058391137 6.57797095973311 271.468141100744 511.056104498076
18.7522388279272 26.9374496316723 17.8602907632948 10.7906762242398 10.1746681221027 1.63428020319758 522.37710839696 235.260241370724
16.9139580216241 29.4308788466734 22.555221772773 12.0219856537775 23.4082159345022 1.62366165095433 115.826159636725 449.822284766049
8.05355898896483 26.0473499308818 13.4283757394426 16.4560418010847 5.16616376893473 0.908308402282133 446.139860877107 507.293670073363
15.438680165537 23.0251279251842 15.4666213641313 11.3346070708518 19.6449664121833 8.99179482515073 486.953216307315 353.840236689684
11.0541934361462 29.8717954513309 15.088708228884 15.8535044540692 19.1974859836676 5.31218825448226 487.088458428347 352.593410151939
22.7402185043147 27.0198694159699 21.9654219575955 12.6719695305071 5.69734916403016 2.58173642569457 519.812739984875 289.212237516542
7.6524748847889 27.1432088990946 16.4044736053453 15.8541109327379 11.0612289320307 1.61988809066689 485.542917652015 433.312059704067
12.2196135197148 29.3003672888778 20.4191199640597 20.2035496842702 7.21004701240473 7.08398570804247 502.780171248906 435.678298524771
12.7819236143429 27.3409194616956 20.7993306705468 1.81630388453875 17.2879679497694 1.94723898883 474.869079761791 194.482710019827
7.84160728905814 27.8467249780696 16.126350619806 16.5373148924492 19.3104971477469 0.171975072537746 502.856221221607 330.598000605057
9.10172837547323 28.0017550625817 21.6861981313939 3.98922839872935 20.2283248723161 4.62664791941767 369.298179111669 487.401497542017
6.26854532399343 27.3662902064413 14.1400989402648 11.0973049809713 25.2308882478799 1.59620859601192 466.104948518636 359.134377154393
20.936367077941 28.1602714561797 15.0829726721379 2.79108555526086 8.47286658978917 2.64754081612264 435.079463758942 428.367506514471
13.1554647676881 27.7553384348177 19.6335904881509 13.265236319236 11.6194810708337 0.52810554447286 490.418074555459 422.667214095097
7.09611047076628 25.3502682400851 16.9980297319848 1.71554683644981 22.7842404360725 1.81312814575362 267.806883341318 459.956355222406
18.5414055801133 21.4491499621396 24.8174716176271 13.4361505667352 23.6516691182219 3.36531057982103 187.511577666034 518.532871242462
17.2931560156653 29.459751494872 13.7449053584193 21.7432094252446 11.9353561784041 4.804135598445 485.793712502024 453.349722354187
8.84008412870905 27.9060071417381 23.0406554693054 19.0959394168011 9.24689791901682 1.7397531461004 308.016870251921 510.315970231648
5.02668876883922 28.9527780092366 16.8748519510471 11.5912936597621 18.3966484619824 1.70256241537098 456.297232314888 441.869546620624
6.6580909186884 27.9661523189352 21.7516789839668 0.971978322394944 18.1345353151496 2.00068929553823 486.861444501838 233.185556499113
20.3571588293867 28.3889573494976 13.3630948429305 10.3425968453495 4.68177491946245 4.23778872568343 397.704825710587 467.92939334475
10.868010751187 25.4947208604844 23.0889737688782 2.11432464420928 5.32431564114522 3.06044315521218 465.468660406929 298.635712114401
10.9968922444947 27.9252831578771 10.7846483160549 20.8738815562769 25.3607479854409 2.17448748508651 519.113644772636 68.3543414306566
17.280013521342 29.4875133297004 23.8818585747218 6.12120907873221 2.60905182678946 4.8740270807537 150.158953441612 466.112425111783
13.0409466417617 27.7146290481878 23.9523368442471 17.3334015614453 23.7590545728681 1.14344221816207 477.36890180849 367.966517206104
10.4464357826295 28.3315961370851 16.1199981658862 10.4364644884194 12.3502301359623 0.540942689692429 522.115015252636 208.197781296603
10.0035025210483 28.7350709219182 19.3704866733148 25.2822096286425 9.5454336991788 3.54193332796025 405.136564868982 495.246947526138
9.18131173525549 28.8206910262279 15.2195058702847 9.66992751923318 12.5501669464067 5.63712136238914 450.142115297924 378.582472485107
16.7193901898436 24.4849853867842 14.0740740846145 12.8676284108513 9.53583359319549 2.78907948964527 422.819490239454 477.423353134556
4.75957625635466 28.6786686879579 14.1888563297045 0.720759538312862 15.5652353840606 1.07091327775383 446.121462897026 216.592063541316
17.6236767183862 27.6606450944261 21.5653230550316 10.6378181815504 21.8866825933297 1.99282895395464 507.735004563941 261.984547223249
9.28280685939139 29.7453734077388 15.9582203523136 10.10858302324 14.667398386187 4.67619000018102 371.718506241613 458.288601009835
7.37365676061983 28.7437587561754 19.3078290213792 1.08608339656543 24.3110732922216 1.40486406145458 247.069308540949 503.839944347589
8.18366835094303 26.7990743823857 22.3216152646644 13.6491426040075 19.1977373158113 20.2618106311165 473.655571696675 386.125578822138
10.5337028807272 29.579137864273 20.2059322156566 16.303834988093 4.9031475455946 2.4611082202105 344.388889459762 487.273753646437
15.8875136572264 28.5933130940424 18.3568437342301 18.268128437026 4.08353364852205 5.15658473158495 465.395904441343 461.226871503444
18.6068040831147 28.5657014145789 21.7863426037954 1.45005161520129 20.0427737676806 1.66245236988392 380.43099282062 222.960179384304
10.061222059878 29.2426656940486 6.76614740562796 28.1168618422155 11.7298091548835 4.54915823206118 485.68762960702 421.079395186216
15.3421182248589 27.5347885004562 22.3980699445316 0.936197296846561 7.57528629612221 8.71567577698615 366.628400251419 414.306659958604
3.78388677097352 28.6329094442358 17.5337628085978 12.4918047221537 14.9588373155123 1.72760682711426 478.755596512753 458.703980311198
12.9134542403472 27.4955821220463 18.3246186544666 8.77305447394938 13.357415133327 2.5966348022046 282.258199259303 390.060943826317
17.5091061072522 24.9561794757516 25.8211668299061 14.8403360335647 26.9544853242527 2.17091172953731 332.569572159647 511.3831856912
24.7208279798778 26.3378545008206 24.5159933197624 13.6253994163078 12.7972185616433 5.12100594857222 475.129227540538 391.073971642364
10.3553097881666 25.9631118048501 13.6398859326787 18.7282632704623 13.8206612740722 1.83162842451493 480.662408507424 436.177843371801
17.3099440576387 26.3822103938355 21.534017765405 7.55176230776247 23.2740849659096 10.2566547936951 263.814351125953 511.695079005635
11.0647299680476 25.7756406427281 22.7513109792329 2.57575214474474 7.18061949297176 1.5709459546757 476.793070529195 241.573089604704
12.8698177453513 27.2720840614573 19.6208155327344 11.2992997143638 9.94630769600346 0.686315849618935 475.583147838453 458.639127850739
12.7792284370626 28.7261298822755 21.6618340437974 13.2491011834274 4.97720733675732 1.53216172779875 161.430177168433 490.879662627218
7.81929120074409 26.4300466448117 19.9900406154525 13.8203098507905 15.7058902233026 3.55748277834536 440.54747862383 438.942698318556
11.4268471379416 27.2480371597907 19.1578315877462 20.4706520411588 9.24930919859842 1.7834433293498 525.092883827014 272.298225547669
11.1001577327191 27.9125054835686 17.0192366908123 15.9115425564438 17.7537608577695 1.58053901938459 503.417250633801 325.533469308993
7.08091370495515 29.8865473891676 21.7582465824355 3.76622991027084 26.6141659153706 1.71931481228833 492.892912379248 259.768953381153
7.66330504316536 28.3806073895076 23.0306754422919 5.68827037945826 28.0220956610362 0.396582458839367 417.65541848486 407.489315136438
9.87521066699327 26.9599148081027 20.7091004852581 0.488438789149177 3.4022418447863 0.629167031460279 470.341964192261 33.809937905007
7.77235969062325 28.9371874204951 18.8480956972981 5.26297101093116 4.93748150339047 1.91895833976352 404.794456366272 369.523632571897
6.12957060378302 27.7589900202404 21.3640859449534 9.84715943497958 22.0247957726347 8.82936474195228 440.728932277757 485.929567923052
11.9936743384322 25.153927551714 22.5767461527767 12.044597056632 11.5597016759673 4.49289958946739 412.992559086377 529.730495286321
13.6424422085415 26.1315037868004 17.8676757216318 16.6873625801676 26.3577405139881 3.73634186945385 457.179501244217 470.678686411801
16.1410755191813 26.5626801018473 6.20581602287514 27.6666700745863 26.5987576448793 3.37280672086454 317.995282452334 510.772203886795
8.64112201165221 27.3984283936758 22.1393345578132 4.36517442254433 18.2065485996187 1.26574915881246 488.654238382656 260.13332775819
9.60934581592691 28.3793965322692 22.6389792553659 6.32995370188397 5.21959986578169 0.946558872761166 483.457118702088 300.280803360566
17.0093710070398 25.2688507356812 23.3934755898908 2.87420606744091 23.0930442192107 2.24662578940993 481.875754444436 267.048522171478
10.3561867130624 28.5367967426546 20.5352657928984 8.44086107110477 5.9154981033798 2.57664846209254 348.463275060834 441.46399982192
9.43084798999439 28.1576689386253 14.6217707525845 17.9159935906281 13.7405558243449 5.09918167009696 497.124986843362 378.579908365948
11.076157161678 27.3308488290999 20.7460018150486 4.49185629159598 4.00002798727218 1.69942771614588 425.605853822185 450.004160861461
10.9734729889211 25.0733122313639 22.0890819643444 4.83316562021262 13.8753145526566 6.15822960836672 376.650922696176 475.897656917223
12.9225847867632 27.3971557864875 22.6538969535929 16.0436906476245 21.808524295297 0.627461206853185 500.967005722433 374.074336800986
8.49458901616248 26.3504230034824 13.0728598173414 16.1978148189137 9.27695321667709 3.01043695024255 469.085112377071 395.461460134678
17.9363604597434 28.4353861137449 24.3753504783286 9.39025454082881 2.85384447127762 11.6575883416319 194.52839778285 489.752809408361
15.1037690089872 25.1377198203898 23.5288014889869 1.97321685298067 14.4005648981039 6.56326069696652 396.588090213797 402.162201482132
10.1512276300032 26.3955210490489 17.0538664275444 4.91760318876951 23.1676601219195 7.30983131019729 452.519145730765 460.659018551017
7.21524981576389 27.9669557516222 23.3857195881665 4.65147994130331 25.5005927209385 1.37457831496148 390.755415786439 398.478612532464
29.4160301663291 26.0355424704386 18.3043732789201 9.06777966685042 21.8934111427506 1.75743539097327 410.328281119443 371.032396816633
13.5501696460266 27.825017433736 17.8284931490939 11.7508239077683 16.3139251221693 1.63885115994997 263.692196375102 475.88833214994
20.7958850982521 26.0666503427643 18.7375576136726 7.33306763379421 11.2068633050601 3.10533330107039 14.0790797420093 438.992929624639
11.3551236747437 28.224570599063 18.7443113779462 10.9425820666818 23.7693315705536 0.352608427228575 449.129084959421 423.986834788035
14.2080995281046 29.0990155092006 25.4047018388315 9.28283829929863 6.86531482377985 1.898889300321 361.24643010593 497.673679460162
7.19331028610771 23.4895442063952 16.3261302236144 20.1744206382444 29.2743365402437 7.09421359792771 456.074357213763 457.826322705869
14.3996663249703 27.6898787313285 20.1174226229389 5.13709057645155 9.37117765157269 2.10972064955778 499.344325932123 56.3386091564884
10.1960128504218 26.2374874070228 21.8175938711839 1.63897619820476 16.9956570592838 2.20127538189595 333.664997067008 482.268209854772
13.1313652683322 27.8324470765184 18.4521569463074 17.7163783212634 21.5940358493838 1.18406518882958 344.799003332571 483.890665131272
5.63750898924757 27.637154386997 19.0824584301929 0.59998447246274 12.8395777808741 5.7945633779167 274.623771937825 225.891661269729
11.87237081016 27.3614462351862 13.3586031500802 14.5621773369323 6.5979697752111 1.19174322456279 508.226558448915 148.543851741891
15.1703092351923 26.383768438396 24.3778097777176 9.86327323173089 14.4451404177297 1.10122849389748 470.742518869886 368.524296394576
7.12087342487568 28.6800518359017 20.3570800082222 6.11921123213432 21.9833355321713 1.09460557744382 474.805459197808 207.411540761273
9.85939896720997 27.7904336775284 13.0090218070475 8.96189782175956 7.95765190671838 2.50879375318636 506.759302689909 431.710748165444
11.1149309130373 28.1498041796183 19.9112786270439 3.22290207364109 19.0336267212177 1.55020016368791 382.480463774541 482.849807147554
25.5635313058051 28.7916332439266 26.038483523421 0.273614619228181 16.5856250158233 3.23677063469266 36.0508867577575 340.821770750428
7.11478648024269 28.5231100355599 21.2393706670857 0.611127105865493 21.7177666569357 1.31455191800351 416.144153682156 48.00450003589
11.9864894125127 23.1389573247603 20.620288260979 10.6330579430664 18.4125647229412 6.59870163346068 401.081807977539 487.390540111323
6.9193562816061 24.5695655850793 18.8409651439964 8.68286865487529 3.28461597840074 1.52828390188325 493.504158763431 450.071656980532
10.095117281351 28.0129073829499 20.3305075945259 6.94360212400344 16.1772179612881 1.55411725392881 330.438060731872 479.231839865216
7.11125566245873 29.6628060222913 18.1807226161072 2.27610918223402 15.8565579441725 1.29797734132245 456.111591652889 469.970750177743
26.157303629629 24.5194404186485 13.6044094419479 15.419250817936 5.53401981073432 1.08590162609102 457.866793616129 308.762849952117
18.0093372587137 28.7792699452584 18.9671021889202 4.32741385024807 2.40022270484203 2.72586856331971 456.289516450313 504.379149707396
6.31274062026436 29.053617723121 20.8548009065207 0.198011299982518 13.051302145434 3.81736577306447 268.684769137558 130.323477365852
12.7610242502584 27.0488743583281 18.5201813490481 11.331413199909 13.9256624399467 0.893756880132539 485.909743063247 425.49043138999
20.2016271198786 26.922973992545 6.95017676308131 9.00214074058249 10.798670463472 0.845937579760078 369.375417059171 375.701671819497
16.4324549426101 26.2433894386168 24.4904626958469 2.32525623248501 23.5129965497964 8.89670631017939 443.617339160528 215.754517155613
18.3914930776219 28.4947987078245 25.6949471447994 10.1422456704648 10.5960152830211 0.805609113839047 267.574061862817 496.091739435786
10.1074876074261 26.8972260755162 23.5003881300241 9.51759236655547 21.007174224016 1.56937289764982 499.11646385995 307.796260680055
17.2463494500015 26.5019737948968 14.7080012711449 20.2809279468446 15.0176344987474 1.38504421296767 261.907607191669 500.016938600849
10.9753336159972 29.3843518924747 23.0003523241052 1.10546202159466 14.2958751951382 0.512859053935721 339.293905506586 523.390887376332
10.5106194297308 26.7831710877023 22.1287486438325 2.05008945121705 16.6869090205801 1.67841988399415 435.211803063071 309.791553448883
6.60696260684625 28.4494729164518 16.7050290912551 4.77207885770034 20.2094002417273 1.14885298769108 490.674035892535 348.841782186468
4.19836431017735 28.5246654587357 14.7442263927884 14.5711960614093 24.6438020960007 1.73870951954028 454.991859390005 505.446257541625
7.77668999270643 27.589926498971 17.8096382675573 16.5980937772721 12.0184540924251 6.87243401638939 454.595442405416 486.896026100709
6.48629180974281 27.5394025965802 23.5175548643929 0.890057236623986 17.6773447148278 5.04551409235716 479.355637754836 321.613556357332
8.06416249026472 29.1910460718547 24.1481802912763 3.26507494233709 17.5402402140588 1.16694850645386 393.445537584556 506.599422339551
9.61462996122278 26.7277230046884 21.9931147136041 11.4954908555107 14.6271785108233 2.73347345630419 449.349417659963 458.460036978859
29.7313128396802 28.1028794141864 21.8573710987876 1.41517550474971 29.5155407746513 1.73968815130609 324.013102215431 199.584110840121
5.59699146281918 27.4281243827863 14.7975700355602 18.9231335979698 22.919052507265 2.20491998705382 514.763896696113 412.606680167131
13.6285886721967 29.2239021290412 24.5325755041082 3.09286045346172 20.151516382629 1.85963290933565 329.505995192724 440.933711298155
13.1395503375891 27.1524460876521 18.4790833882089 9.55981191423429 12.8779530824508 2.19153525327089 492.480158261399 206.752039672167
10.8387249922528 28.276742811276 24.1260498048151 13.1263973384313 5.92309403431631 2.08841127398686 423.658584788034 447.765770644136
14.7606426744254 27.8241727888342 19.6556024573166 3.83661595272457 16.9777321095776 3.97538377861295 519.132096981172 47.5515725103357
14.293343230847 28.0403813962104 20.7329779395008 12.7842242575566 15.5741717974636 1.48243176398584 369.632403502151 462.554811852449
13.9095268070903 29.1421011369226 21.5870497705962 1.55077843078182 27.1963029129603 6.40891730154199 271.524027944526 366.795413898546
0.559816555563396 29.1388440533564 21.3731589741234 3.72863541412127 21.4591831361478 0.717681048714048 499.752452727787 254.457106551124
10.7702147669731 27.9661212720784 22.592090624926 9.65291894781886 6.39175291740445 2.6886207975478 439.902722305541 451.910260200755
13.5045842977803 28.4214700261516 17.9896937427461 5.19536678714221 13.2032968387199 3.48916278843483 467.172421015941 354.356303430361
4.83939755881869 28.8073311842762 19.7125890662113 23.7537698331659 4.75786729268853 3.21800301548034 483.343763884481 350.728570447834
5.6871378494916 29.8857880562197 16.8543151041255 24.430893723092 23.3647658472814 4.48327743792154 491.340269862629 437.876035940243
8.89673360177512 27.0308571624565 23.1471787103479 4.50076917459161 8.62389130167944 3.1464366726637 461.228399979112 203.784267471861
10.3717962057141 27.4937598743359 25.1436198167045 2.34166076519936 19.7291761605889 1.54597384467419 391.470688938156 196.995994343042
2.85716899427463 28.6866254633622 14.2178138380342 21.5303000413946 15.0353239543174 6.00293445916227 486.645219856512 164.478171038988
13.0148164729437 27.8426658053998 18.5279274156131 15.854552509136 13.4520415046552 5.26752159581113 353.527463117818 520.323556553568
18.7426382969409 27.0417240134139 23.6850272637589 5.79704079363337 7.73240649469767 0.800795410885148 451.273552760075 350.347829030047
13.1152670800098 25.7705583985826 14.6059428377965 10.2090295113595 26.3201753150276 8.07022391738103 251.986543375958 170.781053333178
9.24964717104958 28.7852382647794 8.62224485726936 12.8926620955621 6.17519006985083 1.53662097544894 271.342790215054 479.58413725088
