4.96251471651866 7.22319567634748 24.860526856195 8.43046492091405 6.18364078352476 23.7171104070355 498.548694840697 367.584099920296
3.14060802324852 3.5614283027678 23.0457904824919 10.0221024612134 23.9767306355989 8.49456058159277 378.473881586631 497.145387844522
1.50270750976259 8.37606032928767 24.2444956147527 7.99831840717454 25.9904418600664 10.1458551897543 452.612571891993 457.108507859968
2.7650192339973 6.935920924234 25.4745557255719 6.95092531079377 10.6255440936359 5.35574963840315 309.641910564268 505.040258659741
4.02737840235865 4.48627981986828 22.8582069852447 7.21112299764374 29.6600586089286 26.1562564970202 343.35430611199 495.036881405432
3.55265159493574 4.83726434371171 20.6864728309435 11.0471152704299 23.2380219177382 7.94682681236178 474.101782529969 441.359072529658
3.02312610497598 4.11114810109973 23.182706122667 6.35267264437915 13.8776659150722 11.2505899421192 443.024481484034 465.689569939404
4.24311293279798 5.63262038162489 23.3308997241407 6.32583619843653 11.3126872431997 21.1233443226481 362.052426031729 504.693884908121
2.081264863174 9.73808001713576 17.5960000751732 7.77758659341678 14.7708091548213 25.0589678488343 494.832599001481 442.16282073496
14.6343623448971 2.48665214432951 24.9985608348495 9.43536643016528 21.5313375908149 23.5252338919749 479.459495716486 470.320032201726
2.08829177685044 15.9462579690302 22.3932240144591 9.43852367964666 28.3984002228121 20.5725428034891 448.216901427347 492.15810384698
3.67175715966515 4.40192520857095 24.1163066269181 6.99232597809592 24.3786260134851 9.66140694621509 302.685527480006 502.401147157191
4.64170832447698 2.76101633595132 15.7429560518657 7.60712293394069 15.6615851539619 16.3053930815992 145.581003298943 531.997894636776
3.42622864686058 4.8728826954748 23.3246065822784 6.90821843090542 20.3884536326104 17.9757472098528 472.857717578211 426.002861876846
2.32393519705896 5.05861793086461 19.4636450993264 10.5356350500257 11.3876090790002 18.6813631673354 485.820686206027 383.06326297458
3.90985749967088 6.4529445252428 16.9204669075186 10.6113330911558 18.3756812051612 5.83128973993095 427.591930527658 466.250547787512
4.91159498181496 6.49187063657862 22.6337374244687 9.79572928402865 18.7027511224757 21.8516212680995 360.640267454586 509.574680560026
4.51929187408485 2.66533805163949 24.2246592319302 7.0767906679672 22.4989427159802 25.8222730518698 261.825846215111 521.818864912676
6.0818237846 3.46628406498169 22.5501026747335 6.36646133370534 21.3367507253289 29.7659589301274 347.582079474179 493.347795475065
1.84528275028705 6.66727495273 24.0364849382956 7.02089566396456 14.0701523406787 10.8703889104636 434.837047207897 468.925021135699
4.19870826126884 4.2825883404441 20.2996158400379 9.94837044507064 14.9406637670524 8.54626427221702 324.114324652848 487.052695772611
1.63429259850633 10.8919525361103 19.5976746631255 12.1123526373542 23.033372239906 9.06986497248822 440.216085306106 488.611937545367
2.20535267930116 7.07901107602554 23.2640980426761 11.4442383171782 27.6195283905746 14.4303794871885 467.98357419303 427.860133660436
5.32496644999803 4.05792598932012 24.9997674199417 7.38241066366183 9.23199647958131 20.3936304636238 394.157753515646 500.007936006803
3.25463115714289 4.65652373145525 25.0409003567484 6.29467995295493 14.2523451943379 19.141322652428 157.63449316807 515.526790599032
4.78315576513131 2.99227944064574 25.2154167806238 6.21704909033533 23.3366596517189 9.00073673835519 198.412061089836 509.21930938786
5.99775624835799 7.13782680222073 24.191922179512 6.50544177111763 15.2855574854424 6.89841488255533 219.304020395627 485.137751150593
3.47111630099308 7.46010409567036 23.3705576070517 7.77199987754835 11.1086983015879 12.5939433298784 465.12252386735 438.656491610013
4.58022557392835 4.76541864220254 19.9812685954657 10.6430925100041 12.8379132911629 7.16035513233109 453.828263973753 457.559371398765
4.21043442957103 3.13753198831251 24.0757513046961 8.24933696434428 25.3592501901786 25.2413524458183 434.004651492557 478.818296286605
1.3915420635425 6.2380863948843 23.0830936458628 8.01679682448995 23.4890596049059 7.09127610265854 388.520860033097 497.302399894377
2.99370119839729 4.28915101855388 20.1692535910157 18.6605857105521 15.4207616923476 10.8605038849939 204.306515526725 527.746470577672
3.1678541653882 5.9170091311065 24.2221924056724 8.57802861278342 5.18631384868038 3.97711710511663 481.601302782041 425.643949242788
4.12187605015743 3.89610959139989 17.9221374688856 9.3171095081286 11.5522214468921 7.98552483546771 436.804290018993 444.339956691947
4.07130517478076 4.52961812370382 23.3710226983194 6.69422272292819 15.799317887573 8.76226951823282 458.69746450166 488.328407759418
3.04593330210432 9.28986797391989 23.3885218032368 6.06811126516872 9.15701101575847 17.0527697902839 348.609989727284 472.445175929388
4.90678756612018 2.42724840587416 24.559444330109 9.5726233417105 25.0714702528754 6.16437675785527 317.649850621829 512.069258008966
5.30069260207443 2.62249667686095 15.8840050391326 8.57552699958655 11.2094598227661 20.7746825484596 489.53360876434 455.57817429513
4.62401429662306 3.92222781266688 22.3153415827946 6.59252082675807 19.1642115923238 12.268179997453 171.859623354106 519.170332287352
6.21118805937967 2.89160794659498 23.7603681482919 10.3138985744219 14.3848022860015 23.1529401566393 415.513459715655 489.121766770451
4.12971116282345 2.70976999824759 20.4380060896063 11.3151639215623 10.9332699828383 18.4645711247643 444.022237858306 497.276050803269
5.46016233631428 7.70030029850237 25.9082683272395 5.27554797176214 10.735562101765 18.2641504636404 458.37525537034 352.823157667317
6.28773879173718 6.56336851868314 23.9545689785751 6.08367752126702 25.2909472761276 26.4763314513009 391.490417314753 431.91572331661
5.15536729260931 2.60334881980422 21.7549039385211 9.85731113722728 21.9272235226062 13.7650719071978 356.31425628935 513.456985146669
4.81629136132764 4.98608597602731 25.4632906696633 8.16598544753973 18.2788963063727 14.8478174117535 283.727290082701 495.580931747859
8.56501429348378 5.34681860036749 24.0718647189428 8.84745089604854 6.7860016880501 18.0971835909466 341.748246915345 490.822979559737
4.26024768979115 3.51322242173884 20.9554852571483 9.58831697892598 13.1364005029745 28.5356593855828 336.141101685178 485.039449095457
1.80580916756205 4.64679837501432 22.1524511249769 13.0081583154129 6.42081178819924 26.7005159805853 344.41840782945 515.02797666952
1.50071744325264 5.40017101213538 17.3930200472255 10.0187863008478 10.6356342496452 5.11539861087035 505.794180250626 422.991739903555
1.73614680049563 9.15589438895436 24.9812082587108 7.42203239040963 11.7607505653759 20.0139907868371 441.870021198782 445.102056388729
1.74406987468555 9.13054417869663 21.1829229774158 8.8559122061014 19.8145488818459 16.8432812018671 316.338920046897 511.455542049819
2.50044121234799 7.57987148012761 21.6621867152951 11.8456321824215 23.6010903425956 16.582680111514 414.160416408685 497.08915140976
2.99167353659558 3.53817601564442 22.4472576828003 7.30968697337637 23.1138901910122 7.14578179470573 279.729208508291 499.053209985992
4.34857601194118 8.06722861712303 24.5078177769886 7.35188619531226 20.1690709561353 3.78011509408082 446.199426855814 469.02369062324
4.39650907971678 4.99983748483285 21.210087618619 8.21862171334831 15.3532903315303 7.72276121010819 414.838216572886 489.498060531226
3.57239017530303 3.54934855829756 22.1687872985249 7.01703805524194 13.6094811132273 6.48705702002246 455.97867959127 466.560754046471
4.03675386391628 3.19909390467429 19.0948354997246 13.4853756371534 15.8184138139741 7.10376125054062 377.003244435028 497.132941180516
4.33268011601005 7.73079451231507 19.7245504935698 5.38930032747165 7.83346639243603 11.5035374875017 476.806549792769 466.600437002923
2.06446613573431 6.05795408029093 22.7036018761924 12.5595510427066 10.9917917156897 8.45794433515228 453.93727741495 443.493320902896
5.5842852516763 4.92044988032105 24.7721215909688 7.39447607453556 16.6245589870611 1.66167641915782 349.237595028224 505.109830522493
3.15228031124246 7.26861341044909 23.4963883538184 7.80559742697168 13.5478464751144 9.92846613427801 419.32512142534 491.843540344301
1.95134154314382 7.59486708008002 24.8657625893293 6.96041250877747 11.2924788264354 14.8666028322142 415.598999999347 444.101599343172
1.442816733223 7.29813483047251 21.4641888932836 8.9924191284529 18.9539287210763 15.0259535663143 350.184632924432 502.001516527251
3.39585668725643 2.00346635733949 19.3303683680883 9.41852449157815 14.5322773881269 28.6876642994089 474.047361117372 418.406594533899
5.82207203263254 6.37695403306116 25.1304713048569 9.03390535276827 15.9577746167729 21.7284333080066 278.669616705697 503.549393442634
2.89966679121783 4.1899694572979 24.2417836120045 9.30776116360824 13.2715384464822 4.75655714494151 307.209581335569 512.598447713821
2.53357592776041 4.76189163440401 25.1636969198004 5.9748679847731 6.62730458173226 25.2633457881071 491.592032069125 343.381399371913
5.16179480094164 3.17342204156893 24.0571520639621 14.6332769545636 17.5111081498954 11.6725361824411 414.198899097821 476.650810440986
0.947231682625241 7.22084861772005 18.8574615185881 19.0020124014453 9.70657054525576 6.13664790739001 232.472334143127 529.475260942481
5.0843661959614 4.2043066624039 25.2850704514102 7.73504395902803 16.8458725586326 2.12460045485616 407.653160872947 470.321773048491
2.40084031571015 7.3311112637176 26.3936798537811 7.69554253770141 9.58584739806703 2.09114502370428 445.661457749452 473.483503865638
2.897058177788 6.2231741542279 22.5190191050016 7.48866691677876 28.3728885339863 27.5699108489833 185.219004364547 529.250295794226
5.12170554965711 3.8225822530624 21.497091071539 9.0469727912098 16.3891270483721 5.89436544332131 488.838674102119 447.997764267874
2.2618832987137 5.27828447554793 24.625524153814 6.99766598941509 8.45759228175616 11.1643949829429 496.910663676804 392.155563555954
4.90077328307223 5.54774595553289 24.0638426709113 11.9785473283458 12.7077056601895 1.87253347339617 368.764967507149 510.713008587507
3.58009394629766 6.75505396671484 23.8071359520283 6.92947709123216 13.1271630349233 10.2365703454086 410.356465448906 519.282608853798
5.58199945001119 3.60142834732933 23.6001321933087 7.99615166296709 10.7517883186409 10.0936552835364 371.951606664733 507.22137373953
6.20204369281586 5.35630009319365 23.8377884498544 5.73175827791113 12.1478109992384 19.3538863837365 332.054607349505 488.367676462674
3.71363153327525 4.15675004870025 19.4775676592979 6.12163426248674 9.630388574455 15.8666776125583 469.739802392171 440.909533539261
2.79479307290027 8.52625011551592 20.2255445626682 7.88414502127519 15.5409686021198 6.80504172921869 398.725260854897 489.702771947479
5.30326773447855 3.99828447844976 23.2971044481951 9.65102778393916 21.5951712149647 19.5225962884507 457.842496590515 467.059208105462
2.14344535043115 5.09724924844358 23.3053545551151 9.96491544291588 24.5431039531007 20.7501428690323 443.719612599585 464.16898503946
2.38971197682509 6.11751676345372 19.1406792987136 6.86344996046009 20.1193712158182 18.8682971852914 477.895802059661 413.91050535001
6.80158248310844 3.66475360769743 21.6587474995232 7.74846007355004 16.1527321570613 12.2941661189674 434.853044250978 410.243468124615
3.86034099594686 13.5145659375901 21.5348865368246 9.16967672756144 12.9308431216817 15.0050597234087 304.50604770836 513.065311329389
2.03529120063967 5.21285093598305 20.6748802159977 9.70501267349177 12.8943649920689 3.88227954448801 448.269350426879 468.438295577311
3.29059883125876 3.99735676067606 21.7566582661402 7.48365745427078 13.4088699141162 8.66510166035796 348.535232096126 503.768064901484
4.15192554818644 5.45654264940481 21.3305482898842 7.34095329036551 6.99304711003373 10.916550629585 439.654440765268 439.295161239899
3.09985464663214 8.2612099382807 24.4251374730229 7.54874479953988 16.6218598683122 20.774464177154 396.566232413937 496.91320584917
0.66097157264887 7.52924361807304 19.9177532179149 9.83516326288879 23.016763565309 6.08940461795555 434.116515331482 472.429248801089
2.89694084722334 6.45262802821078 23.7246332154597 6.90889044633169 15.7161262429003 9.59192607028762 398.328527912533 390.994749627081
3.3232831170001 5.51728196834492 23.279338624604 10.6643940917618 11.3543023940802 6.82933516190736 488.953096539648 459.35282316262
3.88652299863529 3.41112144677241 21.5997686230595 9.30333782383189 17.906440535405 8.22559637913903 430.206589295982 466.968892910833
1.28302282778847 6.95473573621353 21.8300897428452 10.1122769627105 18.3828872506054 19.4761483163352 499.373054198557 435.019956463048
2.56690661637063 7.49975853430133 23.4813093271619 8.22836108862426 21.3598439239081 28.6241432626231 428.332831042676 278.946722037137
3.04225783171779 3.86410322049615 22.6604356415527 10.9697882074341 18.7712072357548 13.7669359002098 369.810049106638 506.742465888824
2.36951942288764 5.40243265169467 23.3436015062904 9.28214327800884 25.6432164934775 10.4593095046729 347.493988625835 504.010042265907
2.42448248223417 6.45530146917112 22.0495890805498 9.04746121063627 21.1212988388659 12.0307908920192 424.525680344139 483.796442684149
4.44436870881975 4.24768166763413 22.1455326004264 6.92537443648376 13.1301208684135 8.43578530684725 428.546062254909 464.39672747105
1.98096448584348 5.08651963494403 21.1590622752264 9.71786806003189 14.7241850321888 7.10801805322005 455.784611751622 450.79334809423
4.64729333172943 4.14178225983338 21.793961224 8.45454656950915 11.8684747000324 22.5004405918454 505.087242036133 462.342458770052
2.55384943848813 4.62370118755741 22.1806200384627 10.209359336146 12.6092897380466 11.0107551258537 460.746154778783 396.01590984113
3.83550655562922 2.41866381436915 18.441733210619 10.9559288857238 28.4680441367721 5.65244184425003 203.542684846683 528.28187727919
8.61299497008824 3.2710560236448 16.0917032875607 13.3334317511832 19.7578580139236 8.38259943807561 443.492144282426 424.231946510391
5.93819445596649 2.94810048925407 21.9718483142304 8.94209041722416 16.432803810473 9.38419013409953 248.417612064573 471.900102732686
1.1374055922014 5.26039587263179 22.2954664757081 12.0239955544999 28.3956132046198 7.51331783807223 426.773443644571 453.665956885532
3.68753791609015 4.57255277235976 23.6095573488913 8.32324677457381 15.0495825899567 5.87729003700341 368.081217875667 513.813252059006
4.70396070710725 2.99156311663288 24.0963598437384 10.6400945273068 20.3219176395042 27.9197865766854 246.977898909669 509.223777006919
2.60987837777258 5.53377665659555 19.4291880536183 13.1235319014454 20.4327484039896 24.9346872880744 390.726942775385 513.901718001697
2.83326685175924 4.98782355949321 21.2679344375393 10.1035715815442 24.8788527462589 15.359683137244 426.740579692724 488.363387161458
4.81092762490985 3.3563793161089 23.8790356256421 8.43765305925968 18.6330190116668 20.9879982436461 347.952847552534 491.721739713743
4.44015734561558 3.61179245585762 22.5333233337272 7.93234105316029 17.8028610563826 12.5602818729349 315.69118280045 471.707624729747
2.92121461910712 6.25821976865126 25.1070727325827 8.13090211819689 22.5730650311033 6.41548708118229 267.5277883962 516.893182690006
2.18874182489562 7.96608825244929 24.4203594949636 10.0384472515169 10.6215778026211 12.253835898021 437.086108049818 403.144025433287
5.16635068039184 2.31689347125764 22.0716355682494 7.26905372380767 11.1611615868274 9.70917873834164 352.996275465768 500.955153955511
4.46862756428651 2.40895245362509 19.8566845889851 7.87078258002347 12.8255495445892 17.5727842895743 363.273829663086 496.74994115574
2.17425878207844 5.89154896003813 23.3906945538188 9.37898038732017 27.3818364713988 20.3557228683817 327.673373925388 496.4911407659
5.76505783201261 5.20119439269609 23.8900390141794 5.69890315743702 12.7386544525392 8.20888816595898 216.789309239092 509.174171998348
5.94947364737436 4.24824263889469 23.9567944980458 10.8970772091725 21.968699866167 8.07811042630238 388.14759557162 455.052508568974
3.75908019202948 7.8146079348794 24.4122600537469 5.45278733075473 6.89696414201032 14.0008206497352 488.408349936164 430.204489659483
3.5779133615788 3.43345647832969 13.4363159492773 13.6127100721737 10.7153121652914 15.4287974380835 299.905376831195 509.794323763018
1.71281805402378 6.37805919555297 23.8299671521113 8.31222296264917 12.5931724092556 7.837875417046 432.87896376601 467.072725455877
7.7575044295349 5.98164714759621 25.6094031819782 7.13376901634023 12.2467985694969 4.99233714004253 367.176546843881 475.417698156446
1.71623041949422 9.90527057847316 21.8607344471368 10.3919232655083 13.19141988123 11.7429118375672 228.674407129476 519.541915943649
2.27611479877433 8.74439361442384 24.2960615923404 5.42476900734578 5.85799786269031 29.0786591740643 464.066022160702 354.734534330083
2.55228049701945 5.3878833044475 23.5879878778036 8.83144721941901 23.704790494172 16.7159719598155 457.1927599048 463.547013154974
1.35528350591743 10.2320379564604 23.1790155426583 10.8773585259406 12.7289402416515 8.69625795579879 428.257329648963 499.59153835214
3.18205074688954 3.85291173071746 24.2267165960966 6.15990955034642 19.4383268574183 9.72648955583026 376.079126514067 473.119859759756
3.34992994311637 12.8482295043718 23.5526315927463 8.40941851863276 7.44056489269222 5.94926425123928 273.207140006305 527.277700672438
4.51637284259419 2.71246723480252 23.6615750541402 6.82509381118605 12.3719606892168 17.3218256954968 431.428392734216 439.296682760029
10.2042404728456 5.03856706858805 22.8016869581019 7.66028839625198 16.7604542074194 6.08668549192354 366.78942201419 441.918534967232
5.00399029173749 6.17748237127028 21.6614071893572 15.0477894400156 16.5078596697063 9.2376692270905 474.895083887281 384.873384339736
1.15567847296968 12.458908149205 24.4525958118411 6.14700987830837 9.76557151470896 14.5520303814122 423.109163166386 499.867362766622
5.94616915714335 4.78296591744453 23.5787220503063 7.28116600151843 19.98745652406 22.3408962356673 483.077181321914 323.535430837509
5.39606211854069 5.70079643253256 24.5296608425736 7.73914524064349 7.35537235045983 13.063100939237 444.975071237325 439.352338794247
4.95211454225651 5.99748490087433 19.9947669133025 6.8914067903414 22.8186317681078 8.44375998854935 211.743134107637 495.627048520692
3.44613971163028 4.98615671387327 24.8744056829038 7.21203649449708 24.1796004483103 7.75664884344099 278.021591432973 508.277302103729
4.75316665976597 4.10903129964868 23.6067994115058 7.75102386865848 14.3027836801022 4.00778954965164 336.733634161679 503.335173082804
3.80305204468583 4.4975860505902 23.6291373497975 6.90204788144851 10.3904577042467 16.2559770560244 376.143914911833 495.623629296387
4.42440443635283 8.44485517274816 17.2492468392721 14.5453876477551 10.4558547408828 22.0409566946546 473.050496058701 467.990653563162
4.05895662848518 3.5506153984801 21.2695214589067 13.6542437657595 19.3270927640875 9.06633255448112 335.951965209294 496.460051510411
1.59197189188558 7.1539953595285 21.0687295978707 10.808499298549 25.237467723373 15.0861828385905 475.960599016239 442.32127668502
4.92603086218442 4.50510352313132 21.8165403912405 8.47129651728008 11.937128615101 16.0248846065708 258.463168741212 502.998182859857
5.08601902320656 2.68948839952467 24.8547438166872 9.60478075423757 13.514763831036 15.365645417622 352.103393006378 494.45765947462
3.04129189018441 2.43215954958777 20.8131885041105 12.7584796219041 25.7123683687359 14.7869153169782 137.800418563385 525.133206321128
2.12965601453383 6.40832987554356 22.2541704823256 8.8794779698976 13.2128538585029 20.3206216801576 445.505155014224 472.811633441952
4.35379439027088 4.07433044366979 21.9139316667443 11.155945440085 13.4679604731684 17.2976587837639 475.829528243032 389.00222275388
2.55253181403535 10.5241983930834 20.5521578954859 10.5083338052136 9.72550236998455 3.2764201590484 419.639054066037 421.952367085846
2.29658334877981 8.98743164033303 25.1587703299535 8.60889996098146 14.2716279965763 10.2333628236439 458.270887306838 482.31227508547
4.0272646505008 5.17253577882282 19.2148551091472 9.97318430827709 14.6835911404196 14.0602822351293 455.085707072504 379.262593335774
2.47820813592364 7.18994294068544 24.4033853593338 6.55675107349557 6.98520147907648 22.8405925266292 468.359704950313 467.626616657079
1.95966312588009 4.99299545849909 23.6460987226507 5.99198086830307 11.111177038808 8.36020852298846 396.793334845845 453.449922783328
4.02693355186551 4.71079937447242 20.0489667144872 8.19508789193518 26.8339518097104 5.36404552664325 305.187326491299 515.87604609709
3.54312699697561 6.96353125417397 23.6168942575954 7.79931032591167 10.5857931870324 13.4574364682439 369.510307393652 486.974903967912
2.42340105238108 6.26293360219193 20.5753311586505 7.6292928419501 14.2776111961931 11.3040942426787 380.663612187735 491.499927386927
4.40707109696171 4.42940847214508 24.4931921521038 8.17939698773168 20.5860477591255 12.5090426395088 369.703569191284 493.352257712332
3.91871883543601 7.22546629097031 23.0523838740929 10.4958123184259 24.63091581472 18.8510780776952 299.743806296941 463.279209126469
1.95683812681348 7.02069605643616 19.5761538743187 5.76293947202978 17.0444931959221 19.0074125245842 472.696692207602 416.593100499439
3.22725221065338 4.53514747848168 21.2586705889185 6.73908818488025 7.74678473627493 18.7658514511813 368.344641768308 490.560429881468
1.46365190398668 7.49224546498309 20.6125589887495 9.54492413160602 20.6344499008464 12.8252599907539 435.908214036276 478.906174758751
3.846380736484 6.1572577147552 21.4036413848459 7.07671118049452 24.0081493158671 17.453927814478 282.703307887288 508.031370944223
3.93449556345918 5.85488869589214 21.8499332445804 6.0047301573276 13.2404741950102 23.654786985917 420.763186314142 490.475061113758
6.00310329282814 7.05826209667246 23.8540381068469 7.58295670618428 25.959045517575 7.03233510091686 463.65122234135 378.491503585766
3.51123119678501 5.01402968820681 21.1903165864661 8.90458694579122 13.3702394095452 2.34468599327565 325.157431351242 511.332735342727
5.64673982745493 4.01138661778257 20.1585050280353 8.82620918911617 21.3612790565946 17.7131754551044 480.889085175815 461.59856982196
4.6490377611102 1.94653879428689 23.3543151017089 8.64636774070586 14.1363884197333 4.39840784248402 399.408982359988 472.317032117729
5.98654838007978 2.6261337897387 24.008544332762 8.82527751866444 22.7511481012132 17.09435704082 298.041187773469 491.402943453148
3.88616979000348 5.81120933132321 22.6886091605301 12.1435642116276 20.1620954921789 10.7097942946404 451.668166946992 420.17679968608
2.83124313968725 6.33907668575648 22.4109007032439 9.00803395051305 14.6422607372161 26.8763449177113 83.7984644313474 528.539314028921
3.95557159949491 3.15301085646578 23.1859649716189 10.5944884424917 21.9790036345648 15.1152061030965 322.023583775156 504.127913842426
2.58655173043475 2.64263406782593 20.7664238365425 10.0870964096683 16.2797841296709 19.2310110636662 395.185512919057 473.66521629273
2.10616591871432 6.87968655430033 22.6208001252922 10.0592306645656 18.2214532707883 5.86820458169685 447.90925328356 446.632571673281
2.08781375329002 8.91857340908862 23.5744762191923 6.77765349384755 16.6308208716784 2.35273296368092 460.62804973533 427.362357790792
2.4186922488626 4.80895185514503 22.8448909130676 9.32737237673463 7.74217480551667 27.2698394991144 331.588566042321 508.640598135323
2.6070010949335 3.84178701156741 23.2252906515252 8.01027817908962 16.1876756148988 29.0151978592516 435.590351691292 489.881286751226
3.66480667172576 7.1617486735294 23.830400594315 8.16297764600725 11.8186623932031 10.1866693618224 384.281493984671 499.836232609371
5.50133775825936 6.11706849356182 22.3939393106534 10.1243194427522 9.31065970245807 3.89886314899137 496.524701730924 265.836627820235
4.75191198110492 4.42725712844279 20.8219114138875 9.01976075692576 8.68275172081094 14.5446660386572 412.450849295967 500.663681381555
3.18460100512634 7.56433578825364 21.4599295062374 9.9245384188862 13.9856619275503 24.0875724682754 434.362159298092 494.716048460844
2.53184313796776 3.40549150393092 23.4130897119311 7.99321704061459 14.6968790590757 4.58844178101667 427.434640589283 491.25724158037
4.03477248872759 4.5261727814276 20.5907909948128 6.63752771635408 19.0198448808759 15.3266685513597 293.036676103912 509.039933236994
1.64747462969549 9.66150069386903 20.1855019613692 8.52487514338657 19.4487260891759 4.95516690038305 459.141081482011 446.565733391018
8.17594022473381 2.44537513840256 26.4733120209031 8.29324832388004 15.6282121962035 7.67143777753164 435.752285038471 494.454367462081
3.34447230417691 12.0072969105059 18.0156144783314 18.9060194363466 14.1878773919894 14.5100239575358 439.762207643269 470.071244782833
3.35806874459756 4.30135699459252 23.7340470415452 9.68810432072938 23.9093237838034 15.2614018464573 495.973067642334 254.167432464114
3.60173263439976 3.83987717508078 24.0251295639465 7.35045716272052 9.50924151459811 12.3054294797318 423.566713886666 484.930972339119
4.27335607620443 6.26174540283192 20.6725441583477 6.31156426300023 8.79579679717723 9.93334247422413 458.883552063069 443.84406466304
3.83964843601025 6.1147476578903 21.4431770208568 8.66443848115822 25.3198676337527 21.521565799303 402.24795897484 482.498650348002
1.46838255501831 5.09677883784481 24.0517432518377 6.55383588089091 9.63810374932797 29.2801399610264 508.82456031288 372.381959348595
4.80638270755135 3.81260867181227 19.7318784520979 11.048021071415 14.5876315245003 11.7444279767638 394.833653960829 485.204432667908
6.48095937071917 3.94218595220394 25.8871059871262 7.68146550881559 8.42895308202041 22.4895397202296 335.09854814896 513.216166851984
6.0452104008873 3.36846878754203 26.0084700536797 10.5469699974306 7.29361522842578 20.955540286996 372.459079085898 494.785701199015
3.67013389273876 5.76886209719806 25.3452342086169 6.39303985293409 10.9572295285177 20.1533635716591 438.311939853638 460.848318184367
5.66116499337701 3.64289600707771 21.2768737783437 10.8359499573052 14.1864560697158 9.50112209167569 287.392311043749 513.344771478539
1.53768414100588 6.30269241791469 23.6020874042242 7.48100533834023 16.3004957516704 11.244697887149 453.831108947987 453.472087130623
2.45683133621991 4.238652302285 23.5783741659039 6.72006103071001 21.9462667409178 7.48972356033562 433.004666337746 448.643627830465
2.63209743184324 5.04420896293967 20.5869998502343 9.76976517912721 17.4184798753772 7.23106661329056 379.640400900864 470.11730609236
0.989082389250685 10.4519210571821 21.9847329066888 8.16880686816101 23.4924833411972 10.919090958186 427.832869976561 463.198103803054
1.15108359729703 12.6736486767313 23.209951865443 8.97747281259119 7.36874825508977 25.1820674387458 387.495582301548 506.102654227775
1.60608262944376 5.54603928424552 20.8951008729521 8.4555260204975 23.9290117248608 29.9806851093442 439.477485534706 417.560854637969
3.86223388214831 5.49888227226447 24.4683252088039 8.52357465429383 10.8291947562992 10.4204272937354 376.73556045916 486.874633920366
2.74370545307418 5.80591593704676 23.3557806135144 7.79795214991617 8.54954498416065 14.3999571511284 447.47432284978 305.804570879198
4.15088948679638 4.1430732112046 22.6403303844467 7.7499112173755 12.4319725148952 19.9338513941648 381.799619540835 498.940258155824
3.55647867606859 4.55439068155499 24.7023032005284 7.46686470727863 12.1657489494491 0.754096216883477 336.98616017281 512.023528005005
4.81777328064082 3.724676554849 22.4352576956179 6.77918600650884 23.0818590209369 7.65182962205099 393.797391619704 495.458098915568
2.50050390166498 4.82717433719248 20.8198211798333 10.0853598178994 21.2736012173447 4.71467662654066 404.505129219163 496.722320018615
4.10418270126371 9.11516786095267 23.482698947673 7.89079201059455 9.90989590054444 10.4519474294136 378.836186141489 502.772499719603
3.1012030083088 4.2990585279039 24.2369790095496 8.86219444870152 13.5319140576526 9.05297169034437 423.4621856574 425.531978299273
2.69559667764239 4.70627966559176 21.2555484638804 7.4195266937532 26.2633606510885 6.55298869433715 464.56389607119 467.540615748873
8.72393734873547 1.77309922060021 22.2765781817387 10.2896526363674 24.7857194805642 7.52454177634197 364.13793356867 511.957765089214
4.66753212315602 9.92921231224812 24.9583989033419 8.72466413408775 15.4496888810969 20.2456084124477 338.155215407089 510.043681191104
10.6740887150559 1.99381096392622 18.3756303165781 13.4498884927299 26.0485314487406 19.5674440115752 378.328188830639 497.348834709617
3.18526310971449 3.90193044396024 24.0612191539997 7.565411874986 13.7246710763786 13.1388337940693 270.679041840735 507.326085927145
3.09821966340207 14.030703255494 21.8636775000685 9.29641872415487 15.595093369271 18.6321087711892 415.304386325654 492.654290695944
1.12853768168937 5.66888636754901 21.7285049255873 7.9190879092985 20.7534232850609 9.96628314907468 487.325251720561 314.898714782784
4.62452677205056 4.87934573734702 22.6248244871187 7.75912130685102 18.3195876243977 10.8722084350104 399.233008767062 467.440649499679
3.23204062709051 8.39901169947317 25.0079155916356 8.30843403503366 10.4648515079785 7.13532264968027 476.801746400935 408.262296541312
2.63973074197386 4.71775591475501 20.3772730731939 9.65151983429169 7.31055296755784 4.30420543889974 298.796872116357 508.105310255029
2.56044691178653 7.82692953644624 23.3777345755098 8.11425016822828 18.8882381432865 10.9879459428643 407.894921631728 425.197458782482
4.69457785865969 3.14287513052255 11.2641134326264 10.6996925849114 14.3352165068591 10.4559291323429 352.927125438118 491.432992153553
5.70510676801634 3.42023705331905 25.5153258100712 7.38330396573853 25.2724596992062 5.80309423781572 326.591752374905 506.485467823294
1.81904519000546 7.15997245462042 17.5179304094017 11.3679984198518 23.8128410421237 13.4040647528475 422.58460546831 465.328253230607
2.31887281877512 13.7618803777116 19.6744389061366 10.9281984825665 12.1275688542843 11.2812720302209 201.297391984237 512.04886347728
5.07236499961271 3.40337981327326 22.6310131355983 11.606391623271 20.654666905409 24.3868305781911 480.44525526959 450.946751763624
5.19804222067083 5.24261993269173 24.9794860396844 8.04798825995883 15.327674119509 6.63072100789942 57.4379149046688 523.996334778535
2.70852712413564 7.23492721044235 21.5003540648474 7.0180253216753 13.5348511393897 8.49768979644194 416.910856764964 455.286335783033
3.86891808323716 4.63182195233306 21.6175710422282 7.18178502920759 22.9786023650657 15.6822727653174 351.372810071887 519.989589155831
1.30200291431396 9.52841252503114 24.0071922374226 8.37123388182193 26.8831935732842 21.6065565072253 370.303894329521 516.314223012025
3.92122349167429 3.69970724613145 23.5466684733137 7.11287236660446 19.0610729405233 3.01535777318319 259.032004669949 518.881905357605
1.87255846145038 8.39844343072219 16.9250460943294 13.0261170790846 22.3711636330881 10.4415263188519 399.456708300626 502.093383278737
2.77419144711323 7.10115498367273 20.5799157371445 10.1543951690083 24.9007414271325 12.0283441570573 491.950923239518 392.733514538065
3.1162566453917 7.36527320612792 21.1913583322128 7.07978523584166 18.3465781241459 6.06212413007775 440.289321640035 437.261514302052
1.09315176325704 9.73006391259569 23.002531707702 8.2513834314272 26.1265262264077 19.7128083602237 389.056501467567 496.057351084771
8.19229069637748 2.18635008233674 24.6978307993594 8.842165419688 14.6017928455491 19.3601318142745 333.851145203914 483.902518769165
2.71537771237475 5.71260416155469 23.1237021426162 7.13472830088322 14.3551584757774 16.4139987669717 408.962495219671 466.258579898048
4.88972019846393 4.34395023152318 23.1896177513224 5.14532090418919 15.4192053126525 6.63412387835394 361.812048954449 505.349994500818
4.45199655929675 2.42293778026261 23.0908792322057 5.97832792369029 16.2783543742555 5.28827754301482 274.264448718832 521.001416778178
5.45301925857744 3.53912683676103 10.1739749532934 10.2446399589817 18.2049066106349 11.5802809543877 263.423672862059 514.250534652171
3.11157917973253 8.01083292469949 23.9512862605991 9.3596133215791 19.0732562709061 25.8500690250449 453.021024920391 437.381421160631
2.50945684963228 8.60401919304579 23.5906496635602 10.1034135663924 17.2345468529301 17.2640843603046 426.04720788621 486.598888041266
2.45489266092951 4.96689853321278 24.8285018812875 16.0953166953461 4.99844478122462 8.15365366979627 520.537879979274 382.156244108235
3.79607812057036 4.78712904464534 23.0152935993052 8.91665148177774 11.4463093597851 14.3162048656554 344.768413778534 505.088344552851
4.72841495226337 3.84583890400232 24.88625861093 8.31672548297214 17.7975459526764 5.8639461643493 337.014260910485 469.414805055041
2.73486794618881 5.46261483505881 24.3944945876933 8.44414814359373 13.7848939127291 23.7803479418262 510.295664144999 217.554881845677
5.63765626721271 3.31565691041808 20.8999047212496 8.83519005449086 19.9356430148614 8.3514588002543 379.023346299229 495.389777138485
2.60935004539039 4.76438817132385 23.3593068976386 9.99194164463403 9.95361020055794 25.38110865827 274.01787909186 506.653812229559
3.08320975685784 8.69620504967032 19.1343274624987 8.97895379077686 15.9200954536473 12.1685499229262 384.305555379438 492.33867381022
2.13064584980921 5.98197576759033 21.6161483816217 6.03560189378825 16.4376985125538 16.3331656962941 458.050138273926 467.327876993489
4.18203804765604 7.93405103379571 23.339093112997 7.61790070308117 7.39770790998765 18.6544584474987 464.556289181151 469.540894110691
5.92585101368765 2.57004401548994 21.231782282591 5.87838480566508 20.4287147580259 7.99979678445498 433.012686617432 428.45677720553
2.39896991276272 3.90431520613831 24.6515464951294 6.03459503093597 6.3841393916413 27.2294781577627 520.803467230634 192.132573649643
5.06246336009764 5.71213599452955 24.3161832123555 7.92263988681823 18.6830759519289 3.05953410257564 417.894719497442 428.175477219839
4.10655623210964 2.54461425128819 19.0724000040518 4.96377583977403 11.5604833266824 18.9246776705845 378.105521219621 497.04283701415
4.16772603727052 4.1361067006071 24.8464863885958 6.02239584232843 15.7025715662328 13.4071069243439 295.258141418794 499.06128671802
3.14726586950736 2.64702907742793 22.5968447462885 6.6038138928795 12.8889539280678 6.44595255535618 498.077058274662 316.189770147769
1.98887792177828 7.38360623336748 22.30200595509 13.8348341873341 22.8606605489939 16.2477785709596 500.896663723017 456.578544700636
4.81935163790156 5.50079148353626 22.4494786227148 9.35751624955271 10.4534798811074 9.39241232779712 280.965891977606 502.523802273957
1.24238651639471 9.43772481445931 23.919266030809 4.58587453236103 10.7514069706053 4.76894972708708 471.134145356869 427.239012582565
1.34878060314151 5.12682605462302 19.564144906097 9.47944816934771 19.3062240525401 10.7278021548355 460.967140610322 443.798612049168
2.82724645308155 6.67307929927324 20.6752611248621 9.49167795877241 15.2901318808944 9.30527643673848 350.27563738947 505.912952998672
3.06963112200655 2.73014606192652 17.6984687046742 10.9798719080371 16.974252150967 11.845608646679 349.074548221625 514.294892874458
1.41053472235175 7.91660245769266 21.570090919049 8.60970338242926 13.3425082984799 8.11422202632266 423.83170083581 488.26303697076
3.20133662704218 9.798881609092 24.3122760120926 7.83753802825501 9.57870513622689 11.543593068723 315.550318439644 496.110067517518
14.3341438298239 2.99185235013683 28.3921023525577 9.31653947543241 24.2581984796125 7.08743804266909 510.005886396325 477.769780444056
1.47262280888389 6.54820670440456 21.5155282659525 6.41150819917708 14.1880851190283 11.1545215104484 399.142716570741 468.269619248983
4.11898268332073 7.36575505769709 21.0450954034722 9.95677410376487 18.3300493236314 4.9204703000688 284.488140696591 497.588968243454
3.11888306748117 4.61748519990593 24.8058191802024 9.21632366907272 21.2479769870045 15.1997461890064 406.133511866266 504.498806438337
4.15368678692834 6.30183115965722 25.9643417752889 7.65076147178553 15.4180489350852 23.9242137733302 258.626356602699 513.325310529348
1.05098572188379 4.94617055520767 12.4733333600043 12.4236415923156 12.4804295621184 19.6912272382606 512.892130633015 290.42328904412
3.72528953789154 5.45897159044945 20.6704373997654 8.03233519756221 15.8852825408145 18.1174520387983 212.436162248126 519.078944751067
2.01102293633579 7.16546680756259 23.2871068464441 9.10285130444259 11.9958757024977 26.2588737783438 488.695252829426 429.741239363109
1.42732327848505 4.10158827615538 24.2622799295478 9.58905800463623 19.0064137049126 5.94026352366916 446.114313324164 495.517306967703
2.93235396362867 3.29789964811171 22.0091977811946 8.03140885099003 15.454387658759 17.6097620999212 360.012205031924 505.308611443322
3.32978688578453 6.78957767863495 21.8331558504275 8.00826927855434 8.70009696805965 7.12621339084206 453.131283374528 406.603758893006
2.02485039410785 4.6846965933589 23.8773713812188 10.183926023524 23.4153321384793 7.7878169210566 416.680012563727 498.572036065151
1.97710991806073 10.0399804288079 21.4351055987916 6.91216673418148 13.1978803407656 12.361764315225 361.13794371837 485.993527070631
1.69260482716279 6.0127114976498 20.5163175811892 8.02607072451326 25.1057875282827 8.31404220809892 352.034248537305 500.798714999083
4.3107527144826 5.18954261601169 23.7093422458581 9.3586498421705 16.967553024622 4.7680078760652 320.763042483579 507.842465344489
3.65112891150716 6.50771802424338 22.9341486547316 7.66329191964414 17.6525755609626 15.4675337383822 422.56316156972 435.487362662463
3.5201607807493 6.42186208871383 24.4778711944079 7.56337127287957 17.2451135456009 27.2178521933052 513.849213793242 246.075784282537
1.85801258064501 4.97574784750354 23.9597253177129 13.1468365675461 17.593395043019 5.79558020551584 371.723001770514 511.309183509333
1.47910353582964 7.41013869913561 25.6043192476064 6.36464204049044 8.38275603519035 6.71427170347118 330.179932206183 503.116976036167
3.89549443362452 6.22341150454977 24.6049535283632 6.0643707322091 14.0368670845772 26.92418600089 427.640677397911 291.386374990262
5.41944169071558 3.92122664030188 23.4458502376562 7.36858121936909 16.7741889740184 10.0966863991132 353.774944983538 462.263491174191
3.59579933964784 5.18542485699388 24.5898245924166 12.7586711646141 12.014864481607 14.2960315725138 461.071041769802 417.319417187541
3.6221599284491 6.50279359142447 23.0568054226572 6.63501003159583 19.5545044470415 2.72251469416161 355.20913787465 499.990476289783
2.21060567453588 3.44445849059459 21.4798230875177 7.72219780262844 25.1310526431924 1.90296935858637 309.627370281242 513.95835956735
7.39932598390114 6.0146186062614 21.3219830531228 8.19265184757184 12.7578405796105 6.88079195526761 412.495940066277 469.335179234834
2.27137756152763 5.08776892773252 21.91848260944 10.2710650695802 21.2207754045766 5.27560995151315 337.859954676763 517.911260649484
7.85261733484482 1.16830688032953 17.2387510391887 9.43255764618104 14.8268560722259 24.3114014130989 463.603122398823 455.622017817813
2.82038876889034 4.01828115120511 22.8773476343286 6.99865780515223 14.9168374797299 8.28224744308124 390.868322240355 485.477408217879
2.12731631413232 4.86643719219568 23.0493345424147 7.11033432238246 17.7502671916463 25.3979052603117 451.162429352985 411.982229978626
3.77213189609152 5.17346915749849 21.2725757766151 8.97473680879095 25.8340840455004 19.1577087260057 327.285160549615 499.895603885216
4.28238447959462 4.0671104216283 20.9544089942795 11.1091353696943 12.3288962579274 16.2355211785198 361.727395878289 509.189009916175
3.18169781333259 7.55130562893028 28.6859994337635 7.08542713860477 21.2510098429056 5.77432733537591 475.932991345968 449.427782007345
5.38898203227164 4.86949266331291 20.3186723010006 8.52102011011296 22.9560398466531 4.37878865471231 220.583257046016 511.77367922553
3.56789991478886 6.49054387452578 17.4626816949475 6.03570142713368 18.6063487602567 13.1977489675009 331.984008433655 512.090695491156
1.55798626731121 4.75156175815845 23.3001886141185 7.99208957201044 24.8548358349771 17.0172149405848 458.083813268571 382.159252670877
3.78483833210187 5.37447332510098 22.3040732527325 7.077794084273 14.0066616613497 4.81983898103979 403.464279016216 473.661957957928
4.80948835717742 5.75873505519155 12.937146628669 10.6812162482932 21.4423769334788 6.47117360102304 352.584819023546 513.599662104836
2.33436858575521 6.57732564329734 19.5025074583555 10.2014377873755 21.5738552352139 28.2306515283543 424.403637069636 454.557990525423
4.48879855679637 3.15423756392877 19.3242745719286 6.13091521739577 11.1526851387834 24.2029759589527 457.006863973646 455.644704281614
3.41992598664937 6.99958048874666 24.3643872289287 7.34471750976865 19.5736975225384 26.2488209815571 431.908427128827 382.314886157424
2.89313963817627 11.3691485098301 23.5921611119179 7.16437449290814 10.2101047974086 11.6970845920974 417.082665645249 455.154516597057
7.11226600012863 3.40592649783496 16.3600695704575 8.53290718401445 8.18817307337948 8.60017680708067 217.161771844316 500.489792199053
2.67665429798244 6.26002766277412 19.9979577330592 9.25870917768631 28.04354195225 9.91050139790377 245.458292185619 517.735421990543
3.94912076489491 4.15525800954218 23.672955796986 7.8978190623851 18.4140185674072 6.30493085507367 374.226756809172 511.028375652072
2.63645672719207 6.77999564935337 24.7649716264955 8.33206368266707 5.9754389630971 17.7086234314779 387.058364410975 488.36766047642
4.18720958849643 3.00602183641272 18.4540816682711 11.5129939341781 24.6320589088231 3.42649512189093 261.107831174281 523.398503776306
3.87827099517602 2.94123201943718 19.6265775756325 10.8780514929394 12.2195223435275 18.3035488948192 453.97874226421 493.369386948808
4.31959292204405 2.89781445882218 23.6560086306337 7.19552527944211 10.8370037279567 7.22069148055327 351.056858966633 507.975336657557
10.376719936226 5.37254773905279 19.9911657383055 6.78921334344435 6.94322287038765 5.53308602679275 471.021012160238 457.176283920269
3.61016355328294 9.01415383182673 21.468733158081 7.69886511273207 19.3634466821766 12.5882325080342 346.386441177151 511.377540738764
4.29634557913026 7.70784254679774 23.694297098142 7.32623141816699 24.4813173020817 11.4031689857745 226.382721374586 499.185509110121
4.34102029867434 3.01000048453607 20.9674491505502 5.01369135693067 14.6017560997826 7.37058302295203 328.77148723131 496.283109156891
1.96287180653914 9.27328405030017 19.1517279702783 19.9249479380176 13.2462709253737 6.48705505631661 468.795045754337 384.821024620243
0.652000160836636 5.62451037908471 19.3351400200404 7.89519487934476 25.953359316176 14.6647019556832 427.321287093805 466.884518835395
3.07274120244953 6.00510935847047 23.3947570810732 7.2007108335841 13.3281724742676 24.3025085403423 457.685714430842 404.520682283489
2.10644018364644 8.82388374057273 22.8831624434182 7.42889960724241 17.9318531320261 21.5380194982655 459.159535716617 446.38272551413
1.34083923566912 5.99135255358263 23.0014060316192 6.55687208075408 25.5211809371179 18.3531475729033 354.325878376388 494.878593403363
2.72882978020421 10.2436994800722 24.0751917988849 6.80990350589418 21.4535787509421 28.8415065718978 480.170501579147 300.423406004808
4.9531751005943 4.82819308631089 20.544475306415 14.0844872832889 12.4510026457294 10.5434419837325 411.137821071939 499.486158014589
0.889664011448161 6.49936116282991 21.5399293135889 9.84116364828347 29.6939633026323 12.323720959581 458.402506444226 488.61806728553
2.99025123428028 4.9124892655178 22.542544662752 6.65575834096437 14.21284594058 23.7136414873137 445.134658718124 377.895565519153
6.00603633206656 3.00721335406812 21.749940866553 7.39986583504775 10.9763896734687 22.5742100744222 384.368033316211 494.327865441927
2.596806174347 5.92348945154034 21.6624036901632 6.28831882680692 10.9516150916797 26.6016227534412 462.379374744465 486.175801167738
3.6473851586078 5.02239249654128 20.6926687345187 6.7188677172765 21.1513219809162 13.0532308438388 461.652169105623 403.982202893464
4.36776492165997 18.5420817775151 23.6379397951669 9.20705877962959 29.2585138035836 15.3240765414293 272.124632860982 476.369320725055
6.90932240305021 5.38943824288985 24.3307060669273 7.96254887037222 12.9154335254195 6.68501470655751 301.208024045541 509.537783711618
2.43692520226861 5.57219665607238 28.4061757020178 7.63418396174256 1.23790172631415 22.3990372913557 55.2755916870406 531.101469110687
2.0393206731798 7.05584567822224 24.0742933671858 8.38546022809589 15.8184143565366 5.75834961810878 451.654183768589 479.103317731715
1.76651064989649 8.59003553399402 22.9286186925802 6.94732715252103 13.136330963686 28.2827713444568 475.933093225634 395.581926005208
2.65393078962201 5.85649312446445 18.9397923047525 8.38525829843474 19.7492922270178 11.4133036762938 374.984980706507 495.958178718458
2.47009891514802 5.36655346495283 24.4642923659677 9.50153727981957 19.800390493108 14.4349491764933 410.797228203233 467.574663089003
2.22442277565642 4.23175322922936 21.0335226420445 7.76023752236439 15.0506457273996 7.71771641427814 419.513843224948 476.754595018252
5.37515240833204 4.59186736161315 23.6007223022832 7.07055174907863 27.2498935104717 17.3221538423931 389.693269211856 493.035334177486
2.27675250934768 13.4365441567393 21.9935519281596 6.91042000576038 22.2710572509176 8.42198831596494 392.442523622751 478.737091537871
3.86547296224752 3.1095430804358 23.6300905231526 9.34671024497007 21.3834019030051 6.00767637913338 341.510547316383 502.32129939543
6.25268091351713 4.70179218679278 21.9080763761467 8.65968336494572 12.5572983389856 8.83766545414095 369.172259160552 495.365411665704
3.98898261521697 1.6110830248925 26.1955306927069 6.63853988542522 24.4019640722295 12.134506806062 334.502299265927 487.041191639342
8.32657869482016 4.25679277385486 21.7708822680273 7.36936597033893 0.531401750765495 18.5713086170887 252.637111629802 522.341982646011
5.64126221010839 3.46358256185691 24.4832808359157 6.1006180206443 22.986811008522 20.7247396620667 475.274563005824 439.91289076122
5.16995581235784 8.01327286481272 21.4371993889288 6.00642690855787 15.7182940624305 3.11304581009517 379.955924101733 486.392850215346
2.34137333345677 9.00870426945843 24.6345204338882 10.557999787776 7.47364873973062 9.91925859902142 321.295845980631 514.858666511549
2.80317446223723 4.53233555796482 17.7538570616847 13.1142445381251 12.4437762106063 23.1095763872732 290.538607456511 520.733639130018
4.81540792877593 6.86789308553583 22.4522712132447 9.88051507675357 24.7233130807083 20.1921726637955 314.744175544806 504.076450136114
2.58078921232185 7.81063522190646 23.0508569461472 6.92155863104492 25.2905653949734 3.24897475519945 305.4494975459 492.675263410126
2.2265806763019 2.28016793116023 25.1472563799012 6.20876464715967 27.5043981643615 5.25697299689376 364.252516197436 516.62032569093
4.08219575638933 7.95446163717432 24.1212587600803 9.44979793427686 9.76954790117454 5.51319588351135 444.90851675501 470.167991834369
3.05896464536866 6.95295888803977 21.9353344650772 6.29511954565355 17.4677636496481 21.1025391139206 272.360600462965 508.506159197341
2.37153376388867 4.95652528585184 20.0322254946482 12.1064461153965 14.4023174807999 10.0347265944198 368.619819250382 515.093300265319
2.0284329058503 6.66270029617964 21.6593236681268 6.41183053407071 25.0331233901999 23.6604645845724 432.399507395977 434.341233034302
1.85334682084539 5.92723139401366 23.7524399341951 6.53746236789586 11.0842299014821 20.5992251629349 504.532478054427 353.069464317021
5.50080052155474 4.67825250699517 24.8721005105319 6.2660693851049 12.2030784641055 24.7015961829006 225.68725433888 512.253596205651
8.9545942079957 3.32620653417955 21.7589575671981 9.63238095575744 13.7311888328801 18.3835341126834 165.765292165805 535.175101989949
4.28192047910936 3.54332626071482 20.0186352792112 9.60957413835542 15.5004192070938 7.71820780692358 346.097435142602 506.414094666932
5.54054971549007 3.80796865157937 26.3540416659116 9.24040573437158 27.6381549970173 8.4690734406366 384.71286965472 500.606847588215
1.66576982117363 4.82725571259733 19.5535820038124 9.97971950264433 16.7555290984683 7.60228027627746 463.130561016697 375.928345007427
2.26408217418766 9.92042848153775 23.688021434895 7.5772988945808 11.9699841629256 5.5058042234702 435.167430258701 483.283261149203
1.97010989174166 7.17651208398329 24.5284776407473 6.12736515521525 13.8140513566582 1.45842729083674 486.833442765784 420.010229015766
4.0028978189906 3.59033957184156 22.2494519723043 7.13121762525846 23.0496464670827 18.8255608992294 400.926440693631 501.949117393491
3.79926470044991 4.18638437440388 24.5573472335229 7.16364509877438 8.30113966111419 4.32139641074356 374.42086389521 503.812774816364
3.57192583729311 6.63727924335742 24.2269225765231 7.70644431628789 13.6359626192411 18.5771766274972 410.803262589531 501.385013166222
10.0872737399875 6.12696450839686 21.234501753062 10.1432010966059 13.701679820673 1.03533958982691 326.272524435785 517.290929907682
2.19343100866671 9.99571580477051 23.9554178756647 5.46826864017923 11.9792399079549 8.90163454364909 455.164532014897 298.757492582698
11.7129259532935 3.43501134455798 22.4105276769344 9.1950878632855 25.6734319235725 16.0546927751934 484.143682849793 397.214405083138
5.8278669405996 2.8474875077077 28.9022197492185 8.82455510160486 20.639736936186 24.0132149943874 310.577587462605 522.264076239057
4.07095044279307 3.88322598566346 23.5792400017201 8.29043822525568 15.096511252225 8.01026378590858 304.650022414435 507.986821257813
5.85136263009449 2.74735205127546 24.0054554059722 11.5713943245891 23.4830495218077 8.78732688225566 326.100525029926 517.16985928576
5.16309868569273 5.16159830066426 24.0623468444047 10.1908007787243 6.84706254171341 18.9259930746808 455.908162790393 450.41331819845
6.02904409410137 3.07688896049117 23.7486669646047 9.6427375541831 24.3929763383511 1.7591150208577 433.382688390916 454.316526605665
5.04669151372417 3.37797209609603 19.6158092762781 10.0375403613627 19.3988562555808 18.0829224421689 363.923150042261 500.728654925804
1.45129368789364 7.71386304868627 24.0201479086329 7.06947824281784 9.71199326649453 14.1662333113648 469.839425481119 402.92254556419
2.6428686292766 7.33544493901561 18.1822872265415 9.58089916433668 10.7207897576825 10.9326594761348 448.961347114603 350.595441358051
4.66012482315599 3.7026462221345 27.578109819512 7.0187628139281 20.3154161046713 4.24803113976905 308.770472421908 521.636076411806
2.01969541126178 8.28220153262846 23.5236790140961 7.0819470793784 7.9302350357111 10.250173773795 347.944199063041 506.880893276648
4.82903731399825 4.84837703428628 24.8765344231233 6.88595377354274 9.17912489540088 8.61705948372807 428.2436429047 413.15935409226
2.57467252120571 6.95400147623608 21.188643305036 6.48786840184718 13.6530911637881 13.5694031487126 233.62247969542 515.339954812771
3.96852497174631 5.43665430797125 20.922941141452 8.03194257696466 15.9672039347676 12.5727364165883 468.438005671297 394.343380728415
6.80509279117769 3.1368374511017 20.3210031987611 8.34080562503183 12.2397209538608 16.6200623413375 388.729759042303 493.078984660985
4.57742196676241 2.29775337781552 22.2534934492873 12.0040579901832 20.0513670593604 15.5306142472408 284.227447423514 512.221081014406
2.91395080515559 8.0441404742527 26.2748324042287 8.73579967198589 17.8789006048578 2.88514388640171 436.967814918801 409.352767045986
3.11534916277886 3.81061104638683 24.7419075604343 8.73657968418152 17.7859447886533 10.7626975817913 392.561125445919 509.531342146298
4.37243488868299 5.08589461255979 20.0002014296602 7.71634212570236 27.3418832172415 4.62661700897727 415.219251486148 483.415776974353
3.55839843137699 4.90029254462143 21.7854287782739 6.92625770951446 23.5275950608723 5.83886181305593 361.809342884242 514.948039973382
3.19425826912648 4.78080216260067 24.2233383305372 7.13864527415558 10.4510946853117 13.0681357240675 441.313830575291 443.732252228616
4.55783341975775 4.42879021525487 23.6879222404097 6.76034806914391 18.9123741251181 7.36035413940988 295.432088646549 517.56659085815
5.71212703838403 5.00981179125861 22.7749509767998 8.63349671423126 27.5335968968967 6.40335937114159 206.520684878313 518.330819835967
3.6398924652664 5.22226788629136 22.0971894101355 7.86277701049901 15.125809179412 6.56253088850692 256.190147848864 514.646226974019
2.5256140130608 6.88529518851775 24.1747557580073 8.77190480689159 9.77711663277985 7.30803891218669 446.926975527024 463.685155216763
2.31090214746324 6.55883303606634 23.2478628571896 7.99991874943197 8.00619402035771 16.4373811523933 491.106279364461 416.014437487543
2.52444147177279 7.3116493541769 22.5760314693148 8.22535349008777 24.3087659089696 23.0425432727773 443.627861759456 471.882241635642
5.02508009627317 4.00124076800905 24.3232105037841 9.29778185346643 20.4785820675997 20.0760229983678 290.292502895831 482.285873568908
5.04797784556103 3.12216379495439 17.1828505155943 10.1165617550145 11.5534774008291 18.7527553202394 357.018583075731 498.865443318619
1.65782121496161 6.30442043666744 20.8805446932071 13.438433498608 9.1305361849963 11.5172060362509 400.489313607239 475.593950871069
5.59818074380382 4.34637269837661 23.6459560682762 10.167256995479 8.548219653416 9.46726271656922 442.928766639454 426.723481154385
2.11353824505453 5.50608821499202 23.5184527805593 6.04372057104023 18.4927750739439 11.8072518766727 408.661239210432 477.818863090835
4.58795745503675 5.05605242839856 13.2292315593149 11.9174183833175 13.5399004517961 10.4606502849352 229.405488100413 531.30114244958
3.20948687507732 5.20575314659617 19.7375898025305 6.04272546184857 13.8525601243876 25.1247577037333 412.694445232977 424.355373805554
3.12637706894877 6.50466357468119 23.3843981695444 10.3933460647844 14.4564451048608 15.9746124456009 457.327694770174 445.281402224916
3.68340270149046 2.84865903385105 19.9732954483911 11.7450179720255 14.5074067806459 25.5530891570737 443.555008196427 467.834714365129
4.47234450481606 4.27274715953102 25.8855713781251 11.1956094056986 20.8329485131809 3.69652519668263 269.711139538373 510.959885713131
5.65053555122224 4.05474944038284 23.9102403651791 9.5503651668194 18.2021356274095 7.52795391441169 439.743168739612 457.066950583565
4.89729033209627 3.07407153398765 15.7928069952541 10.3520039817441 27.0975052560891 8.35246238800797 342.363596565045 506.130814148837
3.844524910385 6.60993207550964 20.6851616858888 8.31293765881073 12.8345455738297 4.89009319871465 180.377394685388 527.066566330362
1.09296872738115 9.1070663926191 23.7871775068547 6.43879223440858 23.1814207356307 28.3867987306444 464.39641584586 478.861910256276
2.66910461576502 8.55048031665578 24.3279221215101 6.17281609450799 19.6983596232788 17.4703685872744 426.167234896495 356.580797582732
8.14689003033626 1.92909181396959 21.3314179237604 9.58485793298953 11.4172084158268 8.31226431507946 516.458571060871 298.045094852583
2.48409678393717 4.51443825749519 24.2192665208144 7.07099844839446 13.9557944397731 11.3935749479591 427.991466989707 472.416004745734
4.72189189149398 10.0827620699449 20.7113331830039 11.8310802822651 15.1247221673105 7.40205269943954 324.161905165749 458.664277983623
3.99310058406696 3.32368433870337 21.6840109546348 10.4533104040353 17.6847381771191 6.91190884404685 360.108986058027 491.070302556361
1.16859176199942 6.1699910700136 21.2062792190151 10.9024044403066 24.2087195436879 17.1532404557202 477.337554497535 431.952502334908
6.39535122387084 3.80909459076723 24.5659639688734 5.49637751315866 13.0739004900176 0.850583899392494 413.071204053863 472.755173469703
2.8392047961019 3.57899878660407 16.7190027224131 13.5530144805881 12.2097890750041 18.2466019091526 390.828283944875 495.97544540463
3.60011468712221 2.68998951519513 24.2033489457166 8.67023063923483 10.7796480586042 2.39085445792348 225.79849325807 508.671058112207
5.04200610042705 3.65317986970319 24.8916767179223 6.30565271103664 9.84533846582177 7.96147208352949 335.939314595256 498.776598893312
2.98806343552486 11.7557400727049 27.2613576180433 7.61636888216344 15.8167986399856 18.5977011038471 368.514682618612 487.631207754565
2.76157138393894 8.06925444380775 23.9912330495562 8.85057334453522 11.3398762937258 7.08256410901638 462.401381665266 391.03324197077
1.78519208930014 6.62004502209189 25.1290599215277 7.40327638277911 10.5939973509678 14.8347599852363 405.7034821523 437.181857723613
3.65113190720682 5.92514239865477 23.0868453414681 7.88896363208771 22.3585767004649 11.0810814061412 253.039044297432 505.66848546827
7.41152706532045 2.88593314172685 23.4558994415292 9.35668091508804 10.7501689411574 18.9722931712995 28.5714378675002 517.951873400998
11.1963616231309 3.00909734395232 21.1156499009223 10.4812490259112 14.8495804774841 5.29320966623775 420.333071296688 500.176041464977
3.66335262447891 4.15398016282239 24.2490600606244 10.1009184732526 18.4339476652331 20.1339378147647 415.512237882694 477.790382185224
6.99449938669707 2.99618136204356 19.1026953257439 7.31476693102259 20.5347108763564 20.0252243668792 411.345216614657 475.989387128182
3.7644211924794 3.47495807685132 27.2245479786552 9.80812371686806 16.4712289171104 25.5781465560026 368.786789892072 490.582914257456
1.9915309365917 6.55859054638224 18.9659739982778 13.7086849049461 7.70460445045357 16.6424881528438 517.091521777687 286.474124502669
17.8706643878448 4.06400004358822 20.1868062435256 12.0742250970543 21.6750067123817 21.0211570985339 463.159957942052 491.661916761123
5.65752406132495 3.76040563692182 21.8863530011507 5.91173290085251 13.078226642006 5.88409604812948 367.647576894845 471.133351650353
1.29204197164263 4.82421590966971 24.5635343013067 6.29771414506929 19.606966456281 19.1475795426304 480.479579570114 382.166857414181
4.17004054335407 4.12054413359689 18.5846044221318 10.6452112574405 8.98446046863714 6.00038475220168 384.003335387657 491.944333251653
4.85085877843483 4.06407974411334 21.7480999287164 6.04870546243883 10.8523632902867 8.24295315578252 238.963491594104 487.989521924656
5.48450678208558 2.71293641299492 22.4116136924799 7.35071999484694 16.0799230789391 23.2552594623886 437.93656322828 460.373021063422
2.71261892571527 3.35703258555283 24.373866293793 6.90201413064916 11.5995005201724 10.4078845423282 341.562331926905 491.508740939747
1.53918413235066 5.48500122355675 23.2881395112704 7.67357551716508 24.9623059693176 5.14153606550104 363.421555016265 502.209509571747
6.25895654556737 2.398657847562 23.4873670933077 8.89421364818513 19.1110192739841 14.5067251709032 294.840462350466 509.09473014644
2.08832414129442 4.79744578262495 24.7529600653452 7.79639305158684 20.5940242176533 5.33096771922094 420.042829424825 474.19246951604
3.09226017356206 5.17223016764905 20.2455346296908 15.9631828670883 10.9024276631678 1.43816360664646 229.144751045759 518.905232326129
2.61718698695152 4.22328900016503 23.293055195326 6.68538229192625 21.4450776278872 8.78864669071852 330.945810904188 495.551469941062
2.22990190022705 7.5061202118197 23.4796690992412 7.91676906222868 6.32798964057947 5.62469020972107 496.011570092879 430.416072617126
4.19423551716004 6.80636345827366 23.0745467759268 5.72554372846961 19.344590929099 11.2922739369201 401.379253331932 404.034764196194
2.37331255534632 9.01251993805398 24.1648985965841 10.9197927175081 20.9854616891276 16.4684256661188 454.118191947611 471.799106503637
3.57954554966259 9.06197498025433 18.5846030395493 9.13795284126023 3.06178810665974 25.6305009013626 472.841169596054 431.083566271346
2.35748083230228 9.14731334038658 21.5734422301488 7.91059538389015 24.1947163812815 6.1480220904429 415.221066818316 89.7205235321468
4.50946452813973 3.93531881685127 22.0567021216986 7.73303640075211 11.1480639519038 14.9847002647192 341.806492988572 503.032890681566
2.57498577641991 6.37377198224454 19.4991772799423 8.69892592899358 10.5039798910763 6.68930220013511 459.036989565162 451.411777519805
3.86142086097738 4.69733015996317 24.0287411684968 5.6995015800505 18.7038538308148 19.7004283581497 485.040796142374 324.901134784344
3.9867849643858 5.89750194369307 23.1862636374332 7.0794828342613 5.36828997136743 9.55477256389497 489.357187856841 451.806173017644
2.3297806120196 4.71331249728499 21.6726062614016 7.93861190016813 14.170456605518 9.84837111258229 323.910808232958 465.868470579621
4.41469007325942 5.82085523563253 23.9043570557598 7.56741679175568 24.0441300552437 14.6521612708447 250.653825168778 489.17205273867
1.33344999642216 7.39039948176898 25.5025858633625 5.78284711412267 13.3987806845941 28.9565571893186 293.51671756426 519.099781510154
1.92760852028029 5.58916355184989 20.1486321003556 9.61582390571843 22.0416104035185 6.65139551735157 357.640828957105 479.832130154747
5.05421521246937 3.82824451389951 23.1848198774956 7.60806834687841 8.55265560118393 19.8812306456748 187.065298824387 478.604966624369
5.47062413575654 6.09406248147986 23.4497790813675 7.48165015336231 14.9800810440247 3.96139391066146 326.059367496978 497.301435732662
2.38057031611993 6.15710273882821 20.7985749225416 10.5602110334054 13.6398485399522 7.7067946305846 367.796404654764 487.59080910482
4.81487258905742 7.08984568466013 21.8665528218564 9.95375323356925 12.7780722848206 12.6780129643954 310.768363956475 521.199252570511
6.21699885523268 6.30511271235544 21.2909628505552 10.0913123709166 11.3986342914526 16.7318636321921 280.170860138755 511.640517179839
2.82802000983278 3.65555544522591 7.12451288175455 21.6962026140471 14.8083864737714 25.3409858427752 335.982159516807 487.487888201099
2.34644973314222 7.57495299091394 20.1808883087718 7.16873894730959 22.8339117478606 13.8239373207174 353.300077846607 497.462401238525
2.96175884585697 3.50062813374193 23.233045669019 10.5174448245452 22.6477175131397 6.75357490409911 252.752074569849 516.202561760156
2.2103491363562 7.12268524975414 19.5715293968056 6.91476417586799 23.2735288384371 9.82149010898999 435.196283996603 448.070223837095
2.65121384096591 5.32903833049818 21.9382462078224 8.31119461529763 23.1462637360589 14.4416667862035 238.365790301396 514.862519395125
1.95725985509854 5.54494943202735 22.1045055243826 7.07091774048836 18.3773979992575 16.231349840069 474.08974566262 401.885971484696
3.22451541230849 6.15799250235769 23.7605447360503 7.61290932813025 18.3379977298188 8.3836827070886 286.14790695979 505.568824268437
2.70430293974486 5.40081604258278 19.6115957134014 9.20179928347027 18.0327573148033 9.46179973706379 427.082898022028 456.805924562119
3.81305045348917 6.01728393068042 26.5205505541632 7.52590184530601 12.8127448893725 17.246585863718 437.295400163647 486.320253354284
3.08181475940462 2.98412814327788 17.0690901500027 10.010913042161 23.5392049324041 6.99234461186595 325.297804226367 497.23409814485
1.50122057014114 4.31581397973886 22.2719342924873 8.01652309194327 19.0546639178994 4.6170370111104 463.303867032548 467.022105223325
1.87662933996946 5.47213842032712 23.6295419695448 7.15558524259452 16.3522961123806 24.3971824318912 451.97823394207 451.051807967004
6.28760136329482 4.63006481874114 23.6892367872303 6.45928194035555 20.0326926762591 0.40778543073855 381.765108652643 502.238238990821
3.12554049217845 4.48856702302147 23.5881635052357 7.280327748298 24.9848455323752 28.6521723010005 340.518785406759 503.593083106106
2.17746090925829 11.4713964511486 22.2792954548082 9.85345615461354 10.6122988590296 5.19855579662786 416.816487211554 491.673480614505
1.93915738634236 7.27975722113356 10.7169975838254 20.8368987843085 23.8429787925595 7.04764694962385 370.874486757015 500.024195340676
2.84051252278193 7.11129330038475 16.7828072948093 9.21696843285666 15.4453275144026 18.6286725176679 451.875891405174 471.511594271796
2.49388759020269 7.67353489537409 20.885130092407 11.5208448973856 14.6526344234739 21.6640454319781 404.980849267731 451.19073700875
3.47588052298711 3.91748478166817 19.0041224516063 6.33967591917097 9.56359714705754 15.5768411022223 291.546141914601 514.179239353483
4.89708218884851 2.16138349851476 28.0668493991068 7.83459831735365 11.12910350725 4.57673922674097 343.346458259041 501.430524029966
8.0476766235778 2.50066752602052 22.404827144682 8.97929982580299 20.2283989408394 13.9529459352923 329.402634261038 510.741008202335
9.16002530956995 4.7086668379311 22.0202129306439 9.58548846631033 23.1668150412028 16.4811079245709 455.9005245243 450.750950491004
3.60333050942964 3.82365913899398 17.0714364533278 12.8218565325571 23.0735163010673 9.67656250772809 337.757842042203 520.055310241523
2.1172442765586 6.88159291729349 23.4948839606197 8.13444579985405 26.1231102650944 24.8759433912167 459.048419158582 435.594476965915
3.60105080939829 7.7729534548105 24.1544576972173 7.45206682767251 10.650589527682 27.8827943498996 462.967296547911 462.45533026117
2.67782494245534 6.09816345439964 23.6626117609582 6.08417252159688 23.9774974836436 3.34107482997144 430.85923057493 473.37376744154
4.52635825717215 4.18502449346558 25.3061780980247 6.20130371998319 24.1015246157459 12.5655450379017 382.148980237984 483.24903921601
4.23569221560754 3.42140223940904 21.7816064817935 8.84390684942876 16.133129967512 26.3989891827764 412.85708699175 464.716483561258
2.77821856239512 7.65239966980376 24.6257371166617 8.73839380645306 6.71053483021695 28.0022988519855 452.184762883054 415.559742125925
2.6746365359643 5.1549272760112 18.1488341326478 9.07940760007863 20.0350179952856 9.71619795451156 188.855815920021 523.036658346716
1.7374141395833 11.5090196154798 24.3472567962112 10.9471844823314 13.9258179127954 26.441911074555 435.324118765541 470.531281073924
2.52182981565457 7.49750995161355 23.5041602167272 8.14605021646153 16.7456096683331 9.00390137698797 476.541520989887 414.053316835387
4.24388399912729 6.37759932104015 23.8084513342333 7.14658630104929 7.93548517914382 5.68495235111068 352.937643230077 491.87501427297
2.03272484366063 8.00332225612103 24.6380772751021 9.31712223784727 12.3421519777117 2.0002330854808 450.34502317605 468.081186238553
3.90722049093951 4.73811673893953 21.4115904753703 7.22916138796958 17.3711383562795 7.3336692174377 391.28399134762 507.891260276367
3.28045192739475 6.8572249868127 20.6710259632777 10.363497834463 14.1978136808261 21.6074045858148 459.108292276702 459.099425728633
1.3877912833018 9.21397159271124 23.3140907184711 10.1457222184281 28.0196007358438 29.7452534840248 128.888280571087 521.521381923847
1.86351390981373 9.84232978365082 24.6666527098784 11.2288969094988 17.7111315611244 10.7349563783162 379.662086017065 461.576959536272
2.41672790528483 5.88944913911073 22.380887871424 8.14862331794927 18.7364146943019 6.61045835750626 385.277015284344 507.726611591105
9.85984655216495 4.66326306561499 23.013260479055 7.23175548222481 24.4707347031022 3.41078049804605 421.380325435984 482.849556491463
3.69914515973982 7.37956543733145 23.7773974613076 10.1282269027123 15.0011781421725 13.5101141359389 426.710647388402 388.810435888355
3.00953209399176 6.04470233005485 22.337392642993 6.44891140539165 13.058489950753 10.4681385101993 364.884883523937 494.350268096284
4.23218333782501 6.34436749671387 24.6642376823278 7.77072407735318 13.4272554478044 25.5993634436835 468.116232195988 387.396164625555
5.65185841166625 3.62624806706533 24.8814167951296 9.90083856690446 11.2118859352799 6.68354976955512 423.590387651117 498.658240576732
